0,-71,-74,-73,0,0,0,0,-76,-78,0,0,-77,-77,0,-74,-78,-79,-60,-59,-52,-52,-71,0,-64,-64,0,0,-67,-67,-75,-69,-70,-70,0,0,-76,-76,0,-82,-82,-82,-83,0,0,-79,-79,0,0,-81,-80,-54,-62
0,0,-71,-70,-76,0,0,0,-72,-72,0,0,-81,-81,-76,-74,-81,-81,-63,-64,-53,-53,0,0,-61,-63,-77,-78,-70,-69,-75,-69,-71,-71,-80,-84,-79,-80,0,0,0,-80,-78,-81,-82,-79,-79,0,-84,-77,-80,-52,-68
0,0,-71,-70,-76,0,0,0,-72,-72,0,0,-81,-81,-76,-74,-81,-81,-63,-64,-53,-53,0,0,-61,-63,-77,-78,-70,-69,-75,-69,-71,-71,-80,-84,-79,-80,0,0,0,-80,-78,-81,-82,-79,-79,0,-84,-77,-80,-52,-68
0,0,-71,-70,-76,0,0,0,-72,-72,0,0,-81,-81,-76,-74,-81,-81,-63,-64,-53,-53,0,0,-61,-63,-77,-78,-70,-69,-75,-69,-71,-71,-80,-84,-79,-80,0,0,0,-80,-78,-81,-82,-79,-79,0,-84,-77,-80,-52,-68
0,0,-71,-70,-76,0,0,0,-72,-72,0,0,-81,-81,-76,-74,-81,-81,-63,-64,-53,-53,0,0,-61,-63,-77,-78,-70,-69,-75,-69,-71,-71,-80,-84,-79,-80,0,0,0,-80,-78,-81,-82,-79,-79,0,-84,-77,-80,-52,-68
0,0,-71,-70,-76,0,0,0,-72,-72,0,0,-81,-81,-76,-74,-81,-81,-63,-64,-53,-53,0,0,-61,-63,-77,-78,-70,-69,-75,-69,-71,-71,-80,-84,-79,-80,0,0,0,-80,-78,-81,-82,-79,-79,0,-84,-77,-80,-52,-68
-74,-70,-69,-69,-76,0,0,-74,-73,-72,0,0,-78,-79,-76,-72,-78,-80,-63,-59,-54,-54,0,0,-61,-62,-77,-78,-69,-69,0,-75,-70,-70,-80,-84,-76,-76,0,0,0,-81,-79,-81,-82,-85,-84,0,-84,-78,-77,-52,-63
-74,-70,-70,-72,-82,0,0,-74,-71,-71,0,0,-76,-75,-75,-72,-79,-78,-64,-63,-56,-57,0,0,-64,-64,-79,-78,-65,-65,-75,-72,-68,-68,-82,-83,-77,-77,0,0,0,-82,-82,-84,-82,-82,-82,0,-79,-80,-80,-50,-70
-74,-70,-70,-72,-82,0,0,-74,-71,-71,0,0,-76,-75,-75,-72,-79,-78,-64,-63,-56,-57,0,0,-64,-64,-79,-78,-65,-65,-75,-72,-68,-68,-82,-83,-77,-77,0,0,0,-82,-82,-84,-82,-82,-82,0,-79,-80,-80,-50,-70
0,-71,-67,-68,-80,0,0,-73,-71,-71,0,0,-76,-76,-75,-72,-77,-77,-64,-64,-57,-57,0,-72,-62,-62,-78,-78,-65,-65,-75,-72,-70,-70,-82,0,-75,-75,0,0,0,-80,-81,-84,-82,-80,-78,0,0,-80,-80,-54,-66
0,-71,-67,-68,-80,0,0,-73,-71,-71,0,0,-76,-76,-75,-72,-77,-77,-64,-64,-57,-57,0,-72,-62,-62,-78,-78,-65,-65,-75,-72,-70,-70,-82,0,-75,-75,0,0,0,-80,-81,-84,-82,-80,-78,0,0,-80,-80,-54,-66
0,-71,-67,-68,-80,0,0,-73,-71,-71,0,0,-76,-76,-75,-72,-77,-77,-64,-64,-57,-57,0,-72,-62,-62,-78,-78,-65,-65,-75,-72,-70,-70,-82,0,-75,-75,0,0,0,-80,-81,-84,-82,-80,-78,0,0,-80,-80,-54,-66
0,-71,-67,-68,-80,0,0,-73,-71,-71,0,0,-76,-76,-75,-72,-77,-77,-64,-64,-57,-57,0,-72,-62,-62,-78,-78,-65,-65,-75,-72,-70,-70,-82,0,-75,-75,0,0,0,-80,-81,-84,-82,-80,-78,0,0,-80,-80,-54,-66
-73,-71,-67,-68,-81,0,0,-73,-74,-74,-83,0,-73,-72,-75,-72,-76,-77,-62,-63,-55,-57,0,-72,-63,-64,0,-77,-66,-66,-74,-68,-69,-69,-82,0,-73,-73,0,0,0,-83,-79,-83,-82,-81,-79,0,0,-80,-80,-52,-69
-73,-71,-67,-68,-81,0,0,-73,-74,-74,-83,0,-73,-72,-75,-72,-76,-77,-62,-63,-55,-57,0,-72,-63,-64,0,-77,-66,-66,-74,-68,-69,-69,-82,0,-73,-73,0,0,0,-83,-79,-83,-82,-81,-79,0,0,-80,-80,-52,-69
-73,-71,-67,-68,-81,0,0,-73,-74,-74,-83,0,-73,-72,-75,-72,-76,-77,-62,-63,-55,-57,0,-72,-63,-64,0,-77,-66,-66,-74,-68,-69,-69,-82,0,-73,-73,0,0,0,-83,-79,-83,-82,-81,-79,0,0,-80,-80,-52,-69
-73,-71,-67,-68,-81,0,0,-73,-74,-74,-83,0,-73,-72,-75,-72,-76,-77,-62,-63,-55,-57,0,-72,-63,-64,0,-77,-66,-66,-74,-68,-69,-69,-82,0,-73,-73,0,0,0,-83,-79,-83,-82,-81,-79,0,0,-80,-80,-52,-69
-73,-71,-71,-72,-80,0,0,0,-75,-77,-83,0,-75,-75,-75,-72,-80,-81,-62,-61,-56,-59,0,-72,-60,-61,-74,-80,-73,-73,-85,-68,-68,-68,-83,0,-76,-77,0,0,0,-82,-82,-81,-81,-81,-82,0,0,-80,-81,-48,-64
-73,-71,-71,-72,-80,0,0,0,-75,-77,-83,0,-75,-75,-75,-72,-80,-81,-62,-61,-56,-59,0,-72,-60,-61,-74,-80,-73,-73,-85,-68,-68,-68,-83,0,-76,-77,0,0,0,-82,-82,-81,-81,-81,-82,0,0,-80,-81,-48,-64
-73,-71,-71,-72,-80,0,0,0,-75,-77,-83,0,-75,-75,-75,-72,-80,-81,-62,-61,-56,-59,0,-72,-60,-61,-74,-80,-73,-73,-85,-68,-68,-68,-83,0,-76,-77,0,0,0,-82,-82,-81,-81,-81,-82,0,0,-80,-81,-48,-64
-73,-69,-72,-72,-80,0,0,-77,-75,-74,-83,0,-78,-76,-84,-82,-79,-79,-58,-57,-54,-57,0,-71,-62,-62,-74,-80,-71,-70,-85,-68,-66,-66,0,0,-79,-78,0,0,0,-84,-83,-86,-85,-83,-84,0,0,-80,-79,-45,-74
-73,-69,-72,-72,-80,0,0,-77,-75,-74,-83,0,-78,-76,-84,-82,-79,-79,-58,-57,-54,-57,0,-71,-62,-62,-74,-80,-71,-70,-85,-68,-66,-66,0,0,-79,-78,0,0,0,-84,-83,-86,-85,-83,-84,0,0,-80,-79,-45,-74
-73,-69,-72,-72,-80,0,0,-77,-75,-74,-83,0,-78,-76,-84,-82,-79,-79,-58,-57,-54,-57,0,-71,-62,-62,-74,-80,-71,-70,-85,-68,-66,-66,0,0,-79,-78,0,0,0,-84,-83,-86,-85,-83,-84,0,0,-80,-79,-45,-74
-73,-69,-72,-72,-80,0,0,-77,-75,-74,-83,0,-78,-76,-84,-82,-79,-79,-58,-57,-54,-57,0,-71,-62,-62,-74,-80,-71,-70,-85,-68,-66,-66,0,0,-79,-78,0,0,0,-84,-83,-86,-85,-83,-84,0,0,-80,-79,-45,-74
-83,-79,-74,-72,-86,0,0,-77,-80,-79,0,0,-77,-77,-84,-82,-84,-84,-58,-57,-53,-55,-70,-71,-64,-63,-74,-78,-85,-85,-85,-79,-69,-69,0,0,-77,-77,0,-86,-88,-84,-85,-86,-85,-83,-84,0,0,-80,-80,-49,-78
-83,-79,-74,-72,-86,0,0,-77,-80,-79,0,0,-77,-77,-84,-82,-84,-84,-58,-57,-53,-55,-70,-71,-64,-63,-74,-78,-85,-85,-85,-79,-69,-69,0,0,-77,-77,0,-86,-88,-84,-85,-86,-85,-83,-84,0,0,-80,-80,-49,-78
-83,-79,-74,-72,-86,0,0,-77,-80,-79,0,0,-77,-77,-84,-82,-84,-84,-58,-57,-53,-55,-70,-71,-64,-63,-74,-78,-85,-85,-85,-79,-69,-69,0,0,-77,-77,0,-86,-88,-84,-85,-86,-85,-83,-84,0,0,-80,-80,-49,-78
-83,-79,-74,-72,-86,0,0,-77,-80,-79,0,0,-77,-77,-84,-82,-84,-84,-58,-57,-53,-55,-70,-71,-64,-63,-74,-78,-85,-85,-85,-79,-69,-69,0,0,-77,-77,0,-86,-88,-84,-85,-86,-85,-83,-84,0,0,-80,-80,-49,-78
-76,-71,-76,-74,-86,0,0,-77,-72,-72,-84,0,-77,-77,-76,-76,-79,-80,-60,-60,-56,-60,-70,-71,-68,-67,0,0,-73,-73,0,-71,-68,-68,0,0,-77,-77,0,-86,-88,-84,-80,-86,-85,-83,-84,0,0,-80,-80,-53,-62
-76,-71,-76,-74,-86,0,0,-77,-72,-72,-84,0,-77,-77,-76,-76,-79,-80,-60,-60,-56,-60,-70,-71,-68,-67,0,0,-73,-73,0,-71,-68,-68,0,0,-77,-77,0,-86,-88,-84,-80,-86,-85,-83,-84,0,0,-80,-80,-53,-62
-76,-71,-76,-74,-86,0,0,-77,-72,-72,-84,0,-77,-77,-76,-76,-79,-80,-60,-60,-56,-60,-70,-71,-68,-67,0,0,-73,-73,0,-71,-68,-68,0,0,-77,-77,0,-86,-88,-84,-80,-86,-85,-83,-84,0,0,-80,-80,-53,-62
-76,-71,-76,-74,-86,0,0,-77,-72,-72,-84,0,-77,-77,-76,-76,-79,-80,-60,-60,-56,-60,-70,-71,-68,-67,0,0,-73,-73,0,-71,-68,-68,0,0,-77,-77,0,-86,-88,-84,-80,-86,-85,-83,-84,0,0,-80,-80,-53,-62
-76,-71,-76,-74,-86,0,0,-77,-72,-72,-84,0,-77,-77,-76,-76,-79,-80,-60,-60,-56,-60,-70,-71,-68,-67,0,0,-73,-73,0,-71,-68,-68,0,0,-77,-77,0,-86,-88,-84,-80,-86,-85,-83,-84,0,0,-80,-80,-53,-62
-76,-71,-74,-74,0,0,0,-73,-78,-78,-84,0,-77,-76,-76,-75,-78,-79,-60,-60,-57,-57,-70,0,-66,-66,0,-77,-71,-71,0,0,-71,-71,-85,0,-76,-77,0,-86,-88,-81,-80,0,0,0,0,0,0,-75,-76,-55,-64
-76,-71,-74,-74,0,0,0,-73,-78,-78,-84,0,-77,-76,-76,-75,-78,-79,-60,-60,-57,-57,-70,0,-66,-66,0,-77,-71,-71,0,0,-71,-71,-85,0,-76,-77,0,-86,-88,-81,-80,0,0,0,0,0,0,-75,-76,-55,-64
-76,-71,-74,-74,0,0,0,-73,-78,-78,-84,0,-77,-76,-76,-75,-78,-79,-60,-60,-57,-57,-70,0,-66,-66,0,-77,-71,-71,0,0,-71,-71,-85,0,-76,-77,0,-86,-88,-81,-80,0,0,0,0,0,0,-75,-76,-55,-64
-76,-71,-74,-74,0,0,0,-73,-78,-78,-84,0,-77,-76,-76,-75,-78,-79,-60,-60,-57,-57,-70,0,-66,-66,0,-77,-71,-71,0,0,-71,-71,-85,0,-76,-77,0,-86,-88,-81,-80,0,0,0,0,0,0,-75,-76,-55,-64
-76,-74,-70,-70,-78,0,0,-73,-75,-74,-84,0,-77,-77,-76,0,-76,-76,-59,-59,-55,-60,-70,-72,-65,-65,0,-77,-70,-70,0,0,-73,-73,-85,0,-82,-80,0,-85,-86,-81,-80,0,0,-80,-82,0,0,-80,-80,-52,-68
-76,-74,-70,-70,-78,0,0,-73,-75,-74,-84,0,-77,-77,-76,0,-76,-76,-59,-59,-55,-60,-70,-72,-65,-65,0,-77,-70,-70,0,0,-73,-73,-85,0,-82,-80,0,-85,-86,-81,-80,0,0,-80,-82,0,0,-80,-80,-52,-68
-76,-74,-70,-70,-78,0,0,-73,-75,-74,-84,0,-77,-77,-76,0,-76,-76,-59,-59,-55,-60,-70,-72,-65,-65,0,-77,-70,-70,0,0,-73,-73,-85,0,-82,-80,0,-85,-86,-81,-80,0,0,-80,-82,0,0,-80,-80,-52,-68
-76,-74,-70,-70,-78,0,0,-73,-75,-74,-84,0,-77,-77,-76,0,-76,-76,-59,-59,-55,-60,-70,-72,-65,-65,0,-77,-70,-70,0,0,-73,-73,-85,0,-82,-80,0,-85,-86,-81,-80,0,0,-80,-82,0,0,-80,-80,-52,-68
-74,-72,-70,-70,-78,0,0,-77,-80,-79,0,0,-78,-78,0,-83,-76,-77,-59,-59,-56,-59,-70,-72,-68,-68,0,-77,-72,-72,0,0,-71,-71,-85,0,-78,-78,0,-86,-84,-81,-80,0,0,-80,-82,0,0,-79,-79,-53,-62
-74,-72,-70,-70,-78,0,0,-77,-80,-79,0,0,-78,-78,0,-83,-76,-77,-59,-59,-56,-59,-70,-72,-68,-68,0,-77,-72,-72,0,0,-71,-71,-85,0,-78,-78,0,-86,-84,-81,-80,0,0,-80,-82,0,0,-79,-79,-53,-62
-74,-72,-70,-70,-78,0,0,-77,-80,-79,0,0,-78,-78,0,-83,-76,-77,-59,-59,-56,-59,-70,-72,-68,-68,0,-77,-72,-72,0,0,-71,-71,-85,0,-78,-78,0,-86,-84,-81,-80,0,0,-80,-82,0,0,-79,-79,-53,-62
-74,-72,-70,-70,-78,0,0,-77,-80,-79,0,0,-78,-78,0,-83,-76,-77,-59,-59,-56,-59,-70,-72,-68,-68,0,-77,-72,-72,0,0,-71,-71,-85,0,-78,-78,0,-86,-84,-81,-80,0,0,-80,-82,0,0,-79,-79,-53,-62
0,-71,-71,-71,-78,-75,-74,-77,-78,-78,-82,-82,-77,-78,0,-83,-79,-79,-61,-60,-58,-57,-70,-72,-65,-66,-79,-80,-74,-74,0,0,-70,-69,-84,0,-81,-80,0,0,-88,-82,-79,-84,-84,-80,-82,0,0,-77,-77,-56,-62
0,-71,-71,-71,-78,-75,-74,-77,-78,-78,-82,-82,-77,-78,0,-83,-79,-79,-61,-60,-58,-57,-70,-72,-65,-66,-79,-80,-74,-74,0,0,-70,-69,-84,0,-81,-80,0,0,-88,-82,-79,-84,-84,-80,-82,0,0,-77,-77,-56,-62
0,-71,-71,-71,-78,-75,-74,-77,-78,-78,-82,-82,-77,-78,0,-83,-79,-79,-61,-60,-58,-57,-70,-72,-65,-66,-79,-80,-74,-74,0,0,-70,-69,-84,0,-81,-80,0,0,-88,-82,-79,-84,-84,-80,-82,0,0,-77,-77,-56,-62
0,-71,-71,-71,-78,-75,-74,-77,-78,-78,-82,-82,-77,-78,0,-83,-79,-79,-61,-60,-58,-57,-70,-72,-65,-66,-79,-80,-74,-74,0,0,-70,-69,-84,0,-81,-80,0,0,-88,-82,-79,-84,-84,-80,-82,0,0,-77,-77,-56,-62
0,-71,-71,-71,0,-75,-74,-71,-79,-78,-82,-82,-79,-80,0,-83,-77,-78,-62,-62,-56,-58,0,0,-62,-62,-79,-80,-72,-73,0,0,-71,-71,-84,0,-78,-78,0,0,-88,-80,-79,-84,-84,-79,-80,0,0,-77,-77,-52,-64
0,-71,-71,-71,0,-75,-74,-71,-79,-78,-82,-82,-79,-80,0,-83,-77,-78,-62,-62,-56,-58,0,0,-62,-62,-79,-80,-72,-73,0,0,-71,-71,-84,0,-78,-78,0,0,-88,-80,-79,-84,-84,-79,-80,0,0,-77,-77,-52,-64
0,-71,-71,-71,0,-75,-74,-71,-79,-78,-82,-82,-79,-80,0,-83,-77,-78,-62,-62,-56,-58,0,0,-62,-62,-79,-80,-72,-73,0,0,-71,-71,-84,0,-78,-78,0,0,-88,-80,-79,-84,-84,-79,-80,0,0,-77,-77,-52,-64
0,-71,-71,-72,0,-75,-74,-85,-77,-78,-82,-82,-73,-73,0,-79,-79,-78,-64,-63,-57,-58,-72,0,-61,-62,-79,-80,-71,-71,0,0,-71,-71,-84,-86,-78,-77,0,0,0,-82,-82,-84,-84,-79,-80,0,0,-76,-76,-55,-67
0,-71,-71,-72,0,-75,-74,-85,-77,-78,-82,-82,-73,-73,0,-79,-79,-78,-64,-63,-57,-58,-72,0,-61,-62,-79,-80,-71,-71,0,0,-71,-71,-84,-86,-78,-77,0,0,0,-82,-82,-84,-84,-79,-80,0,0,-76,-76,-55,-67
0,-71,-71,-72,0,-75,-74,-85,-77,-78,-82,-82,-73,-73,0,-79,-79,-78,-64,-63,-57,-58,-72,0,-61,-62,-79,-80,-71,-71,0,0,-71,-71,-84,-86,-78,-77,0,0,0,-82,-82,-84,-84,-79,-80,0,0,-76,-76,-55,-67
0,-71,-71,-72,0,-75,-74,-85,-77,-78,-82,-82,-73,-73,0,-79,-79,-78,-64,-63,-57,-58,-72,0,-61,-62,-79,-80,-71,-71,0,0,-71,-71,-84,-86,-78,-77,0,0,0,-82,-82,-84,-84,-79,-80,0,0,-76,-76,-55,-67
0,0,-73,-74,0,-79,-78,-72,-75,-75,0,0,-73,-73,0,0,-83,-83,-68,0,-57,-60,-72,0,-63,-63,-77,0,-69,-69,0,0,-74,-74,-81,-86,-79,-79,0,0,0,-83,-82,-84,-83,-83,-85,0,0,-77,-76,-51,-65
0,0,-73,-74,0,-79,-78,-72,-75,-75,0,0,-73,-73,0,0,-83,-83,-68,0,-57,-60,-72,0,-63,-63,-77,0,-69,-69,0,0,-74,-74,-81,-86,-79,-79,0,0,0,-83,-82,-84,-83,-83,-85,0,0,-77,-76,-51,-65
0,0,-73,-74,0,-79,-78,-72,-75,-75,0,0,-73,-73,0,0,-83,-83,-68,0,-57,-60,-72,0,-63,-63,-77,0,-69,-69,0,0,-74,-74,-81,-86,-79,-79,0,0,0,-83,-82,-84,-83,-83,-85,0,0,-77,-76,-51,-65
0,0,-73,-74,0,-79,-78,-72,-75,-75,0,0,-73,-73,0,0,-83,-83,-68,0,-57,-60,-72,0,-63,-63,-77,0,-69,-69,0,0,-74,-74,-81,-86,-79,-79,0,0,0,-83,-82,-84,-83,-83,-85,0,0,-77,-76,-51,-65
-68,-65,-70,-71,-82,0,0,-71,-57,-71,0,0,-74,-74,0,0,-77,-77,-68,-65,-56,-59,-72,0,-63,-63,-77,-83,-68,-68,0,0,-74,-74,-84,-86,-76,-78,0,-85,-84,-82,-81,-82,-82,-83,-83,0,0,-78,-78,-58,-66
-68,-65,-70,-71,-82,0,0,-71,-57,-71,0,0,-74,-74,0,0,-77,-77,-68,-65,-56,-59,-72,0,-63,-63,-77,-83,-68,-68,0,0,-74,-74,-84,-86,-76,-78,0,-85,-84,-82,-81,-82,-82,-83,-83,0,0,-78,-78,-58,-66
-68,-65,-70,-71,-82,0,0,-71,-57,-71,0,0,-74,-74,0,0,-77,-77,-68,-65,-56,-59,-72,0,-63,-63,-77,-83,-68,-68,0,0,-74,-74,-84,-86,-76,-78,0,-85,-84,-82,-81,-82,-82,-83,-83,0,0,-78,-78,-58,-66
-68,-65,-70,-71,-82,0,0,-71,-57,-71,0,0,-74,-74,0,0,-77,-77,-68,-65,-56,-59,-72,0,-63,-63,-77,-83,-68,-68,0,0,-74,-74,-84,-86,-76,-78,0,-85,-84,-82,-81,-82,-82,-83,-83,0,0,-78,-78,-58,-66
-68,-65,-64,-65,-82,0,0,0,-76,-76,0,0,-82,-80,0,0,-79,-79,-67,-65,-64,-65,0,0,-67,-67,-80,-83,-70,-71,-72,-70,-72,-72,0,0,-77,-77,0,-85,-84,-83,-83,-85,0,-79,-77,0,0,-74,-74,-53,-75
-68,-65,-64,-65,-82,0,0,0,-76,-76,0,0,-82,-80,0,0,-79,-79,-67,-65,-64,-65,0,0,-67,-67,-80,-83,-70,-71,-72,-70,-72,-72,0,0,-77,-77,0,-85,-84,-83,-83,-85,0,-79,-77,0,0,-74,-74,-53,-75
-68,-65,-64,-65,-82,0,0,0,-76,-76,0,0,-82,-80,0,0,-79,-79,-67,-65,-64,-65,0,0,-67,-67,-80,-83,-70,-71,-72,-70,-72,-72,0,0,-77,-77,0,-85,-84,-83,-83,-85,0,-79,-77,0,0,-74,-74,-53,-75
-68,-65,-64,-65,-82,0,0,0,-76,-76,0,0,-82,-80,0,0,-79,-79,-67,-65,-64,-65,0,0,-67,-67,-80,-83,-70,-71,-72,-70,-72,-72,0,0,-77,-77,0,-85,-84,-83,-83,-85,0,-79,-77,0,0,-74,-74,-53,-75
-66,-63,-76,-78,-83,0,0,-74,-78,-78,0,0,-77,-78,-83,-84,-81,-82,-67,-65,-66,-67,0,-77,-65,-65,-85,0,-72,-72,-72,-70,-68,-68,0,0,-79,-79,0,-83,-83,-81,-83,-85,0,-79,-77,0,0,-75,-75,-52,-76
-66,-63,-76,-78,-83,0,0,-74,-78,-78,0,0,-77,-78,-83,-84,-81,-82,-67,-65,-66,-67,0,-77,-65,-65,-85,0,-72,-72,-72,-70,-68,-68,0,0,-79,-79,0,-83,-83,-81,-83,-85,0,-79,-77,0,0,-75,-75,-52,-76
-77,-63,-66,-66,0,0,0,-74,-80,-81,0,0,-79,-79,-83,-84,-82,-81,-68,-64,-63,-64,-70,-77,-65,-65,-85,0,-72,-72,0,0,-69,-69,0,-82,-73,-73,0,-83,-83,-82,-82,0,0,0,0,0,0,-75,-76,-52,-73
-77,-63,-66,-66,0,0,0,-74,-80,-81,0,0,-79,-79,-83,-84,-82,-81,-68,-64,-63,-64,-70,-77,-65,-65,-85,0,-72,-72,0,0,-69,-69,0,-82,-73,-73,0,-83,-83,-82,-82,0,0,0,0,0,0,-75,-76,-52,-73
-77,-63,-66,-66,0,0,0,-74,-80,-81,0,0,-79,-79,-83,-84,-82,-81,-68,-64,-63,-64,-70,-77,-65,-65,-85,0,-72,-72,0,0,-69,-69,0,-82,-73,-73,0,-83,-83,-82,-82,0,0,0,0,0,0,-75,-76,-52,-73
-77,-63,-66,-66,0,0,0,-74,-80,-81,0,0,-79,-79,-83,-84,-82,-81,-68,-64,-63,-64,-70,-77,-65,-65,-85,0,-72,-72,0,0,-69,-69,0,-82,-73,-73,0,-83,-83,-82,-82,0,0,0,0,0,0,-75,-76,-52,-73
-77,-73,-63,-63,0,0,0,-80,-77,-78,0,0,-79,-78,0,-73,-82,-82,-73,-74,-62,-64,-70,-77,-63,-63,-85,0,-68,-69,-72,0,-72,-72,0,-82,-76,-76,0,0,-80,-82,-84,0,0,0,0,0,0,-75,-75,-53,-74
-77,-73,-63,-63,0,0,0,-80,-77,-78,0,0,-79,-78,0,-73,-82,-82,-73,-74,-62,-64,-70,-77,-63,-63,-85,0,-68,-69,-72,0,-72,-72,0,-82,-76,-76,0,0,-80,-82,-84,0,0,0,0,0,0,-75,-75,-53,-74
-77,-73,-63,-63,0,0,0,-80,-77,-78,0,0,-79,-78,0,-73,-82,-82,-73,-74,-62,-64,-70,-77,-63,-63,-85,0,-68,-69,-72,0,-72,-72,0,-82,-76,-76,0,0,-80,-82,-84,0,0,0,0,0,0,-75,-75,-53,-74
-77,-73,-63,-63,0,0,0,-80,-77,-78,0,0,-79,-78,0,-73,-82,-82,-73,-74,-62,-64,-70,-77,-63,-63,-85,0,-68,-69,-72,0,-72,-72,0,-82,-76,-76,0,0,-80,-82,-84,0,0,0,0,0,0,-75,-75,-53,-74
-66,-61,-72,-72,0,0,0,-68,-79,-80,0,0,-79,-78,0,-73,-84,-84,-63,-64,-64,-68,-70,0,-62,-62,0,0,-68,-69,-72,-70,-75,-74,0,-82,-80,-80,0,0,-80,-79,-79,0,0,0,0,0,0,-75,-75,-52,-67
-66,-61,-72,-72,0,0,0,-68,-79,-80,0,0,-79,-78,0,-73,-84,-84,-63,-64,-64,-68,-70,0,-62,-62,0,0,-68,-69,-72,-70,-75,-74,0,-82,-80,-80,0,0,-80,-79,-79,0,0,0,0,0,0,-75,-75,-52,-67
-66,-61,-72,-72,0,0,0,-68,-79,-80,0,0,-79,-78,0,-73,-84,-84,-63,-64,-64,-68,-70,0,-62,-62,0,0,-68,-69,-72,-70,-75,-74,0,-82,-80,-80,0,0,-80,-79,-79,0,0,0,0,0,0,-75,-75,-52,-67
-66,-61,-72,-72,0,0,0,-68,-79,-80,0,0,-79,-78,0,-73,-84,-84,-63,-64,-64,-68,-70,0,-62,-62,0,0,-68,-69,-72,-70,-75,-74,0,-82,-80,-80,0,0,-80,-79,-79,0,0,0,0,0,0,-75,-75,-52,-67
-66,-61,-65,-65,0,0,0,-68,-74,-74,0,0,-79,-79,0,-73,-85,-83,0,-64,-63,-66,0,-71,-63,-63,0,0,-72,-72,-72,-70,-70,-71,0,0,-80,-80,0,0,0,-81,-83,0,-84,-78,-80,0,0,-76,-76,-52,-66
-66,-61,-65,-65,0,0,0,-68,-74,-74,0,0,-79,-79,0,-73,-85,-83,0,-64,-63,-66,0,-71,-63,-63,0,0,-72,-72,-72,-70,-70,-71,0,0,-80,-80,0,0,0,-81,-83,0,-84,-78,-80,0,0,-76,-76,-52,-66
-66,-61,-65,-65,0,0,0,-68,-74,-74,0,0,-79,-79,0,-73,-85,-83,0,-64,-63,-66,0,-71,-63,-63,0,0,-72,-72,-72,-70,-70,-71,0,0,-80,-80,0,0,0,-81,-83,0,-84,-78,-80,0,0,-76,-76,-52,-66
-68,-67,-59,-59,0,0,0,-70,-76,-76,-88,0,-76,-76,0,-74,-81,-80,0,-63,-58,-69,0,-71,-68,-67,0,0,-70,-71,-76,-70,-77,-78,0,0,-77,-78,0,-82,-78,-82,-84,0,-84,-78,-80,0,0,-70,-70,-46,-63
-68,-67,-59,-59,0,0,0,-70,-76,-76,-88,0,-76,-76,0,-74,-81,-80,0,-63,-58,-69,0,-71,-68,-67,0,0,-70,-71,-76,-70,-77,-78,0,0,-77,-78,0,-82,-78,-82,-84,0,-84,-78,-80,0,0,-70,-70,-46,-63
-68,-67,-59,-59,0,0,0,-70,-76,-76,-88,0,-76,-76,0,-74,-81,-80,0,-63,-58,-69,0,-71,-68,-67,0,0,-70,-71,-76,-70,-77,-78,0,0,-77,-78,0,-82,-78,-82,-84,0,-84,-78,-80,0,0,-70,-70,-46,-63
-68,-67,-59,-59,0,0,0,-70,-76,-76,-88,0,-76,-76,0,-74,-81,-80,0,-63,-58,-69,0,-71,-68,-67,0,0,-70,-71,-76,-70,-77,-78,0,0,-77,-78,0,-82,-78,-82,-84,0,-84,-78,-80,0,0,-70,-70,-46,-63
-68,-65,-67,-66,0,0,0,-70,-74,-74,-88,0,-76,-76,0,-73,-77,-78,-66,-66,-60,-67,0,-71,-68,-68,0,0,-72,-73,0,0,-72,-72,0,0,-80,-80,0,-82,-78,-82,-84,0,-84,-78,-80,0,0,-76,-76,-47,-62
-68,-65,-67,-66,0,0,0,-70,-74,-74,-88,0,-76,-76,0,-73,-77,-78,-66,-66,-60,-67,0,-71,-68,-68,0,0,-72,-73,0,0,-72,-72,0,0,-80,-80,0,-82,-78,-82,-84,0,-84,-78,-80,0,0,-76,-76,-47,-62
-68,-65,-67,-66,0,0,0,-70,-74,-74,-88,0,-76,-76,0,-73,-77,-78,-66,-66,-60,-67,0,-71,-68,-68,0,0,-72,-73,0,0,-72,-72,0,0,-80,-80,0,-82,-78,-82,-84,0,-84,-78,-80,0,0,-76,-76,-47,-62
-68,-65,-67,-66,0,0,0,-70,-74,-74,-88,0,-76,-76,0,-73,-77,-78,-66,-66,-60,-67,0,-71,-68,-68,0,0,-72,-73,0,0,-72,-72,0,0,-80,-80,0,-82,-78,-82,-84,0,-84,-78,-80,0,0,-76,-76,-47,-62
0,-72,-67,-67,0,0,0,-75,-76,-75,-88,0,-79,-79,-75,-71,-85,0,-66,-66,-56,-60,-76,0,-74,-74,0,-79,-71,-71,0,0,-68,-68,-87,0,-80,-80,0,-82,-78,-81,-81,0,0,-77,-78,0,-85,-75,-76,-43,-60
0,-72,-67,-67,0,0,0,-75,-76,-75,-88,0,-79,-79,-75,-71,-85,0,-66,-66,-56,-60,-76,0,-74,-74,0,-79,-71,-71,0,0,-68,-68,-87,0,-80,-80,0,-82,-78,-81,-81,0,0,-77,-78,0,-85,-75,-76,-43,-60
0,-72,-67,-67,0,0,0,-75,-76,-75,-88,0,-79,-79,-75,-71,-85,0,-66,-66,-56,-60,-76,0,-74,-74,0,-79,-71,-71,0,0,-68,-68,-87,0,-80,-80,0,-82,-78,-81,-81,0,0,-77,-78,0,-85,-75,-76,-43,-60
0,-72,-67,-67,0,0,0,-75,-76,-75,-88,0,-79,-79,-75,-71,-85,0,-66,-66,-56,-60,-76,0,-74,-74,0,-79,-71,-71,0,0,-68,-68,-87,0,-80,-80,0,-82,-78,-81,-81,0,0,-77,-78,0,-85,-75,-76,-43,-60
0,-71,-64,-64,0,0,0,0,-76,-75,0,0,-79,-84,-75,-73,-86,-83,-66,-66,-55,-55,-76,-75,-64,-64,0,-79,-73,-73,0,0,-74,-73,-87,0,-81,-82,0,-83,-86,-79,-80,-80,-79,-77,-78,0,-85,-74,-75,-43,-63
0,-71,-64,-64,0,0,0,0,-76,-75,0,0,-79,-84,-75,-73,-86,-83,-66,-66,-55,-55,-76,-75,-64,-64,0,-79,-73,-73,0,0,-74,-73,-87,0,-81,-82,0,-83,-86,-79,-80,-80,-79,-77,-78,0,-85,-74,-75,-43,-63
0,-71,-64,-64,0,0,0,0,-76,-75,0,0,-79,-84,-75,-73,-86,-83,-66,-66,-55,-55,-76,-75,-64,-64,0,-79,-73,-73,0,0,-74,-73,-87,0,-81,-82,0,-83,-86,-79,-80,-80,-79,-77,-78,0,-85,-74,-75,-43,-63
0,-71,-64,-64,0,0,0,0,-76,-75,0,0,-79,-84,-75,-73,-86,-83,-66,-66,-55,-55,-76,-75,-64,-64,0,-79,-73,-73,0,0,-74,-73,-87,0,-81,-82,0,-83,-86,-79,-80,-80,-79,-77,-78,0,-85,-74,-75,-43,-63
-75,-73,-65,-65,0,0,0,-75,-75,-75,0,0,-84,-84,-75,-74,-83,-83,-66,-68,-55,-55,-76,-75,-67,-68,0,-79,-71,-71,0,0,-75,-75,-87,0,-81,-83,0,-84,-84,-80,-81,-80,-79,-77,-78,0,-85,-76,-76,-43,-63
-75,-73,-65,-65,0,0,0,-75,-75,-75,0,0,-84,-84,-75,-74,-83,-83,-66,-68,-55,-55,-76,-75,-67,-68,0,-79,-71,-71,0,0,-75,-75,-87,0,-81,-83,0,-84,-84,-80,-81,-80,-79,-77,-78,0,-85,-76,-76,-43,-63
-75,-73,-65,-65,0,0,0,-75,-75,-75,0,0,-84,-84,-75,-74,-83,-83,-66,-68,-55,-55,-76,-75,-67,-68,0,-79,-71,-71,0,0,-75,-75,-87,0,-81,-83,0,-84,-84,-80,-81,-80,-79,-77,-78,0,-85,-76,-76,-43,-63
-75,-73,-65,-65,0,0,0,-75,-75,-75,0,0,-84,-84,0,0,-83,-83,-66,-63,-55,-56,0,-75,-67,-67,0,0,-71,-72,0,0,-72,-72,-83,-85,-81,-80,0,-84,-84,-80,-82,-80,-79,-77,-77,0,0,-79,-79,-43,-60
-75,-73,-65,-65,0,0,0,-75,-75,-75,0,0,-84,-84,0,0,-83,-83,-66,-63,-55,-56,0,-75,-67,-67,0,0,-71,-72,0,0,-72,-72,-83,-85,-81,-80,0,-84,-84,-80,-82,-80,-79,-77,-77,0,0,-79,-79,-43,-60
-75,-73,-65,-65,0,0,0,-75,-75,-75,0,0,-84,-84,0,0,-83,-83,-66,-63,-55,-56,0,-75,-67,-67,0,0,-71,-72,0,0,-72,-72,-83,-85,-81,-80,0,-84,-84,-80,-82,-80,-79,-77,-77,0,0,-79,-79,-43,-60
-75,-73,-65,-65,0,0,0,-75,-75,-75,0,0,-84,-84,0,0,-83,-83,-66,-63,-55,-56,0,-75,-67,-67,0,0,-71,-72,0,0,-72,-72,-83,-85,-81,-80,0,-84,-84,-80,-82,-80,-79,-77,-77,0,0,-79,-79,-43,-60
-75,-73,-67,-69,0,0,0,-75,-80,-79,0,0,-84,-80,0,0,-85,0,-66,-63,-55,-55,0,0,-71,-69,-79,0,-72,-72,0,0,-73,-74,-83,-85,-80,-79,0,-84,-84,-80,-81,-80,-82,-79,-78,0,0,-78,-79,-44,-60
-75,-73,-67,-69,0,0,0,-75,-80,-79,0,0,-84,-80,0,0,-85,0,-66,-63,-55,-55,0,0,-71,-69,-79,0,-72,-72,0,0,-73,-74,-83,-85,-80,-79,0,-84,-84,-80,-81,-80,-82,-79,-78,0,0,-78,-79,-44,-60
-75,-73,-67,-69,0,0,0,-75,-80,-79,0,0,-84,-80,0,0,-85,0,-66,-63,-55,-55,0,0,-71,-69,-79,0,-72,-72,0,0,-73,-74,-83,-85,-80,-79,0,-84,-84,-80,-81,-80,-82,-79,-78,0,0,-78,-79,-44,-60
-75,-73,-67,-69,0,0,0,-75,-80,-79,0,0,-84,-80,0,0,-85,0,-66,-63,-55,-55,0,0,-71,-69,-79,0,-72,-72,0,0,-73,-74,-83,-85,-80,-79,0,-84,-84,-80,-81,-80,-82,-79,-78,0,0,-78,-79,-44,-60
-67,-65,-67,-66,0,-80,-79,-75,-76,-77,0,0,-77,-80,-76,-75,-81,-80,-69,-69,-56,-58,0,0,-67,-66,-79,0,-74,-73,0,0,-71,-71,-83,-85,-84,-83,0,0,0,-78,-79,-80,-82,-79,-78,0,0,-78,-78,-45,-58
-67,-65,-67,-66,0,-80,-79,-75,-76,-77,0,0,-77,-80,-76,-75,-81,-80,-69,-69,-56,-58,0,0,-67,-66,-79,0,-74,-73,0,0,-71,-71,-83,-85,-84,-83,0,0,0,-78,-79,-80,-82,-79,-78,0,0,-78,-78,-45,-58
-67,-65,-67,-66,0,-80,-79,-75,-76,-77,0,0,-77,-80,-76,-75,-81,-80,-69,-69,-56,-58,0,0,-67,-66,-79,0,-74,-73,0,0,-71,-71,-83,-85,-84,-83,0,0,0,-78,-79,-80,-82,-79,-78,0,0,-78,-78,-45,-58
-67,-65,-67,-66,0,-80,-79,-75,-76,-77,0,0,-77,-80,-76,-75,-81,-80,-69,-69,-56,-58,0,0,-67,-66,-79,0,-74,-73,0,0,-71,-71,-83,-85,-84,-83,0,0,0,-78,-79,-80,-82,-79,-78,0,0,-78,-78,-45,-58
-67,-65,-66,-66,0,-80,-79,-75,-76,-77,0,0,-77,-78,-76,-75,-81,-80,0,-64,-56,-57,0,0,-63,-62,-79,0,-68,-69,-73,0,-71,-71,-85,-87,-79,-79,0,0,0,-83,-81,0,0,-81,-81,-83,-83,-77,-77,-49,-64
-67,-65,-66,-66,0,-80,-79,-75,-76,-77,0,0,-77,-78,-76,-75,-81,-80,0,-64,-56,-57,0,0,-63,-62,-79,0,-68,-69,-73,0,-71,-71,-85,-87,-79,-79,0,0,0,-83,-81,0,0,-81,-81,-83,-83,-77,-77,-49,-64
-67,-65,-66,-66,0,-80,-79,-75,-76,-77,0,0,-77,-78,-76,-75,-81,-80,0,-64,-56,-57,0,0,-63,-62,-79,0,-68,-69,-73,0,-71,-71,-85,-87,-79,-79,0,0,0,-83,-81,0,0,-81,-81,-83,-83,-77,-77,-49,-64
-67,-65,-66,-66,0,-80,-79,-75,-76,-77,0,0,-77,-78,-76,-75,-81,-80,0,-64,-56,-57,0,0,-63,-62,-79,0,-68,-69,-73,0,-71,-71,-85,-87,-79,-79,0,0,0,-83,-81,0,0,-81,-81,-83,-83,-77,-77,-49,-64
-67,-62,-64,-64,0,-80,-79,-75,-82,-82,0,0,-79,-79,-76,-75,-81,-80,-69,-64,-67,-67,0,0,-68,-68,-83,0,-71,-71,-73,0,-77,-77,-85,-87,-80,-79,0,-82,-82,-81,-80,0,0,-81,-81,-83,-83,-78,-78,-47,-64
-67,-62,-64,-64,0,-80,-79,-75,-82,-82,0,0,-79,-79,-76,-75,-81,-80,-69,-64,-67,-67,0,0,-68,-68,-83,0,-71,-71,-73,0,-77,-77,-85,-87,-80,-79,0,-82,-82,-81,-80,0,0,-81,-81,-83,-83,-78,-78,-47,-64
-67,-62,-64,-64,0,-80,-79,-75,-82,-82,0,0,-79,-79,-76,-75,-81,-80,-69,-64,-67,-67,0,0,-68,-68,-83,0,-71,-71,-73,0,-77,-77,-85,-87,-80,-79,0,-82,-82,-81,-80,0,0,-81,-81,-83,-83,-78,-78,-47,-64
-73,0,-63,-63,0,0,0,-69,-80,-80,0,0,-77,-78,-80,-79,-83,-82,-69,-64,-63,-69,0,0,-66,-66,-83,0,-69,-69,-73,0,-77,-77,0,-88,-79,-80,0,-82,-82,-83,-83,0,0,-81,-81,-83,-83,-77,-76,-50,-72
-73,0,-63,-63,0,0,0,-69,-80,-80,0,0,-77,-78,-80,-79,-83,-82,-69,-64,-63,-69,0,0,-66,-66,-83,0,-69,-69,-73,0,-77,-77,0,-88,-79,-80,0,-82,-82,-83,-83,0,0,-81,-81,-83,-83,-77,-76,-50,-72
-73,0,-63,-63,0,0,0,-69,-80,-80,0,0,-77,-78,-80,-79,-83,-82,-69,-64,-63,-69,0,0,-66,-66,-83,0,-69,-69,-73,0,-77,-77,0,-88,-79,-80,0,-82,-82,-83,-83,0,0,-81,-81,-83,-83,-77,-76,-50,-72
-73,0,-63,-63,0,0,0,-69,-80,-80,0,0,-77,-78,-80,-79,-83,-82,-69,-64,-63,-69,0,0,-66,-66,-83,0,-69,-69,-73,0,-77,-77,0,-88,-79,-80,0,-82,-82,-83,-83,0,0,-81,-81,-83,-83,-77,-76,-50,-72
-73,-63,-63,-63,-80,0,0,-69,-71,-71,0,0,-76,-76,0,0,-80,-81,-69,-67,-55,-63,0,0,-63,-63,0,-78,-71,-71,0,0,-71,-73,0,0,-80,-80,0,-82,-82,-83,-83,-84,-85,0,0,0,0,-77,-77,-55,-70
-73,-63,-63,-63,-80,0,0,-69,-71,-71,0,0,-76,-76,0,0,-80,-81,-69,-67,-55,-63,0,0,-63,-63,0,-78,-71,-71,0,0,-71,-73,0,0,-80,-80,0,-82,-82,-83,-83,-84,-85,0,0,0,0,-77,-77,-55,-70
-73,-63,-63,-63,-80,0,0,-69,-71,-71,0,0,-76,-76,0,0,-80,-81,-69,-67,-55,-63,0,0,-63,-63,0,-78,-71,-71,0,0,-71,-73,0,0,-80,-80,0,-82,-82,-83,-83,-84,-85,0,0,0,0,-77,-77,-55,-70
-73,-63,-63,-63,-80,0,0,-69,-71,-71,0,0,-76,-76,0,0,-80,-81,-69,-67,-55,-63,0,0,-63,-63,0,-78,-71,-71,0,0,-71,-73,0,0,-80,-80,0,-82,-82,-83,-83,-84,-85,0,0,0,0,-77,-77,-55,-70
-69,-63,-60,-59,-80,0,0,-74,-80,-80,0,0,-78,-79,0,0,-79,-81,-62,-60,-55,-56,0,0,-66,-66,0,-78,-75,-75,0,0,-67,-67,0,0,-81,-80,0,-84,-85,-84,-80,-84,-85,-81,-80,-84,0,-76,-77,-65,-69
-69,-63,-60,-59,-80,0,0,-74,-80,-80,0,0,-78,-79,0,0,-79,-81,-62,-60,-55,-56,0,0,-66,-66,0,-78,-75,-75,0,0,-67,-67,0,0,-81,-80,0,-84,-85,-84,-80,-84,-85,-81,-80,-84,0,-76,-77,-65,-69
-69,-63,-60,-59,-80,0,0,-74,-80,-80,0,0,-78,-79,0,0,-79,-81,-62,-60,-55,-56,0,0,-66,-66,0,-78,-75,-75,0,0,-67,-67,0,0,-81,-80,0,-84,-85,-84,-80,-84,-85,-81,-80,-84,0,-76,-77,-65,-69
-69,-63,-60,-59,-80,0,0,-74,-80,-80,0,0,-78,-79,0,0,-79,-81,-62,-60,-55,-56,0,0,-66,-66,0,-78,-75,-75,0,0,-67,-67,0,0,-81,-80,0,-84,-85,-84,-80,-84,-85,-81,-80,-84,0,-76,-77,-65,-69
0,-67,-73,-73,-76,0,0,0,-70,-70,0,0,-77,-78,0,0,-81,-80,-55,-53,-53,-53,0,0,-70,-70,0,-83,-72,-72,-74,-80,-76,-76,0,0,-77,-77,0,-81,-83,-83,-83,-82,-85,-81,-80,-84,0,-81,-79,-46,-60
0,-68,-68,-68,-76,0,0,0,-72,-72,0,0,-77,-77,0,0,-85,-82,-56,-55,-58,-58,0,0,-70,-70,-79,0,-74,-74,-74,-80,-68,-68,0,0,-76,-76,0,-81,-83,0,-84,-82,-82,0,0,0,0,-80,-80,-47,-62
0,-68,-68,-68,-76,0,0,0,-72,-72,0,0,-77,-77,0,0,-85,-82,-56,-55,-58,-58,0,0,-70,-70,-79,0,-74,-74,-74,-80,-68,-68,0,0,-76,-76,0,-81,-83,0,-84,-82,-82,0,0,0,0,-80,-80,-47,-62
0,-68,-68,-68,-76,0,0,0,-72,-72,0,0,-77,-77,0,0,-85,-82,-56,-55,-58,-58,0,0,-70,-70,-79,0,-74,-74,-74,-80,-68,-68,0,0,-76,-76,0,-81,-83,0,-84,-82,-82,0,0,0,0,-80,-80,-47,-62
0,-68,-68,-68,-76,0,0,0,-72,-72,0,0,-77,-77,0,0,-85,-82,-56,-55,-58,-58,0,0,-70,-70,-79,0,-74,-74,-74,-80,-68,-68,0,0,-76,-76,0,-81,-83,0,-84,-82,-82,0,0,0,0,-80,-80,-47,-62
0,0,-68,-68,0,0,0,0,-71,-72,0,0,-76,-77,0,-73,-79,-80,-56,-55,-57,-57,0,0,-69,-69,-79,0,-75,-75,-75,0,-68,-68,0,0,-75,-76,0,-81,-83,-85,-84,0,0,0,0,0,0,-79,-78,-48,-61
0,0,-68,-68,0,0,0,0,-71,-72,0,0,-76,-77,0,-73,-79,-80,-56,-55,-57,-57,0,0,-69,-69,-79,0,-75,-75,-75,0,-68,-68,0,0,-75,-76,0,-81,-83,-85,-84,0,0,0,0,0,0,-79,-78,-48,-61
0,0,-68,-68,0,0,0,0,-71,-72,0,0,-76,-77,0,-73,-79,-80,-56,-55,-57,-57,0,0,-69,-69,-79,0,-75,-75,-75,0,-68,-68,0,0,-75,-76,0,-81,-83,-85,-84,0,0,0,0,0,0,-79,-78,-48,-61
0,0,-68,-68,0,0,0,0,-71,-72,0,0,-76,-77,0,-73,-79,-80,-56,-55,-57,-57,0,0,-69,-69,-79,0,-75,-75,-75,0,-68,-68,0,0,-75,-76,0,-81,-83,-85,-84,0,0,0,0,0,0,-79,-78,-48,-61
0,0,-67,-66,0,0,0,-76,-72,-71,0,0,-75,-76,0,-73,-79,-80,-55,-54,-57,-57,-74,0,-69,-70,-79,0,-73,-73,0,0,-67,-67,0,-74,-75,-75,0,-83,-84,-85,-84,-84,-82,0,0,0,0,-80,-80,-46,-62
0,0,-67,-66,0,0,0,-76,-72,-71,0,0,-75,-76,0,-73,-79,-80,-55,-54,-57,-57,-74,0,-69,-70,-79,0,-73,-73,0,0,-67,-67,0,-74,-75,-75,0,-83,-84,-85,-84,-84,-82,0,0,0,0,-80,-80,-46,-62
0,0,-67,-66,0,0,0,-76,-72,-71,0,0,-75,-76,0,-73,-79,-80,-55,-54,-57,-57,-74,0,-69,-70,-79,0,-73,-73,0,0,-67,-67,0,-74,-75,-75,0,-83,-84,-85,-84,-84,-82,0,0,0,0,-80,-80,-46,-62
0,0,-71,-71,-79,0,0,-76,-74,-73,0,0,-78,-79,0,-73,-79,-79,-55,-55,-57,-58,-74,0,-69,-68,0,0,-75,-76,0,0,-71,-71,-78,-74,-76,-76,0,-83,-84,-85,-83,-84,-82,-78,-78,0,0,-81,-81,-50,-61
0,0,-71,-71,-79,0,0,-76,-74,-73,0,0,-78,-79,0,-73,-79,-79,-55,-55,-57,-58,-74,0,-69,-68,0,0,-75,-76,0,0,-71,-71,-78,-74,-76,-76,0,-83,-84,-85,-83,-84,-82,-78,-78,0,0,-81,-81,-50,-61
0,0,-71,-71,-79,0,0,-76,-74,-73,0,0,-78,-79,0,-73,-79,-79,-55,-55,-57,-58,-74,0,-69,-68,0,0,-75,-76,0,0,-71,-71,-78,-74,-76,-76,0,-83,-84,-85,-83,-84,-82,-78,-78,0,0,-81,-81,-50,-61
0,0,-71,-71,-79,0,0,-76,-74,-73,0,0,-78,-79,0,-73,-79,-79,-55,-55,-57,-58,-74,0,-69,-68,0,0,-75,-76,0,0,-71,-71,-78,-74,-76,-76,0,-83,-84,-85,-83,-84,-82,-78,-78,0,0,-81,-81,-50,-61
0,0,-68,-68,-79,0,0,-76,-70,-69,0,0,-78,-79,0,-77,-80,-81,-57,-57,-58,-60,-74,0,-65,-67,0,0,-75,-76,0,0,-72,-72,-78,-74,-77,-78,0,0,0,-84,-85,-84,-82,-78,-78,0,0,-83,-83,-54,-61
0,0,-68,-68,-79,0,0,-76,-70,-69,0,0,-78,-79,0,-77,-80,-81,-57,-57,-58,-60,-74,0,-65,-67,0,0,-75,-76,0,0,-72,-72,-78,-74,-77,-78,0,0,0,-84,-85,-84,-82,-78,-78,0,0,-83,-83,-54,-61
0,0,-68,-68,-79,0,0,-76,-70,-69,0,0,-78,-79,0,-77,-80,-81,-57,-57,-58,-60,-74,0,-65,-67,0,0,-75,-76,0,0,-72,-72,-78,-74,-77,-78,0,0,0,-84,-85,-84,-82,-78,-78,0,0,-83,-83,-54,-61
0,0,-68,-68,-79,0,0,-76,-70,-69,0,0,-78,-79,0,-77,-80,-81,-57,-57,-58,-60,-74,0,-65,-67,0,0,-75,-76,0,0,-72,-72,-78,-74,-77,-78,0,0,0,-84,-85,-84,-82,-78,-78,0,0,-83,-83,-54,-61
0,0,-71,-71,-79,0,0,-75,-79,-69,0,0,-76,-77,-82,-75,-78,-79,-59,-59,-55,-57,0,0,-68,-68,0,0,-74,-74,0,0,-72,-73,-78,-76,-74,-73,0,0,0,-82,-83,-83,-82,-78,-78,0,0,-83,-83,-53,-59
0,0,-71,-71,-79,0,0,-75,-79,-69,0,0,-76,-77,-82,-75,-78,-79,-59,-59,-55,-57,0,0,-68,-68,0,0,-74,-74,0,0,-72,-73,-78,-76,-74,-73,0,0,0,-82,-83,-83,-82,-78,-78,0,0,-83,-83,-53,-59
0,0,-71,-71,-79,0,0,-75,-79,-69,0,0,-76,-77,-82,-75,-78,-79,-59,-59,-55,-57,0,0,-68,-68,0,0,-74,-74,0,0,-72,-73,-78,-76,-74,-73,0,0,0,-82,-83,-83,-82,-78,-78,0,0,-83,-83,-53,-59
0,0,-71,-71,-79,0,0,-75,-79,-69,0,0,-76,-77,-82,-75,-78,-79,-59,-59,-55,-57,0,0,-68,-68,0,0,-74,-74,0,0,-72,-73,-78,-76,-74,-73,0,0,0,-82,-83,-83,-82,-78,-78,0,0,-83,-83,-53,-59
0,0,-66,-67,0,0,0,-76,-68,-69,0,0,-83,-84,-82,-75,-81,-82,-59,-56,-53,-56,0,0,-70,-69,0,0,-78,-78,0,0,-73,-76,0,0,-80,-80,0,-82,-85,-82,-83,0,0,0,0,0,0,-80,-80,-47,-60
0,0,-66,-67,0,0,0,-76,-68,-69,0,0,-83,-84,-82,-75,-81,-82,-59,-56,-53,-56,0,0,-70,-69,0,0,-78,-78,0,0,-73,-76,0,0,-80,-80,0,-82,-85,-82,-83,0,0,0,0,0,0,-80,-80,-47,-60
0,0,-66,-67,0,0,0,-76,-68,-69,0,0,-83,-84,-82,-75,-81,-82,-59,-56,-53,-56,0,0,-70,-69,0,0,-78,-78,0,0,-73,-76,0,0,-80,-80,0,-82,-85,-82,-83,0,0,0,0,0,0,-80,-80,-47,-60
0,0,-66,-67,0,0,0,-76,-68,-69,0,0,-83,-84,-82,-75,-81,-82,-59,-56,-53,-56,0,0,-70,-69,0,0,-78,-78,0,0,-73,-76,0,0,-80,-80,0,-82,-85,-82,-83,0,0,0,0,0,0,-80,-80,-47,-60
0,0,-66,-66,-77,0,0,-76,-71,-70,0,0,-78,-78,-82,-83,-78,-78,-57,-56,-53,-56,0,0,-68,-67,0,-86,-72,-71,0,-71,-68,-68,0,-74,-77,-78,0,-82,-85,0,-84,-84,-82,-82,-82,0,0,-80,-80,-46,-59
0,0,-66,-66,-77,0,0,-76,-71,-70,0,0,-78,-78,-82,-83,-78,-78,-57,-56,-53,-56,0,0,-68,-67,0,-86,-72,-71,0,-71,-68,-68,0,-74,-77,-78,0,-82,-85,0,-84,-84,-82,-82,-82,0,0,-80,-80,-46,-59
0,0,-66,-66,-77,0,0,-76,-71,-70,0,0,-78,-78,-82,-83,-78,-78,-57,-56,-53,-56,0,0,-68,-67,0,-86,-72,-71,0,-71,-68,-68,0,-74,-77,-78,0,-82,-85,0,-84,-84,-82,-82,-82,0,0,-80,-80,-46,-59
-69,0,-73,-73,-77,0,0,-76,-75,-74,0,0,-79,-79,0,-78,-82,-82,-59,-57,-54,-56,0,0,-70,-69,-80,-86,-71,-71,0,-71,-68,-68,-79,-74,-75,-75,0,-82,-85,0,-84,-84,-82,-82,-82,0,0,-80,-80,-51,-59
-69,0,-73,-73,-77,0,0,-76,-75,-74,0,0,-79,-79,0,-78,-82,-82,-59,-57,-54,-56,0,0,-70,-69,-80,-86,-71,-71,0,-71,-68,-68,-79,-74,-75,-75,0,-82,-85,0,-84,-84,-82,-82,-82,0,0,-80,-80,-51,-59
-69,0,-73,-73,-77,0,0,-76,-75,-74,0,0,-79,-79,0,-78,-82,-82,-59,-57,-54,-56,0,0,-70,-69,-80,-86,-71,-71,0,-71,-68,-68,-79,-74,-75,-75,0,-82,-85,0,-84,-84,-82,-82,-82,0,0,-80,-80,-51,-59
-69,0,-73,-73,-77,0,0,-76,-75,-74,0,0,-79,-79,0,-78,-82,-82,-59,-57,-54,-56,0,0,-70,-69,-80,-86,-71,-71,0,-71,-68,-68,-79,-74,-75,-75,0,-82,-85,0,-84,-84,-82,-82,-82,0,0,-80,-80,-51,-59
-69,-72,-69,-69,-77,0,0,-76,-70,-69,0,0,-77,-77,0,-75,-81,-81,-58,-56,-56,-58,0,0,-64,-65,-80,-86,-75,-75,0,-71,-67,-67,-79,-74,-76,-75,0,0,0,-83,-82,-84,-82,-82,-82,0,0,-83,-83,-50,-59
-69,-72,-69,-69,-77,0,0,-76,-70,-69,0,0,-77,-77,0,-75,-81,-81,-58,-56,-56,-58,0,0,-64,-65,-80,-86,-75,-75,0,-71,-67,-67,-79,-74,-76,-75,0,0,0,-83,-82,-84,-82,-82,-82,0,0,-83,-83,-50,-59
-69,-72,-69,-69,-77,0,0,-76,-70,-69,0,0,-77,-77,0,-75,-81,-81,-58,-56,-56,-58,0,0,-64,-65,-80,-86,-75,-75,0,-71,-67,-67,-79,-74,-76,-75,0,0,0,-83,-82,-84,-82,-82,-82,0,0,-83,-83,-50,-59
-69,-72,-69,-69,-77,0,0,-76,-70,-69,0,0,-77,-77,0,-75,-81,-81,-58,-56,-56,-58,0,0,-64,-65,-80,-86,-75,-75,0,-71,-67,-67,-79,-74,-76,-75,0,0,0,-83,-82,-84,-82,-82,-82,0,0,-83,-83,-50,-59
-69,-72,-67,-66,0,0,0,-80,-72,-71,0,0,-82,-83,0,-80,-81,-81,-63,-61,-55,-59,0,0,-66,-66,-80,-85,-75,-75,0,0,-71,-71,-79,-77,-74,-74,0,0,-80,-83,-82,0,0,-82,-83,0,0,-81,-82,-49,-62
-69,-72,-67,-66,0,0,0,-80,-72,-71,0,0,-82,-83,0,-80,-81,-81,-63,-61,-55,-59,0,0,-66,-66,-80,-85,-75,-75,0,0,-71,-71,-79,-77,-74,-74,0,0,-80,-83,-82,0,0,-82,-83,0,0,-81,-82,-49,-62
-69,-72,-67,-66,0,0,0,-80,-72,-71,0,0,-82,-83,0,-80,-81,-81,-63,-61,-55,-59,0,0,-66,-66,-80,-85,-75,-75,0,0,-71,-71,-79,-77,-74,-74,0,0,-80,-83,-82,0,0,-82,-83,0,0,-81,-82,-49,-62
-69,-72,-67,-66,0,0,0,-80,-72,-71,0,0,-82,-83,0,-80,-81,-81,-63,-61,-55,-59,0,0,-66,-66,-80,-85,-75,-75,0,0,-71,-71,-79,-77,-74,-74,0,0,-80,-83,-82,0,0,-82,-83,0,0,-81,-82,-49,-62
0,-72,-73,-73,0,0,0,-77,-70,-71,0,0,-75,-75,0,0,-76,-76,-60,-58,-54,-57,-71,0,-68,-68,0,0,-75,-75,-73,0,-69,-70,-78,-75,-81,-82,0,0,-80,-83,-82,0,-86,-79,-79,0,0,-84,-82,-47,-61
0,-72,-73,-73,0,0,0,-77,-70,-71,0,0,-75,-75,0,0,-76,-76,-60,-58,-54,-57,-71,0,-68,-68,0,0,-75,-75,-73,0,-69,-70,-78,-75,-81,-82,0,0,-80,-83,-82,0,-86,-79,-79,0,0,-84,-82,-47,-61
0,-72,-73,-73,0,0,0,-77,-70,-71,0,0,-75,-75,0,0,-76,-76,-60,-58,-54,-57,-71,0,-68,-68,0,0,-75,-75,-73,0,-69,-70,-78,-75,-81,-82,0,0,-80,-83,-82,0,-86,-79,-79,0,0,-84,-82,-47,-61
0,-72,-73,-73,0,0,0,-77,-70,-71,0,0,-75,-75,0,0,-76,-76,-60,-58,-54,-57,-71,0,-68,-68,0,0,-75,-75,-73,0,-69,-70,-78,-75,-81,-82,0,0,-80,-83,-82,0,-86,-79,-79,0,0,-84,-82,-47,-61
-69,-67,-70,-70,-78,0,0,-77,-74,-73,0,0,-79,-84,0,0,-76,-76,-58,-67,-54,-57,-71,-71,-70,-69,0,0,-72,-73,-73,0,-72,-71,-78,-78,-78,-78,0,-83,-80,-83,-86,0,-86,-79,-79,0,0,-78,-79,-46,-62
-69,-67,-70,-70,-78,0,0,-77,-74,-73,0,0,-79,-84,0,0,-76,-76,-58,-67,-54,-57,-71,-71,-70,-69,0,0,-72,-73,-73,0,-72,-71,-78,-78,-78,-78,0,-83,-80,-83,-86,0,-86,-79,-79,0,0,-78,-79,-46,-62
-69,-67,-70,-70,-78,0,0,-77,-74,-73,0,0,-79,-84,0,0,-76,-76,-58,-67,-54,-57,-71,-71,-70,-69,0,0,-72,-73,-73,0,-72,-71,-78,-78,-78,-78,0,-83,-80,-83,-86,0,-86,-79,-79,0,0,-78,-79,-46,-62
-69,0,-77,-78,-78,0,0,-77,-71,-71,-86,0,-75,-75,0,0,-79,-81,-58,-56,-51,-55,-71,-71,-70,-70,0,0,-73,-73,-73,0,-71,-70,-78,-76,-80,-79,0,-83,-84,-83,-83,0,-86,-79,-79,0,0,-78,-79,-44,-56
-69,0,-77,-78,-78,0,0,-77,-71,-71,-86,0,-75,-75,0,0,-79,-81,-58,-56,-51,-55,-71,-71,-70,-70,0,0,-73,-73,-73,0,-71,-70,-78,-76,-80,-79,0,-83,-84,-83,-83,0,-86,-79,-79,0,0,-78,-79,-44,-56
-69,0,-77,-78,-78,0,0,-77,-71,-71,-86,0,-75,-75,0,0,-79,-81,-58,-56,-51,-55,-71,-71,-70,-70,0,0,-73,-73,-73,0,-71,-70,-78,-76,-80,-79,0,-83,-84,-83,-83,0,-86,-79,-79,0,0,-78,-79,-44,-56
-69,0,-77,-78,-78,0,0,-77,-71,-71,-86,0,-75,-75,0,0,-79,-81,-58,-56,-51,-55,-71,-71,-70,-70,0,0,-73,-73,-73,0,-71,-70,-78,-76,-80,-79,0,-83,-84,-83,-83,0,-86,-79,-79,0,0,-78,-79,-44,-56
-69,0,-68,-69,-78,0,0,-76,-68,-68,-86,0,-80,-79,0,0,-82,-86,-57,-57,-50,-53,-76,-71,-71,-71,0,0,-70,-71,0,0,-72,-72,0,0,-79,-79,0,-83,-84,-83,-83,0,0,0,0,0,0,-77,-78,-48,-59
-69,0,-68,-69,-78,0,0,-76,-68,-68,-86,0,-80,-79,0,0,-82,-86,-57,-57,-50,-53,-76,-71,-71,-71,0,0,-70,-71,0,0,-72,-72,0,0,-79,-79,0,-83,-84,-83,-83,0,0,0,0,0,0,-77,-78,-48,-59
-69,0,-68,-69,-78,0,0,-76,-68,-68,-86,0,-80,-79,0,0,-82,-86,-57,-57,-50,-53,-76,-71,-71,-71,0,0,-70,-71,0,0,-72,-72,0,0,-79,-79,0,-83,-84,-83,-83,0,0,0,0,0,0,-77,-78,-48,-59
-69,0,-68,-69,-78,0,0,-76,-68,-68,-86,0,-80,-79,0,0,-82,-86,-57,-57,-50,-53,-76,-71,-71,-71,0,0,-70,-71,0,0,-72,-72,0,0,-79,-79,0,-83,-84,-83,-83,0,0,0,0,0,0,-77,-78,-48,-59
-74,-69,-59,-59,-84,0,0,0,-71,-70,-86,0,-78,-78,0,0,-82,-83,-62,-63,-52,-57,-76,-77,-72,-73,0,0,-70,-71,-80,-77,-63,-63,0,0,-77,-78,0,0,0,-83,-83,0,0,0,0,0,0,-83,-83,-49,-58
-74,-69,-59,-59,-84,0,0,0,-71,-70,-86,0,-78,-78,0,0,-82,-83,-62,-63,-52,-57,-76,-77,-72,-73,0,0,-70,-71,-80,-77,-63,-63,0,0,-77,-78,0,0,0,-83,-83,0,0,0,0,0,0,-83,-83,-49,-58
-74,-69,-59,-59,-84,0,0,0,-71,-70,-86,0,-78,-78,0,0,-82,-83,-62,-63,-52,-57,-76,-77,-72,-73,0,0,-70,-71,-80,-77,-63,-63,0,0,-77,-78,0,0,0,-83,-83,0,0,0,0,0,0,-83,-83,-49,-58
-74,-69,-59,-59,-84,0,0,0,-71,-70,-86,0,-78,-78,0,0,-82,-83,-62,-63,-52,-57,-76,-77,-72,-73,0,0,-70,-71,-80,-77,-63,-63,0,0,-77,-78,0,0,0,-83,-83,0,0,0,0,0,0,-83,-83,-49,-58
-74,-69,-74,-74,-80,0,0,0,-80,-79,0,0,-81,-82,0,0,-82,-83,-62,-63,-56,-60,0,-73,-70,-70,-77,-79,-68,-68,-80,-77,-63,-63,0,0,-79,-79,0,0,0,-81,-81,-80,-79,-82,-81,0,0,0,0,-50,-67
-74,-69,-74,-74,-80,0,0,0,-80,-79,0,0,-81,-82,0,0,-82,-83,-62,-63,-56,-60,0,-73,-70,-70,-77,-79,-68,-68,-80,-77,-63,-63,0,0,-79,-79,0,0,0,-81,-81,-80,-79,-82,-81,0,0,0,0,-50,-67
-74,-69,-74,-74,-80,0,0,0,-80,-79,0,0,-81,-82,0,0,-82,-83,-62,-63,-56,-60,0,-73,-70,-70,-77,-79,-68,-68,-80,-77,-63,-63,0,0,-79,-79,0,0,0,-81,-81,-80,-79,-82,-81,0,0,0,0,-50,-67
-74,-69,-74,-74,-80,0,0,0,-80,-79,0,0,-81,-82,0,0,-82,-83,-62,-63,-56,-60,0,-73,-70,-70,-77,-79,-68,-68,-80,-77,-63,-63,0,0,-79,-79,0,0,0,-81,-81,-80,-79,-82,-81,0,0,0,0,-50,-67
-76,-68,-66,-66,-80,0,0,-75,-81,-82,0,0,-77,-83,-83,0,-82,-81,-58,-57,-54,-56,0,0,-68,-68,-77,-79,-68,-69,-72,0,-65,-65,0,0,-77,-77,0,-83,-87,-80,-81,-80,-79,-82,-81,0,0,0,0,-54,-62
-76,-68,-66,-66,-80,0,0,-75,-81,-82,0,0,-77,-83,-83,0,-82,-81,-58,-57,-54,-56,0,0,-68,-68,-77,-79,-68,-69,-72,0,-65,-65,0,0,-77,-77,0,-83,-87,-80,-81,-80,-79,-82,-81,0,0,0,0,-54,-62
-76,-68,-66,-66,-80,0,0,-75,-81,-82,0,0,-77,-83,-83,0,-82,-81,-58,-57,-54,-56,0,0,-68,-68,-77,-79,-68,-69,-72,0,-65,-65,0,0,-77,-77,0,-83,-87,-80,-81,-80,-79,-82,-81,0,0,0,0,-54,-62
0,-68,-71,-70,0,-82,-83,-75,-81,-82,0,0,-77,-78,-83,0,-80,-80,-64,-63,-55,-56,0,0,-71,-72,0,0,-73,-73,-72,0,-66,-66,0,0,-79,-79,0,-83,-87,-86,-80,0,0,-82,-82,0,0,-82,-84,-53,-67
0,-68,-71,-70,0,-82,-83,-75,-81,-82,0,0,-77,-78,-83,0,-80,-80,-64,-63,-55,-56,0,0,-71,-72,0,0,-73,-73,-72,0,-66,-66,0,0,-79,-79,0,-83,-87,-86,-80,0,0,-82,-82,0,0,-82,-84,-53,-67
0,-68,-71,-70,0,-82,-83,-75,-81,-82,0,0,-77,-78,-83,0,-80,-80,-64,-63,-55,-56,0,0,-71,-72,0,0,-73,-73,-72,0,-66,-66,0,0,-79,-79,0,-83,-87,-86,-80,0,0,-82,-82,0,0,-82,-84,-53,-67
0,-68,-71,-70,0,-82,-83,-75,-81,-82,0,0,-77,-78,-83,0,-80,-80,-64,-63,-55,-56,0,0,-71,-72,0,0,-73,-73,-72,0,-66,-66,0,0,-79,-79,0,-83,-87,-86,-80,0,0,-82,-82,0,0,-82,-84,-53,-67
-74,-71,-71,-70,0,-82,-83,-75,-76,-76,0,0,-77,-78,-79,0,-82,-82,-55,-56,-55,-58,0,0,-69,-70,0,0,-72,-72,-72,0,-70,-70,0,0,-80,-79,0,-82,-80,-80,-80,0,0,-82,-82,0,0,-82,-84,-56,-62
-74,-71,-71,-70,0,-82,-83,-75,-76,-76,0,0,-77,-78,-79,0,-82,-82,-55,-56,-55,-58,0,0,-69,-70,0,0,-72,-72,-72,0,-70,-70,0,0,-80,-79,0,-82,-80,-80,-80,0,0,-82,-82,0,0,-82,-84,-56,-62
-74,-71,-71,-70,0,-82,-83,-75,-76,-76,0,0,-77,-78,-79,0,-82,-82,-55,-56,-55,-58,0,0,-69,-70,0,0,-72,-72,-72,0,-70,-70,0,0,-80,-79,0,-82,-80,-80,-80,0,0,-82,-82,0,0,-82,-84,-56,-62
-74,-71,-71,-70,0,-82,-83,-75,-76,-76,0,0,-77,-78,-79,0,-82,-82,-55,-56,-55,-58,0,0,-69,-70,0,0,-72,-72,-72,0,-70,-70,0,0,-80,-79,0,-82,-80,-80,-80,0,0,-82,-82,0,0,-82,-84,-56,-62
-74,-71,-70,-70,0,-82,-83,0,-83,-79,0,0,-84,-85,0,0,-82,-82,-58,-57,-53,-53,0,0,-65,-65,0,0,-72,-72,0,0,-71,-71,0,-90,-76,-76,0,-82,-80,-83,-83,0,0,0,0,0,0,-82,-84,-64,-69
-74,-71,-70,-70,0,-82,-83,0,-83,-79,0,0,-84,-85,0,0,-82,-82,-58,-57,-53,-53,0,0,-65,-65,0,0,-72,-72,0,0,-71,-71,0,-90,-76,-76,0,-82,-80,-83,-83,0,0,0,0,0,0,-82,-84,-64,-69
-74,-71,-70,-70,0,-82,-83,0,-83,-79,0,0,-84,-85,0,0,-82,-82,-58,-57,-53,-53,0,0,-65,-65,0,0,-72,-72,0,0,-71,-71,0,-90,-76,-76,0,-82,-80,-83,-83,0,0,0,0,0,0,-82,-84,-64,-69
-74,-71,-70,-70,0,-82,-83,0,-83,-79,0,0,-84,-85,0,0,-82,-82,-58,-57,-53,-53,0,0,-65,-65,0,0,-72,-72,0,0,-71,-71,0,-90,-76,-76,0,-82,-80,-83,-83,0,0,0,0,0,0,-82,-84,-64,-69
-74,-71,-65,-66,0,0,0,-78,-79,-79,0,0,-84,-85,0,0,-77,-77,-57,-57,-52,-59,0,0,-72,-72,0,0,-73,-74,0,0,-74,-73,0,-90,-79,-79,0,-82,-82,-83,-82,0,0,0,0,0,0,-83,-83,-48,-59
-74,-71,-65,-66,0,0,0,-78,-79,-79,0,0,-84,-85,0,0,-77,-77,-57,-57,-52,-59,0,0,-72,-72,0,0,-73,-74,0,0,-74,-73,0,-90,-79,-79,0,-82,-82,-83,-82,0,0,0,0,0,0,-83,-83,-48,-59
-74,-71,-65,-66,0,0,0,-78,-79,-79,0,0,-84,-85,0,0,-77,-77,-57,-57,-52,-59,0,0,-72,-72,0,0,-73,-74,0,0,-74,-73,0,-90,-79,-79,0,-82,-82,-83,-82,0,0,0,0,0,0,-83,-83,-48,-59
0,-71,-69,-69,0,0,0,-78,-79,-80,0,0,-81,-79,-77,-74,-77,-82,-56,-55,-53,-55,0,0,-69,-69,0,0,-70,-69,0,0,-68,-68,0,-90,-76,-77,0,-82,-82,-79,-78,-83,-85,-78,-78,0,0,-83,-82,-55,-68
0,-71,-69,-69,0,0,0,-78,-79,-80,0,0,-81,-79,-77,-74,-77,-82,-56,-55,-53,-55,0,0,-69,-69,0,0,-70,-69,0,0,-68,-68,0,-90,-76,-77,0,-82,-82,-79,-78,-83,-85,-78,-78,0,0,-83,-82,-55,-68
0,-71,-69,-69,0,0,0,-78,-79,-80,0,0,-81,-79,-77,-74,-77,-82,-56,-55,-53,-55,0,0,-69,-69,0,0,-70,-69,0,0,-68,-68,0,-90,-76,-77,0,-82,-82,-79,-78,-83,-85,-78,-78,0,0,-83,-82,-55,-68
0,-71,-69,-69,0,0,0,-78,-79,-80,0,0,-81,-79,-77,-74,-77,-82,-56,-55,-53,-55,0,0,-69,-69,0,0,-70,-69,0,0,-68,-68,0,-90,-76,-77,0,-82,-82,-79,-78,-83,-85,-78,-78,0,0,-83,-82,-55,-68
0,-71,-64,-65,0,0,0,-78,-77,-77,0,0,-80,-79,-77,-74,-77,-78,-59,-59,-53,-59,0,0,-70,-70,0,0,-70,-70,0,0,-64,-64,0,0,-79,-80,0,-79,-80,-81,-81,-83,-85,-78,-78,0,0,0,0,-62,-61
0,-71,-64,-65,0,0,0,-78,-77,-77,0,0,-80,-79,-77,-74,-77,-78,-59,-59,-53,-59,0,0,-70,-70,0,0,-70,-70,0,0,-64,-64,0,0,-79,-80,0,-79,-80,-81,-81,-83,-85,-78,-78,0,0,0,0,-62,-61
0,-71,-64,-65,0,0,0,-78,-77,-77,0,0,-80,-79,-77,-74,-77,-78,-59,-59,-53,-59,0,0,-70,-70,0,0,-70,-70,0,0,-64,-64,0,0,-79,-80,0,-79,-80,-81,-81,-83,-85,-78,-78,0,0,0,0,-62,-61
0,-71,-64,-65,0,0,0,-78,-77,-77,0,0,-80,-79,-77,-74,-77,-78,-59,-59,-53,-59,0,0,-70,-70,0,0,-70,-70,0,0,-64,-64,0,0,-79,-80,0,-79,-80,-81,-81,-83,-85,-78,-78,0,0,0,0,-62,-61
-72,0,-69,-69,0,0,0,-88,-78,-79,0,0,-84,-83,-77,-74,-77,-77,-59,-53,-56,-56,0,0,-64,-64,0,0,-69,-71,0,-76,-71,-71,0,-79,-80,-79,0,0,0,-79,-78,-83,-85,-78,-78,0,0,0,0,-52,-59
-72,0,-69,-69,0,0,0,-88,-78,-79,0,0,-84,-83,-77,-74,-77,-77,-59,-53,-56,-56,0,0,-64,-64,0,0,-69,-71,0,-76,-71,-71,0,-79,-80,-79,0,0,0,-79,-78,-83,-85,-78,-78,0,0,0,0,-52,-59
-72,0,-69,-69,0,0,0,-88,-78,-79,0,0,-84,-83,-77,-74,-77,-77,-59,-53,-56,-56,0,0,-64,-64,0,0,-69,-71,0,-76,-71,-71,0,-79,-80,-79,0,0,0,-79,-78,-83,-85,-78,-78,0,0,0,0,-52,-59
-72,0,-69,-69,0,0,0,-88,-78,-79,0,0,-84,-83,-77,-74,-77,-77,-59,-53,-56,-56,0,0,-64,-64,0,0,-69,-71,0,-76,-71,-71,0,-79,-80,-79,0,0,0,-79,-78,-83,-85,-78,-78,0,0,0,0,-52,-59
-72,0,-71,-70,0,0,0,0,-79,-78,0,0,-79,-83,-78,-75,-79,-78,-54,-53,-54,-56,0,-76,-67,-67,0,0,-72,-71,0,-76,-67,-66,0,-79,-75,-75,0,0,0,-85,-84,-84,-85,-81,-81,0,0,0,0,-47,-66
-72,0,-71,-70,0,0,0,0,-79,-78,0,0,-79,-83,-78,-75,-79,-78,-54,-53,-54,-56,0,-76,-67,-67,0,0,-72,-71,0,-76,-67,-66,0,-79,-75,-75,0,0,0,-85,-84,-84,-85,-81,-81,0,0,0,0,-47,-66
-72,0,-71,-70,0,0,0,0,-79,-78,0,0,-79,-83,-78,-75,-79,-78,-54,-53,-54,-56,0,-76,-67,-67,0,0,-72,-71,0,-76,-67,-66,0,-79,-75,-75,0,0,0,-85,-84,-84,-85,-81,-81,0,0,0,0,-47,-66
-72,0,-77,-75,-79,0,0,0,-80,-79,0,0,-79,-79,-77,-74,-75,-75,-60,-60,-54,-55,0,-76,-71,-70,-77,0,-71,-72,0,-76,-68,-68,0,-79,-76,-76,0,0,0,-85,-84,-84,-85,-84,-86,0,0,0,0,-56,-57
-72,0,-77,-75,-79,0,0,0,-80,-79,0,0,-79,-79,-77,-74,-75,-75,-60,-60,-54,-55,0,-76,-71,-70,-77,0,-71,-72,0,-76,-68,-68,0,-79,-76,-76,0,0,0,-85,-84,-84,-85,-84,-86,0,0,0,0,-56,-57
-72,0,-77,-75,-79,0,0,0,-80,-79,0,0,-79,-79,-77,-74,-75,-75,-60,-60,-54,-55,0,-76,-71,-70,-77,0,-71,-72,0,-76,-68,-68,0,-79,-76,-76,0,0,0,-85,-84,-84,-85,-84,-86,0,0,0,0,-56,-57
-72,0,-77,-75,-79,0,0,0,-80,-79,0,0,-79,-79,-77,-74,-75,-75,-60,-60,-54,-55,0,-76,-71,-70,-77,0,-71,-72,0,-76,-68,-68,0,-79,-76,-76,0,0,0,-85,-84,-84,-85,-84,-86,0,0,0,0,-56,-57
-73,-67,-70,-71,-79,0,0,0,-82,-81,0,0,-79,-79,0,0,-75,-76,-57,-63,-54,-54,0,-76,-71,-71,-77,0,-71,-71,0,-72,-68,-68,0,0,-77,-77,0,-77,0,-81,-80,-85,-87,-84,0,0,0,-83,-84,-46,-64
-73,-67,-70,-71,-79,0,0,0,-82,-81,0,0,-79,-79,0,0,-75,-76,-57,-63,-54,-54,0,-76,-71,-71,-77,0,-71,-71,0,-72,-68,-68,0,0,-77,-77,0,-77,0,-81,-80,-85,-87,-84,0,0,0,-83,-84,-46,-64
-73,-67,-70,-71,-79,0,0,0,-82,-81,0,0,-79,-79,0,0,-75,-76,-57,-63,-54,-54,0,-76,-71,-71,-77,0,-71,-71,0,-72,-68,-68,0,0,-77,-77,0,-77,0,-81,-80,-85,-87,-84,0,0,0,-83,-84,-46,-64
-73,-67,-70,-71,-79,0,0,0,-82,-81,0,0,-79,-79,0,0,-75,-76,-57,-63,-54,-54,0,-76,-71,-71,-77,0,-71,-71,0,-72,-68,-68,0,0,-77,-77,0,-77,0,-81,-80,-85,-87,-84,0,0,0,-83,-84,-46,-64
-72,-67,-65,-67,-79,0,0,0,-82,-81,-86,-88,-77,-77,0,0,-78,-78,-57,-57,-53,-52,-73,-72,-72,-72,-77,0,-64,-64,-76,-72,-66,-66,-82,-80,-76,-76,0,-77,-76,-85,-80,-81,-82,0,0,0,0,-83,-84,-44,-59
-72,-67,-65,-67,-79,0,0,0,-82,-81,-86,-88,-77,-77,0,0,-78,-78,-57,-57,-53,-52,-73,-72,-72,-72,-77,0,-64,-64,-76,-72,-66,-66,-82,-80,-76,-76,0,-77,-76,-85,-80,-81,-82,0,0,0,0,-83,-84,-44,-59
-72,-67,-65,-67,-79,0,0,0,-82,-81,-86,-88,-77,-77,0,0,-78,-78,-57,-57,-53,-52,-73,-72,-72,-72,-77,0,-64,-64,-76,-72,-66,-66,-82,-80,-76,-76,0,-77,-76,-85,-80,-81,-82,0,0,0,0,-83,-84,-44,-59
-72,-67,-65,-67,-79,0,0,0,-82,-81,-86,-88,-77,-77,0,0,-78,-78,-57,-57,-53,-52,-73,-72,-72,-72,-77,0,-64,-64,-76,-72,-66,-66,-82,-80,-76,-76,0,-77,-76,-85,-80,-81,-82,0,0,0,0,-83,-84,-44,-59
-70,-67,-69,-69,-76,0,0,0,-82,-81,-86,-88,-77,-77,0,0,-78,-79,-57,-55,-54,-54,-73,-72,-69,-69,-73,0,-66,-66,-76,-72,-67,-67,-82,-80,-80,-79,0,-77,-76,-79,-80,-81,-82,0,0,0,0,-83,-84,-46,-62
-70,-67,-69,-69,-76,0,0,0,-82,-81,-86,-88,-77,-77,0,0,-78,-79,-57,-55,-54,-54,-73,-72,-69,-69,-73,0,-66,-66,-76,-72,-67,-67,-82,-80,-80,-79,0,-77,-76,-79,-80,-81,-82,0,0,0,0,-83,-84,-46,-62
-70,-67,-69,-69,-76,0,0,0,-82,-81,-86,-88,-77,-77,0,0,-78,-79,-57,-55,-54,-54,-73,-72,-69,-69,-73,0,-66,-66,-76,-72,-67,-67,-82,-80,-80,-79,0,-77,-76,-79,-80,-81,-82,0,0,0,0,-83,-84,-46,-62
-71,-69,-66,-66,0,0,0,0,-80,-81,-86,-88,-77,-77,0,0,-75,-74,-57,-54,-54,-54,-73,-72,-69,-69,-73,0,-73,-73,-76,-72,-73,-73,-82,-80,-77,-77,0,-76,-76,-79,-80,-81,-82,0,0,0,0,-81,-81,-46,-66
-71,-69,-66,-66,0,0,0,0,-80,-81,-86,-88,-77,-77,0,0,-75,-74,-57,-54,-54,-54,-73,-72,-69,-69,-73,0,-73,-73,-76,-72,-73,-73,-82,-80,-77,-77,0,-76,-76,-79,-80,-81,-82,0,0,0,0,-81,-81,-46,-66
-71,-69,-66,-66,0,0,0,0,-80,-81,-86,-88,-77,-77,0,0,-75,-74,-57,-54,-54,-54,-73,-72,-69,-69,-73,0,-73,-73,-76,-72,-73,-73,-82,-80,-77,-77,0,-76,-76,-79,-80,-81,-82,0,0,0,0,-81,-81,-46,-66
-71,-69,-66,-66,0,0,0,0,-80,-81,-86,-88,-77,-77,0,0,-75,-74,-57,-54,-54,-54,-73,-72,-69,-69,-73,0,-73,-73,-76,-72,-73,-73,-82,-80,-77,-77,0,-76,-76,-79,-80,-81,-82,0,0,0,0,-81,-81,-46,-66
-71,-69,-64,-66,0,0,0,0,-84,-83,0,0,-80,-79,0,0,-73,-73,-55,-54,-56,-57,0,0,-68,-67,0,0,-70,-70,0,-74,-71,-71,0,-81,-80,-80,0,-74,-75,-83,-83,0,0,0,0,0,0,-81,-81,-44,-64
-71,-69,-64,-66,0,0,0,0,-84,-83,0,0,-80,-79,0,0,-73,-73,-55,-54,-56,-57,0,0,-68,-67,0,0,-70,-70,0,-74,-71,-71,0,-81,-80,-80,0,-74,-75,-83,-83,0,0,0,0,0,0,-81,-81,-44,-64
-71,-69,-64,-66,0,0,0,0,-84,-83,0,0,-80,-79,0,0,-73,-73,-55,-54,-56,-57,0,0,-68,-67,0,0,-70,-70,0,-74,-71,-71,0,-81,-80,-80,0,-74,-75,-83,-83,0,0,0,0,0,0,-81,-81,-44,-64
-71,-69,-64,-66,0,0,0,0,-84,-83,0,0,-80,-79,0,0,-73,-73,-55,-54,-56,-57,0,0,-68,-67,0,0,-70,-70,0,-74,-71,-71,0,-81,-80,-80,0,-74,-75,-83,-83,0,0,0,0,0,0,-81,-81,-44,-64
-71,-69,-66,-65,0,0,0,-73,-85,-74,0,0,-78,-77,-71,-69,-76,-76,-71,-62,-56,-59,0,-67,-68,-68,-77,0,-72,-73,0,0,-71,-71,-84,-85,-80,-80,0,-74,-75,-82,-83,-82,-82,-80,-82,0,0,-81,-81,-47,-60
-71,-69,-66,-65,0,0,0,-73,-85,-74,0,0,-78,-77,-71,-69,-76,-76,-71,-62,-56,-59,0,-67,-68,-68,-77,0,-72,-73,0,0,-71,-71,-84,-85,-80,-80,0,-74,-75,-82,-83,-82,-82,-80,-82,0,0,-81,-81,-47,-60
-71,-69,-66,-65,0,0,0,-73,-85,-74,0,0,-78,-77,-71,-69,-76,-76,-71,-62,-56,-59,0,-67,-68,-68,-77,0,-72,-73,0,0,-71,-71,-84,-85,-80,-80,0,-74,-75,-82,-83,-82,-82,-80,-82,0,0,-81,-81,-47,-60
-71,-69,-66,-65,0,0,0,-73,-85,-74,0,0,-78,-77,-71,-69,-76,-76,-71,-62,-56,-59,0,-67,-68,-68,-77,0,-72,-73,0,0,-71,-71,-84,-85,-80,-80,0,-74,-75,-82,-83,-82,-82,-80,-82,0,0,-81,-81,-47,-60
0,0,-77,-77,0,0,0,-73,-74,-74,0,0,-72,-72,-71,-69,-82,-83,-71,-69,-58,-70,-73,-67,-65,-65,-77,0,-71,-71,0,0,-67,-67,-84,-85,-84,-86,0,-85,-81,-85,-83,-82,-82,-80,-82,0,0,-79,-79,-47,-65
0,0,-77,-77,0,0,0,-73,-74,-74,0,0,-72,-72,-71,-69,-82,-83,-71,-69,-58,-70,-73,-67,-65,-65,-77,0,-71,-71,0,0,-67,-67,-84,-85,-84,-86,0,-85,-81,-85,-83,-82,-82,-80,-82,0,0,-79,-79,-47,-65
0,0,-77,-77,0,0,0,-73,-74,-74,0,0,-72,-72,-71,-69,-82,-83,-71,-69,-58,-70,-73,-67,-65,-65,-77,0,-71,-71,0,0,-67,-67,-84,-85,-84,-86,0,-85,-81,-85,-83,-82,-82,-80,-82,0,0,-79,-79,-47,-65
0,0,-77,-77,0,0,0,-73,-74,-74,0,0,-72,-72,-71,-69,-82,-83,-71,-69,-58,-70,-73,-67,-65,-65,-77,0,-71,-71,0,0,-67,-67,-84,-85,-84,-86,0,-85,-81,-85,-83,-82,-82,-80,-82,0,0,-79,-79,-47,-65
