0,-76,0,0,-77,0,0,0,-77,-77,0,0,-79,-80,0,-68,-79,-79,-75,0,-73,-73,0,0,-67,-67,-69,0,-63,-65,0,0,-72,-72,0,0,-81,-82,0,0,0,-82,-82,-83,-85,-84,-85,0,0,-78,-78,-51,-61
0,-76,0,0,-79,0,0,0,-79,-80,0,0,-76,-77,0,-70,-79,-78,-75,0,-72,-72,0,0,-65,-65,-69,0,-63,-64,0,0,-66,-66,0,0,0,-85,0,0,0,-76,-73,-83,-83,-84,-85,0,0,-82,-80,-52,-66
0,-76,0,0,-79,0,0,0,-79,-80,0,0,-76,-77,0,-70,-79,-78,-75,0,-72,-72,0,0,-65,-65,-69,0,-63,-64,0,0,-66,-66,0,0,0,-85,0,0,0,-76,-73,-83,-83,-84,-85,0,0,-82,-80,-52,-66
0,-76,0,0,-79,0,0,0,-79,-80,0,0,-76,-77,0,-70,-79,-78,-75,0,-72,-72,0,0,-65,-65,-69,0,-63,-64,0,0,-66,-66,0,0,0,-85,0,0,0,-76,-73,-83,-83,-84,-85,0,0,-82,-80,-52,-66
0,-76,0,0,-79,0,0,0,-79,-80,0,0,-76,-77,0,-70,-79,-78,-75,0,-72,-72,0,0,-65,-65,-69,0,-63,-64,0,0,-66,-66,0,0,0,-85,0,0,0,-76,-73,-83,-83,-84,-85,0,0,-82,-80,-52,-66
0,-76,0,0,-74,0,0,0,-79,-78,0,0,-82,-82,0,-69,-79,-80,-75,0,-76,-72,0,0,-66,-65,-69,0,-64,-64,0,-86,-67,-67,-83,0,-83,-85,0,0,0,-76,-76,-85,-86,-86,-84,0,0,-81,-81,-52,-66
0,-76,0,0,-74,0,0,0,-79,-78,0,0,-82,-82,0,-69,-79,-80,-75,0,-76,-72,0,0,-66,-65,-69,0,-64,-64,0,-86,-67,-67,-83,0,-83,-85,0,0,0,-76,-76,-85,-86,-86,-84,0,0,-81,-81,-52,-66
0,-76,0,0,-74,0,0,0,-79,-78,0,0,-82,-82,0,-69,-79,-80,-75,0,-76,-72,0,0,-66,-65,-69,0,-64,-64,0,-86,-67,-67,-83,0,-83,-85,0,0,0,-76,-76,-85,-86,-86,-84,0,0,-81,-81,-52,-66
0,-76,0,0,-74,0,0,0,-79,-78,0,0,-82,-82,0,-69,-79,-80,-75,0,-76,-72,0,0,-66,-65,-69,0,-64,-64,0,-86,-67,-67,-83,0,-83,-85,0,0,0,-76,-76,-85,-86,-86,-84,0,0,-81,-81,-52,-66
0,-74,0,0,-78,0,0,0,-79,-79,0,0,-84,-84,0,-70,-79,-80,0,0,-75,-74,0,0,-65,-65,-70,-71,-63,-64,0,-86,-70,-70,-83,0,-83,-85,0,0,0,-76,-78,-85,-86,-86,-84,0,0,-82,-83,-53,-67
0,-74,0,0,-78,0,0,0,-79,-79,0,0,-84,-84,0,-70,-79,-80,0,0,-75,-74,0,0,-65,-65,-70,-71,-63,-64,0,-86,-70,-70,-83,0,-83,-85,0,0,0,-76,-78,-85,-86,-86,-84,0,0,-82,-83,-53,-67
0,-74,0,0,-78,0,0,0,-79,-79,0,0,-84,-84,0,-70,-79,-80,0,0,-75,-74,0,0,-65,-65,-70,-71,-63,-64,0,-86,-70,-70,-83,0,-83,-85,0,0,0,-76,-78,-85,-86,-86,-84,0,0,-82,-83,-53,-67
0,-74,0,0,-78,0,0,0,-79,-79,0,0,-84,-84,0,-70,-79,-80,0,0,-75,-74,0,0,-65,-65,-70,-71,-63,-64,0,-86,-70,-70,-83,0,-83,-85,0,0,0,-76,-78,-85,-86,-86,-84,0,0,-82,-83,-53,-67
0,-74,0,0,-78,0,0,-80,-79,-79,0,0,-83,-84,0,-68,-79,-79,0,0,-73,-73,0,0,-65,-66,-70,-71,-64,-64,0,-86,-67,-67,-83,0,-83,-84,0,0,0,-77,-77,0,0,-84,-86,0,0,-80,-81,-53,-67
0,-74,0,0,-78,0,0,-80,-79,-79,0,0,-83,-84,0,-68,-79,-79,0,0,-73,-73,0,0,-65,-66,-70,-71,-64,-64,0,-86,-67,-67,-83,0,-83,-84,0,0,0,-77,-77,0,0,-84,-86,0,0,-80,-81,-53,-67
0,-74,0,0,-78,0,0,-80,-79,-79,0,0,-83,-84,0,-68,-79,-79,0,0,-73,-73,0,0,-65,-66,-70,-71,-64,-64,0,-86,-67,-67,-83,0,-83,-84,0,0,0,-77,-77,0,0,-84,-86,0,0,-80,-81,-53,-67
0,-74,0,0,-78,0,0,-80,-79,-79,0,0,-83,-84,0,-68,-79,-79,0,0,-73,-73,0,0,-65,-66,-70,-71,-64,-64,0,-86,-67,-67,-83,0,-83,-84,0,0,0,-77,-77,0,0,-84,-86,0,0,-80,-81,-53,-67
0,-74,0,0,-75,0,0,-80,-79,-79,0,0,-85,-83,0,-68,-78,-80,0,0,-75,-73,-73,-72,-66,-66,-69,-71,-63,-64,0,0,-70,-70,0,0,-85,-84,0,0,0,-77,-78,-83,-83,-84,-86,0,0,-80,-81,-52,-65
0,-74,0,0,-75,0,0,-80,-79,-79,0,0,-85,-83,0,-68,-78,-80,0,0,-75,-73,-73,-72,-66,-66,-69,-71,-63,-64,0,0,-70,-70,0,0,-85,-84,0,0,0,-77,-78,-83,-83,-84,-86,0,0,-80,-81,-52,-65
0,-74,0,0,-75,0,0,-80,-79,-79,0,0,-85,-83,0,-68,-78,-80,0,0,-75,-73,-73,-72,-66,-66,-69,-71,-63,-64,0,0,-70,-70,0,0,-85,-84,0,0,0,-77,-78,-83,-83,-84,-86,0,0,-80,-81,-52,-65
0,-74,0,0,-75,0,0,-80,-79,-79,0,0,-83,-83,0,-70,-78,-78,0,0,-74,-73,-73,-72,-66,-66,-69,0,-64,-65,0,0,-67,-67,0,-80,-84,-85,0,0,0,-76,-76,-83,-83,-84,-86,0,0,-82,-81,-52,-66
0,-74,0,0,-75,0,0,-80,-79,-79,0,0,-83,-83,0,-70,-78,-78,0,0,-74,-73,-73,-72,-66,-66,-69,0,-64,-65,0,0,-67,-67,0,-80,-84,-85,0,0,0,-76,-76,-83,-83,-84,-86,0,0,-82,-81,-52,-66
0,-74,0,0,-75,0,0,-80,-79,-79,0,0,-83,-83,0,-70,-78,-78,0,0,-74,-73,-73,-72,-66,-66,-69,0,-64,-65,0,0,-67,-67,0,-80,-84,-85,0,0,0,-76,-76,-83,-83,-84,-86,0,0,-82,-81,-52,-66
0,-74,0,0,-75,0,0,-80,-79,-79,0,0,-83,-83,0,-70,-78,-78,0,0,-74,-73,-73,-72,-66,-66,-69,0,-64,-65,0,0,-67,-67,0,-80,-84,-85,0,0,0,-76,-76,-83,-83,-84,-86,0,0,-82,-81,-52,-66
0,-74,0,0,-76,0,0,0,-79,-79,0,0,-82,-82,-79,-70,-78,-78,0,0,-74,-75,-73,-72,-66,-66,-70,0,-60,-61,0,0,-67,-67,0,-80,-84,-85,0,0,0,-76,-77,-83,-83,-84,-86,0,0,-79,-82,-53,-65
0,-74,0,0,-76,0,0,0,-79,-79,0,0,-82,-82,-79,-70,-78,-78,0,0,-74,-75,-73,-72,-66,-66,-70,0,-60,-61,0,0,-67,-67,0,-80,-84,-85,0,0,0,-76,-77,-83,-83,-84,-86,0,0,-79,-82,-53,-65
0,-74,0,0,-76,0,0,0,-79,-79,0,0,-82,-82,-79,-70,-78,-78,0,0,-74,-75,-73,-72,-66,-66,-70,0,-60,-61,0,0,-67,-67,0,-80,-84,-85,0,0,0,-76,-77,-83,-83,-84,-86,0,0,-79,-82,-53,-65
0,-74,0,0,-76,0,0,0,-79,-79,0,0,-82,-82,-79,-70,-78,-78,0,0,-74,-75,-73,-72,-66,-66,-70,0,-60,-61,0,0,-67,-67,0,-80,-84,-85,0,0,0,-76,-77,-83,-83,-84,-86,0,0,-79,-82,-53,-65
0,-74,0,0,-77,0,0,0,-80,-79,0,0,-82,-82,-79,-70,-79,-79,0,0,-74,-73,-74,0,-67,-67,0,0,-64,-65,0,0,-67,-67,0,-80,-82,-83,0,0,0,-77,-77,-84,-84,-84,-86,0,0,-81,-81,-53,-66
0,-74,0,0,-77,0,0,0,-80,-79,0,0,-82,-82,-79,-70,-79,-79,0,0,-74,-73,-74,0,-67,-67,0,0,-64,-65,0,0,-67,-67,0,-80,-82,-83,0,0,0,-77,-77,-84,-84,-84,-86,0,0,-81,-81,-53,-66
0,-74,0,0,-77,0,0,0,-80,-79,0,0,-82,-82,-79,-70,-79,-79,0,0,-74,-73,-74,0,-67,-67,0,0,-64,-65,0,0,-67,-67,0,-80,-82,-83,0,0,0,-77,-77,-84,-84,-84,-86,0,0,-81,-81,-53,-66
0,-74,0,0,-77,0,0,0,-80,-79,0,0,-82,-82,-79,-70,-79,-79,0,0,-74,-73,-74,0,-67,-67,0,0,-64,-65,0,0,-67,-67,0,-80,-82,-83,0,0,0,-77,-77,-84,-84,-84,-86,0,0,-81,-81,-53,-66
0,-74,0,0,-75,0,0,0,-78,-79,0,0,-84,-82,-79,-80,-79,-80,0,0,-71,-72,-74,-72,-63,-67,-71,0,-64,-64,0,0,-67,-67,-83,-81,-83,-82,0,0,0,-76,-76,-85,-85,-86,-83,0,0,-81,-81,-52,-66
0,-74,0,0,-75,0,0,0,-78,-79,0,0,-84,-82,-79,-80,-79,-80,0,0,-71,-72,-74,-72,-63,-67,-71,0,-64,-64,0,0,-67,-67,-83,-81,-83,-82,0,0,0,-76,-76,-85,-85,-86,-83,0,0,-81,-81,-52,-66
0,-74,0,0,-75,0,0,0,-78,-79,0,0,-84,-82,-79,-80,-79,-80,0,0,-71,-72,-74,-72,-63,-67,-71,0,-64,-64,0,0,-67,-67,-83,-81,-83,-82,0,0,0,-76,-76,-85,-85,-86,-83,0,0,-81,-81,-52,-66
0,-74,0,0,-75,0,0,0,-78,-79,0,0,-84,-82,-79,-80,-79,-80,0,0,-71,-72,-74,-72,-63,-67,-71,0,-64,-64,0,0,-67,-67,-83,-81,-83,-82,0,0,0,-76,-76,-85,-85,-86,-83,0,0,-81,-81,-52,-66
0,-74,0,0,-77,0,0,0,-84,-79,0,0,-81,-81,0,-74,-78,-78,0,0,-72,-73,-73,-72,-68,-67,-71,0,-64,-66,0,0,-67,-67,-83,-81,-84,-82,0,0,0,-76,-75,-85,-85,-84,-84,0,0,-81,-81,-53,-66
0,-74,0,0,-77,0,0,0,-84,-79,0,0,-81,-81,0,-74,-78,-78,0,0,-72,-73,-73,-72,-68,-67,-71,0,-64,-66,0,0,-67,-67,-83,-81,-84,-82,0,0,0,-76,-75,-85,-85,-84,-84,0,0,-81,-81,-53,-66
0,-74,0,0,-77,0,0,0,-84,-79,0,0,-81,-81,0,-74,-78,-78,0,0,-72,-73,-73,-72,-68,-67,-71,0,-64,-66,0,0,-67,-67,-83,-81,-84,-82,0,0,0,-76,-75,-85,-85,-84,-84,0,0,-81,-81,-53,-66
0,-74,0,0,-77,0,0,0,-84,-79,0,0,-81,-81,0,-74,-78,-78,0,0,-72,-73,-73,-72,-68,-67,-71,0,-64,-66,0,0,-67,-67,-83,-81,-84,-82,0,0,0,-76,-75,-85,-85,-84,-84,0,0,-81,-81,-53,-66
0,0,0,0,0,0,0,0,-78,-79,0,0,-81,-82,-71,-72,-80,-79,0,0,-72,-72,-73,-72,-68,-68,-71,0,-63,-64,0,0,-71,-71,-83,-81,-84,-85,0,0,0,-75,-75,-85,-85,-84,-85,0,0,0,0,-53,-65
0,0,0,0,0,0,0,0,-78,-79,0,0,-81,-82,-71,-72,-80,-79,0,0,-72,-72,-73,-72,-68,-68,-71,0,-63,-64,0,0,-71,-71,-83,-81,-84,-85,0,0,0,-75,-75,-85,-85,-84,-85,0,0,0,0,-53,-65
0,0,0,0,0,0,0,0,-78,-79,0,0,-81,-82,-71,-72,-80,-79,0,0,-72,-72,-73,-72,-68,-68,-71,0,-63,-64,0,0,-71,-71,-83,-81,-84,-85,0,0,0,-75,-75,-85,-85,-84,-85,0,0,0,0,-53,-65
0,0,0,0,0,0,0,0,-78,-79,0,0,-81,-82,-71,-72,-80,-79,0,0,-72,-72,-73,-72,-68,-68,-71,0,-63,-64,0,0,-71,-71,-83,-81,-84,-85,0,0,0,-75,-75,-85,-85,-84,-85,0,0,0,0,-53,-65
0,0,0,0,0,0,0,0,-78,-77,0,0,-81,-82,-71,-71,-78,-78,0,0,-72,-72,-72,-74,-68,-69,-73,-81,-62,-63,0,0,-71,-71,0,-81,-84,-85,0,0,0,-76,-76,-85,-85,-84,-85,0,0,-79,-80,-52,-63
0,0,0,0,0,0,0,0,-78,-77,0,0,-81,-82,-71,-71,-78,-78,0,0,-72,-72,-72,-74,-68,-69,-73,-81,-62,-63,0,0,-71,-71,0,-81,-84,-85,0,0,0,-76,-76,-85,-85,-84,-85,0,0,-79,-80,-52,-63
0,0,0,0,0,0,0,0,-78,-77,0,0,-81,-82,-71,-71,-78,-78,0,0,-72,-72,-72,-74,-68,-69,-73,-81,-62,-63,0,0,-71,-71,0,-81,-84,-85,0,0,0,-76,-76,-85,-85,-84,-85,0,0,-79,-80,-52,-63
0,0,0,0,0,0,0,0,-78,-77,0,0,-81,-82,-71,-71,-78,-78,0,0,-72,-72,-72,-74,-68,-69,-73,-81,-62,-63,0,0,-71,-71,0,-81,-84,-85,0,0,0,-76,-76,-85,-85,-84,-85,0,0,-79,-80,-52,-63
0,0,0,0,0,0,0,0,-79,-79,0,0,-82,-82,-71,-67,-79,-79,0,0,-72,-72,0,0,-67,-68,-73,-81,-60,-62,0,0,-68,-68,0,0,-81,-80,0,0,0,-76,-76,-85,-84,-85,-86,0,0,-79,-80,-52,-63
0,0,0,0,0,0,0,0,-79,-79,0,0,-82,-82,-71,-67,-79,-79,0,0,-72,-72,0,0,-67,-68,-73,-81,-60,-62,0,0,-68,-68,0,0,-81,-80,0,0,0,-76,-76,-85,-84,-85,-86,0,0,-79,-80,-52,-63
0,0,0,0,0,0,0,0,-79,-79,0,0,-82,-82,-71,-67,-79,-79,0,0,-72,-72,0,0,-67,-68,-73,-81,-60,-62,0,0,-68,-68,0,0,-81,-80,0,0,0,-76,-76,-85,-84,-85,-86,0,0,-79,-80,-52,-63
0,0,0,0,0,0,0,0,-79,-79,0,0,-82,-82,-71,-67,-79,-79,0,0,-72,-72,0,0,-67,-68,-73,-81,-60,-62,0,0,-68,-68,0,0,-81,-80,0,0,0,-76,-76,-85,-84,-85,-86,0,0,-79,-80,-52,-63
0,0,-71,-72,-77,0,0,0,-72,-72,0,0,-74,-73,0,-72,-78,-79,0,0,-72,-72,0,0,-59,-68,-73,-81,-58,-58,0,0,-69,-69,0,0,-83,-84,0,-77,-78,-78,-77,-74,-74,-79,-79,0,0,-79,-80,-57,-73
0,0,-71,-72,-77,0,0,0,-72,-72,0,0,-74,-73,0,-72,-78,-79,0,0,-72,-72,0,0,-59,-68,-73,-81,-58,-58,0,0,-69,-69,0,0,-83,-84,0,-77,-78,-78,-77,-74,-74,-79,-79,0,0,-79,-80,-57,-73
0,0,-71,-72,-77,0,0,0,-72,-72,0,0,-74,-73,0,-72,-78,-79,0,0,-72,-72,0,0,-59,-68,-73,-81,-58,-58,0,0,-69,-69,0,0,-83,-84,0,-77,-78,-78,-77,-74,-74,-79,-79,0,0,-79,-80,-57,-73
0,0,-71,-72,-77,0,0,0,-72,-72,0,0,-74,-73,0,-72,-78,-79,0,0,-72,-72,0,0,-59,-68,-73,-81,-58,-58,0,0,-69,-69,0,0,-83,-84,0,-77,-78,-78,-77,-74,-74,-79,-79,0,0,-79,-80,-57,-73
0,0,-71,-72,-77,0,0,0,-73,-73,0,0,-69,-69,0,0,-81,-80,-80,-77,-72,-72,0,0,-70,-70,0,-77,-67,-69,0,0,-66,-66,0,0,-83,-84,0,-77,-78,-67,-68,-74,-74,-79,-79,0,0,-82,-83,-53,-67
0,0,-71,-72,-77,0,0,0,-73,-73,0,0,-69,-69,0,0,-81,-80,-80,-77,-72,-72,0,0,-70,-70,0,-77,-67,-69,0,0,-66,-66,0,0,-83,-84,0,-77,-78,-67,-68,-74,-74,-79,-79,0,0,-82,-83,-53,-67
0,0,-71,-72,-77,0,0,0,-73,-73,0,0,-69,-69,0,0,-81,-80,-80,-77,-72,-72,0,0,-70,-70,0,-77,-67,-69,0,0,-66,-66,0,0,-83,-84,0,-77,-78,-67,-68,-74,-74,-79,-79,0,0,-82,-83,-53,-67
0,0,-71,-72,-77,0,0,0,-73,-73,0,0,-69,-69,0,0,-81,-80,-80,-77,-72,-72,0,0,-70,-70,0,-77,-67,-69,0,0,-66,-66,0,0,-83,-84,0,-77,-78,-67,-68,-74,-74,-79,-79,0,0,-82,-83,-53,-67
-78,-77,0,0,0,0,0,0,-72,-73,0,0,-69,-70,-71,-70,-75,-75,0,0,-70,-70,-77,0,-64,-64,0,0,-63,-64,-78,-82,-75,-75,-84,-85,-82,-82,-78,0,0,-69,-69,-76,-76,-79,-81,0,0,-81,-81,-49,-70
-78,-77,0,0,0,0,0,0,-72,-73,0,0,-69,-70,-71,-70,-75,-75,0,0,-70,-70,-77,0,-64,-64,0,0,-63,-64,-78,-82,-75,-75,-84,-85,-82,-82,-78,0,0,-69,-69,-76,-76,-79,-81,0,0,-81,-81,-49,-70
-78,-77,-72,-72,-73,0,0,0,-75,-75,0,0,-70,-71,0,0,-74,-74,0,0,-69,-69,0,0,-63,-64,0,0,-62,-62,-78,-82,-67,-67,-84,-85,-83,-81,-78,0,0,-70,-71,-76,-76,-79,-80,0,0,-81,-81,-51,-69
-78,-77,-72,-72,-73,0,0,0,-75,-75,0,0,-70,-71,0,0,-74,-74,0,0,-69,-69,0,0,-63,-64,0,0,-62,-62,-78,-82,-67,-67,-84,-85,-83,-81,-78,0,0,-70,-71,-76,-76,-79,-80,0,0,-81,-81,-51,-69
-78,-77,-72,-72,-73,0,0,0,-75,-75,0,0,-70,-71,0,0,-74,-74,0,0,-69,-69,0,0,-63,-64,0,0,-62,-62,-78,-82,-67,-67,-84,-85,-83,-81,-78,0,0,-70,-71,-76,-76,-79,-80,0,0,-81,-81,-51,-69
-78,-77,-72,-72,-73,0,0,0,-75,-75,0,0,-70,-71,0,0,-74,-74,0,0,-69,-69,0,0,-63,-64,0,0,-62,-62,-78,-82,-67,-67,-84,-85,-83,-81,-78,0,0,-70,-71,-76,-76,-79,-80,0,0,-81,-81,-51,-69
0,0,-72,-72,-73,0,0,0,-75,-74,0,0,-69,-70,0,0,-76,-76,0,0,-70,-70,0,0,-64,-64,-70,0,-64,-64,-78,-90,-69,-69,-84,-85,-81,-83,0,0,0,-71,-72,-76,-76,-78,0,0,0,-80,-80,-54,-68
0,0,-72,-72,-73,0,0,0,-75,-74,0,0,-69,-70,0,0,-76,-76,0,0,-70,-70,0,0,-64,-64,-70,0,-64,-64,-78,-90,-69,-69,-84,-85,-81,-83,0,0,0,-71,-72,-76,-76,-78,0,0,0,-80,-80,-54,-68
0,0,-72,-72,-73,0,0,0,-75,-74,0,0,-69,-70,0,0,-76,-76,0,0,-70,-70,0,0,-64,-64,-70,0,-64,-64,-78,-90,-69,-69,-84,-85,-81,-83,0,0,0,-71,-72,-76,-76,-78,0,0,0,-80,-80,-54,-68
0,0,-72,-72,-73,0,0,0,-75,-74,0,0,-69,-70,0,0,-76,-76,0,0,-70,-70,0,0,-64,-64,-70,0,-64,-64,-78,-90,-69,-69,-84,-85,-81,-83,0,0,0,-71,-72,-76,-76,-78,0,0,0,-80,-80,-54,-68
0,0,-72,-72,-73,0,0,0,-74,-75,0,0,-83,-70,0,-63,-76,-76,0,-67,-70,-70,0,-78,-63,-63,-70,-73,-64,-64,-77,0,-71,-71,0,0,-81,-83,0,0,0,-70,-70,-86,-86,-79,-78,0,-85,-80,-81,-54,-67
0,0,-72,-72,-73,0,0,0,-74,-75,0,0,-83,-70,0,-63,-76,-76,0,-67,-70,-70,0,-78,-63,-63,-70,-73,-64,-64,-77,0,-71,-71,0,0,-81,-83,0,0,0,-70,-70,-86,-86,-79,-78,0,-85,-80,-81,-54,-67
0,0,-72,-72,-73,0,0,0,-74,-75,0,0,-83,-70,0,-63,-76,-76,0,-67,-70,-70,0,-78,-63,-63,-70,-73,-64,-64,-77,0,-71,-71,0,0,-81,-83,0,0,0,-70,-70,-86,-86,-79,-78,0,-85,-80,-81,-54,-67
0,0,-72,-72,-73,0,0,0,-74,-75,0,0,-83,-70,0,-63,-76,-76,0,-67,-70,-70,0,-78,-63,-63,-70,-73,-64,-64,-77,0,-71,-71,0,0,-81,-83,0,0,0,-70,-70,-86,-86,-79,-78,0,-85,-80,-81,-54,-67
0,0,-73,-73,-79,0,0,0,-76,-76,0,0,-70,-70,-67,-63,-76,-77,0,-67,-70,-70,0,-78,-64,-64,-70,-73,-64,-64,0,0,-68,-68,0,0,-81,-82,0,0,0,-72,-70,-77,-77,-79,-78,0,-85,-83,-81,-57,-65
0,0,-73,-73,-79,0,0,0,-76,-76,0,0,-70,-70,-67,-63,-76,-77,0,-67,-70,-70,0,-78,-64,-64,-70,-73,-64,-64,0,0,-68,-68,0,0,-81,-82,0,0,0,-72,-70,-77,-77,-79,-78,0,-85,-83,-81,-57,-65
0,0,-73,-73,-79,0,0,0,-76,-76,0,0,-70,-70,-67,-63,-76,-77,0,-67,-70,-70,0,-78,-64,-64,-70,-73,-64,-64,0,0,-68,-68,0,0,-81,-82,0,0,0,-72,-70,-77,-77,-79,-78,0,-85,-83,-81,-57,-65
0,0,-73,-73,-79,0,0,0,-76,-76,0,0,-70,-70,-67,-63,-76,-77,0,-67,-70,-70,0,-78,-64,-64,-70,-73,-64,-64,0,0,-68,-68,0,0,-81,-82,0,0,0,-72,-70,-77,-77,-79,-78,0,-85,-83,-81,-57,-65
0,0,0,-71,-79,0,0,0,-73,-73,0,0,-69,-71,-67,-63,-77,-77,0,-67,-70,-70,-76,-78,-71,-71,0,-73,-67,-67,0,0,-71,-71,0,-84,-81,-82,0,0,0,-70,-70,-75,-75,-79,-78,0,-85,-80,-80,-60,-63
0,0,0,-71,-79,0,0,0,-73,-73,0,0,-69,-71,-67,-63,-77,-77,0,-67,-70,-70,-76,-78,-71,-71,0,-73,-67,-67,0,0,-71,-71,0,-84,-81,-82,0,0,0,-70,-70,-75,-75,-79,-78,0,-85,-80,-80,-60,-63
0,0,0,-71,-79,0,0,0,-73,-73,0,0,-69,-71,-67,-63,-77,-77,0,-67,-70,-70,-76,-78,-71,-71,0,-73,-67,-67,0,0,-71,-71,0,-84,-81,-82,0,0,0,-70,-70,-75,-75,-79,-78,0,-85,-80,-80,-60,-63
0,0,0,-71,-79,0,0,0,-73,-73,0,0,-69,-71,-67,-63,-77,-77,0,-67,-70,-70,-76,-78,-71,-71,0,-73,-67,-67,0,0,-71,-71,0,-84,-81,-82,0,0,0,-70,-70,-75,-75,-79,-78,0,-85,-80,-80,-60,-63
0,0,0,0,-79,0,0,0,-77,-77,0,0,-72,-71,-67,-64,-77,-77,0,-67,-69,-69,-76,0,-71,-70,-71,-73,-66,-66,0,0,-67,-69,0,-84,-83,-83,0,0,0,-69,-69,-74,-74,-79,-79,0,0,-80,-81,-60,-64
0,0,0,0,-79,0,0,0,-77,-77,0,0,-72,-71,-67,-64,-77,-77,0,-67,-69,-69,-76,0,-71,-70,-71,-73,-66,-66,0,0,-67,-69,0,-84,-83,-83,0,0,0,-69,-69,-74,-74,-79,-79,0,0,-80,-81,-60,-64
0,0,0,0,-79,0,0,0,-77,-77,0,0,-72,-71,-67,-64,-77,-77,0,-67,-69,-69,-76,0,-71,-70,-71,-73,-66,-66,0,0,-67,-69,0,-84,-83,-83,0,0,0,-69,-69,-74,-74,-79,-79,0,0,-80,-81,-60,-64
0,0,0,0,0,-80,-79,0,-75,-74,0,0,-72,-71,-67,-63,-77,-78,0,-67,-68,-69,-76,0,-71,-71,-71,-73,-66,-67,0,0,-68,-68,0,-84,-82,-83,0,0,0,-69,-69,-75,-75,-79,-79,0,0,-80,-81,-61,-64
0,0,0,0,0,-80,-79,0,-75,-74,0,0,-72,-71,-67,-63,-77,-78,0,-67,-68,-69,-76,0,-71,-71,-71,-73,-66,-67,0,0,-68,-68,0,-84,-82,-83,0,0,0,-69,-69,-75,-75,-79,-79,0,0,-80,-81,-61,-64
0,0,0,0,0,-80,-79,0,-75,-74,0,0,-72,-71,-67,-63,-77,-78,0,-67,-68,-69,-76,0,-71,-71,-71,-73,-66,-67,0,0,-68,-68,0,-84,-82,-83,0,0,0,-69,-69,-75,-75,-79,-79,0,0,-80,-81,-61,-64
0,0,0,0,0,-80,-79,0,-75,-74,0,0,-72,-71,-67,-63,-77,-78,0,-67,-68,-69,-76,0,-71,-71,-71,-73,-66,-67,0,0,-68,-68,0,-84,-82,-83,0,0,0,-69,-69,-75,-75,-79,-79,0,0,-80,-81,-61,-64
0,0,-71,-71,0,-80,-79,0,-77,-77,0,0,-72,-71,-68,-65,-77,-78,-70,-67,-68,-69,-77,0,-71,-71,-71,-73,-66,-65,-75,-81,-67,-67,0,0,-82,-83,0,0,0,-68,-69,-74,-74,-79,-79,0,0,-80,-80,-61,-64
0,0,-71,-71,0,-80,-79,0,-77,-77,0,0,-72,-71,-68,-65,-77,-78,-70,-67,-68,-69,-77,0,-71,-71,-71,-73,-66,-65,-75,-81,-67,-67,0,0,-82,-83,0,0,0,-68,-69,-74,-74,-79,-79,0,0,-80,-80,-61,-64
0,0,-71,-71,0,-80,-79,0,-77,-77,0,0,-72,-71,-68,-65,-77,-78,-70,-67,-68,-69,-77,0,-71,-71,-71,-73,-66,-65,-75,-81,-67,-67,0,0,-82,-83,0,0,0,-68,-69,-74,-74,-79,-79,0,0,-80,-80,-61,-64
0,0,-71,-71,0,-80,-79,0,-77,-77,0,0,-72,-71,-68,-65,-77,-78,-70,-67,-68,-69,-77,0,-71,-71,-71,-73,-66,-65,-75,-81,-67,-67,0,0,-82,-83,0,0,0,-68,-69,-74,-74,-79,-79,0,0,-80,-80,-61,-64
0,0,-71,-71,0,-80,-79,0,-75,-76,0,0,-70,-70,0,0,-79,-78,-70,-67,-68,-69,-77,0,-71,-70,0,-72,-65,-65,-75,-81,-68,-68,-84,-84,-82,-83,-77,-70,-72,-68,-68,-75,-74,-79,-79,0,0,-81,-82,-61,-66
0,0,-71,-71,0,-80,-79,0,-75,-76,0,0,-70,-70,0,0,-79,-78,-70,-67,-68,-69,-77,0,-71,-70,0,-72,-65,-65,-75,-81,-68,-68,-84,-84,-82,-83,-77,-70,-72,-68,-68,-75,-74,-79,-79,0,0,-81,-82,-61,-66
0,0,-71,-71,0,-80,-79,0,-75,-76,0,0,-70,-70,0,0,-79,-78,-70,-67,-68,-69,-77,0,-71,-70,0,-72,-65,-65,-75,-81,-68,-68,-84,-84,-82,-83,-77,-70,-72,-68,-68,-75,-74,-79,-79,0,0,-81,-82,-61,-66
0,0,-71,-71,0,-80,-79,0,-75,-76,0,0,-70,-70,0,0,-79,-78,-70,-67,-68,-69,-77,0,-71,-70,0,-72,-65,-65,-75,-81,-68,-68,-84,-84,-82,-83,-77,-70,-72,-68,-68,-75,-74,-79,-79,0,0,-81,-82,-61,-66
0,0,-71,-71,0,0,0,0,-74,-75,0,0,-72,-70,0,0,-77,-78,-70,-67,-68,-68,0,-79,-69,-69,0,0,-63,-64,-75,-81,-69,-69,-84,-84,-83,-84,-77,-70,-72,-69,-68,-76,-76,0,0,0,0,-81,-82,-62,-65
0,0,-71,-71,0,0,0,0,-74,-75,0,0,-72,-70,0,0,-77,-78,-70,-67,-68,-68,0,-79,-69,-69,0,0,-63,-64,-75,-81,-69,-69,-84,-84,-83,-84,-77,-70,-72,-69,-68,-76,-76,0,0,0,0,-81,-82,-62,-65
0,0,-71,-71,0,0,0,0,-74,-75,0,0,-72,-70,0,0,-77,-78,-70,-67,-68,-68,0,-79,-69,-69,0,0,-63,-64,-75,-81,-69,-69,-84,-84,-83,-84,-77,-70,-72,-69,-68,-76,-76,0,0,0,0,-81,-82,-62,-65
0,0,-71,-71,0,0,0,0,-74,-75,0,0,-72,-70,0,0,-77,-78,-70,-67,-68,-68,0,-79,-69,-69,0,0,-63,-64,-75,-81,-69,-69,-84,-84,-83,-84,-77,-70,-72,-69,-68,-76,-76,0,0,0,0,-81,-82,-62,-65
0,0,-71,-72,0,0,0,0,-74,-74,0,0,-71,-71,0,0,-78,-79,-66,-67,-67,-69,0,-79,-69,-69,0,0,-63,-63,0,0,-67,-67,-84,-84,-80,-80,-77,-70,-72,-67,-68,-76,-76,0,0,0,0,-79,-79,-61,-64
0,0,-71,-72,0,0,0,0,-74,-74,0,0,-71,-71,0,0,-78,-79,-66,-67,-67,-69,0,-79,-69,-69,0,0,-63,-63,0,0,-67,-67,-84,-84,-80,-80,-77,-70,-72,-67,-68,-76,-76,0,0,0,0,-79,-79,-61,-64
0,0,-71,-72,0,0,0,0,-74,-74,0,0,-71,-71,0,0,-78,-79,-66,-67,-67,-69,0,-79,-69,-69,0,0,-63,-63,0,0,-67,-67,-84,-84,-80,-80,-77,-70,-72,-67,-68,-76,-76,0,0,0,0,-79,-79,-61,-64
0,0,-71,-72,0,0,0,0,-74,-74,0,0,-71,-71,0,0,-78,-79,-66,-67,-67,-69,0,-79,-69,-69,0,0,-63,-63,0,0,-67,-67,-84,-84,-80,-80,-77,-70,-72,-67,-68,-76,-76,0,0,0,0,-79,-79,-61,-64
0,0,0,0,0,0,0,0,-76,-76,0,0,-70,-72,0,0,-78,-78,-66,-65,-69,-68,0,-79,-68,-69,0,-77,-64,-64,0,0,-71,-71,0,0,-83,-83,0,0,-73,-68,-69,-76,-76,0,0,0,0,-79,-79,-60,-65
0,0,0,0,0,0,0,0,-76,-76,0,0,-70,-72,0,0,-78,-78,-66,-65,-69,-68,0,-79,-68,-69,0,-77,-64,-64,0,0,-71,-71,0,0,-83,-83,0,0,-73,-68,-69,-76,-76,0,0,0,0,-79,-79,-60,-65
0,0,0,0,0,0,0,0,-76,-76,0,0,-70,-72,0,0,-78,-78,-66,-65,-69,-68,0,-79,-68,-69,0,-77,-64,-64,0,0,-71,-71,0,0,-83,-83,0,0,-73,-68,-69,-76,-76,0,0,0,0,-79,-79,-60,-65
0,0,0,0,0,0,0,0,-76,-76,0,0,-70,-72,0,0,-78,-78,-66,-65,-69,-68,0,-79,-68,-69,0,-77,-64,-64,0,0,-71,-71,0,0,-83,-83,0,0,-73,-68,-69,-76,-76,0,0,0,0,-79,-79,-60,-65
0,0,-70,-70,0,0,0,0,-75,-76,0,0,-70,-70,0,-76,-75,-76,-66,-64,-69,-69,-77,-76,-70,-69,0,-77,-64,-64,0,0,-67,-66,0,0,-77,-77,0,0,-76,-68,-69,-75,-75,0,0,0,0,-79,-79,-50,-63
0,0,-70,-70,0,0,0,0,-75,-76,0,0,-70,-70,0,-76,-75,-76,-66,-64,-69,-69,-77,-76,-70,-69,0,-77,-64,-64,0,0,-67,-66,0,0,-77,-77,0,0,-76,-68,-69,-75,-75,0,0,0,0,-79,-79,-50,-63
0,0,-70,-70,0,0,0,0,-75,-76,0,0,-70,-70,0,-76,-75,-76,-66,-64,-69,-69,-77,-76,-70,-69,0,-77,-64,-64,0,0,-67,-66,0,0,-77,-77,0,0,-76,-68,-69,-75,-75,0,0,0,0,-79,-79,-50,-63
0,0,-70,-70,0,0,0,0,-75,-76,0,0,-70,-70,0,-76,-75,-76,-66,-64,-69,-69,-77,-76,-70,-69,0,-77,-64,-64,0,0,-67,-66,0,0,-77,-77,0,0,-76,-68,-69,-75,-75,0,0,0,0,-79,-79,-50,-63
0,0,-70,-70,0,0,0,0,-73,-72,0,0,-70,-69,0,-76,-77,-77,-67,-65,-69,-70,-77,-76,-66,-66,0,-77,-65,-65,0,0,-68,-67,0,0,-77,-77,0,0,-76,-70,-69,-77,-76,0,0,0,0,-81,-80,-49,-68
0,0,-70,-70,0,0,0,0,-73,-72,0,0,-70,-69,0,-76,-77,-77,-67,-65,-69,-70,-77,-76,-66,-66,0,-77,-65,-65,0,0,-68,-67,0,0,-77,-77,0,0,-76,-70,-69,-77,-76,0,0,0,0,-81,-80,-49,-68
0,0,-70,-70,0,0,0,0,-73,-72,0,0,-70,-69,0,-76,-77,-77,-67,-65,-69,-70,-77,-76,-66,-66,0,-77,-65,-65,0,0,-68,-67,0,0,-77,-77,0,0,-76,-70,-69,-77,-76,0,0,0,0,-81,-80,-49,-68
0,0,-70,-70,0,0,0,0,-73,-72,0,0,-70,-69,0,-76,-77,-77,-67,-65,-69,-70,-77,-76,-66,-66,0,-77,-65,-65,0,0,-68,-67,0,0,-77,-77,0,0,-76,-70,-69,-77,-76,0,0,0,0,-81,-80,-49,-68
0,-72,-70,-70,0,0,0,-79,-75,-75,0,0,-71,-71,-80,-76,-77,-77,-75,-74,-67,-67,-77,-76,-67,-67,-73,-73,-64,-64,0,-86,-69,-69,0,0,-77,-77,0,0,-76,-68,-69,-77,-76,0,0,0,0,-80,-77,-57,-72
0,-72,-70,-70,0,0,0,-79,-75,-75,0,0,-71,-71,-80,-76,-77,-77,-75,-74,-67,-67,-77,-76,-67,-67,-73,-73,-64,-64,0,-86,-69,-69,0,0,-77,-77,0,0,-76,-68,-69,-77,-76,0,0,0,0,-80,-77,-57,-72
0,-72,-70,-70,0,0,0,-79,-75,-75,0,0,-71,-71,-80,-76,-77,-77,-75,-74,-67,-67,-77,-76,-67,-67,-73,-73,-64,-64,0,-86,-69,-69,0,0,-77,-77,0,0,-76,-68,-69,-77,-76,0,0,0,0,-80,-77,-57,-72
0,-72,-70,-70,0,0,0,-79,-75,-75,0,0,-71,-71,-80,-76,-77,-77,-75,-74,-67,-67,-77,-76,-67,-67,-73,-73,-64,-64,0,-86,-69,-69,0,0,-77,-77,0,0,-76,-68,-69,-77,-76,0,0,0,0,-80,-77,-57,-72
-69,-72,0,0,-78,0,0,-79,-74,-74,0,0,-70,-69,-80,-77,-73,-74,-75,-74,-66,-66,-77,-77,-66,-65,-73,-73,-64,-73,-77,-86,-73,-73,0,0,-76,-77,0,0,0,-69,-69,-81,-82,0,0,0,0,-80,-78,-55,-76
-69,-72,0,0,-78,0,0,-79,-74,-74,0,0,-70,-69,-80,-77,-73,-74,-75,-74,-66,-66,-77,-77,-66,-65,-73,-73,-64,-73,-77,-86,-73,-73,0,0,-76,-77,0,0,0,-69,-69,-81,-82,0,0,0,0,-80,-78,-55,-76
-69,-72,0,0,-78,0,0,-79,-74,-74,0,0,-70,-69,-80,-77,-73,-74,-75,-74,-66,-66,-77,-77,-66,-65,-73,-73,-64,-73,-77,-86,-73,-73,0,0,-76,-77,0,0,0,-69,-69,-81,-82,0,0,0,0,-80,-78,-55,-76
-69,-72,0,0,-78,0,0,-79,-74,-74,0,0,-70,-69,-80,-77,-73,-74,-75,-74,-66,-66,-77,-77,-66,-65,-73,-73,-64,-73,-77,-86,-73,-73,0,0,-76,-77,0,0,0,-69,-69,-81,-82,0,0,0,0,-80,-78,-55,-76
0,-72,-74,-75,-75,0,0,0,-81,-83,0,0,-73,-74,-73,-70,-78,-77,-75,-72,-72,-71,0,-84,-67,-67,-76,0,-68,-71,0,-82,-72,-72,0,0,-76,-76,0,0,0,-82,-83,-85,-86,0,0,0,0,-82,-81,-44,-62
0,-72,-74,-75,-75,0,0,0,-77,-78,0,0,-71,-73,-72,-72,-80,-80,-75,-73,0,0,0,0,-71,-70,-76,0,-71,-71,0,-82,-72,-73,0,0,-80,-80,0,0,0,-79,-78,-84,-85,0,0,0,0,-80,-81,-46,-60
0,-72,-74,-75,-75,0,0,0,-77,-78,0,0,-71,-73,-72,-72,-80,-80,-75,-73,0,0,0,0,-71,-70,-76,0,-71,-71,0,-82,-72,-73,0,0,-80,-80,0,0,0,-79,-78,-84,-85,0,0,0,0,-80,-81,-46,-60
0,-72,-74,-75,-75,0,0,0,-77,-78,0,0,-71,-73,-72,-72,-80,-80,-75,-73,0,0,0,0,-71,-70,-76,0,-71,-71,0,-82,-72,-73,0,0,-80,-80,0,0,0,-79,-78,-84,-85,0,0,0,0,-80,-81,-46,-60
0,-72,-74,-75,-75,0,0,0,-77,-78,0,0,-71,-73,-72,-72,-80,-80,-75,-73,0,0,0,0,-71,-70,-76,0,-71,-71,0,-82,-72,-73,0,0,-80,-80,0,0,0,-79,-78,-84,-85,0,0,0,0,-80,-81,-46,-60
0,0,-73,-72,0,0,0,0,-77,-78,0,0,-77,-77,-72,-66,-79,-80,-75,-74,0,0,0,0,-67,-65,0,0,-71,-73,0,0,-72,-72,0,0,-79,-79,0,0,0,-79,-79,0,0,0,0,0,0,0,0,-44,-61
0,0,-73,-72,0,0,0,0,-77,-78,0,0,-77,-77,-72,-66,-79,-80,-75,-74,0,0,0,0,-67,-65,0,0,-71,-73,0,0,-72,-72,0,0,-79,-79,0,0,0,-79,-79,0,0,0,0,0,0,0,0,-44,-61
0,0,-73,-72,0,0,0,0,-77,-78,0,0,-77,-77,-72,-66,-79,-80,-75,-74,0,0,0,0,-67,-65,0,0,-71,-73,0,0,-72,-72,0,0,-79,-79,0,0,0,-79,-79,0,0,0,0,0,0,0,0,-44,-61
0,0,-73,-72,0,0,0,0,-77,-78,0,0,-77,-77,-72,-66,-79,-80,-75,-74,0,0,0,0,-67,-65,0,0,-71,-73,0,0,-72,-72,0,0,-79,-79,0,0,0,-79,-79,0,0,0,0,0,0,0,0,-44,-61
0,-73,-70,-70,0,-79,0,0,-74,-74,0,0,-73,-73,0,0,-82,0,-70,-73,-71,-72,0,0,-71,-71,-65,-74,-71,-72,-76,-76,-73,-73,0,0,-81,-82,0,0,0,-79,-79,0,0,0,0,0,0,-85,-85,-43,-59
0,-73,-70,-70,0,-79,0,0,-74,-74,0,0,-73,-73,0,0,-82,0,-70,-73,-71,-72,0,0,-71,-71,-65,-74,-71,-72,-76,-76,-73,-73,0,0,-81,-82,0,0,0,-79,-79,0,0,0,0,0,0,-85,-85,-43,-59
0,-73,-70,-70,0,-79,0,0,-74,-74,0,0,-73,-73,0,0,-82,0,-70,-73,-71,-72,0,0,-71,-71,-65,-74,-71,-72,-76,-76,-73,-73,0,0,-81,-82,0,0,0,-79,-79,0,0,0,0,0,0,-85,-85,-43,-59
0,-73,-70,-70,0,-79,0,0,-74,-74,0,0,-73,-73,0,0,-82,0,-70,-73,-71,-72,0,0,-71,-71,-65,-74,-71,-72,-76,-76,-73,-73,0,0,-81,-82,0,0,0,-79,-79,0,0,0,0,0,0,-85,-85,-43,-59
0,-73,-78,-77,-81,-79,0,0,-81,-81,0,0,-74,-73,-78,-76,-83,-81,0,-74,-71,-72,0,0,-76,-76,-65,-74,-63,-67,-76,-76,-70,-69,0,-89,-84,-85,0,0,0,-79,-78,0,0,0,0,0,0,-85,-85,-54,-72
0,-73,-78,-77,-81,-79,0,0,-81,-81,0,0,-74,-73,-78,-76,-83,-81,0,-74,-71,-72,0,0,-76,-76,-65,-74,-63,-67,-76,-76,-70,-69,0,-89,-84,-85,0,0,0,-79,-78,0,0,0,0,0,0,-85,-85,-54,-72
0,-73,-78,-77,-81,-79,0,0,-81,-81,0,0,-74,-73,-78,-76,-83,-81,0,-74,-71,-72,0,0,-76,-76,-65,-74,-63,-67,-76,-76,-70,-69,0,-89,-84,-85,0,0,0,-79,-78,0,0,0,0,0,0,-85,-85,-54,-72
0,-73,-78,-77,-81,-79,0,0,-81,-81,0,0,-74,-73,-78,-76,-83,-81,0,-74,-71,-72,0,0,-76,-76,-65,-74,-63,-67,-76,-76,-70,-69,0,-89,-84,-85,0,0,0,-79,-78,0,0,0,0,0,0,-85,-85,-54,-72
0,-74,-74,-72,-81,0,0,0,-77,-76,0,0,-73,-72,-78,-76,-80,-81,0,-73,-73,-71,0,0,-71,-71,0,0,-65,-75,0,0,-72,-72,-84,-89,-82,-82,0,0,0,-82,-82,0,0,-86,-84,0,0,-82,-82,-47,-71
0,-74,-74,-74,0,-76,-76,0,-83,-82,0,0,-75,-75,-75,-76,-84,-84,-77,-73,0,0,0,0,-73,-72,0,0,-65,-66,0,0,-71,-71,-84,-83,-82,-84,0,0,0,-78,-78,0,0,-86,-84,0,0,-82,-82,-52,-70
0,-74,-74,-74,0,-76,-76,0,-83,-82,0,0,-75,-75,-75,-76,-84,-84,-77,-73,0,0,0,0,-73,-72,0,0,-65,-66,0,0,-71,-71,-84,-83,-82,-84,0,0,0,-78,-78,0,0,-86,-84,0,0,-82,-82,-52,-70
0,-74,-74,-74,0,-76,-76,0,-83,-82,0,0,-75,-75,-75,-76,-84,-84,-77,-73,0,0,0,0,-73,-72,0,0,-65,-66,0,0,-71,-71,-84,-83,-82,-84,0,0,0,-78,-78,0,0,-86,-84,0,0,-82,-82,-52,-70
0,-74,-74,-74,0,-76,-76,0,-83,-82,0,0,-75,-75,-75,-76,-84,-84,-77,-73,0,0,0,0,-73,-72,0,0,-65,-66,0,0,-71,-71,-84,-83,-82,-84,0,0,0,-78,-78,0,0,-86,-84,0,0,-82,-82,-52,-70
0,0,-74,-74,0,-76,-76,0,-79,-80,0,0,-76,-76,-75,-76,-82,-81,-77,-73,0,0,-76,0,-72,-73,0,0,-64,-64,0,0,-69,-69,0,0,-84,-83,0,0,0,-78,-77,0,0,-86,-84,0,0,-82,-83,-53,-70
0,0,-74,-74,0,-76,-76,0,-79,-80,0,0,-76,-76,-75,-76,-82,-81,-77,-73,0,0,-76,0,-72,-73,0,0,-64,-64,0,0,-69,-69,0,0,-84,-83,0,0,0,-78,-77,0,0,-86,-84,0,0,-82,-83,-53,-70
0,0,-74,-74,0,-76,-76,0,-79,-80,0,0,-76,-76,-75,-76,-82,-81,-77,-73,0,0,-76,0,-72,-73,0,0,-64,-64,0,0,-69,-69,0,0,-84,-83,0,0,0,-78,-77,0,0,-86,-84,0,0,-82,-83,-53,-70
0,0,-74,-74,0,-76,-76,0,-79,-80,0,0,-76,-76,-75,-76,-82,-81,-77,-73,0,0,-76,0,-72,-73,0,0,-64,-64,0,0,-69,-69,0,0,-84,-83,0,0,0,-78,-77,0,0,-86,-84,0,0,-82,-83,-53,-70
0,0,-74,-74,0,-76,-76,0,-81,-82,0,0,-77,-77,-78,-78,-86,-83,-77,0,0,0,-76,0,-73,-73,-68,-72,-63,-63,-74,-80,-71,-71,0,-89,-82,-81,0,0,0,-77,-78,0,0,-86,-83,0,0,-80,-80,-52,-67
0,0,-74,-74,0,-76,-76,0,-81,-82,0,0,-77,-77,-78,-78,-86,-83,-77,0,0,0,-76,0,-73,-73,-68,-72,-63,-63,-74,-80,-71,-71,0,-89,-82,-81,0,0,0,-77,-78,0,0,-86,-83,0,0,-80,-80,-52,-67
0,0,-74,-74,0,-76,-76,0,-81,-82,0,0,-77,-77,-78,-78,-86,-83,-77,0,0,0,-76,0,-73,-73,-68,-72,-63,-63,-74,-80,-71,-71,0,-89,-82,-81,0,0,0,-77,-78,0,0,-86,-83,0,0,-80,-80,-52,-67
0,0,-74,-74,0,-76,-76,0,-81,-82,0,0,-77,-77,-78,-78,-86,-83,-77,0,0,0,-76,0,-73,-73,-68,-72,-63,-63,-74,-80,-71,-71,0,-89,-82,-81,0,0,0,-77,-78,0,0,-86,-83,0,0,-80,-80,-52,-67
0,0,-73,-73,0,0,0,-83,-76,-77,0,0,-78,-79,-78,-78,-79,-78,0,0,0,0,-76,0,-74,-75,-68,-72,-62,-62,-74,-80,-73,-72,0,-89,-84,-85,0,0,0,-80,-80,0,0,0,-87,0,0,-79,-79,-54,-67
0,0,-73,-73,0,0,0,-83,-76,-77,0,0,-78,-79,-78,-78,-79,-78,0,0,0,0,-76,0,-74,-75,-68,-72,-62,-62,-74,-80,-73,-72,0,-89,-84,-85,0,0,0,-80,-80,0,0,0,-87,0,0,-79,-79,-54,-67
0,0,-73,-73,0,0,0,-83,-76,-77,0,0,-78,-79,-78,-78,-79,-78,0,0,0,0,-76,0,-74,-75,-68,-72,-62,-62,-74,-80,-73,-72,0,-89,-84,-85,0,0,0,-80,-80,0,0,0,-87,0,0,-79,-79,-54,-67
0,0,-73,-73,0,0,0,-83,-76,-77,0,0,-78,-79,-78,-78,-79,-78,0,0,0,0,-76,0,-74,-75,-68,-72,-62,-62,-74,-80,-73,-72,0,-89,-84,-85,0,0,0,-80,-80,0,0,0,-87,0,0,-79,-79,-54,-67
0,0,-76,-75,0,0,0,-83,-80,-79,0,0,-77,-78,0,-78,-83,-82,-74,-77,0,0,-75,0,-74,-74,-68,-72,-64,-66,-74,-80,-68,-68,0,-89,-79,-79,0,0,0,-76,-77,-84,-83,0,-87,0,0,-87,-82,-48,-66
0,0,-76,-75,0,0,0,-83,-80,-79,0,0,-77,-78,0,-78,-83,-82,-74,-77,0,0,-75,0,-74,-74,-68,-72,-64,-66,-74,-80,-68,-68,0,-89,-79,-79,0,0,0,-76,-77,-84,-83,0,-87,0,0,-87,-82,-48,-66
0,0,-76,-75,0,0,0,-83,-80,-79,0,0,-77,-78,0,-78,-83,-82,-74,-77,0,0,-75,0,-74,-74,-68,-72,-64,-66,-74,-80,-68,-68,0,-89,-79,-79,0,0,0,-76,-77,-84,-83,0,-87,0,0,-87,-82,-48,-66
0,0,-76,-75,0,0,0,-83,-80,-79,0,0,-77,-78,0,-78,-83,-82,-74,-77,0,0,-75,0,-74,-74,-68,-72,-64,-66,-74,-80,-68,-68,0,-89,-79,-79,0,0,0,-76,-77,-84,-83,0,-87,0,0,-87,-82,-48,-66
-78,-76,-72,-72,-75,0,0,-83,-79,-80,0,0,-75,-75,0,-78,-83,-85,-74,-77,0,0,-81,0,-72,-73,0,0,-60,-60,-74,-78,-63,-63,0,-81,-86,-88,0,-75,0,-78,-78,-84,-83,-87,-87,0,0,-81,-82,-52,-66
-78,-76,-72,-72,-75,0,0,-83,-79,-80,0,0,-75,-75,0,-78,-83,-85,-74,-77,0,0,-81,0,-72,-73,0,0,-60,-60,-74,-78,-63,-63,0,-81,-86,-88,0,-75,0,-78,-78,-84,-83,-87,-87,0,0,-81,-82,-52,-66
-78,-76,-72,-72,-75,0,0,-83,-79,-80,0,0,-75,-75,0,-78,-83,-85,-74,-77,0,0,-81,0,-72,-73,0,0,-60,-60,-74,-78,-63,-63,0,-81,-86,-88,0,-75,0,-78,-78,-84,-83,-87,-87,0,0,-81,-82,-52,-66
-78,-76,-72,-72,-75,0,0,-83,-79,-80,0,0,-75,-75,0,-78,-83,-85,-74,-77,0,0,-81,0,-72,-73,0,0,-60,-60,-74,-78,-63,-63,0,-81,-86,-88,0,-75,0,-78,-78,-84,-83,-87,-87,0,0,-81,-82,-52,-66
-78,-76,-76,-76,-75,0,0,-79,-81,-80,0,0,-75,-75,0,-78,-78,-79,-74,-77,0,-73,0,0,-72,-72,-67,-82,-60,-60,-71,-78,-73,-72,0,-81,-79,-79,0,-75,0,-83,-84,-84,-83,-87,-86,0,0,-81,-82,-47,-69
-78,-76,-76,-76,-75,0,0,-79,-81,-80,0,0,-75,-75,0,-78,-78,-79,-74,-77,0,-73,0,0,-72,-72,-67,-82,-60,-60,-71,-78,-73,-72,0,-81,-79,-79,0,-75,0,-83,-84,-84,-83,-87,-86,0,0,-81,-82,-47,-69
-78,-76,-76,-76,-75,0,0,-79,-81,-80,0,0,-75,-75,0,-78,-78,-79,-74,-77,0,-73,0,0,-72,-72,-67,-82,-60,-60,-71,-78,-73,-72,0,-81,-79,-79,0,-75,0,-83,-84,-84,-83,-87,-86,0,0,-81,-82,-47,-69
-78,-76,-76,-76,-75,0,0,-79,-81,-80,0,0,-75,-75,0,-78,-78,-79,-74,-77,0,-73,0,0,-72,-72,-67,-82,-60,-60,-71,-78,-73,-72,0,-81,-79,-79,0,-75,0,-83,-84,-84,-83,-87,-86,0,0,-81,-82,-47,-69
-78,-76,-74,-76,-75,0,0,-79,-84,-82,0,0,-78,-77,0,-80,-82,-82,0,0,0,-73,0,0,-73,-73,-67,-82,-61,-61,-71,-78,-67,-68,0,-83,-82,-83,0,-75,0,-80,-81,-86,-86,-87,-86,0,0,-80,-80,-47,-69
-78,-76,-74,-76,-75,0,0,-79,-84,-82,0,0,-78,-77,0,-80,-82,-82,0,0,0,-73,0,0,-73,-73,-67,-82,-61,-61,-71,-78,-67,-68,0,-83,-82,-83,0,-75,0,-80,-81,-86,-86,-87,-86,0,0,-80,-80,-47,-69
-78,-76,-74,-76,-75,0,0,-79,-84,-82,0,0,-78,-77,0,-80,-82,-82,0,0,0,-73,0,0,-73,-73,-67,-82,-61,-61,-71,-78,-67,-68,0,-83,-82,-83,0,-75,0,-80,-81,-86,-86,-87,-86,0,0,-80,-80,-47,-69
-78,-76,-74,-76,-75,0,0,-79,-84,-82,0,0,-78,-77,0,-80,-82,-82,0,0,0,-73,0,0,-73,-73,-67,-82,-61,-61,-71,-78,-67,-68,0,-83,-82,-83,0,-75,0,-80,-81,-86,-86,-87,-86,0,0,-80,-80,-47,-69
-77,-74,-74,-74,-75,0,0,0,-82,-81,0,0,-77,-77,-79,-80,-82,-80,0,0,0,-73,-76,0,-73,-72,-67,-82,-66,-66,0,0,-62,-62,0,-83,-84,-84,0,0,0,-79,-80,0,0,0,0,0,0,-80,-79,-46,-67
-77,-74,-74,-74,-75,0,0,0,-82,-81,0,0,-77,-77,-79,-80,-82,-80,0,0,0,-73,-76,0,-73,-72,-67,-82,-66,-66,0,0,-62,-62,0,-83,-84,-84,0,0,0,-79,-80,0,0,0,0,0,0,-80,-79,-46,-67
-77,-74,-74,-74,-75,0,0,0,-82,-81,0,0,-77,-77,-79,-80,-82,-80,0,0,0,-73,-76,0,-73,-72,-67,-82,-66,-66,0,0,-62,-62,0,-83,-84,-84,0,0,0,-79,-80,0,0,0,0,0,0,-80,-79,-46,-67
-77,-74,-74,-74,-75,0,0,0,-82,-81,0,0,-77,-77,-79,-80,-82,-80,0,0,0,-73,-76,0,-73,-72,-67,-82,-66,-66,0,0,-62,-62,0,-83,-84,-84,0,0,0,-79,-80,0,0,0,0,0,0,-80,-79,-46,-67
0,0,-74,-75,-75,0,0,0,-86,-81,0,0,-78,-80,-79,-79,-83,-83,0,0,0,0,-76,0,-72,-72,-67,-69,-67,-67,-75,0,-61,-61,0,0,-83,-82,0,0,0,-79,-79,0,0,0,-85,0,0,-78,-80,-47,-69
0,0,-74,-75,-75,0,0,0,-86,-81,0,0,-78,-80,-79,-79,-83,-83,0,0,0,0,-76,0,-72,-72,-67,-69,-67,-67,-75,0,-61,-61,0,0,-83,-82,0,0,0,-79,-79,0,0,0,-85,0,0,-78,-80,-47,-69
0,0,-74,-75,-75,0,0,0,-86,-81,0,0,-78,-80,-79,-79,-83,-83,0,0,0,0,-76,0,-72,-72,-67,-69,-67,-67,-75,0,-61,-61,0,0,-83,-82,0,0,0,-79,-79,0,0,0,-85,0,0,-78,-80,-47,-69
0,0,-74,-75,-75,0,0,0,-86,-81,0,0,-78,-80,-79,-79,-83,-83,0,0,0,0,-76,0,-72,-72,-67,-69,-67,-67,-75,0,-61,-61,0,0,-83,-82,0,0,0,-79,-79,0,0,0,-85,0,0,-78,-80,-47,-69
0,0,-75,-76,-78,-79,0,0,-82,-81,0,0,-77,-75,-79,-79,-83,-83,0,0,0,0,-76,-80,-72,-72,-67,-69,-62,-63,-75,-77,-67,-67,0,0,-81,-82,0,0,0,-80,-80,0,0,0,-85,0,0,-78,-78,-45,-71
0,0,-75,-76,-78,-79,0,0,-82,-81,0,0,-77,-75,-79,-79,-83,-83,0,0,0,0,-76,-80,-72,-72,-67,-69,-62,-63,-75,-77,-67,-67,0,0,-81,-82,0,0,0,-80,-80,0,0,0,-85,0,0,-78,-78,-45,-71
0,0,-75,-76,-78,-79,0,0,-82,-81,0,0,-77,-75,-79,-79,-83,-83,0,0,0,0,-76,-80,-72,-72,-67,-69,-62,-63,-75,-77,-67,-67,0,0,-81,-82,0,0,0,-80,-80,0,0,0,-85,0,0,-78,-78,-45,-71
0,0,-75,-76,-78,-79,0,0,-82,-81,0,0,-77,-75,-79,-79,-83,-83,0,0,0,0,-76,-80,-72,-72,-67,-69,-62,-63,-75,-77,-67,-67,0,0,-81,-82,0,0,0,-80,-80,0,0,0,-85,0,0,-78,-78,-45,-71
0,0,-74,-74,-78,-79,0,0,-83,-82,0,0,-75,-75,-78,-76,-81,-80,0,0,0,0,0,-80,-75,-75,-71,-69,-65,-65,-75,-77,-65,-65,0,0,-82,-82,0,0,0,-79,-79,0,0,0,-85,0,0,-79,-79,-46,-73
0,0,-74,-74,-78,-79,0,0,-83,-82,0,0,-75,-75,-78,-76,-81,-80,0,0,0,0,0,-80,-75,-75,-71,-69,-65,-65,-75,-77,-65,-65,0,0,-82,-82,0,0,0,-79,-79,0,0,0,-85,0,0,-79,-79,-46,-73
0,0,-74,-74,-78,-79,0,0,-83,-82,0,0,-75,-75,-78,-76,-81,-80,0,0,0,0,0,-80,-75,-75,-71,-69,-65,-65,-75,-77,-65,-65,0,0,-82,-82,0,0,0,-79,-79,0,0,0,-85,0,0,-79,-79,-46,-73
0,0,-74,-74,-78,-79,0,0,-83,-82,0,0,-75,-75,-78,-76,-81,-80,0,0,0,0,0,-80,-75,-75,-71,-69,-65,-65,-75,-77,-65,-65,0,0,-82,-82,0,0,0,-79,-79,0,0,0,-85,0,0,-79,-79,-46,-73
0,-74,-73,-73,-74,-79,0,0,-80,-81,0,0,-74,-75,0,-78,-79,-80,0,0,-70,-70,0,-80,-72,-74,-71,-76,-65,-65,-74,-77,-68,-68,0,0,-85,-85,-78,0,0,-79,-79,0,0,0,0,0,0,-82,-82,-46,-67
0,-74,-73,-73,-74,-79,0,0,-80,-81,0,0,-74,-75,0,-78,-79,-80,0,0,-70,-70,0,-80,-72,-74,-71,-76,-65,-65,-74,-77,-68,-68,0,0,-85,-85,-78,0,0,-79,-79,0,0,0,0,0,0,-82,-82,-46,-67
0,-74,-73,-73,-74,-79,0,0,-80,-81,0,0,-74,-75,0,-78,-79,-80,0,0,-70,-70,0,-80,-72,-74,-71,-76,-65,-65,-74,-77,-68,-68,0,0,-85,-85,-78,0,0,-79,-79,0,0,0,0,0,0,-82,-82,-46,-67
0,-74,-73,-73,-74,-79,0,0,-80,-81,0,0,-74,-75,0,-78,-79,-80,0,0,-70,-70,0,-80,-72,-74,-71,-76,-65,-65,-74,-77,-68,-68,0,0,-85,-85,-78,0,0,-79,-79,0,0,0,0,0,0,-82,-82,-46,-67
0,-74,-73,-73,-74,0,0,0,-80,-79,0,0,-73,-73,0,0,-82,-82,0,0,-70,-70,0,0,-65,-64,-70,-71,-62,-63,-72,-81,-70,-70,0,0,-81,-81,-78,0,0,-79,-79,0,0,0,0,0,0,-81,-82,-42,-76
0,-74,-73,-73,-74,0,0,0,-80,-79,0,0,-73,-73,0,0,-82,-82,0,0,-70,-70,0,0,-65,-64,-70,-71,-62,-63,-72,-81,-70,-70,0,0,-81,-81,-78,0,0,-79,-79,0,0,0,0,0,0,-81,-82,-42,-76
0,-74,-73,-73,-74,0,0,0,-80,-79,0,0,-73,-73,0,0,-82,-82,0,0,-70,-70,0,0,-65,-64,-70,-71,-62,-63,-72,-81,-70,-70,0,0,-81,-81,-78,0,0,-79,-79,0,0,0,0,0,0,-81,-82,-42,-76
0,-74,-73,-73,-74,0,0,0,-80,-79,0,0,-73,-73,0,0,-82,-82,0,0,-70,-70,0,0,-65,-64,-70,-71,-62,-63,-72,-81,-70,-70,0,0,-81,-81,-78,0,0,-79,-79,0,0,0,0,0,0,-81,-82,-42,-76
