0,0,-75,-74,0,0,0,0,-74,-74,0,0,-75,-75,0,-68,-75,-75,0,0,-63,-64,-73,-70,-66,-67,0,-75,-73,-73,-69,-72,-68,-69,-86,-85,-75,-74,0,-79,-79,-84,-82,-80,-79,-75,-76,0,0,-83,-81,-49,-73
0,0,-76,-75,0,0,0,0,-79,-80,0,0,-75,-75,-71,-67,-75,-75,0,-74,-65,-65,-70,-70,-67,-67,0,-75,-68,-69,-69,-72,-69,-69,-83,0,-80,-82,0,-81,-79,-81,-82,-83,-84,-75,-76,0,0,-76,-75,-54,-66
0,0,-76,-75,0,0,0,0,-79,-80,0,0,-75,-75,-71,-67,-75,-75,0,-74,-65,-65,-70,-70,-67,-67,0,-75,-68,-69,-69,-72,-69,-69,-83,0,-80,-82,0,-81,-79,-81,-82,-83,-84,-75,-76,0,0,-76,-75,-54,-66
0,0,-76,-75,0,0,0,0,-79,-80,0,0,-75,-75,-71,-67,-75,-75,0,-74,-65,-65,-70,-70,-67,-67,0,-75,-68,-69,-69,-72,-69,-69,-83,0,-80,-82,0,-81,-79,-81,-82,-83,-84,-75,-76,0,0,-76,-75,-54,-66
0,0,-76,-75,0,0,0,0,-79,-80,0,0,-75,-75,-71,-67,-75,-75,0,-74,-65,-65,-70,-70,-67,-67,0,-75,-68,-69,-69,-72,-69,-69,-83,0,-80,-82,0,-81,-79,-81,-82,-83,-84,-75,-76,0,0,-76,-75,-54,-66
0,0,-76,-75,0,0,0,0,-71,-70,0,0,-76,-75,-71,-67,0,0,0,-74,-74,-73,-68,0,-67,-67,0,0,-68,-68,-69,-70,-68,-68,-83,-85,-81,-82,0,0,0,-81,-82,-83,-83,-75,-76,0,0,-77,-76,-51,-67
0,0,-76,-75,0,0,0,0,-71,-70,0,0,-76,-75,-71,-67,0,0,0,-74,-74,-73,-68,0,-67,-67,0,0,-68,-68,-69,-70,-68,-68,-83,-85,-81,-82,0,0,0,-81,-82,-83,-83,-75,-76,0,0,-77,-76,-51,-67
0,0,-76,-75,0,0,0,0,-71,-70,0,0,-76,-75,-71,-67,0,0,0,-74,-74,-73,-68,0,-67,-67,0,0,-68,-68,-69,-70,-68,-68,-83,-85,-81,-82,0,0,0,-81,-82,-83,-83,-75,-76,0,0,-77,-76,-51,-67
0,0,-76,-75,-78,0,0,0,-72,-73,0,0,-73,-72,-71,-67,-74,-74,0,-74,-62,-62,0,0,-65,-66,-77,0,-71,-71,-69,-70,-67,-67,-83,-85,-82,-81,0,0,0,-83,-83,-83,-83,-78,-78,0,0,-77,-76,-51,-65
0,0,-76,-75,-78,0,0,0,-72,-73,0,0,-73,-72,-71,-67,-74,-74,0,-74,-62,-62,0,0,-65,-66,-77,0,-71,-71,-69,-70,-67,-67,-83,-85,-82,-81,0,0,0,-83,-83,-83,-83,-78,-78,0,0,-77,-76,-51,-65
0,0,-76,-75,-78,0,0,0,-72,-73,0,0,-73,-72,-71,-67,-74,-74,0,-74,-62,-62,0,0,-65,-66,-77,0,-71,-71,-69,-70,-67,-67,-83,-85,-82,-81,0,0,0,-83,-83,-83,-83,-78,-78,0,0,-77,-76,-51,-65
0,0,-76,-75,-78,0,0,0,-72,-73,0,0,-73,-72,-71,-67,-74,-74,0,-74,-62,-62,0,0,-65,-66,-77,0,-71,-71,-69,-70,-67,-67,-83,-85,-82,-81,0,0,0,-83,-83,-83,-83,-78,-78,0,0,-77,-76,-51,-65
0,0,-70,-71,-78,0,0,-74,-72,-72,0,0,-73,-74,0,-69,-74,-74,0,0,-64,-63,-71,0,-63,-64,-77,0,-66,-66,-64,-66,-69,-70,-84,-85,-79,-79,0,0,-81,-83,-83,-83,-82,-76,-76,0,0,-72,-72,-47,-66
0,0,-70,-71,-78,0,0,-74,-72,-72,0,0,-73,-74,0,-69,-74,-74,0,0,-64,-63,-71,0,-63,-64,-77,0,-66,-66,-64,-66,-69,-70,-84,-85,-79,-79,0,0,-81,-83,-83,-83,-82,-76,-76,0,0,-72,-72,-47,-66
0,0,-70,-71,-78,0,0,-74,-72,-72,0,0,-73,-74,0,-69,-74,-74,0,0,-64,-63,-71,0,-63,-64,-77,0,-66,-66,-64,-66,-69,-70,-84,-85,-79,-79,0,0,-81,-83,-83,-83,-82,-76,-76,0,0,-72,-72,-47,-66
0,0,-70,-71,-78,0,0,-74,-72,-72,0,0,-73,-74,0,-69,-74,-74,0,0,-64,-63,-71,0,-63,-64,-77,0,-66,-66,-64,-66,-69,-70,-84,-85,-79,-79,0,0,-81,-83,-83,-83,-82,-76,-76,0,0,-72,-72,-47,-66
0,0,-78,-80,-78,0,0,-74,-77,-78,0,0,-75,-74,0,-69,-74,-74,0,0,-65,-64,-71,0,-65,-65,-77,0,-67,-67,0,0,-66,-66,-84,-86,-77,-78,0,0,-81,-83,-83,-84,-82,0,0,0,0,-75,-76,-54,-63
0,0,-78,-80,-78,0,0,-74,-77,-78,0,0,-75,-74,0,-69,-74,-74,0,0,-65,-64,-71,0,-65,-65,-77,0,-67,-67,0,0,-66,-66,-84,-86,-77,-78,0,0,-81,-83,-83,-84,-82,0,0,0,0,-75,-76,-54,-63
0,0,-78,-80,-78,0,0,-74,-77,-78,0,0,-75,-74,0,-69,-74,-74,0,0,-65,-64,-71,0,-65,-65,-77,0,-67,-67,0,0,-66,-66,-84,-86,-77,-78,0,0,-81,-83,-83,-84,-82,0,0,0,0,-75,-76,-54,-63
0,0,-78,-80,0,0,0,-74,-74,-73,0,0,-79,-78,0,-69,-74,-74,0,0,-62,-64,-71,0,-65,-65,0,0,-64,-64,-71,0,-70,-70,-84,-86,-84,-84,0,0,-81,-82,-81,-84,-82,0,0,0,0,-75,-75,-52,-60
0,0,-78,-80,0,0,0,-74,-74,-73,0,0,-79,-78,0,-69,-74,-74,0,0,-62,-64,-71,0,-65,-65,0,0,-64,-64,-71,0,-70,-70,-84,-86,-84,-84,0,0,-81,-82,-81,-84,-82,0,0,0,0,-75,-75,-52,-60
0,0,-78,-80,0,0,0,-74,-74,-73,0,0,-79,-78,0,-69,-74,-74,0,0,-62,-64,-71,0,-65,-65,0,0,-64,-64,-71,0,-70,-70,-84,-86,-84,-84,0,0,-81,-82,-81,-84,-82,0,0,0,0,-75,-75,-52,-60
0,0,-78,-80,0,0,0,-74,-74,-73,0,0,-79,-78,0,-69,-74,-74,0,0,-62,-64,-71,0,-65,-65,0,0,-64,-64,-71,0,-70,-70,-84,-86,-84,-84,0,0,-81,-82,-81,-84,-82,0,0,0,0,-75,-75,-52,-60
0,0,-78,-79,0,0,0,0,-75,-75,0,0,-78,-79,0,0,-75,-74,0,0,-63,-62,-70,-69,-66,-65,0,0,-65,-65,-71,0,-65,-65,0,-86,-81,-76,0,-81,-84,-77,-78,-82,-82,0,0,0,0,-73,-74,-49,-63
0,0,-78,-79,0,0,0,0,-75,-75,0,0,-78,-79,0,0,-75,-74,0,0,-63,-62,-70,-69,-66,-65,0,0,-65,-65,-71,0,-65,-65,0,-86,-81,-76,0,-81,-84,-77,-78,-82,-82,0,0,0,0,-73,-74,-49,-63
0,0,-78,-79,0,0,0,0,-75,-75,0,0,-78,-79,0,0,-75,-74,0,0,-63,-62,-70,-69,-66,-65,0,0,-65,-65,-71,0,-65,-65,0,-86,-81,-76,0,-81,-84,-77,-78,-82,-82,0,0,0,0,-73,-74,-49,-63
0,0,-78,-79,0,0,0,0,-75,-75,0,0,-78,-79,0,0,-75,-74,0,0,-63,-62,-70,-69,-66,-65,0,0,-65,-65,-71,0,-65,-65,0,-86,-81,-76,0,-81,-84,-77,-78,-82,-82,0,0,0,0,-73,-74,-49,-63
0,0,-76,-77,0,0,0,0,-78,-78,0,0,-77,-78,-74,-73,-75,-76,0,0,-62,-62,-70,-69,-61,-61,0,0,-67,-67,-71,0,-67,-67,0,-86,-76,-76,0,-81,-82,-78,-79,-82,-84,-77,-77,0,0,-74,-74,-49,-66
0,0,-76,-77,0,0,0,0,-78,-78,0,0,-77,-78,-74,-73,-75,-76,0,0,-62,-62,-70,-69,-61,-61,0,0,-67,-67,-71,0,-67,-67,0,-86,-76,-76,0,-81,-82,-78,-79,-82,-84,-77,-77,0,0,-74,-74,-49,-66
0,0,-76,-77,0,0,0,0,-78,-78,0,0,-77,-78,-74,-73,-75,-76,0,0,-62,-62,-70,-69,-61,-61,0,0,-67,-67,-71,0,-67,-67,0,-86,-76,-76,0,-81,-82,-78,-79,-82,-84,-77,-77,0,0,-74,-74,-49,-66
0,0,-76,-77,0,0,0,0,-78,-78,0,0,-77,-78,-74,-73,-75,-76,0,0,-62,-62,-70,-69,-61,-61,0,0,-67,-67,-71,0,-67,-67,0,-86,-76,-76,0,-81,-82,-78,-79,-82,-84,-77,-77,0,0,-74,-74,-49,-66
0,0,-76,-77,0,0,0,0,-72,-73,0,0,-77,-78,-74,-73,-75,-76,-73,-70,-69,-69,-70,-69,-64,-68,0,0,-68,-68,0,0,-71,-71,0,-83,-82,-80,0,-81,-82,-79,-79,-82,-84,-77,-77,0,0,-76,-76,-48,-62
0,0,-76,-77,0,0,0,0,-72,-73,0,0,-77,-78,-74,-73,-75,-76,-73,-70,-69,-69,-70,-69,-64,-68,0,0,-68,-68,0,0,-71,-71,0,-83,-82,-80,0,-81,-82,-79,-79,-82,-84,-77,-77,0,0,-76,-76,-48,-62
0,0,-76,-77,0,0,0,0,-72,-73,0,0,-77,-78,-74,-73,-75,-76,-73,-70,-69,-69,-70,-69,-64,-68,0,0,-68,-68,0,0,-71,-71,0,-83,-82,-80,0,-81,-82,-79,-79,-82,-84,-77,-77,0,0,-76,-76,-48,-62
0,0,-78,-79,0,0,0,-73,-74,-73,0,0,-78,-80,-74,-73,-75,-76,-73,-70,-64,-63,-69,-68,-64,-64,0,0,-64,-63,0,-68,-71,-71,-81,-83,-80,-81,0,-81,-82,-77,-79,-84,0,-77,-77,0,0,-80,-79,-46,-63
0,0,-78,-79,0,0,0,-73,-74,-73,0,0,-78,-80,-74,-73,-75,-76,-73,-70,-64,-63,-69,-68,-64,-64,0,0,-64,-63,0,-68,-71,-71,-81,-83,-80,-81,0,-81,-82,-77,-79,-84,0,-77,-77,0,0,-80,-79,-46,-63
0,0,-78,-79,0,0,0,-73,-74,-73,0,0,-78,-80,-74,-73,-75,-76,-73,-70,-64,-63,-69,-68,-64,-64,0,0,-64,-63,0,-68,-71,-71,-81,-83,-80,-81,0,-81,-82,-77,-79,-84,0,-77,-77,0,0,-80,-79,-46,-63
0,0,-78,-79,0,0,0,-73,-74,-73,0,0,-78,-80,-74,-73,-75,-76,-73,-70,-64,-63,-69,-68,-64,-64,0,0,-64,-63,0,-68,-71,-71,-81,-83,-80,-81,0,-81,-82,-77,-79,-84,0,-77,-77,0,0,-80,-79,-46,-63
-75,0,-80,-80,-73,0,0,-73,-72,-72,0,0,-77,-77,-69,-71,-75,-79,-73,-70,-63,-63,-69,-68,-65,-65,0,0,-64,-63,0,-68,-70,-70,-81,0,-78,-78,0,-82,-81,-81,-80,-84,0,-80,-81,0,0,-76,-77,-46,-64
-75,0,-80,-80,-73,0,0,-73,-72,-72,0,0,-77,-77,-69,-71,-75,-79,-73,-70,-63,-63,-69,-68,-65,-65,0,0,-64,-63,0,-68,-70,-70,-81,0,-78,-78,0,-82,-81,-81,-80,-84,0,-80,-81,0,0,-76,-77,-46,-64
-75,0,-80,-80,-73,0,0,-73,-72,-72,0,0,-77,-77,-69,-71,-75,-79,-73,-70,-63,-63,-69,-68,-65,-65,0,0,-64,-63,0,-68,-70,-70,-81,0,-78,-78,0,-82,-81,-81,-80,-84,0,-80,-81,0,0,-76,-77,-46,-64
-75,0,-80,-80,-73,0,0,-73,-72,-72,0,0,-77,-77,-69,-71,-75,-79,-73,-70,-63,-63,-69,-68,-65,-65,0,0,-64,-63,0,-68,-70,-70,-81,0,-78,-78,0,-82,-81,-81,-80,-84,0,-80,-81,0,0,-76,-77,-46,-64
-75,0,-80,-80,-73,0,0,-73,-74,-74,0,0,-81,-82,-69,-71,-80,-79,-80,0,-64,-64,-69,-68,-65,-65,0,0,-67,-66,0,-68,-70,-70,-81,0,-77,-77,0,-82,-84,-76,-77,-84,0,-80,-81,-77,-74,-78,-78,-48,-63
-75,0,-80,-80,-73,0,0,-73,-74,-74,0,0,-81,-82,-69,-71,-80,-79,-80,0,-64,-64,-69,-68,-65,-65,0,0,-67,-66,0,-68,-70,-70,-81,0,-77,-77,0,-82,-84,-76,-77,-84,0,-80,-81,-77,-74,-78,-78,-48,-63
-75,0,-80,-80,-73,0,0,-73,-74,-74,0,0,-81,-82,-69,-71,-80,-79,-80,0,-64,-64,-69,-68,-65,-65,0,0,-67,-66,0,-68,-70,-70,-81,0,-77,-77,0,-82,-84,-76,-77,-84,0,-80,-81,-77,-74,-78,-78,-48,-63
-75,0,-78,-78,-73,0,0,0,-77,-76,0,0,-77,-78,-72,-65,-80,-79,-80,-72,-64,-64,0,-71,-66,-78,0,0,-67,-67,0,-67,-66,-66,-83,0,-78,-79,0,-82,0,-79,-78,0,0,-80,-81,-77,-74,-76,-75,-44,-62
-75,0,-78,-78,-73,0,0,0,-77,-76,0,0,-77,-78,-72,-65,-80,-79,-80,-72,-64,-64,0,-71,-66,-78,0,0,-67,-67,0,-67,-66,-66,-83,0,-78,-79,0,-82,0,-79,-78,0,0,-80,-81,-77,-74,-76,-75,-44,-62
-75,0,-78,-78,-73,0,0,0,-77,-76,0,0,-77,-78,-72,-65,-80,-79,-80,-72,-64,-64,0,-71,-66,-78,0,0,-67,-67,0,-67,-66,-66,-83,0,-78,-79,0,-82,0,-79,-78,0,0,-80,-81,-77,-74,-76,-75,-44,-62
-75,0,-78,-78,-73,0,0,0,-77,-76,0,0,-77,-78,-72,-65,-80,-79,-80,-72,-64,-64,0,-71,-66,-78,0,0,-67,-67,0,-67,-66,-66,-83,0,-78,-79,0,-82,0,-79,-78,0,0,-80,-81,-77,-74,-76,-75,-44,-62
0,0,-73,-74,-76,0,0,0,-77,-77,0,0,-76,-77,-72,-73,-79,-79,-80,-72,-66,-65,0,-71,-64,-66,0,0,-69,-69,-69,0,-71,-70,-83,0,-78,-79,0,-82,0,-79,-76,0,0,-76,-76,-77,-74,-76,-75,-44,-61
0,0,-73,-74,-76,0,0,0,-77,-77,0,0,-76,-77,-72,-73,-79,-79,-80,-72,-66,-65,0,-71,-64,-66,0,0,-69,-69,-69,0,-71,-70,-83,0,-78,-79,0,-82,0,-79,-76,0,0,-76,-76,-77,-74,-76,-75,-44,-61
0,0,-73,-74,-76,0,0,0,-77,-77,0,0,-76,-77,-72,-73,-79,-79,-80,-72,-66,-65,0,-71,-64,-66,0,0,-69,-69,-69,0,-71,-70,-83,0,-78,-79,0,-82,0,-79,-76,0,0,-76,-76,-77,-74,-76,-75,-44,-61
0,0,-73,-74,-76,0,0,0,-77,-77,0,0,-76,-77,-72,-73,-79,-79,-80,-72,-66,-65,0,-71,-64,-66,0,0,-69,-69,-69,0,-71,-70,-83,0,-78,-79,0,-82,0,-79,-76,0,0,-76,-76,-77,-74,-76,-75,-44,-61
0,0,-74,-74,-76,0,0,0,-72,-74,0,0,-73,-73,0,-71,-79,-79,-73,-72,-63,-63,0,0,-65,-65,0,0,-65,-65,-69,0,-69,-69,0,0,-77,-77,0,-84,0,-78,-80,0,0,-76,-76,0,0,-78,-77,-49,-67
0,0,-74,-74,-76,0,0,0,-72,-74,0,0,-73,-73,0,-71,-79,-79,-73,-72,-63,-63,0,0,-65,-65,0,0,-65,-65,-69,0,-69,-69,0,0,-77,-77,0,-84,0,-78,-80,0,0,-76,-76,0,0,-78,-77,-49,-67
0,0,-74,-74,-76,0,0,0,-72,-74,0,0,-73,-73,0,-71,-79,-79,-73,-72,-63,-63,0,0,-65,-65,0,0,-65,-65,-69,0,-69,-69,0,0,-77,-77,0,-84,0,-78,-80,0,0,-76,-76,0,0,-78,-77,-49,-67
0,0,-74,-74,-76,0,0,0,-72,-74,0,0,-73,-73,0,-71,-79,-79,-73,-72,-63,-63,0,0,-65,-65,0,0,-65,-65,-69,0,-69,-69,0,0,-77,-77,0,-84,0,-78,-80,0,0,-76,-76,0,0,-78,-77,-49,-67
0,0,-70,-71,-76,0,0,0,-76,-76,0,0,-75,-75,0,-71,-75,-75,-74,-72,-65,-63,0,0,-63,-64,0,0,-62,-60,-69,0,-66,-66,0,0,-80,-80,0,-81,0,-78,-78,0,0,-76,-76,0,0,-75,-76,-47,-60
0,0,-70,-71,-76,0,0,0,-76,-76,0,0,-75,-75,0,-71,-75,-75,-74,-72,-65,-63,0,0,-63,-64,0,0,-62,-60,-69,0,-66,-66,0,0,-80,-80,0,-81,0,-78,-78,0,0,-76,-76,0,0,-75,-76,-47,-60
0,0,-70,-71,-76,0,0,0,-76,-76,0,0,-75,-75,0,-71,-75,-75,-74,-72,-65,-63,0,0,-63,-64,0,0,-62,-60,-69,0,-66,-66,0,0,-80,-80,0,-81,0,-78,-78,0,0,-76,-76,0,0,-75,-76,-47,-60
-68,-65,-70,-71,-71,0,0,0,-71,-73,0,0,-77,-79,0,-71,-75,-76,-74,-72,-63,-63,0,0,-65,-65,0,-75,-66,-66,-72,-81,-68,-68,0,0,-80,-81,0,-81,-77,-82,-81,-74,-75,-78,-79,0,0,-79,-79,-46,-65
-68,-65,-70,-71,-71,0,0,0,-71,-73,0,0,-77,-79,0,-71,-75,-76,-74,-72,-63,-63,0,0,-65,-65,0,-75,-66,-66,-72,-81,-68,-68,0,0,-80,-81,0,-81,-77,-82,-81,-74,-75,-78,-79,0,0,-79,-79,-46,-65
-68,-65,-70,-71,-71,0,0,0,-71,-73,0,0,-77,-79,0,-71,-75,-76,-74,-72,-63,-63,0,0,-65,-65,0,-75,-66,-66,-72,-81,-68,-68,0,0,-80,-81,0,-81,-77,-82,-81,-74,-75,-78,-79,0,0,-79,-79,-46,-65
-68,-65,-70,-71,-71,0,0,0,-71,-73,0,0,-77,-79,0,-71,-75,-76,-74,-72,-63,-63,0,0,-65,-65,0,-75,-66,-66,-72,-81,-68,-68,0,0,-80,-81,0,-81,-77,-82,-81,-74,-75,-78,-79,0,0,-79,-79,-46,-65
-68,-65,-71,-71,-71,0,0,0,-72,-72,0,0,-78,-79,0,0,-75,-76,-67,-67,-61,-61,0,0,-66,-68,-73,-75,-65,-66,-72,-81,-67,-67,0,0,-74,-74,0,-78,-77,-78,-77,-74,-75,-78,-79,0,0,-79,-79,-56,-60
-68,-65,-71,-71,-71,0,0,0,-72,-72,0,0,-78,-79,0,0,-75,-76,-67,-67,-61,-61,0,0,-66,-68,-73,-75,-65,-66,-72,-81,-67,-67,0,0,-74,-74,0,-78,-77,-78,-77,-74,-75,-78,-79,0,0,-79,-79,-56,-60
-68,-65,-71,-71,-71,0,0,0,-72,-72,0,0,-78,-79,0,0,-75,-76,-67,-67,-61,-61,0,0,-66,-68,-73,-75,-65,-66,-72,-81,-67,-67,0,0,-74,-74,0,-78,-77,-78,-77,-74,-75,-78,-79,0,0,-79,-79,-56,-60
-68,-65,-71,-71,-71,0,0,0,-72,-72,0,0,-78,-79,0,0,-75,-76,-67,-67,-61,-61,0,0,-66,-68,-73,-75,-65,-66,-72,-81,-67,-67,0,0,-74,-74,0,-78,-77,-78,-77,-74,-75,-78,-79,0,0,-79,-79,-56,-60
-67,-66,-70,-71,0,0,0,0,-78,-78,-82,0,-73,-73,0,0,-74,-74,0,-65,-69,-67,0,-75,-67,-72,-73,-77,-70,-71,0,0,-70,-70,-85,0,-76,-78,0,-76,-78,-73,-74,-76,-76,-74,-74,0,0,-77,-77,-59,-64
-67,-66,-70,-71,0,0,0,0,-78,-78,-82,0,-73,-73,0,0,-74,-74,0,-65,-69,-67,0,-75,-67,-72,-73,-77,-70,-71,0,0,-70,-70,-85,0,-76,-78,0,-76,-78,-73,-74,-76,-76,-74,-74,0,0,-77,-77,-59,-64
-67,-66,-70,-71,0,0,0,0,-78,-78,-82,0,-73,-73,0,0,-74,-74,0,-65,-69,-67,0,-75,-67,-72,-73,-77,-70,-71,0,0,-70,-70,-85,0,-76,-78,0,-76,-78,-73,-74,-76,-76,-74,-74,0,0,-77,-77,-59,-64
0,-66,-72,-72,0,0,0,0,-70,-70,-82,0,-70,-70,0,0,-74,-74,-66,-63,-69,-69,0,-75,-65,-67,0,-77,-69,-69,0,0,-70,-70,-85,0,-76,-76,0,-76,-78,-72,-73,-78,-78,-74,-74,0,0,-78,-78,-58,-62
0,-66,-72,-72,0,0,0,0,-70,-70,-82,0,-70,-70,0,0,-74,-74,-66,-63,-69,-69,0,-75,-65,-67,0,-77,-69,-69,0,0,-70,-70,-85,0,-76,-76,0,-76,-78,-72,-73,-78,-78,-74,-74,0,0,-78,-78,-58,-62
0,-66,-72,-72,0,0,0,0,-70,-70,-82,0,-70,-70,0,0,-74,-74,-66,-63,-69,-69,0,-75,-65,-67,0,-77,-69,-69,0,0,-70,-70,-85,0,-76,-76,0,-76,-78,-72,-73,-78,-78,-74,-74,0,0,-78,-78,-58,-62
0,0,-72,-72,-75,0,0,-73,-75,-74,-83,0,-71,-72,0,0,-77,-77,-66,-63,-60,-61,0,0,-67,-67,0,0,-68,-68,0,0,-68,-68,-84,0,-77,-78,0,-76,-78,-76,-76,-78,-79,-76,-75,0,0,-78,-78,-66,-60
0,0,-72,-72,-75,0,0,-73,-75,-74,-83,0,-71,-72,0,0,-77,-77,-66,-63,-60,-61,0,0,-67,-67,0,0,-68,-68,0,0,-68,-68,-84,0,-77,-78,0,-76,-78,-76,-76,-78,-79,-76,-75,0,0,-78,-78,-66,-60
0,0,-72,-72,-75,0,0,-73,-75,-74,-83,0,-71,-72,0,0,-77,-77,-66,-63,-60,-61,0,0,-67,-67,0,0,-68,-68,0,0,-68,-68,-84,0,-77,-78,0,-76,-78,-76,-76,-78,-79,-76,-75,0,0,-78,-78,-66,-60
0,0,-72,-72,-75,0,0,-73,-75,-74,-83,0,-71,-72,0,0,-77,-77,-66,-63,-60,-61,0,0,-67,-67,0,0,-68,-68,0,0,-68,-68,-84,0,-77,-78,0,-76,-78,-76,-76,-78,-79,-76,-75,0,0,-78,-78,-66,-60
-69,-67,-69,-70,-75,0,0,-73,-69,-69,0,0,-71,-71,0,0,-77,-77,-66,-63,-62,-61,-74,0,-63,-63,0,0,-74,-65,0,0,-67,-67,-84,0,-77,-76,0,-75,-77,-77,-76,-78,-77,-76,-75,0,0,-74,-75,-69,-63
-69,-67,-69,-70,-75,0,0,-73,-69,-69,0,0,-71,-71,0,0,-77,-77,-66,-63,-62,-61,-74,0,-63,-63,0,0,-74,-65,0,0,-67,-67,-84,0,-77,-76,0,-75,-77,-77,-76,-78,-77,-76,-75,0,0,-74,-75,-69,-63
-69,-67,-69,-70,-75,0,0,-73,-69,-69,0,0,-71,-71,0,0,-77,-77,-66,-63,-62,-61,-74,0,-63,-63,0,0,-74,-65,0,0,-67,-67,-84,0,-77,-76,0,-75,-77,-77,-76,-78,-77,-76,-75,0,0,-74,-75,-69,-63
-69,-67,-69,-70,-75,0,0,-73,-69,-69,0,0,-71,-71,0,0,-77,-77,-66,-63,-62,-61,-74,0,-63,-63,0,0,-74,-65,0,0,-67,-67,-84,0,-77,-76,0,-75,-77,-77,-76,-78,-77,-76,-75,0,0,-74,-75,-69,-63
-69,-67,-70,-70,-75,0,0,-73,-69,-69,0,0,-71,-71,0,0,-76,-77,-66,-63,-61,-61,-74,0,-62,-63,0,0,-74,-65,0,-70,-69,-69,0,0,-77,-78,0,-75,-77,-77,-78,-77,-77,-76,-77,0,0,-77,-77,-59,-64
-69,-67,-70,-70,-75,0,0,-73,-69,-69,0,0,-71,-71,0,0,-76,-77,-66,-63,-61,-61,-74,0,-62,-63,0,0,-74,-65,0,-70,-69,-69,0,0,-77,-78,0,-75,-77,-77,-78,-77,-77,-76,-77,0,0,-77,-77,-59,-64
-69,-67,-70,-70,-75,0,0,-73,-69,-69,0,0,-71,-71,0,0,-76,-77,-66,-63,-61,-61,-74,0,-62,-63,0,0,-74,-65,0,-70,-69,-69,0,0,-77,-78,0,-75,-77,-77,-78,-77,-77,-76,-77,0,0,-77,-77,-59,-64
-69,-67,0,-71,0,0,0,0,-69,-69,0,0,-70,-71,0,0,-77,-77,-66,-63,-59,-58,-74,-83,-65,-64,0,0,-65,-65,0,-70,-67,-67,0,0,-76,-77,0,-75,-77,-77,-77,-77,-77,-78,-77,0,0,-77,-77,-59,-69
-69,-67,0,-71,0,0,0,0,-69,-69,0,0,-70,-71,0,0,-77,-77,-66,-63,-59,-58,-74,-83,-65,-64,0,0,-65,-65,0,-70,-67,-67,0,0,-76,-77,0,-75,-77,-77,-77,-77,-77,-78,-77,0,0,-77,-77,-59,-69
-69,-67,0,-71,0,0,0,0,-69,-69,0,0,-70,-71,0,0,-77,-77,-66,-63,-59,-58,-74,-83,-65,-64,0,0,-65,-65,0,-70,-67,-67,0,0,-76,-77,0,-75,-77,-77,-77,-77,-77,-78,-77,0,0,-77,-77,-59,-69
-69,-67,0,-71,0,0,0,0,-69,-69,0,0,-70,-71,0,0,-77,-77,-66,-63,-59,-58,-74,-83,-65,-64,0,0,-65,-65,0,-70,-67,-67,0,0,-76,-77,0,-75,-77,-77,-77,-77,-77,-78,-77,0,0,-77,-77,-59,-69
-68,-66,-68,-68,0,0,0,0,-81,-80,0,0,-71,-71,0,0,-77,-77,-67,-62,-58,-58,-82,-83,-64,-64,0,-79,-67,-67,-77,-70,-67,-67,0,0,-78,-78,0,-77,-77,-77,-78,-81,-78,-79,-80,0,0,-78,-80,-63,-64
-68,-66,-68,-68,0,0,0,0,-81,-80,0,0,-71,-71,0,0,-77,-77,-67,-62,-58,-58,-82,-83,-64,-64,0,-79,-67,-67,-77,-70,-67,-67,0,0,-78,-78,0,-77,-77,-77,-78,-81,-78,-79,-80,0,0,-78,-80,-63,-64
-68,-66,-68,-68,0,0,0,0,-81,-80,0,0,-71,-71,0,0,-77,-77,-67,-62,-58,-58,-82,-83,-64,-64,0,-79,-67,-67,-77,-70,-67,-67,0,0,-78,-78,0,-77,-77,-77,-78,-81,-78,-79,-80,0,0,-78,-80,-63,-64
-68,-66,-68,-68,0,0,0,0,-81,-80,0,0,-71,-71,0,0,-77,-77,-67,-62,-58,-58,-82,-83,-64,-64,0,-79,-67,-67,-77,-70,-67,-67,0,0,-78,-78,0,-77,-77,-77,-78,-81,-78,-79,-80,0,0,-78,-80,-63,-64
-68,-67,-68,-68,0,0,0,-75,-71,-72,0,0,-71,-72,0,0,-77,-76,-65,-64,-61,-61,-82,-83,-68,-68,0,-79,-72,-72,-77,-75,-74,-74,-87,0,-80,-80,0,-77,-77,-77,-77,-74,-75,-80,-80,0,0,-78,-78,-62,-63
-68,-67,-68,-68,0,0,0,-75,-71,-72,0,0,-71,-72,0,0,-77,-76,-65,-64,-61,-61,-82,-83,-68,-68,0,-79,-72,-72,-77,-75,-74,-74,-87,0,-80,-80,0,-77,-77,-77,-77,-74,-75,-80,-80,0,0,-78,-78,-62,-63
-68,-67,-68,-68,0,0,0,-75,-71,-72,0,0,-71,-72,0,0,-77,-76,-65,-64,-61,-61,-82,-83,-68,-68,0,-79,-72,-72,-77,-75,-74,-74,-87,0,-80,-80,0,-77,-77,-77,-77,-74,-75,-80,-80,0,0,-78,-78,-62,-63
-68,-67,-68,-68,0,0,0,-75,-71,-72,0,0,-71,-72,0,0,-77,-76,-65,-64,-61,-61,-82,-83,-68,-68,0,-79,-72,-72,-77,-75,-74,-74,-87,0,-80,-80,0,-77,-77,-77,-77,-74,-75,-80,-80,0,0,-78,-78,-62,-63
-70,-65,-68,-68,0,0,0,-75,-70,-70,0,0,-77,-78,-74,-76,-75,-75,-65,-61,-59,-59,0,-81,-70,-71,0,-79,-72,-72,-77,-75,-72,-72,-87,0,-82,-81,0,-77,0,-76,-77,-76,-76,-80,-80,0,0,-77,-79,-59,-76
-70,-65,-68,-68,0,0,0,-75,-70,-70,0,0,-77,-78,-74,-76,-75,-75,-65,-61,-59,-59,0,-81,-70,-71,0,-79,-72,-72,-77,-75,-72,-72,-87,0,-82,-81,0,-77,0,-76,-77,-76,-76,-80,-80,0,0,-77,-79,-59,-76
-70,-65,-68,-68,0,0,0,-75,-70,-70,0,0,-77,-78,-74,-76,-75,-75,-65,-61,-59,-59,0,-81,-70,-71,0,-79,-72,-72,-77,-75,-72,-72,-87,0,-82,-81,0,-77,0,-76,-77,-76,-76,-80,-80,0,0,-77,-79,-59,-76
-70,-67,-67,-66,0,0,0,-75,-77,-77,0,0,-76,-76,-74,-76,-75,-75,-67,-68,-60,-60,0,-81,-69,-70,0,0,-77,-77,-75,0,-71,-71,-87,0,-79,-80,0,0,0,-76,-76,-76,-76,-78,-79,0,0,-77,-79,-59,-62
-70,-67,-67,-66,0,0,0,-75,-77,-77,0,0,-76,-76,-74,-76,-75,-75,-67,-68,-60,-60,0,-81,-69,-70,0,0,-77,-77,-75,0,-71,-71,-87,0,-79,-80,0,0,0,-76,-76,-76,-76,-78,-79,0,0,-77,-79,-59,-62
-70,-67,-67,-66,0,0,0,-75,-77,-77,0,0,-76,-76,-74,-76,-75,-75,-67,-68,-60,-60,0,-81,-69,-70,0,0,-77,-77,-75,0,-71,-71,-87,0,-79,-80,0,0,0,-76,-76,-76,-76,-78,-79,0,0,-77,-79,-59,-62
-70,-67,-67,-66,0,0,0,-75,-77,-77,0,0,-76,-76,-74,-76,-75,-75,-67,-68,-60,-60,0,-81,-69,-70,0,0,-77,-77,-75,0,-71,-71,-87,0,-79,-80,0,0,0,-76,-76,-76,-76,-78,-79,0,0,-77,-79,-59,-62
-71,-67,-68,-67,-81,0,0,-80,-79,-79,0,0,-73,-72,-74,-76,-75,-75,-67,-64,-62,-62,-75,-81,-68,-68,0,0,-76,-75,-74,0,-73,-73,0,0,-81,-81,0,0,0,-74,-75,-76,-76,-78,-77,0,0,-76,-75,-69,-62
-71,-67,-68,-67,-81,0,0,-80,-79,-79,0,0,-73,-72,-74,-76,-75,-75,-67,-64,-62,-62,-75,-81,-68,-68,0,0,-76,-75,-74,0,-73,-73,0,0,-81,-81,0,0,0,-74,-75,-76,-76,-78,-77,0,0,-76,-75,-69,-62
-71,-67,-68,-67,-81,0,0,-80,-79,-79,0,0,-73,-72,-74,-76,-75,-75,-67,-64,-62,-62,-75,-81,-68,-68,0,0,-76,-75,-74,0,-73,-73,0,0,-81,-81,0,0,0,-74,-75,-76,-76,-78,-77,0,0,-76,-75,-69,-62
-71,-67,-68,-67,-81,0,0,-80,-79,-79,0,0,-73,-72,-74,-76,-75,-75,-67,-64,-62,-62,-75,-81,-68,-68,0,0,-76,-75,-74,0,-73,-73,0,0,-81,-81,0,0,0,-74,-75,-76,-76,-78,-77,0,0,-76,-75,-69,-62
-71,-67,-66,-66,-81,0,0,0,-76,-75,0,0,-74,-74,-76,-77,0,0,-67,-64,-59,-59,-75,-79,-68,-68,0,0,-67,-66,-74,0,-73,-72,0,-87,-78,-78,0,-77,-76,-76,-76,-76,-76,-80,-80,0,0,-77,-77,-66,-61
-71,-67,-66,-66,-81,0,0,0,-76,-75,0,0,-74,-74,-76,-77,0,0,-67,-64,-59,-59,-75,-79,-68,-68,0,0,-67,-66,-74,0,-73,-72,0,-87,-78,-78,0,-77,-76,-76,-76,-76,-76,-80,-80,0,0,-77,-77,-66,-61
-71,-67,-66,-66,-81,0,0,0,-76,-75,0,0,-74,-74,-76,-77,0,0,-67,-64,-59,-59,-75,-79,-68,-68,0,0,-67,-66,-74,0,-73,-72,0,-87,-78,-78,0,-77,-76,-76,-76,-76,-76,-80,-80,0,0,-77,-77,-66,-61
-67,-65,-66,-66,-81,0,0,0,-77,-78,0,0,-73,-75,-76,-77,0,0,0,-64,-59,-59,-75,0,-69,-71,0,0,-67,-66,-74,-68,-72,-72,0,-87,-82,-83,0,-77,-76,-77,-77,-76,-77,-80,-80,0,0,-80,-80,-69,-64
-67,-65,-66,-66,-81,0,0,0,-77,-78,0,0,-73,-75,-76,-77,0,0,0,-64,-59,-59,-75,0,-69,-71,0,0,-67,-66,-74,-68,-72,-72,0,-87,-82,-83,0,-77,-76,-77,-77,-76,-77,-80,-80,0,0,-80,-80,-69,-64
-67,-65,-66,-66,-81,0,0,0,-77,-78,0,0,-73,-75,-76,-77,0,0,0,-64,-59,-59,-75,0,-69,-71,0,0,-67,-66,-74,-68,-72,-72,0,-87,-82,-83,0,-77,-76,-77,-77,-76,-77,-80,-80,0,0,-80,-80,-69,-64
-67,-65,-66,-66,-81,0,0,0,-77,-78,0,0,-73,-75,-76,-77,0,0,0,-64,-59,-59,-75,0,-69,-71,0,0,-67,-66,-74,-68,-72,-72,0,-87,-82,-83,0,-77,-76,-77,-77,-76,-77,-80,-80,0,0,-80,-80,-69,-64
-67,-63,-66,-66,-79,0,0,0,-74,-74,0,0,-74,-74,-75,-77,-73,-74,-66,-64,-58,-58,-80,0,-69,-69,0,0,-74,-74,-74,-68,-72,-72,0,-87,-82,-83,0,-77,-76,-74,-75,-76,-77,-77,-77,0,0,-78,-80,-73,-62
-67,-63,-66,-66,-79,0,0,0,-74,-74,0,0,-74,-74,-75,-77,-73,-74,-66,-64,-58,-58,-80,0,-69,-69,0,0,-74,-74,-74,-68,-72,-72,0,-87,-82,-83,0,-77,-76,-74,-75,-76,-77,-77,-77,0,0,-78,-80,-73,-62
-67,-63,-66,-66,-79,0,0,0,-74,-74,0,0,-74,-74,-75,-77,-73,-74,-66,-64,-58,-58,-80,0,-69,-69,0,0,-74,-74,-74,-68,-72,-72,0,-87,-82,-83,0,-77,-76,-74,-75,-76,-77,-77,-77,0,0,-78,-80,-73,-62
-67,-63,-66,-66,-79,0,0,0,-74,-74,0,0,-74,-74,-75,-77,-73,-74,-66,-64,-58,-58,-80,0,-69,-69,0,0,-74,-74,-74,-68,-72,-72,0,-87,-82,-83,0,-77,-76,-74,-75,-76,-77,-77,-77,0,0,-78,-80,-73,-62
-67,-63,-64,-65,-79,0,0,0,-82,-83,0,0,-71,-70,-75,-74,-73,-74,-66,-64,-60,-61,0,0,-72,-71,0,0,-74,-74,-74,-68,-70,-70,0,0,-81,-80,0,0,-77,-76,-76,-80,-80,-74,-73,0,0,-80,-81,-61,-59
-67,-63,-64,-65,-79,0,0,0,-82,-83,0,0,-71,-70,-75,-74,-73,-74,-66,-64,-60,-61,0,0,-72,-71,0,0,-74,-74,-74,-68,-70,-70,0,0,-81,-80,0,0,-77,-76,-76,-80,-80,-74,-73,0,0,-80,-81,-61,-59
-67,-63,-64,-65,-79,0,0,0,-82,-83,0,0,-71,-70,-75,-74,-73,-74,-66,-64,-60,-61,0,0,-72,-71,0,0,-74,-74,-74,-68,-70,-70,0,0,-81,-80,0,0,-77,-76,-76,-80,-80,-74,-73,0,0,-80,-81,-61,-59
-68,-65,-77,-77,0,0,0,0,-74,-75,0,0,-72,-73,0,0,-73,-74,-66,-66,-59,-59,0,0,-68,-68,0,0,-68,-66,0,0,-72,-72,0,0,-82,-81,0,0,-77,-76,-75,0,0,-77,-78,0,0,-72,-73,-57,-70
-68,-65,-77,-77,0,0,0,0,-74,-75,0,0,-72,-73,0,0,-73,-74,-66,-66,-59,-59,0,0,-68,-68,0,0,-68,-66,0,0,-72,-72,0,0,-82,-81,0,0,-77,-76,-75,0,0,-77,-78,0,0,-72,-73,-57,-70
-68,-65,-77,-77,0,0,0,0,-74,-75,0,0,-72,-73,0,0,-73,-74,-66,-66,-59,-59,0,0,-68,-68,0,0,-68,-66,0,0,-72,-72,0,0,-82,-81,0,0,-77,-76,-75,0,0,-77,-78,0,0,-72,-73,-57,-70
-68,-65,-77,-77,0,0,0,0,-74,-75,0,0,-72,-73,0,0,-73,-74,-66,-66,-59,-59,0,0,-68,-68,0,0,-68,-66,0,0,-72,-72,0,0,-82,-81,0,0,-77,-76,-75,0,0,-77,-78,0,0,-72,-73,-57,-70
0,-70,-77,-77,0,-75,-76,0,-74,-81,0,0,-72,-73,0,0,-77,-77,-74,-62,-63,-62,0,0,-69,-70,0,0,-69,-69,0,0,-68,-68,0,0,-76,-77,0,-85,-73,-76,-75,-79,-78,-78,-77,0,0,-83,-83,-52,-67
0,-70,-77,-77,0,-75,-76,0,-74,-81,0,0,-72,-73,0,0,-77,-77,-74,-62,-63,-62,0,0,-69,-70,0,0,-69,-69,0,0,-68,-68,0,0,-76,-77,0,-85,-73,-76,-75,-79,-78,-78,-77,0,0,-83,-83,-52,-67
0,-70,-77,-77,0,-75,-76,0,-74,-81,0,0,-72,-73,0,0,-77,-77,-74,-62,-63,-62,0,0,-69,-70,0,0,-69,-69,0,0,-68,-68,0,0,-76,-77,0,-85,-73,-76,-75,-79,-78,-78,-77,0,0,-83,-83,-52,-67
0,-70,-77,-77,0,-75,-76,0,-74,-81,0,0,-72,-73,0,0,-77,-77,-74,-62,-63,-62,0,0,-69,-70,0,0,-69,-69,0,0,-68,-68,0,0,-76,-77,0,-85,-73,-76,-75,-79,-78,-78,-77,0,0,-83,-83,-52,-67
0,-70,-75,-75,-80,-75,-76,0,-74,-74,0,0,-79,-79,0,-64,-80,-79,-74,-71,-67,-67,0,-76,-69,-70,0,0,-71,-72,-71,0,-67,-68,0,0,-79,-80,0,-85,-85,-80,-80,-79,-78,0,-83,0,-82,-83,-83,-41,-63
0,-70,-75,-75,-80,-75,-76,0,-74,-74,0,0,-79,-79,0,-64,-80,-79,-74,-71,-67,-67,0,-76,-69,-70,0,0,-71,-72,-71,0,-67,-68,0,0,-79,-80,0,-85,-85,-80,-80,-79,-78,0,-83,0,-82,-83,-83,-41,-63
0,-70,-75,-75,-80,-75,-76,0,-74,-74,0,0,-79,-79,0,-64,-80,-79,-74,-71,-67,-67,0,-76,-69,-70,0,0,-71,-72,-71,0,-67,-68,0,0,-79,-80,0,-85,-85,-80,-80,-79,-78,0,-83,0,-82,-83,-83,-41,-63
0,-70,-75,-75,-80,-75,-76,0,-74,-74,0,0,-79,-79,0,-64,-80,-79,-74,-71,-67,-67,0,-76,-69,-70,0,0,-71,-72,-71,0,-67,-68,0,0,-79,-80,0,-85,-85,-80,-80,-79,-78,0,-83,0,-82,-83,-83,-41,-63
0,-67,-69,-69,-78,0,0,0,-73,-74,0,0,-73,-73,0,-68,-75,-75,-72,-69,-64,-64,-76,-77,-68,-70,0,0,-67,-67,-72,-69,-67,-67,0,0,-72,-72,0,-83,-84,-81,-80,-81,-79,-80,-84,0,0,-80,-82,-39,-60
0,-67,-69,-69,-78,0,0,0,-73,-74,0,0,-73,-73,0,-68,-75,-75,-72,-69,-64,-64,-76,-77,-68,-70,0,0,-67,-67,-72,-69,-67,-67,0,0,-72,-72,0,-83,-84,-81,-80,-81,-79,-80,-84,0,0,-80,-82,-39,-60
0,0,-75,-77,-78,0,0,0,-78,-77,0,0,-77,-78,0,-69,-75,-75,-72,-69,-64,-64,-76,-77,-73,-71,0,0,-79,-79,0,-70,-68,-68,0,0,-76,-76,0,-84,-83,-81,-80,-79,-80,-80,-84,0,0,-79,-79,-40,-59
0,0,-75,-77,-78,0,0,0,-78,-77,0,0,-77,-78,0,-69,-75,-75,-72,-69,-64,-64,-76,-77,-73,-71,0,0,-79,-79,0,-70,-68,-68,0,0,-76,-76,0,-84,-83,-81,-80,-79,-80,-80,-84,0,0,-79,-79,-40,-59
0,0,-75,-77,-78,0,0,0,-78,-77,0,0,-77,-78,0,-69,-75,-75,-72,-69,-64,-64,-76,-77,-73,-71,0,0,-79,-79,0,-70,-68,-68,0,0,-76,-76,0,-84,-83,-81,-80,-79,-80,-80,-84,0,0,-79,-79,-40,-59
0,0,-75,-77,-78,0,0,0,-78,-77,0,0,-77,-78,0,-69,-75,-75,-72,-69,-64,-64,-76,-77,-73,-71,0,0,-79,-79,0,-70,-68,-68,0,0,-76,-76,0,-84,-83,-81,-80,-79,-80,-80,-84,0,0,-79,-79,-40,-59
0,0,-75,-77,-74,0,0,0,-73,-74,0,0,-77,-77,0,-69,-81,-81,-72,-69,-65,-65,-76,-75,-71,-71,-78,-82,-74,-75,0,-70,-69,-69,0,0,-73,-73,0,-84,-83,-80,-80,-79,-80,-80,-80,0,0,-79,-81,-39,-57
0,0,-75,-77,-74,0,0,0,-73,-74,0,0,-77,-77,0,-69,-81,-81,-72,-69,-65,-65,-76,-75,-71,-71,-78,-82,-74,-75,0,-70,-69,-69,0,0,-73,-73,0,-84,-83,-80,-80,-79,-80,-80,-80,0,0,-79,-81,-39,-57
0,0,-75,-77,-74,0,0,0,-73,-74,0,0,-77,-77,0,-69,-81,-81,-72,-69,-65,-65,-76,-75,-71,-71,-78,-82,-74,-75,0,-70,-69,-69,0,0,-73,-73,0,-84,-83,-80,-80,-79,-80,-80,-80,0,0,-79,-81,-39,-57
0,0,-75,-76,-84,0,0,0,-72,-72,0,0,-77,-78,0,-69,-81,-81,-73,-70,-61,-62,-77,0,-69,-71,-78,-82,-75,-76,-72,-73,-67,-67,0,0,-76,-75,0,-84,-83,-78,-79,-81,-80,-80,-82,-86,0,-81,-81,-41,-58
0,0,-75,-76,-84,0,0,0,-72,-72,0,0,-77,-78,0,-69,-81,-81,-73,-70,-61,-62,-77,0,-69,-71,-78,-82,-75,-76,-72,-73,-67,-67,0,0,-76,-75,0,-84,-83,-78,-79,-81,-80,-80,-82,-86,0,-81,-81,-41,-58
0,0,-75,-76,-84,0,0,0,-72,-72,0,0,-77,-78,0,-69,-81,-81,-73,-70,-61,-62,-77,0,-69,-71,-78,-82,-75,-76,-72,-73,-67,-67,0,0,-76,-75,0,-84,-83,-78,-79,-81,-80,-80,-82,-86,0,-81,-81,-41,-58
0,0,-75,-76,-84,0,0,0,-72,-72,0,0,-77,-78,0,-69,-81,-81,-73,-70,-61,-62,-77,0,-69,-71,-78,-82,-75,-76,-72,-73,-67,-67,0,0,-76,-75,0,-84,-83,-78,-79,-81,-80,-80,-82,-86,0,-81,-81,-41,-58
0,0,-77,-75,0,0,0,0,-71,-71,0,0,-77,-77,0,-71,-81,-81,-72,-71,-64,-65,-77,0,-69,-69,-78,-82,-76,-76,-72,-73,-73,-74,0,-84,-76,-76,0,-84,-82,-79,-80,-82,-82,-80,-82,-86,0,-82,-81,-40,-60
0,0,-77,-75,0,0,0,0,-71,-71,0,0,-77,-77,0,-71,-81,-81,-72,-71,-64,-65,-77,0,-69,-69,-78,-82,-76,-76,-72,-73,-73,-74,0,-84,-76,-76,0,-84,-82,-79,-80,-82,-82,-80,-82,-86,0,-82,-81,-40,-60
0,0,-77,-75,0,0,0,0,-71,-71,0,0,-77,-77,0,-71,-81,-81,-72,-71,-64,-65,-77,0,-69,-69,-78,-82,-76,-76,-72,-73,-73,-74,0,-84,-76,-76,0,-84,-82,-79,-80,-82,-82,-80,-82,-86,0,-82,-81,-40,-60
0,0,-77,-75,0,0,0,0,-71,-71,0,0,-77,-77,0,-71,-81,-81,-72,-71,-64,-65,-77,0,-69,-69,-78,-82,-76,-76,-72,-73,-73,-74,0,-84,-76,-76,0,-84,-82,-79,-80,-82,-82,-80,-82,-86,0,-82,-81,-40,-60
0,-71,-78,-78,-86,0,0,0,-72,-72,0,0,-75,-75,-70,-71,-78,-78,-72,-71,-67,-67,-77,0,-69,-69,0,0,-77,-78,-72,-73,-74,-74,0,-84,-76,-76,0,-84,-82,-79,-80,-82,-82,-80,-81,-86,0,-83,-82,-40,-59
0,-71,-78,-78,-86,0,0,0,-72,-72,0,0,-75,-75,-70,-71,-78,-78,-72,-71,-67,-67,-77,0,-69,-69,0,0,-77,-78,-72,-73,-74,-74,0,-84,-76,-76,0,-84,-82,-79,-80,-82,-82,-80,-81,-86,0,-83,-82,-40,-59
0,-71,-78,-78,-86,0,0,0,-72,-72,0,0,-75,-75,-70,-71,-78,-78,-72,-71,-67,-67,-77,0,-69,-69,0,0,-77,-78,-72,-73,-74,-74,0,-84,-76,-76,0,-84,-82,-79,-80,-82,-82,-80,-81,-86,0,-83,-82,-40,-59
0,-71,-74,-74,-86,0,0,0,-72,-72,0,-84,-75,-75,-70,-71,-77,-79,-72,-70,-64,-64,0,0,-67,-68,-78,-79,-75,-75,-72,0,-71,-71,0,-84,-76,-77,0,-84,-82,-79,-81,-84,-81,-81,-81,0,0,-83,-82,-41,-60
0,-71,-74,-74,-86,0,0,0,-72,-72,0,-84,-75,-75,-70,-71,-77,-79,-72,-70,-64,-64,0,0,-67,-68,-78,-79,-75,-75,-72,0,-71,-71,0,-84,-76,-77,0,-84,-82,-79,-81,-84,-81,-81,-81,0,0,-83,-82,-41,-60
0,-71,-74,-74,-86,0,0,0,-72,-72,0,-84,-75,-75,-70,-71,-77,-79,-72,-70,-64,-64,0,0,-67,-68,-78,-79,-75,-75,-72,0,-71,-71,0,-84,-76,-77,0,-84,-82,-79,-81,-84,-81,-81,-81,0,0,-83,-82,-41,-60
0,-71,-74,-74,-86,0,0,0,-72,-72,0,-84,-75,-75,-70,-71,-77,-79,-72,-70,-64,-64,0,0,-67,-68,-78,-79,-75,-75,-72,0,-71,-71,0,-84,-76,-77,0,-84,-82,-79,-81,-84,-81,-81,-81,0,0,-83,-82,-41,-60
0,-71,-74,-74,-86,0,0,0,-73,-72,0,-84,-76,-75,-70,-67,-77,-76,0,-69,-64,-64,0,0,-66,-67,-78,-79,-75,-75,-72,-74,-72,-72,0,-86,-76,-76,0,-87,0,-79,-79,-79,-79,-81,-81,0,0,-82,-81,-40,-54
0,-71,-74,-74,-86,0,0,0,-73,-72,0,-84,-76,-75,-70,-67,-77,-76,0,-69,-64,-64,0,0,-66,-67,-78,-79,-75,-75,-72,-74,-72,-72,0,-86,-76,-76,0,-87,0,-79,-79,-79,-79,-81,-81,0,0,-82,-81,-40,-54
0,-71,-74,-74,-86,0,0,0,-73,-72,0,-84,-76,-75,-70,-67,-77,-76,0,-69,-64,-64,0,0,-66,-67,-78,-79,-75,-75,-72,-74,-72,-72,0,-86,-76,-76,0,-87,0,-79,-79,-79,-79,-81,-81,0,0,-82,-81,-40,-54
0,-71,-74,-74,-86,0,0,0,-73,-72,0,-84,-76,-75,-70,-67,-77,-76,0,-69,-64,-64,0,0,-66,-67,-78,-79,-75,-75,-72,-74,-72,-72,0,-86,-76,-76,0,-87,0,-79,-79,-79,-79,-81,-81,0,0,-82,-81,-40,-54
0,0,-74,-74,-82,0,0,0,-73,-73,0,-84,-76,-75,-73,-68,-79,-77,-67,-65,-69,-69,-78,0,-68,-71,-78,-79,-70,-71,-72,-74,-70,-70,0,-86,-74,-75,0,0,0,-77,-77,-80,-82,-81,-81,0,0,-79,-79,-44,-58
0,0,-74,-74,-82,0,0,0,-73,-73,0,-84,-76,-75,-73,-68,-79,-77,-67,-65,-69,-69,-78,0,-68,-71,-78,-79,-70,-71,-72,-74,-70,-70,0,-86,-74,-75,0,0,0,-77,-77,-80,-82,-81,-81,0,0,-79,-79,-44,-58
0,0,-74,-74,-82,0,0,0,-73,-73,0,-84,-76,-75,-73,-68,-79,-77,-67,-65,-69,-69,-78,0,-68,-71,-78,-79,-70,-71,-72,-74,-70,-70,0,-86,-74,-75,0,0,0,-77,-77,-80,-82,-81,-81,0,0,-79,-79,-44,-58
0,0,-74,-74,-82,0,0,0,-73,-73,0,-84,-76,-75,-73,-68,-79,-77,-67,-65,-69,-69,-78,0,-68,-71,-78,-79,-70,-71,-72,-74,-70,-70,0,-86,-74,-75,0,0,0,-77,-77,-80,-82,-81,-81,0,0,-79,-79,-44,-58
0,0,-71,-71,-82,0,0,0,-77,-77,0,0,-80,-80,-73,-66,-78,-79,-67,-65,-64,-64,-78,0,-64,-64,0,0,-73,-73,-72,-74,-68,-68,0,-86,-73,-73,0,0,0,-81,-82,-80,-82,-85,-84,0,0,-81,-80,-43,-62
0,0,-71,-71,-82,0,0,0,-77,-77,0,0,-80,-80,-73,-66,-78,-79,-67,-65,-64,-64,-78,0,-64,-64,0,0,-73,-73,-72,-74,-68,-68,0,-86,-73,-73,0,0,0,-81,-82,-80,-82,-85,-84,0,0,-81,-80,-43,-62
0,0,-71,-71,-82,0,0,0,-77,-77,0,0,-80,-80,-73,-66,-78,-79,-67,-65,-64,-64,-78,0,-64,-64,0,0,-73,-73,-72,-74,-68,-68,0,-86,-73,-73,0,0,0,-81,-82,-80,-82,-85,-84,0,0,-81,-80,-43,-62
0,0,-71,-71,-82,0,0,0,-77,-77,0,0,-80,-80,-73,-66,-78,-79,-67,-65,-64,-64,-78,0,-64,-64,0,0,-73,-73,-72,-74,-68,-68,0,-86,-73,-73,0,0,0,-81,-82,-80,-82,-85,-84,0,0,-81,-80,-43,-62
0,0,0,0,-82,0,0,0,-74,-75,0,0,-75,-76,-73,-71,-78,-79,-67,-65,-65,-65,-78,0,-71,-72,0,-72,-73,-74,0,0,-68,-69,0,0,-80,-80,0,-84,-87,-85,-82,0,0,-85,-84,0,0,-81,-80,-50,-62
0,0,0,0,-82,0,0,0,-74,-75,0,0,-75,-76,-73,-71,-78,-79,-67,-65,-65,-65,-78,0,-71,-72,0,-72,-73,-74,0,0,-68,-69,0,0,-80,-80,0,-84,-87,-85,-82,0,0,-85,-84,0,0,-81,-80,-50,-62
0,0,0,0,-82,0,0,0,-74,-75,0,0,-75,-76,-73,-71,-78,-79,-67,-65,-65,-65,-78,0,-71,-72,0,-72,-73,-74,0,0,-68,-69,0,0,-80,-80,0,-84,-87,-85,-82,0,0,-85,-84,0,0,-81,-80,-50,-62
-71,0,0,0,-83,0,0,0,-77,-77,0,0,-76,-77,-70,-68,-76,-76,0,-65,-66,-66,-74,0,-71,-72,0,-72,-76,-76,0,0,-68,-69,0,0,-86,-84,0,-84,-87,-84,-83,-77,-76,-85,-84,0,0,-82,-82,-50,-58
-71,0,0,0,-83,0,0,0,-77,-77,0,0,-76,-77,-70,-68,-76,-76,0,-65,-66,-66,-74,0,-71,-72,0,-72,-76,-76,0,0,-68,-69,0,0,-86,-84,0,-84,-87,-84,-83,-77,-76,-85,-84,0,0,-82,-82,-50,-58
-71,0,0,0,-83,0,0,0,-77,-77,0,0,-76,-77,-70,-68,-76,-76,0,-65,-66,-66,-74,0,-71,-72,0,-72,-76,-76,0,0,-68,-69,0,0,-86,-84,0,-84,-87,-84,-83,-77,-76,-85,-84,0,0,-82,-82,-50,-58
-71,0,0,0,-83,0,0,0,-77,-77,0,0,-76,-77,-70,-68,-76,-76,0,-65,-66,-66,-74,0,-71,-72,0,-72,-76,-76,0,0,-68,-69,0,0,-86,-84,0,-84,-87,-84,-83,-77,-76,-85,-84,0,0,-82,-82,-50,-58
-71,0,-73,-73,-75,0,0,0,-77,-76,-83,-83,-75,-74,-70,-67,-75,-75,0,-63,-71,-72,-74,0,-69,-71,0,-72,-72,-72,-67,-79,-74,-74,0,0,-80,-80,0,-84,-87,-84,-83,-77,-76,-81,-81,0,0,-83,-82,-52,-66
-71,0,-73,-73,-75,0,0,0,-77,-76,-83,-83,-75,-74,-70,-67,-75,-75,0,-63,-71,-72,-74,0,-69,-71,0,-72,-72,-72,-67,-79,-74,-74,0,0,-80,-80,0,-84,-87,-84,-83,-77,-76,-81,-81,0,0,-83,-82,-52,-66
-71,0,-73,-73,-75,0,0,0,-77,-76,-83,-83,-75,-74,-70,-67,-75,-75,0,-63,-71,-72,-74,0,-69,-71,0,-72,-72,-72,-67,-79,-74,-74,0,0,-80,-80,0,-84,-87,-84,-83,-77,-76,-81,-81,0,0,-83,-82,-52,-66
-71,0,-73,-73,-75,0,0,0,-77,-76,-83,-83,-75,-74,-70,-67,-75,-75,0,-63,-71,-72,-74,0,-69,-71,0,-72,-72,-72,-67,-79,-74,-74,0,0,-80,-80,0,-84,-87,-84,-83,-77,-76,-81,-81,0,0,-83,-82,-52,-66
-71,0,-73,-73,-75,0,0,0,-77,-76,-83,-83,-75,-74,-70,-67,-75,-75,0,-63,-71,-72,-74,0,-69,-71,0,-72,-72,-72,-67,-79,-74,-74,0,0,-80,-80,0,-84,-87,-84,-83,-77,-76,-81,-81,0,0,-83,-82,-52,-66
-71,0,-73,-73,-75,0,0,0,-78,-78,-83,-83,-76,-74,0,-68,-74,-75,-70,-67,-62,-63,0,0,-70,-72,0,-73,-70,-70,-67,-79,-64,-64,0,0,-78,-78,0,0,0,-84,-83,-77,-76,-81,-81,0,0,-83,-82,-40,-58
-71,0,-73,-73,-75,0,0,0,-78,-78,-83,-83,-76,-74,0,-68,-74,-75,-70,-67,-62,-63,0,0,-70,-72,0,-73,-70,-70,-67,-79,-64,-64,0,0,-78,-78,0,0,0,-84,-83,-77,-76,-81,-81,0,0,-83,-82,-40,-58
-71,0,-73,-73,-75,0,0,0,-78,-78,-83,-83,-76,-74,0,-68,-74,-75,-70,-67,-62,-63,0,0,-70,-72,0,-73,-70,-70,-67,-79,-64,-64,0,0,-78,-78,0,0,0,-84,-83,-77,-76,-81,-81,0,0,-83,-82,-40,-58
-71,0,-73,-73,-75,0,0,0,-78,-78,-83,-83,-76,-74,0,-68,-74,-75,-70,-67,-62,-63,0,0,-70,-72,0,-73,-70,-70,-67,-79,-64,-64,0,0,-78,-78,0,0,0,-84,-83,-77,-76,-81,-81,0,0,-83,-82,-40,-58
-71,-73,-73,-73,-74,0,0,-74,-78,-78,-83,-83,-75,-76,-69,-68,-76,-75,-70,-70,-64,-64,0,0,-68,-68,0,-73,-77,-77,-67,-79,-64,-64,0,0,-75,-75,0,-83,-84,-84,-83,-80,-80,-81,-81,0,0,-82,-82,-41,-57
-71,-73,-73,-73,-74,0,0,-74,-78,-78,-83,-83,-75,-76,-69,-68,-76,-75,-70,-70,-64,-64,0,0,-68,-68,0,-73,-77,-77,-67,-79,-64,-64,0,0,-75,-75,0,-83,-84,-84,-83,-80,-80,-81,-81,0,0,-82,-82,-41,-57
-71,-73,-73,-73,-74,0,0,-74,-78,-78,-83,-83,-75,-76,-69,-68,-76,-75,-70,-70,-64,-64,0,0,-68,-68,0,-73,-77,-77,-67,-79,-64,-64,0,0,-75,-75,0,-83,-84,-84,-83,-80,-80,-81,-81,0,0,-82,-82,-41,-57
-71,-73,-74,-74,-74,0,0,-74,-78,-78,0,0,-84,-83,-69,0,-76,-75,-70,-70,-66,-66,0,0,-69,-69,0,0,-78,-77,0,0,-66,-66,0,0,-75,-75,0,-83,-84,-78,-80,-80,-80,0,0,0,0,-82,-82,-39,-59
-71,-73,-74,-74,-74,0,0,-74,-78,-78,0,0,-84,-83,-69,0,-76,-75,-70,-70,-66,-66,0,0,-69,-69,0,0,-78,-77,0,0,-66,-66,0,0,-75,-75,0,-83,-84,-78,-80,-80,-80,0,0,0,0,-82,-82,-39,-59
-71,-73,-74,-74,-74,0,0,-74,-78,-78,0,0,-84,-83,-69,0,-76,-75,-70,-70,-66,-66,0,0,-69,-69,0,0,-78,-77,0,0,-66,-66,0,0,-75,-75,0,-83,-84,-78,-80,-80,-80,0,0,0,0,-82,-82,-39,-59
-71,-73,-74,-74,-74,0,0,-74,-78,-78,0,0,-84,-83,-69,0,-76,-75,-70,-70,-66,-66,0,0,-69,-69,0,0,-78,-77,0,0,-66,-66,0,0,-75,-75,0,-83,-84,-78,-80,-80,-80,0,0,0,0,-82,-82,-39,-59
-70,-73,-74,-74,-78,0,0,-74,-73,-73,0,0,-73,-79,-69,-72,-73,-74,0,-63,-68,-68,0,-78,-66,-72,0,-74,-66,-66,0,0,-66,-66,0,-88,-77,-78,0,-83,-84,-83,-83,-83,-82,-86,0,0,0,-75,-76,-39,-57
-70,-73,-74,-74,-78,0,0,-74,-73,-73,0,0,-73,-79,-69,-72,-73,-74,0,-63,-68,-68,0,-78,-66,-72,0,-74,-66,-66,0,0,-66,-66,0,-88,-77,-78,0,-83,-84,-83,-83,-83,-82,-86,0,0,0,-75,-76,-39,-57
-70,-73,-74,-74,-78,0,0,-74,-73,-73,0,0,-73,-79,-69,-72,-73,-74,0,-63,-68,-68,0,-78,-66,-72,0,-74,-66,-66,0,0,-66,-66,0,-88,-77,-78,0,-83,-84,-83,-83,-83,-82,-86,0,0,0,-75,-76,-39,-57
-70,-73,-74,-74,-78,0,0,-74,-73,-73,0,0,-73,-79,-69,-72,-73,-74,0,-63,-68,-68,0,-78,-66,-72,0,-74,-66,-66,0,0,-66,-66,0,-88,-77,-78,0,-83,-84,-83,-83,-83,-82,-86,0,0,0,-75,-76,-39,-57
-70,-69,-69,-70,0,0,0,0,-76,-76,0,0,-78,-78,-73,-72,-73,-74,-64,-63,-65,-65,0,-78,-70,-72,0,-74,-65,-65,-74,-79,-74,-73,0,-88,-84,-83,0,-84,-85,-83,-83,-85,-84,-86,0,0,0,-76,-76,-53,-68
-70,-69,-69,-70,0,0,0,0,-76,-76,0,0,-78,-78,-73,-72,-73,-74,-64,-63,-65,-65,0,-78,-70,-72,0,-74,-65,-65,-74,-79,-74,-73,0,-88,-84,-83,0,-84,-85,-83,-83,-85,-84,-86,0,0,0,-76,-76,-53,-68
-70,-69,-69,-70,0,0,0,0,-76,-76,0,0,-78,-78,-73,-72,-73,-74,-64,-63,-65,-65,0,-78,-70,-72,0,-74,-65,-65,-74,-79,-74,-73,0,-88,-84,-83,0,-84,-85,-83,-83,-85,-84,-86,0,0,0,-76,-76,-53,-68
-70,-69,-69,-70,0,0,0,0,-76,-76,0,0,-78,-78,-73,-72,-73,-74,-64,-63,-65,-65,0,-78,-70,-72,0,-74,-65,-65,-74,-79,-74,-73,0,-88,-84,-83,0,-84,-85,-83,-83,-85,-84,-86,0,0,0,-76,-76,-53,-68
0,-73,-66,-67,-72,0,0,-83,-84,-84,0,0,-76,-76,-82,-84,-78,-80,-64,-63,-68,-68,-74,-75,-71,-72,-72,-76,-70,-70,-74,-79,-59,-59,0,-86,-79,-79,0,-84,-85,-83,-83,-85,-84,-83,-83,0,0,-83,-81,-54,-62
0,-73,-66,-67,-72,0,0,-83,-84,-84,0,0,-76,-76,-82,-84,-78,-80,-64,-63,-68,-68,-74,-75,-71,-72,-72,-76,-70,-70,-74,-79,-59,-59,0,-86,-79,-79,0,-84,-85,-83,-83,-85,-84,-83,-83,0,0,-83,-81,-54,-62
0,0,-67,-67,-72,0,0,-83,-85,-84,0,0,-75,-74,-83,-84,-78,-80,-63,-66,-67,-67,-74,-71,-70,-73,-72,-76,-71,-71,-70,-73,-64,-64,0,0,-79,-80,0,-81,-86,-83,-85,-85,0,-83,-83,0,0,-83,-83,-52,-64
0,0,-67,-67,-72,0,0,-83,-85,-84,0,0,-75,-74,-83,-84,-78,-80,-63,-66,-67,-67,-74,-71,-70,-73,-72,-76,-71,-71,-70,-73,-64,-64,0,0,-79,-80,0,-81,-86,-83,-85,-85,0,-83,-83,0,0,-83,-83,-52,-64
0,0,-67,-67,-72,0,0,-83,-85,-84,0,0,-75,-74,-83,-84,-78,-80,-63,-66,-67,-67,-74,-71,-70,-73,-72,-76,-71,-71,-70,-73,-64,-64,0,0,-79,-80,0,-81,-86,-83,-85,-85,0,-83,-83,0,0,-83,-83,-52,-64
0,0,-67,-67,-72,0,0,-83,-85,-84,0,0,-75,-74,-83,-84,-78,-80,-63,-66,-67,-67,-74,-71,-70,-73,-72,-76,-71,-71,-70,-73,-64,-64,0,0,-79,-80,0,-81,-86,-83,-85,-85,0,-83,-83,0,0,-83,-83,-52,-64
0,0,-67,-68,-71,0,0,-83,-85,-84,0,0,-77,-76,-83,-84,-77,-77,-66,-62,-66,-66,-74,-71,-72,-73,-72,-72,-68,-68,-71,-73,-64,-64,0,0,-80,-81,0,-81,-80,-82,-86,-85,0,-85,-84,0,0,-82,-82,-57,-62
0,0,-67,-68,-71,0,0,-83,-85,-84,0,0,-77,-76,-83,-84,-77,-77,-66,-62,-66,-66,-74,-71,-72,-73,-72,-72,-68,-68,-71,-73,-64,-64,0,0,-80,-81,0,-81,-80,-82,-86,-85,0,-85,-84,0,0,-82,-82,-57,-62
0,0,-67,-68,-71,0,0,-83,-85,-84,0,0,-77,-76,-83,-84,-77,-77,-66,-62,-66,-66,-74,-71,-72,-73,-72,-72,-68,-68,-71,-73,-64,-64,0,0,-80,-81,0,-81,-80,-82,-86,-85,0,-85,-84,0,0,-82,-82,-57,-62
0,0,-67,-68,-71,0,0,-83,-85,-84,0,0,-77,-76,-83,-84,-77,-77,-66,-62,-66,-66,-74,-71,-72,-73,-72,-72,-68,-68,-71,-73,-64,-64,0,0,-80,-81,0,-81,-80,-82,-86,-85,0,-85,-84,0,0,-82,-82,-57,-62
0,0,-66,-67,-71,0,0,0,-85,-84,0,0,-76,-77,0,0,-83,-82,-66,-66,-67,-68,0,0,-65,-68,0,0,-68,-68,0,-82,-60,-60,0,0,-81,-80,0,-82,-82,-82,-83,0,0,-85,-84,0,0,-82,-82,-54,-62
0,0,-66,-67,-71,0,0,0,-85,-84,0,0,-76,-77,0,0,-83,-82,-66,-66,-67,-68,0,0,-65,-68,0,0,-68,-68,0,-82,-60,-60,0,0,-81,-80,0,-82,-82,-82,-83,0,0,-85,-84,0,0,-82,-82,-54,-62
0,0,-66,-67,-71,0,0,0,-85,-84,0,0,-76,-77,0,0,-83,-82,-66,-66,-67,-68,0,0,-65,-68,0,0,-68,-68,0,-82,-60,-60,0,0,-81,-80,0,-82,-82,-82,-83,0,0,-85,-84,0,0,-82,-82,-54,-62
0,0,-66,-67,-71,0,0,0,-85,-84,0,0,-76,-77,0,0,-83,-82,-66,-66,-67,-68,0,0,-65,-68,0,0,-68,-68,0,-82,-60,-60,0,0,-81,-80,0,-82,-82,-82,-83,0,0,-85,-84,0,0,-82,-82,-54,-62
-74,-72,-74,-74,-72,0,0,0,-84,-82,0,0,-74,-74,0,0,-83,-81,0,-63,-70,-69,0,0,-66,-68,0,0,-67,-67,0,0,-64,-64,0,0,-80,-80,0,-82,-82,-82,-82,0,0,-85,-84,0,0,-85,-83,-52,-72
-74,-72,-74,-74,-72,0,0,0,-84,-82,0,0,-74,-74,0,0,-83,-81,0,-63,-70,-69,0,0,-66,-68,0,0,-67,-67,0,0,-64,-64,0,0,-80,-80,0,-82,-82,-82,-82,0,0,-85,-84,0,0,-85,-83,-52,-72
-74,-72,-74,-74,-72,0,0,0,-84,-82,0,0,-74,-74,0,0,-83,-81,0,-63,-70,-69,0,0,-66,-68,0,0,-67,-67,0,0,-64,-64,0,0,-80,-80,0,-82,-82,-82,-82,0,0,-85,-84,0,0,-85,-83,-52,-72
-74,-72,-74,-74,-82,-79,-80,0,-81,-85,0,0,-75,-75,0,0,-80,-81,0,-63,-64,-64,0,0,-68,-68,0,0,-68,-69,0,-79,-68,-68,0,0,-75,-75,0,-82,-82,-80,-80,0,0,0,0,0,0,-82,-83,-50,-62
-74,-72,-74,-74,-82,-79,-80,0,-81,-85,0,0,-75,-75,0,0,-80,-81,0,-63,-64,-64,0,0,-68,-68,0,0,-68,-69,0,-79,-68,-68,0,0,-75,-75,0,-82,-82,-80,-80,0,0,0,0,0,0,-82,-83,-50,-62
-74,-72,-74,-74,-82,-79,-80,0,-81,-85,0,0,-75,-75,0,0,-80,-81,0,-63,-64,-64,0,0,-68,-68,0,0,-68,-69,0,-79,-68,-68,0,0,-75,-75,0,-82,-82,-80,-80,0,0,0,0,0,0,-82,-83,-50,-62
-74,-72,-74,-74,-82,-79,-80,0,-81,-85,0,0,-75,-75,0,0,-80,-81,0,-63,-64,-64,0,0,-68,-68,0,0,-68,-69,0,-79,-68,-68,0,0,-75,-75,0,-82,-82,-80,-80,0,0,0,0,0,0,-82,-83,-50,-62
-74,-72,-73,-74,-73,-79,-80,0,-81,-81,0,0,-72,-73,0,0,-80,-81,0,-63,-70,-70,-79,-80,-67,-67,0,0,-70,-70,-65,-79,-62,-62,0,0,-76,-76,0,0,0,-80,-80,0,0,0,0,0,0,-82,-83,-47,-58
-74,-72,-73,-74,-73,-79,-80,0,-81,-81,0,0,-72,-73,0,0,-80,-81,0,-63,-70,-70,-79,-80,-67,-67,0,0,-70,-70,-65,-79,-62,-62,0,0,-76,-76,0,0,0,-80,-80,0,0,0,0,0,0,-82,-83,-47,-58
-74,-72,-73,-74,-73,-79,-80,0,-81,-81,0,0,-72,-73,0,0,-80,-81,0,-63,-70,-70,-79,-80,-67,-67,0,0,-70,-70,-65,-79,-62,-62,0,0,-76,-76,0,0,0,-80,-80,0,0,0,0,0,0,-82,-83,-47,-58
-74,-72,-73,-74,-73,-79,-80,0,-81,-81,0,0,-72,-73,0,0,-80,-81,0,-63,-70,-70,-79,-80,-67,-67,0,0,-70,-70,-65,-79,-62,-62,0,0,-76,-76,0,0,0,-80,-80,0,0,0,0,0,0,-82,-83,-47,-58
-75,-72,-76,-76,-73,-79,-80,0,-81,-82,0,0,-72,-73,-77,-71,-82,-82,0,0,-67,-66,-79,-80,-65,-67,0,0,-68,-68,-65,-79,-64,-64,0,0,-79,-78,0,0,-80,-80,-80,0,0,-84,-84,0,0,0,-85,-53,-59
-75,-72,-76,-76,-73,-79,-80,0,-81,-82,0,0,-72,-73,-77,-71,-82,-82,0,0,-67,-66,-79,-80,-65,-67,0,0,-68,-68,-65,-79,-64,-64,0,0,-79,-78,0,0,-80,-80,-80,0,0,-84,-84,0,0,0,-85,-53,-59
-75,-72,-76,-76,-73,-79,-80,0,-81,-82,0,0,-72,-73,-77,-71,-82,-82,0,0,-67,-66,-79,-80,-65,-67,0,0,-68,-68,-65,-79,-64,-64,0,0,-79,-78,0,0,-80,-80,-80,0,0,-84,-84,0,0,0,-85,-53,-59
-75,-72,-76,-76,-73,-79,-80,0,-81,-82,0,0,-72,-73,-77,-71,-82,-82,0,0,-67,-66,-79,-80,-65,-67,0,0,-68,-68,-65,-79,-64,-64,0,0,-79,-78,0,0,-80,-80,-80,0,0,-84,-84,0,0,0,-85,-53,-59
0,-72,-73,-73,-74,0,0,0,-80,-80,0,0,-73,-74,-77,-71,-83,-83,0,0,-67,-66,-79,-80,-64,-66,-72,-69,-68,-68,-65,-81,-64,-64,0,0,-75,-75,0,0,-80,-80,-79,-84,-86,-84,-84,0,0,0,-85,-49,-61
0,-72,-73,-73,-74,0,0,0,-80,-80,0,0,-73,-74,-77,-71,-83,-83,0,0,-67,-66,-79,-80,-64,-66,-72,-69,-68,-68,-65,-81,-64,-64,0,0,-75,-75,0,0,-80,-80,-79,-84,-86,-84,-84,0,0,0,-85,-49,-61
0,-72,-73,-73,-74,0,0,0,-80,-80,0,0,-73,-74,-77,-71,-83,-83,0,0,-67,-66,-79,-80,-64,-66,-72,-69,-68,-68,-65,-81,-64,-64,0,0,-75,-75,0,0,-80,-80,-79,-84,-86,-84,-84,0,0,0,-85,-49,-61
0,-72,-73,-73,-71,0,0,0,-81,-80,0,0,-74,-75,-77,-71,-86,-86,0,-69,-69,-68,-74,-72,-68,-70,-72,-69,-66,-66,-66,-81,-64,-64,0,0,-73,-73,0,-80,-80,-81,-82,-84,-86,-84,-84,0,0,-81,-85,-47,-56
0,-72,-73,-73,-71,0,0,0,-81,-80,0,0,-74,-75,-77,-71,-86,-86,0,-69,-69,-68,-74,-72,-68,-70,-72,-69,-66,-66,-66,-81,-64,-64,0,0,-73,-73,0,-80,-80,-81,-82,-84,-86,-84,-84,0,0,-81,-85,-47,-56
0,-72,-73,-73,-71,0,0,0,-81,-80,0,0,-74,-75,-77,-71,-86,-86,0,-69,-69,-68,-74,-72,-68,-70,-72,-69,-66,-66,-66,-81,-64,-64,0,0,-73,-73,0,-80,-80,-81,-82,-84,-86,-84,-84,0,0,-81,-85,-47,-56
0,-72,-73,-73,-71,0,0,0,-81,-80,0,0,-74,-75,-77,-71,-86,-86,0,-69,-69,-68,-74,-72,-68,-70,-72,-69,-66,-66,-66,-81,-64,-64,0,0,-73,-73,0,-80,-80,-81,-82,-84,-86,-84,-84,0,0,-81,-85,-47,-56
0,0,-71,-72,-72,0,0,0,-79,-80,-82,0,-73,-72,-74,-70,-83,-83,-68,-69,-63,-63,-74,-72,-67,-72,-72,-69,-68,-68,-66,-81,-64,-64,0,0,-75,-76,0,-80,-81,-82,-81,-84,-86,-81,-81,0,0,-81,-81,-60,-57
0,0,-71,-72,-72,0,0,0,-79,-80,-82,0,-73,-72,-74,-70,-83,-83,-68,-69,-63,-63,-74,-72,-67,-72,-72,-69,-68,-68,-66,-81,-64,-64,0,0,-75,-76,0,-80,-81,-82,-81,-84,-86,-81,-81,0,0,-81,-81,-60,-57
0,0,-71,-72,-72,0,0,0,-79,-80,-82,0,-73,-72,-74,-70,-83,-83,-68,-69,-63,-63,-74,-72,-67,-72,-72,-69,-68,-68,-66,-81,-64,-64,0,0,-75,-76,0,-80,-81,-82,-81,-84,-86,-81,-81,0,0,-81,-81,-60,-57
0,0,-71,-72,-72,0,0,0,-79,-80,-82,0,-73,-72,-74,-70,-83,-83,-68,-69,-63,-63,-74,-72,-67,-72,-72,-69,-68,-68,-66,-81,-64,-64,0,0,-75,-76,0,-80,-81,-82,-81,-84,-86,-81,-81,0,0,-81,-81,-60,-57
-76,-71,-72,-71,-72,0,0,0,-84,-83,-82,0,-70,-70,-74,-70,-83,-84,-68,-69,-67,-67,0,0,-64,-67,-75,-73,-70,-69,-67,0,-58,-58,0,0,-73,-74,0,-80,-81,-79,-78,-84,-85,-84,-85,0,0,-81,-81,-53,-59
-76,-71,-72,-71,-72,0,0,0,-84,-83,-82,0,-70,-70,-74,-70,-83,-84,-68,-69,-67,-67,0,0,-64,-67,-75,-73,-70,-69,-67,0,-58,-58,0,0,-73,-74,0,-80,-81,-79,-78,-84,-85,-84,-85,0,0,-81,-81,-53,-59
-76,-71,-72,-71,-72,0,0,0,-84,-83,-82,0,-70,-70,-74,-70,-83,-84,-68,-69,-67,-67,0,0,-64,-67,-75,-73,-70,-69,-67,0,-58,-58,0,0,-73,-74,0,-80,-81,-79,-78,-84,-85,-84,-85,0,0,-81,-81,-53,-59
-76,-71,-72,-71,-72,0,0,0,-84,-83,-82,0,-70,-70,-74,-70,-83,-84,-68,-69,-67,-67,0,0,-64,-67,-75,-73,-70,-69,-67,0,-58,-58,0,0,-73,-74,0,-80,-81,-79,-78,-84,-85,-84,-85,0,0,-81,-81,-53,-59
-76,-71,-68,-69,-72,0,0,0,-82,-83,-82,0,-68,-73,-79,-73,-83,-84,-68,-68,-63,-63,0,0,-66,-65,0,-72,-66,-67,-68,-74,-67,-67,0,0,-77,-77,0,0,0,-83,-84,-84,-85,-84,-85,0,0,-85,-84,-53,-64
-76,-71,-68,-69,-72,0,0,0,-82,-83,-82,0,-68,-73,-79,-73,-83,-84,-68,-68,-63,-63,0,0,-66,-65,0,-72,-66,-67,-68,-74,-67,-67,0,0,-77,-77,0,0,0,-83,-84,-84,-85,-84,-85,0,0,-85,-84,-53,-64
-76,-71,-68,-69,-72,0,0,0,-82,-83,-82,0,-68,-73,-79,-73,-83,-84,-68,-68,-63,-63,0,0,-66,-65,0,-72,-66,-67,-68,-74,-67,-67,0,0,-77,-77,0,0,0,-83,-84,-84,-85,-84,-85,0,0,-85,-84,-53,-64
-76,-71,-68,-69,-72,0,0,0,-82,-83,-82,0,-68,-73,-79,-73,-83,-84,-68,-68,-63,-63,0,0,-66,-65,0,-72,-66,-67,-68,-74,-67,-67,0,0,-77,-77,0,0,0,-83,-84,-84,-85,-84,-85,0,0,-85,-84,-53,-64
-76,-71,-74,-76,-71,0,0,0,-82,-83,0,0,-72,-72,0,-73,-83,-84,-69,-67,-66,-67,0,0,-70,-70,0,-74,-72,-72,-69,-74,-66,-67,0,0,-82,-82,0,0,0,-83,-84,0,0,-82,-83,0,0,-85,-85,-50,-60
-76,-71,-74,-76,-71,0,0,0,-82,-83,0,0,-72,-72,0,-73,-83,-84,-69,-67,-66,-67,0,0,-70,-70,0,-74,-72,-72,-69,-74,-66,-67,0,0,-82,-82,0,0,0,-83,-84,0,0,-82,-83,0,0,-85,-85,-50,-60
-76,-71,-74,-76,-71,0,0,0,-82,-83,0,0,-72,-72,0,-73,-83,-84,-69,-67,-66,-67,0,0,-70,-70,0,-74,-72,-72,-69,-74,-66,-67,0,0,-82,-82,0,0,0,-83,-84,0,0,-82,-83,0,0,-85,-85,-50,-60
-76,-71,-74,-76,-71,0,0,0,-82,-83,0,0,-72,-72,0,-73,-83,-84,-69,-67,-66,-67,0,0,-70,-70,0,-74,-72,-72,-69,-74,-66,-67,0,0,-82,-82,0,0,0,-83,-84,0,0,-82,-83,0,0,-85,-85,-50,-60
-73,0,-74,-74,-74,0,0,0,-80,-85,0,0,-71,-72,0,0,-81,-80,-69,-67,-69,-69,0,-76,-63,-64,0,-74,-69,-69,-69,-74,-63,-63,0,0,-81,-80,0,0,0,-79,-86,0,0,-82,-83,0,0,-81,-80,-52,-58
-73,0,-74,-74,-74,0,0,0,-80,-85,0,0,-71,-72,0,0,-81,-80,-69,-67,-69,-69,0,-76,-63,-64,0,-74,-69,-69,-69,-74,-63,-63,0,0,-81,-80,0,0,0,-79,-86,0,0,-82,-83,0,0,-81,-80,-52,-58
-73,0,-74,-74,-74,0,0,0,-80,-85,0,0,-71,-72,0,0,-81,-80,-69,-67,-69,-69,0,-76,-63,-64,0,-74,-69,-69,-69,-74,-63,-63,0,0,-81,-80,0,0,0,-79,-86,0,0,-82,-83,0,0,-81,-80,-52,-58
-73,0,-68,-68,-74,0,0,0,-80,-79,0,0,-76,-74,0,0,-81,-84,-69,-66,-67,-67,0,-76,-68,-69,0,0,-69,-69,-72,-78,-64,-64,0,0,-80,-80,0,0,0,-79,-80,0,0,0,0,0,0,-81,-80,-58,-71
-73,0,-68,-68,-74,0,0,0,-80,-79,0,0,-76,-74,0,0,-81,-84,-69,-66,-67,-67,0,-76,-68,-69,0,0,-69,-69,-72,-78,-64,-64,0,0,-80,-80,0,0,0,-79,-80,0,0,0,0,0,0,-81,-80,-58,-71
-73,0,-68,-68,-74,0,0,0,-80,-79,0,0,-76,-74,0,0,-81,-84,-69,-66,-67,-67,0,-76,-68,-69,0,0,-69,-69,-72,-78,-64,-64,0,0,-80,-80,0,0,0,-79,-80,0,0,0,0,0,0,-81,-80,-58,-71
-73,0,-68,-68,-74,0,0,0,-80,-79,0,0,-76,-74,0,0,-81,-84,-69,-66,-67,-67,0,-76,-68,-69,0,0,-69,-69,-72,-78,-64,-64,0,0,-80,-80,0,0,0,-79,-80,0,0,0,0,0,0,-81,-80,-58,-71
-73,0,-71,-71,-77,0,0,0,-80,-81,0,0,-77,-79,0,0,-81,-81,0,-71,-63,-62,0,-76,-64,-64,0,0,-61,-60,-70,-75,-66,-66,0,-79,-77,-76,0,0,0,-80,-80,-78,-78,-79,-79,0,0,-78,-78,-48,-62
-73,0,-71,-71,-77,0,0,0,-80,-81,0,0,-77,-79,0,0,-81,-81,0,-71,-63,-62,0,-76,-64,-64,0,0,-61,-60,-70,-75,-66,-66,0,-79,-77,-76,0,0,0,-80,-80,-78,-78,-79,-79,0,0,-78,-78,-48,-62
-73,0,-71,-71,-77,0,0,0,-80,-81,0,0,-77,-79,0,0,-81,-81,0,-71,-63,-62,0,-76,-64,-64,0,0,-61,-60,-70,-75,-66,-66,0,-79,-77,-76,0,0,0,-80,-80,-78,-78,-79,-79,0,0,-78,-78,-48,-62
-73,0,-71,-71,-77,0,0,0,-80,-81,0,0,-77,-79,0,0,-81,-81,0,-71,-63,-62,0,-76,-64,-64,0,0,-61,-60,-70,-75,-66,-66,0,-79,-77,-76,0,0,0,-80,-80,-78,-78,-79,-79,0,0,-78,-78,-48,-62
0,0,-76,-76,-75,0,0,0,-73,-74,0,0,-77,-79,0,0,-81,-82,0,-71,-73,-73,0,-66,-62,-65,0,0,-65,-65,0,0,-70,-71,0,-79,-78,-78,0,0,0,-77,-79,-78,-78,-79,-79,0,0,-78,-78,-53,-58
0,0,-76,-76,-75,0,0,0,-73,-74,0,0,-77,-79,0,0,-81,-82,0,-71,-73,-73,0,-66,-62,-65,0,0,-65,-65,0,0,-70,-71,0,-79,-78,-78,0,0,0,-77,-79,-78,-78,-79,-79,0,0,-78,-78,-53,-58
0,0,-76,-76,-75,0,0,0,-73,-74,0,0,-77,-79,0,0,-81,-82,0,-71,-73,-73,0,-66,-62,-65,0,0,-65,-65,0,0,-70,-71,0,-79,-78,-78,0,0,0,-77,-79,-78,-78,-79,-79,0,0,-78,-78,-53,-58
0,0,-76,-76,-75,0,0,0,-73,-74,0,0,-77,-79,0,0,-81,-82,0,-71,-73,-73,0,-66,-62,-65,0,0,-65,-65,0,0,-70,-71,0,-79,-78,-78,0,0,0,-77,-79,-78,-78,-79,-79,0,0,-78,-78,-53,-58
