0,0,-82,-82,0,0,0,-70,-81,-82,-74,-72,-74,-72,-72,-69,-79,-79,0,0,-75,-75,-67,0,-66,-65,0,0,-76,-77,-61,-64,-67,-67,0,0,-69,-69,0,0,0,0,0,0,0,0,0,0,0,-74,-74,-66,-49
0,0,-82,-82,0,0,0,-70,-81,-82,-74,-72,-74,-72,-72,-69,-79,-79,0,0,-75,-75,-67,0,-66,-65,0,0,-76,-77,-61,-64,-67,-67,0,0,-69,-69,0,0,0,0,0,0,0,0,0,0,0,-74,-74,-66,-49
0,0,-82,-82,0,0,0,-70,-81,-82,-74,-72,-74,-72,-72,-69,-79,-79,0,0,-75,-75,-67,0,-66,-65,0,0,-76,-77,-61,-64,-67,-67,0,0,-69,-69,0,0,0,0,0,0,0,0,0,0,0,-74,-74,-66,-49
0,0,-82,-82,0,0,0,-70,-81,-82,-74,-72,-74,-72,-72,-69,-79,-79,0,0,-75,-75,-64,0,-66,-65,0,0,-76,-77,-61,-64,-67,-67,0,0,-69,-69,0,0,0,0,0,0,0,0,0,0,0,-74,-74,-66,-49
0,0,-82,-82,0,0,0,-70,-81,-82,-74,-72,-74,-72,-72,-69,-79,-79,0,0,-75,-75,-64,0,-66,-65,0,0,-76,-77,-61,-64,-67,-67,0,0,-69,-69,0,0,0,0,0,0,0,0,0,0,0,-74,-74,-66,-49
-72,0,-78,-78,0,-76,-78,-69,-74,-74,-74,-72,-55,-56,0,0,-77,-77,-66,-62,-70,-69,-63,-57,-60,-59,0,0,-76,0,-61,-59,-64,-65,0,0,-74,-74,0,-81,-80,-80,-78,0,-86,0,0,0,0,-73,-74,-55,-54
-72,0,-78,-78,0,-76,-78,-69,-74,-74,-74,-72,-55,-56,0,0,-77,-77,-66,-62,-70,-69,-63,-57,-60,-59,0,0,-76,0,-61,-59,-64,-65,0,0,-74,-74,0,-81,-80,-80,-78,0,-86,0,0,0,0,-73,-74,-55,-54
-72,0,-78,-78,0,-76,-78,-69,-74,-74,-74,-72,-55,-56,0,0,-77,-77,-66,-62,-70,-69,-63,-57,-60,-59,0,0,-76,0,-61,-59,-64,-65,0,0,-74,-74,0,-81,-80,-80,-78,0,-86,0,0,0,0,-73,-74,-55,-54
-72,0,-78,-78,0,-76,-78,-69,-74,-74,-74,-72,-55,-56,0,0,-77,-77,-66,-62,-70,-69,-64,-57,-60,-59,0,0,-76,0,-61,-59,-64,-65,0,0,-74,-74,0,-81,-80,-80,-78,0,-86,0,0,0,0,-73,-74,-55,-54
-72,0,-78,-78,0,-76,-78,-69,-74,-74,-74,-72,-55,-56,0,0,-77,-77,-66,-62,-70,-69,-64,-57,-60,-59,0,0,-76,0,-61,-59,-64,-65,0,0,-74,-74,0,-81,-80,-80,-78,0,-86,0,0,0,0,-73,-74,-55,-54
-72,-66,-75,-75,-71,-76,-78,-72,-77,-78,-58,-56,-51,-52,0,0,-69,-69,-66,-62,-69,-69,-63,-61,-54,-54,0,0,-76,0,-61,-59,-65,-65,0,0,-76,-77,0,-81,-80,-80,-79,0,-86,-76,-76,0,0,-73,-73,-55,-54
-72,-66,-75,-75,-71,-76,-78,-72,-77,-78,-58,-56,-51,-52,0,0,-69,-69,-66,-62,-69,-69,-64,-61,-54,-54,0,0,-76,0,-61,-59,-65,-65,0,0,-76,-77,0,-81,-80,-80,-79,0,-86,-76,-76,0,0,-73,-73,-55,-54
-72,-66,-75,-75,-71,-76,-78,-72,-77,-78,-58,-56,-51,-52,0,0,-69,-69,-66,-62,-69,-69,-64,-61,-54,-54,0,0,-76,0,-61,-59,-65,-65,0,0,-76,-77,0,-81,-80,-80,-79,0,-86,-76,-76,0,0,-73,-73,-55,-54
-72,-66,-75,-75,-71,-76,-78,-72,-77,-78,-58,-56,-51,-52,0,0,-69,-69,-66,-62,-69,-69,-65,-61,-54,-54,0,0,-76,0,-61,-59,-65,-65,0,0,-76,-77,0,-81,-80,-80,-79,0,-86,-76,-76,0,0,-73,-73,-55,-54
-72,-66,-75,-75,-71,-76,-78,-72,-77,-78,-58,-56,-51,-52,0,0,-69,-69,-66,-62,-69,-69,-65,-61,-54,-54,0,0,-76,0,-61,-59,-65,-65,0,0,-76,-77,0,-81,-80,-80,-79,0,-86,-76,-76,0,0,-73,-73,-55,-54
0,-66,-79,-77,-71,-77,-78,-72,-71,-74,-58,-56,-51,-52,0,0,-71,-71,-74,0,-66,-67,-66,-61,-54,-54,-76,-78,-68,-71,-61,-61,-65,-65,0,0,-74,-75,0,0,0,-79,-79,0,0,-76,-76,0,0,-77,-76,-52,-53
0,-66,-79,-77,-71,-77,-78,-72,-71,-74,-58,-56,-51,-52,0,0,-71,-71,-74,0,-66,-67,-67,-61,-54,-54,-76,-78,-68,-71,-61,-61,-65,-65,0,0,-74,-75,0,0,0,-79,-79,0,0,-76,-76,0,0,-77,-76,-52,-53
0,-66,-79,-77,-71,-77,-78,-72,-71,-74,-58,-56,-51,-52,0,0,-71,-71,-74,0,-66,-67,-67,-61,-54,-54,-76,-78,-68,-71,-61,-61,-65,-65,0,0,-74,-75,0,0,0,-79,-79,0,0,-76,-76,0,0,-77,-76,-52,-53
0,-66,-79,-77,-71,-77,-78,-72,-71,-74,-58,-56,-51,-52,0,0,-71,-71,-74,0,-66,-67,-69,-61,-54,-54,-76,-78,-68,-71,-61,-61,-65,-65,0,0,-74,-75,0,0,0,-79,-79,0,0,-76,-76,0,0,-77,-76,-52,-53
0,-66,-79,-77,-71,-77,-78,-72,-71,-74,-58,-56,-51,-52,0,0,-71,-71,-74,0,-66,-67,-69,-61,-54,-54,-76,-78,-68,-71,-61,-61,-65,-65,0,0,-74,-75,0,0,0,-79,-79,0,0,-76,-76,0,0,-77,-76,-52,-53
0,0,-78,-77,-69,-77,-78,0,-75,-76,-58,-56,-51,-51,0,0,-71,-71,-74,0,-67,-67,-70,0,-58,-59,-76,-78,-75,-71,0,-61,-65,-66,0,0,-81,-80,0,0,0,-76,-78,0,0,0,0,-74,-72,-79,-77,-56,-51
0,0,-78,-77,-69,-77,-78,0,-75,-76,-58,-56,-51,-51,0,0,-71,-71,-74,0,-67,-67,-71,0,-58,-59,-76,-78,-75,-71,0,-61,-65,-66,0,0,-81,-80,0,0,0,-76,-78,0,0,0,0,-74,-72,-79,-77,-56,-51
0,0,-78,-77,-69,-77,-78,0,-75,-76,-58,-56,-51,-51,0,0,-71,-71,-74,0,-67,-67,-71,0,-58,-59,-76,-78,-75,-71,0,-61,-65,-66,0,0,-81,-80,0,0,0,-76,-78,0,0,0,0,-74,-72,-79,-77,-56,-51
0,0,-78,-77,-69,-77,-78,0,-75,-76,-58,-56,-51,-51,0,0,-71,-71,-74,0,-67,-67,-71,0,-58,-59,-76,-78,-75,-71,0,-61,-65,-66,0,0,-81,-80,0,0,0,-76,-78,0,0,0,0,-74,-72,-79,-77,-56,-51
0,0,-78,-77,-69,-77,-78,0,-75,-76,-58,-56,-51,-51,0,0,-71,-71,-74,0,-67,-67,-71,0,-58,-59,-76,-78,-75,-71,0,-61,-65,-66,0,0,-81,-80,0,0,0,-76,-78,0,0,0,0,-74,-72,-79,-77,-56,-51
0,0,-76,-76,-69,0,0,0,-76,-76,-58,-56,-50,-49,0,0,-73,-72,0,-60,-67,-67,-71,-68,-63,-67,0,0,-71,-71,0,0,-67,-68,0,0,-78,-78,0,0,0,-76,-77,0,0,0,0,-74,-72,-78,-79,-57,-52
0,0,-76,-76,-69,0,0,0,-76,-76,-58,-56,-50,-49,0,0,-73,-72,0,-60,-67,-67,-70,-68,-63,-67,0,0,-71,-71,0,0,-67,-68,0,0,-78,-78,0,0,0,-76,-77,0,0,0,0,-74,-72,-78,-79,-57,-52
0,0,-76,-76,-69,0,0,0,-76,-76,-58,-56,-50,-49,0,0,-73,-72,0,-60,-67,-67,-70,-68,-63,-67,0,0,-71,-71,0,0,-67,-68,0,0,-78,-78,0,0,0,-76,-77,0,0,0,0,-74,-72,-78,-79,-57,-52
0,0,-76,-76,-69,0,0,0,-76,-76,-58,-56,-50,-49,0,0,-73,-72,0,-60,-67,-67,-70,-68,-63,-67,0,0,-71,-71,0,0,-67,-68,0,0,-78,-78,0,0,0,-76,-77,0,0,0,0,-74,-72,-78,-79,-57,-52
0,0,-76,-76,-69,0,0,0,-76,-76,-58,-56,-50,-49,0,0,-73,-72,0,-60,-67,-67,-70,-68,-63,-67,0,0,-71,-71,0,0,-67,-68,0,0,-78,-78,0,0,0,-76,-77,0,0,0,0,-74,-72,-78,-79,-57,-52
0,0,-76,-76,-69,0,0,0,-76,-76,0,-59,-49,-49,0,-66,-74,-73,0,-60,-69,-69,-70,-68,-60,-62,0,0,-71,-71,-64,-60,-67,-66,0,0,-78,-78,0,0,0,-77,-77,0,0,0,0,0,0,-79,-79,-56,-51
0,0,-76,-76,-69,0,0,0,-76,-76,0,-59,-49,-49,0,-66,-74,-73,0,-60,-69,-69,-70,-68,-60,-62,0,0,-71,-71,-64,-60,-67,-66,0,0,-78,-78,0,0,0,-77,-77,0,0,0,0,0,0,-79,-79,-56,-51
0,0,-76,-76,-69,0,0,0,-76,-76,0,-59,-49,-49,0,-66,-74,-73,0,-60,-69,-69,-70,-68,-60,-62,0,0,-71,-71,-64,-60,-67,-66,0,0,-78,-78,0,0,0,-77,-77,0,0,0,0,0,0,-79,-79,-56,-51
0,0,-76,-76,-69,0,0,0,-76,-76,0,-59,-49,-49,0,-66,-74,-73,0,-60,-69,-69,-70,-68,-60,-62,0,0,-71,-71,-64,-60,-67,-66,0,0,-78,-78,0,0,0,-77,-77,0,0,0,0,0,0,-79,-79,-56,-51
0,0,-76,-76,-69,0,0,0,-76,-76,0,-59,-49,-49,0,-66,-74,-73,0,-60,-69,-69,-70,-68,-60,-62,0,0,-71,-71,-64,-60,-67,-66,0,0,-78,-78,0,0,0,-77,-77,0,0,0,0,0,0,-79,-79,-56,-51
0,0,-77,-77,-73,0,0,-72,-76,-76,-64,-59,-50,-49,-71,-67,-74,-74,0,0,-69,-70,-70,0,-62,-62,0,0,-72,-72,-64,-59,-67,-66,0,0,-78,-78,0,0,0,-77,-77,0,0,0,0,0,0,-79,-79,-55,-52
0,0,-77,-77,-73,0,0,-72,-76,-76,-64,-59,-50,-49,-71,-67,-74,-74,0,0,-69,-70,-70,0,-62,-62,0,0,-72,-72,-64,-59,-67,-66,0,0,-78,-78,0,0,0,-77,-77,0,0,0,0,0,0,-79,-79,-55,-52
0,0,-77,-77,-73,0,0,-72,-76,-76,-64,-59,-50,-49,-71,-67,-74,-74,0,0,-69,-70,-69,0,-62,-62,0,0,-72,-72,-64,-59,-67,-66,0,0,-78,-78,0,0,0,-77,-77,0,0,0,0,0,0,-79,-79,-55,-52
0,0,-77,-77,-73,0,0,-72,-76,-76,-64,-59,-50,-49,-71,-67,-74,-74,0,0,-69,-70,-69,0,-62,-62,0,0,-72,-72,-64,-59,-67,-66,0,0,-78,-78,0,0,0,-77,-77,0,0,0,0,0,0,-79,-79,-55,-52
0,0,-77,-77,-73,0,0,-72,-76,-76,-64,-59,-50,-49,-71,-67,-74,-74,0,0,-69,-70,-69,0,-62,-62,0,0,-72,-72,-64,-59,-67,-66,0,0,-78,-78,0,0,0,-77,-77,0,0,0,0,0,0,-79,-79,-55,-52
0,0,-77,-77,-73,0,0,-71,-76,-76,-64,-60,-50,-50,-71,-67,-73,-73,-67,-64,-71,-72,-70,0,-64,-63,-76,0,-73,-72,-64,-56,-68,-68,0,0,-80,-80,0,0,0,-77,-78,0,0,0,0,0,0,-79,-79,-58,-52
0,0,-77,-77,-73,0,0,-71,-76,-76,-64,-60,-50,-50,-71,-67,-73,-73,-67,-64,-71,-72,-70,0,-64,-63,-76,0,-73,-72,-64,-56,-68,-68,0,0,-80,-80,0,0,0,-77,-78,0,0,0,0,0,0,-79,-79,-58,-52
0,0,-77,-77,-73,0,0,-71,-76,-76,-64,-60,-50,-50,-71,-67,-73,-73,-67,-64,-71,-72,-71,0,-64,-63,-76,0,-73,-72,-64,-56,-68,-68,0,0,-80,-80,0,0,0,-77,-78,0,0,0,0,0,0,-79,-79,-58,-52
0,0,-77,-77,-73,0,0,-71,-76,-76,-64,-60,-50,-50,-71,-67,-73,-73,-67,-64,-71,-72,-71,0,-64,-63,-76,0,-73,-72,-64,-56,-68,-68,0,0,-80,-80,0,0,0,-77,-78,0,0,0,0,0,0,-79,-79,-58,-52
0,0,-77,-77,-73,0,0,-71,-76,-76,-64,-60,-50,-50,-71,-67,-73,-73,-67,-64,-71,-72,-71,0,-64,-63,-76,0,-73,-72,-64,-56,-68,-68,0,0,-80,-80,0,0,0,-77,-78,0,0,0,0,0,0,-79,-79,-58,-52
0,-67,-77,-78,0,0,0,-73,-78,-78,0,-59,-50,-50,-71,-67,-73,-73,-67,-64,-69,-69,-70,0,-66,-63,-76,0,-73,-73,-64,-57,-66,-65,0,0,-77,-78,0,0,0,-77,-77,0,0,0,0,0,0,-79,-79,-56,-52
0,-67,-77,-78,0,0,0,-73,-78,-78,0,-59,-50,-50,-71,-67,-73,-73,-67,-64,-69,-69,-70,0,-66,-63,-76,0,-73,-73,-64,-57,-66,-65,0,0,-77,-78,0,0,0,-77,-77,0,0,0,0,0,0,-79,-79,-56,-52
0,-67,-77,-78,0,0,0,-73,-78,-78,0,-59,-50,-50,-71,-67,-73,-73,-67,-64,-69,-69,-70,0,-66,-63,-76,0,-73,-73,-64,-57,-66,-65,0,0,-77,-78,0,0,0,-77,-77,0,0,0,0,0,0,-79,-79,-56,-52
0,-67,-77,-78,0,0,0,-73,-78,-78,0,-59,-50,-50,-71,-67,-73,-73,-67,-64,-69,-69,-70,0,-66,-63,-76,0,-73,-73,-64,-57,-66,-65,0,0,-77,-78,0,0,0,-77,-77,0,0,0,0,0,0,-79,-79,-56,-52
0,-67,-77,-78,0,0,0,-73,-78,-78,0,-59,-50,-50,-71,-67,-73,-73,-67,-64,-69,-69,-70,0,-66,-63,-76,0,-73,-73,-64,-57,-66,-65,0,0,-77,-78,0,0,0,-77,-77,0,0,0,0,0,0,-79,-79,-56,-52
0,-67,-78,-79,-69,0,0,-73,-79,-78,0,-59,-49,-50,-71,-67,-74,-73,-67,-65,-70,-69,-69,-67,-65,-63,-76,0,-74,-74,0,-58,-66,-66,0,0,-78,-78,0,0,0,-77,-77,0,0,0,0,0,0,-79,-79,-55,-50
0,-67,-78,-79,-69,0,0,-73,-79,-78,0,-59,-49,-50,-71,-67,-74,-73,-67,-65,-70,-69,-69,-67,-65,-63,-76,0,-74,-74,0,-58,-66,-66,0,0,-78,-78,0,0,0,-77,-77,0,0,0,0,0,0,-79,-79,-55,-50
0,-67,-78,-79,-69,0,0,-73,-79,-78,0,-59,-49,-50,-71,-67,-74,-73,-67,-65,-70,-69,-69,-67,-65,-63,-76,0,-74,-74,0,-58,-66,-66,0,0,-78,-78,0,0,0,-77,-77,0,0,0,0,0,0,-79,-79,-55,-50
0,-67,-78,-79,-69,0,0,-73,-79,-78,0,-59,-49,-50,-71,-67,-74,-73,-67,-65,-70,-69,-69,-67,-65,-63,-76,0,-74,-74,0,-58,-66,-66,0,0,-78,-78,0,0,0,-77,-77,0,0,0,0,0,0,-79,-79,-55,-50
0,-67,-78,-79,-69,0,0,-73,-79,-78,0,-59,-49,-50,-71,-67,-74,-73,-67,-65,-70,-69,-69,-67,-65,-63,-76,0,-74,-74,0,-58,-66,-66,0,0,-78,-78,0,0,0,-77,-77,0,0,0,0,0,0,-79,-79,-55,-50
0,0,-79,-79,-69,0,0,0,-81,-82,-61,-59,-49,-50,0,0,-82,-73,-67,-65,-68,-69,-70,-67,-63,-63,0,0,-74,-73,-62,-58,-67,-68,0,-77,-79,-78,0,0,0,-77,-77,0,0,0,0,0,0,-79,-80,-53,-50
0,0,-79,-79,-69,0,0,0,-81,-82,-61,-59,-49,-50,0,0,-82,-73,-67,-65,-68,-69,-70,-67,-63,-63,0,0,-74,-73,-62,-58,-67,-68,0,-77,-79,-78,0,0,0,-77,-77,0,0,0,0,0,0,-79,-80,-53,-50
0,0,-79,-79,-69,0,0,0,-81,-82,-61,-59,-49,-50,0,0,-82,-73,-67,-65,-68,-69,-70,-67,-63,-63,0,0,-74,-73,-62,-58,-67,-68,0,-77,-79,-78,0,0,0,-77,-77,0,0,0,0,0,0,-79,-80,-53,-50
0,0,-79,-79,-69,0,0,0,-81,-82,-61,-59,-49,-50,0,0,-82,-73,-67,-65,-68,-69,-70,-67,-63,-63,0,0,-74,-73,-62,-58,-67,-68,0,-77,-79,-78,0,0,0,-77,-77,0,0,0,0,0,0,-79,-80,-53,-50
0,-68,-79,-78,0,0,0,-71,-79,-81,-62,-59,-51,-51,0,0,-74,-74,-66,-62,-66,-67,-69,-68,-64,-63,0,0,-74,-73,-62,-58,-66,-67,0,-77,-79,-79,0,0,0,-81,-77,0,0,-82,-81,0,0,-80,-80,-53,-52
0,-68,-79,-78,0,0,0,-71,-79,-81,-62,-59,-51,-51,0,0,-74,-74,-66,-62,-66,-67,-67,-68,-64,-63,0,0,-74,-73,-62,-58,-66,-67,0,-77,-79,-79,0,0,0,-81,-77,0,0,-82,-81,0,0,-80,-80,-53,-52
0,-68,-79,-78,0,0,0,-71,-79,-81,-62,-59,-51,-51,0,0,-74,-74,-66,-62,-66,-67,-67,-68,-64,-63,0,0,-74,-73,-62,-58,-66,-67,0,-77,-79,-79,0,0,0,-81,-77,0,0,-82,-81,0,0,-80,-80,-53,-52
0,-68,-79,-78,0,0,0,-71,-79,-81,-62,-59,-51,-51,0,0,-74,-74,-66,-62,-66,-67,-67,-68,-64,-63,0,0,-74,-73,-62,-58,-66,-67,0,-77,-79,-79,0,0,0,-81,-77,0,0,-82,-81,0,0,-80,-80,-53,-52
0,-68,-79,-78,0,0,0,-71,-79,-81,-62,-59,-51,-51,0,0,-74,-74,-66,-62,-66,-67,-66,-68,-64,-63,0,0,-74,-73,-62,-58,-66,-67,0,-77,-79,-79,0,0,0,-81,-77,0,0,-82,-81,0,0,-80,-80,-53,-52
0,-68,-75,-74,0,0,0,-71,-73,-73,-54,-51,-51,-51,-69,-66,-72,-72,-66,-62,-64,-65,-71,-68,-61,-62,-77,0,-73,-72,-59,-53,-68,-68,0,0,-78,-77,0,0,0,-81,0,0,0,-82,-81,0,0,-71,-70,-54,-52
0,-68,-75,-74,0,0,0,-71,-73,-73,-54,-51,-51,-51,-69,-66,-72,-72,-66,-62,-64,-65,-70,-68,-61,-62,-77,0,-73,-72,-59,-53,-68,-68,0,0,-78,-77,0,0,0,-81,0,0,0,-82,-81,0,0,-71,-70,-54,-52
0,-68,-75,-74,0,0,0,-71,-73,-73,-54,-51,-51,-51,-69,-66,-72,-72,-66,-62,-64,-65,-70,-68,-61,-62,-77,0,-73,-72,-59,-53,-68,-68,0,0,-78,-77,0,0,0,-81,0,0,0,-82,-81,0,0,-71,-70,-54,-52
0,-68,-75,-74,0,0,0,-71,-73,-73,-54,-51,-51,-51,-69,-66,-72,-72,-66,-62,-64,-65,-70,-68,-61,-62,-77,0,-73,-72,-59,-53,-68,-68,0,0,-78,-77,0,0,0,-81,0,0,0,-82,-81,0,0,-71,-70,-54,-52
0,-68,-75,-74,0,0,0,-71,-73,-73,-54,-51,-51,-51,-69,-66,-72,-72,-66,-62,-64,-65,-70,-68,-61,-62,-77,0,-73,-72,-59,-53,-68,-68,0,0,-78,-77,0,0,0,-81,0,0,0,-82,-81,0,0,-71,-70,-54,-52
0,0,-74,-74,0,0,0,-67,-74,-75,-54,-51,-51,-51,-71,-67,-76,-71,0,0,-64,-65,-70,0,-61,-60,-77,0,-73,-72,-60,-58,-63,-63,0,0,-79,-80,0,0,0,0,0,0,0,-80,-80,-68,-65,-69,-69,-56,-54
0,0,-74,-74,0,0,0,-67,-74,-75,-54,-51,-51,-51,-71,-67,-76,-71,0,0,-64,-65,-70,0,-61,-60,-77,0,-73,-72,-60,-58,-63,-63,0,0,-79,-80,0,0,0,0,0,0,0,-80,-80,-68,-65,-69,-69,-56,-54
0,0,-74,-74,0,0,0,-67,-74,-75,-54,-51,-51,-51,-71,-67,-76,-71,0,0,-64,-65,-70,0,-61,-60,-77,0,-73,-72,-60,-58,-63,-63,0,0,-79,-80,0,0,0,0,0,0,0,-80,-80,-68,-65,-69,-69,-56,-54
0,0,-74,-74,0,0,0,-67,-74,-75,-54,-51,-51,-51,-71,-67,-76,-71,0,0,-64,-65,-70,0,-61,-60,-77,0,-73,-72,-60,-58,-63,-63,0,0,-79,-80,0,0,0,0,0,0,0,-80,-80,-68,-65,-69,-69,-56,-54
0,0,-74,-74,0,0,0,-67,-74,-75,-54,-51,-51,-51,-71,-67,-76,-71,0,0,-64,-65,-69,0,-61,-60,-77,0,-73,-72,-60,-58,-63,-63,0,0,-79,-80,0,0,0,0,0,0,0,-80,-80,-68,-65,-69,-69,-56,-54
0,0,-74,-74,0,0,0,-65,-74,-74,0,0,-47,-47,-71,-67,-69,-68,0,0,-66,-65,-66,0,-58,-58,0,0,0,0,-60,-61,-63,-62,0,0,-75,-76,0,0,-78,-83,-81,0,0,-80,-80,-68,-65,-73,-72,-59,-54
0,0,-74,-74,0,0,0,-65,-74,-74,0,0,-47,-47,-71,-67,-69,-68,0,0,-66,-65,-66,0,-58,-58,0,0,0,0,-60,-61,-63,-62,0,0,-75,-76,0,0,-78,-83,-81,0,0,-80,-80,-68,-65,-73,-72,-59,-54
0,0,-74,-74,0,0,0,-65,-74,-74,0,0,-47,-47,-71,-67,-69,-68,0,0,-66,-65,-67,0,-58,-58,0,0,0,0,-60,-61,-63,-62,0,0,-75,-76,0,0,-78,-83,-81,0,0,-80,-80,-68,-65,-73,-72,-59,-54
0,0,-74,-74,0,0,0,-65,-74,-74,0,0,-47,-47,-71,-67,-69,-68,0,0,-66,-65,-67,0,-58,-58,0,0,0,0,-60,-61,-63,-62,0,0,-75,-76,0,0,-78,-83,-81,0,0,-80,-80,-68,-65,-73,-72,-59,-54
0,0,-74,-74,0,0,0,-65,-74,-74,0,0,-47,-47,-71,-67,-69,-68,0,0,-66,-65,-67,0,-58,-58,0,0,0,0,-60,-61,-63,-62,0,0,-75,-76,0,0,-78,-83,-81,0,0,-80,-80,-68,-65,-73,-72,-59,-54
0,0,-74,-74,0,0,0,-65,-74,-74,-53,-52,-51,-50,-72,-69,-67,-67,0,0,-70,-70,-67,0,-58,-58,-81,0,0,0,-60,-60,-61,-61,0,0,-79,-80,0,0,-78,-83,-81,0,0,-81,-80,0,0,-72,-72,-56,-55
0,0,-74,-74,0,0,0,-65,-74,-74,-53,-52,-51,-50,-72,-69,-67,-67,0,0,-70,-70,-67,0,-58,-58,-81,0,0,0,-60,-60,-61,-61,0,0,-79,-80,0,0,-78,-83,-81,0,0,-81,-80,0,0,-72,-72,-56,-55
0,0,-74,-74,0,0,0,-65,-74,-74,-53,-52,-51,-50,-72,-69,-67,-67,0,0,-70,-70,-68,0,-58,-58,-81,0,0,0,-60,-60,-61,-61,0,0,-79,-80,0,0,-78,-83,-81,0,0,-81,-80,0,0,-72,-72,-56,-55
0,0,-74,-74,0,0,0,-65,-74,-74,-53,-52,-51,-50,-72,-69,-67,-67,0,0,-70,-70,-68,0,-58,-58,-81,0,0,0,-60,-60,-61,-61,0,0,-79,-80,0,0,-78,-83,-81,0,0,-81,-80,0,0,-72,-72,-56,-55
0,0,-74,-74,0,0,0,-65,-74,-74,-53,-52,-51,-50,-72,-69,-67,-67,0,0,-70,-70,-68,0,-58,-58,-81,0,0,0,-60,-60,-61,-61,0,0,-79,-80,0,0,-78,-83,-81,0,0,-81,-80,0,0,-72,-72,-56,-55
0,0,-72,-71,0,0,0,-63,-74,-74,-53,-50,-52,-52,-72,-69,-71,-71,0,-65,-66,-66,-68,0,-58,-58,-81,-83,-76,-75,-60,-58,-61,-61,0,0,-79,-79,0,0,0,0,0,0,0,-81,-80,0,0,-72,-72,-58,-53
0,0,-72,-71,0,0,0,-63,-74,-74,-53,-50,-52,-52,-72,-69,-71,-71,0,-65,-66,-66,-68,0,-58,-58,-81,-83,-76,-75,-60,-58,-61,-61,0,0,-79,-79,0,0,0,0,0,0,0,-81,-80,0,0,-72,-72,-58,-53
0,0,-72,-71,0,0,0,-63,-74,-74,-53,-50,-52,-52,-72,-69,-71,-71,0,-65,-66,-66,-68,0,-58,-58,-81,-83,-76,-75,-60,-58,-61,-61,0,0,-79,-79,0,0,0,0,0,0,0,-81,-80,0,0,-72,-72,-58,-53
0,0,-72,-71,0,0,0,-63,-74,-74,-53,-50,-52,-52,-72,-69,-71,-71,0,-65,-66,-66,-67,0,-58,-58,-81,-83,-76,-75,-60,-58,-61,-61,0,0,-79,-79,0,0,0,0,0,0,0,-81,-80,0,0,-72,-72,-58,-53
0,0,-72,-71,0,0,0,-63,-74,-74,-53,-50,-52,-52,-72,-69,-71,-71,0,-65,-66,-66,-67,0,-58,-58,-81,-83,-76,-75,-60,-58,-61,-61,0,0,-79,-79,0,0,0,0,0,0,0,-81,-80,0,0,-72,-72,-58,-53
-69,-63,-71,-71,0,0,0,-63,-74,-75,-53,-50,-50,-50,0,0,-69,-69,0,-65,-66,-66,-66,0,-55,-56,-81,-83,-75,-75,-60,-58,-62,-62,0,0,-77,-77,0,0,0,0,0,0,0,0,0,0,0,-72,-72,-56,-53
-69,-63,-71,-71,0,0,0,-63,-74,-75,-53,-50,-50,-50,0,0,-69,-69,0,-65,-66,-66,-66,0,-55,-56,-81,-83,-75,-75,-60,-58,-62,-62,0,0,-77,-77,0,0,0,0,0,0,0,0,0,0,0,-72,-72,-56,-53
-69,-63,-71,-71,0,0,0,-63,-74,-75,-53,-50,-50,-50,0,0,-69,-69,0,-65,-66,-66,-66,0,-55,-56,-81,-83,-75,-75,-60,-58,-62,-62,0,0,-77,-77,0,0,0,0,0,0,0,0,0,0,0,-72,-72,-56,-53
-69,-63,-71,-71,0,0,0,-63,-74,-75,-53,-50,-50,-50,0,0,-69,-69,0,-65,-66,-66,-67,0,-55,-56,-81,-83,-75,-75,-60,-58,-62,-62,0,0,-77,-77,0,0,0,0,0,0,0,0,0,0,0,-72,-72,-56,-53
-69,-63,-71,-71,0,0,0,-63,-74,-75,-53,-50,-50,-50,0,0,-69,-69,0,-65,-66,-66,-67,0,-55,-56,-81,-83,-75,-75,-60,-58,-62,-62,0,0,-77,-77,0,0,0,0,0,0,0,0,0,0,0,-72,-72,-56,-53
-69,-63,-71,-72,0,0,0,-63,-74,-75,-53,-50,-51,-51,0,0,-68,-69,-71,0,-66,-66,-67,0,-56,-56,0,0,-77,0,-59,0,-62,-62,0,0,-77,-77,0,0,0,0,0,0,0,0,0,0,0,-73,-72,-56,-55
-69,-63,-71,-72,0,0,0,-63,-74,-75,-53,-50,-51,-51,0,0,-68,-69,-71,0,-66,-66,-68,0,-56,-56,0,0,-77,0,-59,0,-62,-62,0,0,-77,-77,0,0,0,0,0,0,0,0,0,0,0,-73,-72,-56,-55
-69,-63,-71,-72,0,0,0,-63,-74,-75,-53,-50,-51,-51,0,0,-68,-69,-71,0,-66,-66,-68,0,-56,-56,0,0,-77,0,-59,0,-62,-62,0,0,-77,-77,0,0,0,0,0,0,0,0,0,0,0,-73,-72,-56,-55
-69,-63,-71,-72,0,0,0,-63,-74,-75,-53,-50,-51,-51,0,0,-68,-69,-71,0,-66,-66,-68,0,-56,-56,0,0,-77,0,-59,0,-62,-62,0,0,-77,-77,0,0,0,0,0,0,0,0,0,0,0,-73,-72,-56,-55
-69,-63,-71,-72,0,0,0,-63,-74,-75,-53,-50,-51,-51,0,0,-68,-69,-71,0,-66,-66,-68,0,-56,-56,0,0,-77,0,-59,0,-62,-62,0,0,-77,-77,0,0,0,0,0,0,0,0,0,0,0,-73,-72,-56,-55
-76,0,-72,-72,-74,0,0,-64,-75,-75,-53,-51,-51,-51,0,0,-68,-68,-71,0,-66,-66,-70,-72,-58,-57,0,0,-76,-76,-59,-57,-63,-65,-78,0,-77,-77,0,0,0,0,0,0,0,0,0,0,0,-72,-71,-59,-55
-76,0,-72,-72,-74,0,0,-64,-75,-75,-53,-51,-51,-51,0,0,-68,-68,-71,0,-66,-66,-68,-72,-58,-57,0,0,-76,-76,-59,-57,-63,-65,-78,0,-77,-77,0,0,0,0,0,0,0,0,0,0,0,-72,-71,-59,-55
-76,0,-72,-72,-74,0,0,-64,-75,-75,-53,-51,-51,-51,0,0,-68,-68,-71,0,-66,-66,-68,-72,-58,-57,0,0,-76,-76,-59,-57,-63,-65,-78,0,-77,-77,0,0,0,0,0,0,0,0,0,0,0,-72,-71,-59,-55
-76,0,-72,-72,-74,0,0,-64,-75,-75,-53,-51,-51,-51,0,0,-68,-68,-71,0,-66,-66,-68,-72,-58,-57,0,0,-76,-76,-59,-57,-63,-65,-78,0,-77,-77,0,0,0,0,0,0,0,0,0,0,0,-72,-71,-59,-55
-76,0,-72,-72,-74,0,0,-64,-75,-75,-53,-51,-51,-51,0,0,-68,-68,-71,0,-66,-66,-68,-72,-58,-57,0,0,-76,-76,-59,-57,-63,-65,-78,0,-77,-77,0,0,0,0,0,0,0,0,0,0,0,-72,-71,-59,-55
-70,0,-72,-72,-73,0,0,-64,-75,-75,-54,-51,-50,-51,0,0,-68,-68,0,0,-65,-65,-68,-68,-57,-57,0,0,-76,-76,-60,-57,-68,-69,-77,0,-77,-77,0,0,0,0,0,0,0,0,0,0,0,-71,-71,-58,-55
-70,0,-72,-72,-73,0,0,-64,-75,-75,-54,-51,-50,-51,0,0,-68,-68,0,0,-65,-65,-66,-68,-57,-57,0,0,-76,-76,-60,-57,-68,-69,-77,0,-77,-77,0,0,0,0,0,0,0,0,0,0,0,-71,-71,-58,-55
-70,0,-72,-72,-73,0,0,-64,-75,-75,-54,-51,-50,-51,0,0,-68,-68,0,0,-65,-65,-66,-68,-57,-57,0,0,-76,-76,-60,-57,-68,-69,-77,0,-77,-77,0,0,0,0,0,0,0,0,0,0,0,-71,-71,-58,-55
-70,0,-72,-72,-73,0,0,-64,-75,-75,-54,-51,-50,-51,0,0,-68,-68,0,0,-65,-65,-66,-68,-57,-57,0,0,-76,-76,-60,-57,-68,-69,-77,0,-77,-77,0,0,0,0,0,0,0,0,0,0,0,-71,-71,-58,-55
-70,0,-72,-72,-73,0,0,-64,-75,-75,-54,-51,-50,-51,0,0,-68,-68,0,0,-65,-65,-66,-68,-57,-57,0,0,-76,-76,-60,-57,-68,-69,-77,0,-77,-77,0,0,0,0,0,0,0,0,0,0,0,-71,-71,-58,-55
-70,0,-73,-72,-72,0,0,-64,-75,-75,-54,-51,-50,-51,0,-68,-68,-68,0,0,-65,-65,-68,-68,-56,-57,0,0,-78,0,-59,-57,-68,-69,-78,0,-78,-78,0,0,0,0,0,0,0,0,0,0,0,-71,-71,-56,-55
-70,0,-73,-72,-72,0,0,-64,-75,-75,-54,-51,-50,-51,0,-68,-68,-68,0,0,-65,-65,-68,-68,-56,-57,0,0,-78,0,-59,-57,-68,-69,-78,0,-78,-78,0,0,0,0,0,0,0,0,0,0,0,-71,-71,-56,-55
-70,0,-73,-72,-72,0,0,-64,-75,-75,-54,-51,-50,-51,0,-68,-68,-68,0,0,-65,-65,-68,-68,-56,-57,0,0,-78,0,-59,-57,-68,-69,-78,0,-78,-78,0,0,0,0,0,0,0,0,0,0,0,-71,-71,-56,-55
-70,0,-73,-72,-72,0,0,-64,-75,-75,-54,-51,-50,-51,0,-68,-68,-68,0,0,-65,-65,-68,-68,-56,-57,0,0,-78,0,-59,-57,-68,-69,-78,0,-78,-78,0,0,0,0,0,0,0,0,0,0,0,-71,-71,-56,-55
-70,0,-73,-72,-72,0,0,-64,-75,-75,-54,-51,-50,-51,0,-68,-68,-68,0,0,-65,-65,-68,-68,-56,-57,0,0,-78,0,-59,-57,-68,-69,-78,0,-78,-78,0,0,0,0,0,0,0,0,0,0,0,-71,-71,-56,-55
-69,-66,-73,-73,-72,0,0,-64,-75,-75,-55,-53,-50,-51,-72,-67,-68,-68,0,0,-66,-67,-68,-67,-57,-57,0,0,-78,0,-59,-56,-67,-68,-78,0,-79,-78,0,0,0,0,0,0,0,0,0,0,0,-71,-71,-56,-55
-69,-66,-73,-73,-72,0,0,-64,-75,-75,-55,-53,-50,-51,-72,-67,-68,-68,0,0,-66,-67,-68,-67,-57,-57,0,0,-78,0,-59,-56,-67,-68,-78,0,-79,-78,0,0,0,0,0,0,0,0,0,0,0,-71,-71,-56,-55
-69,-66,-73,-73,-72,0,0,-64,-75,-75,-55,-53,-50,-51,-72,-67,-68,-68,0,0,-66,-67,-68,-67,-57,-57,0,0,-78,0,-59,-56,-67,-68,-78,0,-79,-78,0,0,0,0,0,0,0,0,0,0,0,-71,-71,-56,-55
-69,-66,-73,-73,-72,0,0,-64,-75,-75,-55,-53,-50,-51,-72,-67,-68,-68,0,0,-66,-67,-68,-67,-57,-57,0,0,-78,0,-59,-56,-67,-68,-78,0,-79,-78,0,0,0,0,0,0,0,0,0,0,0,-71,-71,-56,-55
-69,-66,-73,-73,-72,0,0,-64,-75,-75,-55,-53,-50,-51,-72,-67,-68,-68,0,0,-66,-67,-68,-67,-57,-57,0,0,-78,0,-59,-56,-67,-68,-78,0,-79,-78,0,0,0,0,0,0,0,0,0,0,0,-71,-71,-56,-55
-69,-66,-73,-73,0,0,0,0,-75,-75,-55,-51,-50,-51,-72,-67,-68,-68,-66,-65,-65,-66,-68,-67,-57,-57,0,0,-78,0,-60,-58,-69,-69,-77,0,-78,-78,0,0,0,0,0,0,0,0,0,-68,0,-71,-71,-56,-53
-69,-66,-73,-73,0,0,0,0,-75,-75,-55,-51,-50,-51,-72,-67,-68,-68,-66,-65,-65,-66,-68,-67,-57,-57,0,0,-78,0,-60,-58,-69,-69,-77,0,-78,-78,0,0,0,0,0,0,0,0,0,-68,0,-71,-71,-56,-53
-69,-66,-73,-73,0,0,0,0,-75,-75,-55,-51,-50,-51,-72,-67,-68,-68,-66,-65,-65,-66,-68,-67,-57,-57,0,0,-78,0,-60,-58,-69,-69,-77,0,-78,-78,0,0,0,0,0,0,0,0,0,-68,0,-71,-71,-56,-53
-69,-66,-73,-73,0,0,0,0,-75,-75,-55,-51,-50,-51,-72,-67,-68,-68,-66,-65,-65,-66,-68,-67,-57,-57,0,0,-78,0,-60,-58,-69,-69,-77,0,-78,-78,0,0,0,0,0,0,0,0,0,-68,0,-71,-71,-56,-53
-69,-66,-73,-73,0,0,0,0,-75,-75,-55,-51,-50,-51,-72,-67,-68,-68,-66,-65,-65,-66,-68,-67,-57,-57,0,0,-78,0,-60,-58,-69,-69,-77,0,-78,-78,0,0,0,0,0,0,0,0,0,-68,0,-71,-71,-56,-53
-69,0,-72,-72,0,0,0,-63,-75,-75,-55,-53,-51,-51,0,0,-74,-70,-66,-65,-64,-64,-68,0,-56,-57,0,0,-78,0,-60,-58,-65,-65,-77,0,-77,-77,0,0,0,0,0,0,0,0,0,-68,-67,-72,-71,-56,-53
0,0,-77,-76,0,0,0,-63,-75,-75,-59,-58,-51,-51,0,-78,-73,-72,0,0,-71,-71,-66,0,-56,-57,-81,0,-80,-79,-59,-57,-64,-64,-77,0,-68,-68,0,0,0,-79,-78,0,0,0,0,-68,-67,-69,-69,-57,-61
0,0,-77,-76,0,0,0,-63,-75,-75,-59,-58,-51,-51,0,-78,-73,-72,0,0,-71,-71,-66,0,-56,-57,-81,0,-80,-79,-59,-57,-64,-64,-77,0,-68,-68,0,0,0,-79,-78,0,0,0,0,-68,-67,-69,-69,-57,-61
0,0,-77,-76,0,0,0,-63,-75,-75,-59,-58,-51,-51,0,-78,-73,-72,0,0,-71,-71,-68,0,-56,-57,-81,0,-80,-79,-59,-57,-64,-64,-77,0,-68,-68,0,0,0,-79,-78,0,0,0,0,-68,-67,-69,-69,-57,-61
0,0,-77,-76,0,0,0,-63,-75,-75,-59,-58,-51,-51,0,-78,-73,-72,0,0,-71,-71,-68,0,-56,-57,-81,0,-80,-79,-59,-57,-64,-64,-77,0,-68,-68,0,0,0,-79,-78,0,0,0,0,-68,-67,-69,-69,-57,-61
0,0,-77,-76,0,0,0,-63,-75,-75,-59,-58,-51,-51,0,-78,-73,-72,0,0,-71,-71,-67,0,-56,-57,-81,0,-80,-79,-59,-57,-64,-64,-77,0,-68,-68,0,0,0,-79,-78,0,0,0,0,-68,-67,-69,-69,-57,-61
0,0,-80,-80,0,0,0,-67,-75,-75,-52,-50,-49,-49,-75,-78,-81,-80,0,0,-76,-77,-66,0,-57,-57,-81,0,-74,-79,-60,-58,-66,-66,0,0,-71,-70,0,0,0,-81,-78,0,0,0,0,0,0,-71,-71,-57,-55
0,0,-80,-80,0,0,0,-67,-75,-75,-52,-50,-49,-49,-75,-78,-81,-80,0,0,-76,-77,-66,0,-57,-57,-81,0,-74,-79,-60,-58,-66,-66,0,0,-71,-70,0,0,0,-81,-78,0,0,0,0,0,0,-71,-71,-57,-55
0,0,-80,-80,0,0,0,-67,-75,-75,-52,-50,-49,-49,-75,-78,-81,-80,0,0,-76,-77,-66,0,-57,-57,-81,0,-74,-79,-60,-58,-66,-66,0,0,-71,-70,0,0,0,-81,-78,0,0,0,0,0,0,-71,-71,-57,-55
0,0,-80,-80,0,0,0,-67,-75,-75,-52,-50,-49,-49,-75,-78,-81,-80,0,0,-76,-77,-66,0,-57,-57,-81,0,-74,-79,-60,-58,-66,-66,0,0,-71,-70,0,0,0,-81,-78,0,0,0,0,0,0,-71,-71,-57,-55
0,0,-80,-80,0,0,0,-67,-75,-75,-52,-50,-49,-49,-75,-78,-81,-80,0,0,-76,-77,-66,0,-57,-57,-81,0,-74,-79,-60,-58,-66,-66,0,0,-71,-70,0,0,0,-81,-78,0,0,0,0,0,0,-71,-71,-57,-55
0,0,-79,-80,0,0,0,-64,-76,-75,-52,-49,-49,-50,-75,0,-84,-83,0,0,-76,-76,-66,0,-58,-58,0,0,-78,0,-60,-58,-66,-66,0,0,-71,-72,0,0,0,-80,-79,0,0,0,0,0,0,-71,-71,-55,-51
0,0,-79,-80,0,0,0,-64,-76,-75,-52,-49,-49,-50,-75,0,-84,-83,0,0,-76,-76,-66,0,-58,-58,0,0,-78,0,-60,-58,-66,-66,0,0,-71,-72,0,0,0,-80,-79,0,0,0,0,0,0,-71,-71,-55,-51
0,0,-79,-80,0,0,0,-64,-76,-75,-52,-49,-49,-50,-75,0,-84,-83,0,0,-76,-76,-67,0,-58,-58,0,0,-78,0,-60,-58,-66,-66,0,0,-71,-72,0,0,0,-80,-79,0,0,0,0,0,0,-71,-71,-55,-51
0,0,-79,-80,0,0,0,-64,-76,-75,-52,-49,-49,-50,-75,0,-84,-83,0,0,-76,-76,-67,0,-58,-58,0,0,-78,0,-60,-58,-66,-66,0,0,-71,-72,0,0,0,-80,-79,0,0,0,0,0,0,-71,-71,-55,-51
0,0,-79,-80,0,0,0,-64,-76,-75,-52,-49,-49,-50,-75,0,-84,-83,0,0,-76,-76,-67,0,-58,-58,0,0,-78,0,-60,-58,-66,-66,0,0,-71,-72,0,0,0,-80,-79,0,0,0,0,0,0,-71,-71,-55,-51
0,0,-80,-80,-65,0,0,-64,-74,-74,0,-49,-50,-50,0,0,-84,-83,0,0,-75,-75,-67,-59,-60,-58,0,0,-75,-76,0,-62,-63,-63,0,0,-71,-72,0,0,0,-81,-79,0,0,0,0,0,0,-71,-71,-58,-51
0,0,-80,-80,-65,0,0,-64,-74,-74,0,-49,-50,-50,0,0,-84,-83,0,0,-75,-75,-67,-59,-60,-58,0,0,-75,-76,0,-62,-63,-63,0,0,-71,-72,0,0,0,-81,-79,0,0,0,0,0,0,-71,-71,-58,-51
0,0,-80,-80,-65,0,0,-64,-74,-74,0,-49,-50,-50,0,0,-84,-83,0,0,-75,-75,-67,-59,-60,-58,0,0,-75,-76,0,-62,-63,-63,0,0,-71,-72,0,0,0,-81,-79,0,0,0,0,0,0,-71,-71,-58,-51
0,0,-80,-80,-65,0,0,-64,-74,-74,0,-49,-50,-50,0,0,-84,-83,0,0,-75,-75,-67,-59,-60,-58,0,0,-75,-76,0,-62,-63,-63,0,0,-71,-72,0,0,0,-81,-79,0,0,0,0,0,0,-71,-71,-58,-51
0,0,-80,-80,-65,0,0,-64,-74,-74,0,-49,-50,-50,0,0,-84,-83,0,0,-75,-75,-67,-59,-60,-58,0,0,-75,-76,0,-62,-63,-63,0,0,-71,-72,0,0,0,-81,-79,0,0,0,0,0,0,-71,-71,-58,-51
0,0,-80,-80,-65,-76,-77,0,-74,-74,-55,-55,-50,-50,0,-76,-82,-82,0,0,-75,-81,-68,-63,-57,-58,0,0,-78,-76,0,-64,-64,-64,-79,-78,-70,-70,0,0,0,-81,-81,0,0,0,0,0,0,-71,-71,-58,-51
0,0,-80,-80,-65,-76,-77,0,-74,-74,-55,-55,-50,-50,0,-76,-82,-82,0,0,-75,-81,-68,-63,-57,-58,0,0,-78,-76,0,-64,-64,-64,-79,-78,-70,-70,0,0,0,-81,-81,0,0,0,0,0,0,-71,-71,-58,-51
0,0,-80,-80,-65,-76,-77,0,-74,-74,-55,-55,-50,-50,0,-76,-82,-82,0,0,-75,-81,-68,-63,-57,-58,0,0,-78,-76,0,-64,-64,-64,-79,-78,-70,-70,0,0,0,-81,-81,0,0,0,0,0,0,-71,-71,-58,-51
0,0,-80,-80,-65,-76,-77,0,-74,-74,-55,-55,-50,-50,0,-76,-82,-82,0,0,-75,-81,-68,-63,-57,-58,0,0,-78,-76,0,-64,-64,-64,-79,-78,-70,-70,0,0,0,-81,-81,0,0,0,0,0,0,-71,-71,-58,-51
0,0,-80,-80,-65,-76,-77,0,-74,-74,-55,-55,-50,-50,0,-76,-82,-82,0,0,-75,-81,-68,-63,-57,-58,0,0,-78,-76,0,-64,-64,-64,-79,-78,-70,-70,0,0,0,-81,-81,0,0,0,0,0,0,-71,-71,-58,-51
0,0,-80,-80,0,-76,-77,0,-75,-75,-55,-55,-50,-50,-77,-76,-80,-81,0,0,-75,-77,-68,-63,-57,-57,0,0,-75,-73,-59,-60,-66,-66,-79,-78,-70,-71,0,0,0,-81,-81,0,0,0,0,0,0,-72,-72,-57,-55
0,0,-80,-80,0,-76,-77,0,-75,-75,-55,-55,-50,-50,-77,-76,-80,-81,0,0,-75,-77,-68,-63,-57,-57,0,0,-75,-73,-59,-60,-66,-66,-79,-78,-70,-71,0,0,0,-81,-81,0,0,0,0,0,0,-72,-72,-57,-55
0,0,-80,-80,0,-76,-77,0,-75,-75,-55,-55,-50,-50,-77,-76,-80,-81,0,0,-75,-77,-68,-63,-57,-57,0,0,-75,-73,-59,-60,-66,-66,-79,-78,-70,-71,0,0,0,-81,-81,0,0,0,0,0,0,-72,-72,-57,-55
0,0,-80,-80,0,-76,-77,0,-75,-75,-55,-55,-50,-50,-77,-76,-80,-81,0,0,-75,-77,-68,-63,-57,-57,0,0,-75,-73,-59,-60,-66,-66,-79,-78,-70,-71,0,0,0,-81,-81,0,0,0,0,0,0,-72,-72,-57,-55
0,0,-80,-80,0,-76,-77,0,-75,-75,-55,-55,-50,-50,-77,-76,-80,-81,0,0,-75,-77,-68,-63,-57,-57,0,0,-75,-73,-59,-60,-66,-66,-79,-78,-70,-71,0,0,0,-81,-81,0,0,0,0,0,0,-72,-72,-57,-55
0,0,-80,-80,0,0,0,-65,-75,-75,0,0,-50,-50,-77,0,-80,-81,0,0,-74,-75,-68,-65,-57,-57,0,0,-75,-74,-58,-60,-66,-65,0,0,-72,-72,0,0,0,-80,-81,0,0,0,0,0,0,-72,-72,-59,-56
0,0,-80,-80,0,0,0,-65,-75,-75,0,0,-50,-50,-77,0,-80,-81,0,0,-74,-75,-67,-65,-57,-57,0,0,-75,-74,-58,-60,-66,-65,0,0,-72,-72,0,0,0,-80,-81,0,0,0,0,0,0,-72,-72,-59,-56
0,0,-80,-80,0,0,0,-65,-75,-75,0,0,-50,-50,-77,0,-80,-81,0,0,-74,-75,-67,-65,-57,-57,0,0,-75,-74,-58,-60,-66,-65,0,0,-72,-72,0,0,0,-80,-81,0,0,0,0,0,0,-72,-72,-59,-56
0,0,-80,-80,0,0,0,-65,-75,-75,0,0,-50,-50,-77,0,-80,-81,0,0,-74,-75,-67,-65,-57,-57,0,0,-75,-74,-58,-60,-66,-65,0,0,-72,-72,0,0,0,-80,-81,0,0,0,0,0,0,-72,-72,-59,-56
0,0,-80,-80,0,0,0,-65,-75,-75,0,0,-50,-50,-77,0,-80,-81,0,0,-74,-75,-68,-65,-57,-57,0,0,-75,-74,-58,-60,-66,-65,0,0,-72,-72,0,0,0,-80,-81,0,0,0,0,0,0,-72,-72,-59,-56
0,0,-79,-80,0,0,0,-64,-75,-75,0,0,-50,-50,0,0,-81,-81,0,0,-74,-74,-68,-65,-57,-57,0,0,-76,-77,-58,-61,-66,-66,0,0,-72,-72,0,0,0,-80,0,0,0,0,0,0,0,-72,-71,-58,-56
0,0,-79,-80,0,0,0,-64,-75,-75,0,0,-50,-50,0,0,-81,-81,0,0,-74,-74,-68,-65,-57,-57,0,0,-76,-77,-58,-61,-66,-66,0,0,-72,-72,0,0,0,-80,0,0,0,0,0,0,0,-72,-71,-58,-56
0,0,-79,-80,0,0,0,-64,-75,-75,0,0,-50,-50,0,0,-81,-81,0,0,-74,-74,-68,-65,-57,-57,0,0,-76,-77,-58,-61,-66,-66,0,0,-72,-72,0,0,0,-80,0,0,0,0,0,0,0,-72,-71,-58,-56
0,0,-79,-80,0,0,0,-64,-75,-75,0,0,-50,-50,0,0,-81,-81,0,0,-74,-74,-68,-65,-57,-57,0,0,-76,-77,-58,-61,-66,-66,0,0,-72,-72,0,0,0,-80,0,0,0,0,0,0,0,-72,-71,-58,-56
0,0,-79,-80,0,0,0,-64,-75,-75,0,0,-50,-50,0,0,-81,-81,0,0,-74,-74,-67,-65,-57,-57,0,0,-76,-77,-58,-61,-66,-66,0,0,-72,-72,0,0,0,-80,0,0,0,0,0,0,0,-72,-71,-58,-56
0,0,-79,-80,-69,0,0,-65,-75,-75,-54,-50,-50,-50,0,0,-82,-81,0,0,-74,-74,-65,-65,-57,-57,0,0,-76,-77,-58,-61,-65,-65,-80,0,-71,-71,0,0,0,-81,-81,0,0,0,0,0,0,-72,-72,-58,-55
0,0,-79,-80,-69,0,0,-65,-75,-75,-54,-50,-50,-50,0,0,-82,-81,0,0,-74,-74,-65,-65,-57,-57,0,0,-76,-77,-58,-61,-65,-65,-80,0,-71,-71,0,0,0,-81,-81,0,0,0,0,0,0,-72,-72,-58,-55
0,0,-79,-80,-69,0,0,-65,-75,-75,-54,-50,-50,-50,0,0,-82,-81,0,0,-74,-74,-66,-65,-57,-57,0,0,-76,-77,-58,-61,-65,-65,-80,0,-71,-71,0,0,0,-81,-81,0,0,0,0,0,0,-72,-72,-58,-55
0,0,-79,-80,-69,0,0,-65,-75,-75,-54,-50,-50,-50,0,0,-82,-81,0,0,-74,-74,-66,-65,-57,-57,0,0,-76,-77,-58,-61,-65,-65,-80,0,-71,-71,0,0,0,-81,-81,0,0,0,0,0,0,-72,-72,-58,-55
0,0,-79,-80,-69,0,0,-65,-75,-75,-54,-50,-50,-50,0,0,-82,-81,0,0,-74,-74,-68,-65,-57,-57,0,0,-76,-77,-58,-61,-65,-65,-80,0,-71,-71,0,0,0,-81,-81,0,0,0,0,0,0,-72,-72,-58,-55
0,0,-79,-80,-69,0,0,-65,-75,-75,-53,-50,-50,-50,0,0,-80,-81,0,0,-75,-74,-69,0,-57,-57,0,0,-78,-77,-58,-61,-69,-67,-79,0,-73,-73,0,0,0,-81,-81,0,0,0,0,0,0,-74,-73,-58,-53
0,0,-79,-80,-69,0,0,-65,-75,-75,-53,-50,-50,-50,0,0,-80,-81,0,0,-75,-74,-69,0,-57,-57,0,0,-78,-77,-58,-61,-69,-67,-79,0,-73,-73,0,0,0,-81,-81,0,0,0,0,0,0,-74,-73,-58,-53
0,0,-79,-80,-69,0,0,-65,-75,-75,-53,-50,-50,-50,0,0,-80,-81,0,0,-75,-74,-69,0,-57,-57,0,0,-78,-77,-58,-61,-69,-67,-79,0,-73,-73,0,0,0,-81,-81,0,0,0,0,0,0,-74,-73,-58,-53
0,0,-79,-80,-69,0,0,-65,-75,-75,-53,-50,-50,-50,0,0,-80,-81,0,0,-75,-74,-69,0,-57,-57,0,0,-78,-77,-58,-61,-69,-67,-79,0,-73,-73,0,0,0,-81,-81,0,0,0,0,0,0,-74,-73,-58,-53
0,0,-79,-80,-69,0,0,-65,-75,-75,-53,-50,-50,-50,0,0,-80,-81,0,0,-75,-74,-69,0,-57,-57,0,0,-78,-77,-58,-61,-69,-67,-79,0,-73,-73,0,0,0,-81,-81,0,0,0,0,0,0,-74,-73,-58,-53
0,0,-80,-80,-69,0,0,-65,-75,-75,-54,-50,-50,-50,0,0,-80,-81,0,0,-74,-74,-67,0,-59,-58,0,0,-78,-79,-57,-61,-65,-67,-79,0,-73,-73,0,0,0,-82,0,0,0,0,0,0,0,-74,-73,-56,-53
0,0,-80,-80,-69,0,0,-65,-75,-75,-54,-50,-50,-50,0,0,-80,-81,0,0,-74,-74,-67,0,-59,-58,0,0,-78,-79,-57,-61,-65,-67,-79,0,-73,-73,0,0,0,-82,0,0,0,0,0,0,0,-74,-73,-56,-53
0,0,-80,-80,-69,0,0,-65,-75,-75,-54,-50,-50,-50,0,0,-80,-81,0,0,-74,-74,-67,0,-59,-58,0,0,-78,-79,-57,-61,-65,-67,-79,0,-73,-73,0,0,0,-82,0,0,0,0,0,0,0,-74,-73,-56,-53
0,0,-80,-80,-69,0,0,-65,-75,-75,-54,-50,-50,-50,0,0,-80,-81,0,0,-74,-74,-67,0,-59,-58,0,0,-78,-79,-57,-61,-65,-67,-79,0,-73,-73,0,0,0,-82,0,0,0,0,0,0,0,-74,-73,-56,-53
0,0,-80,-80,-69,0,0,-65,-75,-75,-54,-50,-50,-50,0,0,-80,-81,0,0,-74,-74,-67,0,-59,-58,0,0,-78,-79,-57,-61,-65,-67,-79,0,-73,-73,0,0,0,-82,0,0,0,0,0,0,0,-74,-73,-56,-53
-73,-70,-80,-80,-73,0,0,-72,-74,-75,-54,-50,-50,-51,0,0,-80,-81,0,-71,-74,-74,-67,0,-58,-58,0,0,-77,-79,-57,-61,-64,-65,-80,-77,-71,-71,0,0,0,-82,0,0,0,0,0,0,0,-73,-73,-58,-57
-73,-70,-80,-80,-73,0,0,-72,-74,-75,-54,-50,-50,-51,0,0,-80,-81,0,-71,-74,-74,-67,0,-58,-58,0,0,-77,-79,-57,-61,-64,-65,-80,-77,-71,-71,0,0,0,-82,0,0,0,0,0,0,0,-73,-73,-58,-57
-73,-70,-80,-80,-73,0,0,-72,-74,-75,-54,-50,-50,-51,0,0,-80,-81,0,-71,-74,-74,-67,0,-58,-58,0,0,-77,-79,-57,-61,-64,-65,-80,-77,-71,-71,0,0,0,-82,0,0,0,0,0,0,0,-73,-73,-58,-57
-73,-70,-80,-80,-73,0,0,-72,-74,-75,-54,-50,-50,-51,0,0,-80,-81,0,-71,-74,-74,-67,0,-58,-58,0,0,-77,-79,-57,-61,-64,-65,-80,-77,-71,-71,0,0,0,-82,0,0,0,0,0,0,0,-73,-73,-58,-57
-73,-70,-80,-80,-73,0,0,-72,-74,-75,-54,-50,-50,-51,0,0,-80,-81,0,-71,-74,-74,-67,0,-58,-58,0,0,-77,-79,-57,-61,-64,-65,-80,-77,-71,-71,0,0,0,-82,0,0,0,0,0,0,0,-73,-73,-58,-57
-73,-70,-80,-79,-73,0,0,-65,-76,-77,-53,-49,-56,-56,0,0,-80,-81,0,-71,-75,-75,-68,-65,-56,-56,0,0,-74,-74,-57,-61,-63,-63,-80,-77,-73,-73,0,0,0,-80,0,0,0,0,0,0,0,-75,-75,-57,-52
-73,-70,-80,-79,-73,0,0,-65,-76,-77,-53,-49,-56,-56,0,0,-80,-81,0,-71,-75,-75,-68,-65,-56,-56,0,0,-74,-74,-57,-61,-63,-63,-80,-77,-73,-73,0,0,0,-80,0,0,0,0,0,0,0,-75,-75,-57,-52
-73,-70,-80,-79,-73,0,0,-65,-76,-77,-53,-49,-56,-56,0,0,-80,-81,0,-71,-75,-75,-68,-65,-56,-56,0,0,-74,-74,-57,-61,-63,-63,-80,-77,-73,-73,0,0,0,-80,0,0,0,0,0,0,0,-75,-75,-57,-52
-73,-70,-80,-79,-73,0,0,-65,-76,-77,-53,-49,-56,-56,0,0,-80,-81,0,-71,-75,-75,-68,-65,-56,-56,0,0,-74,-74,-57,-61,-63,-63,-80,-77,-73,-73,0,0,0,-80,0,0,0,0,0,0,0,-75,-75,-57,-52
-73,-70,-80,-79,-73,0,0,-65,-76,-77,-53,-49,-56,-56,0,0,-80,-81,0,-71,-75,-75,-68,-65,-56,-56,0,0,-74,-74,-57,-61,-63,-63,-80,-77,-73,-73,0,0,0,-80,0,0,0,0,0,0,0,-75,-75,-57,-52
0,0,-81,-81,0,0,0,-65,-76,-77,-52,-48,-52,-51,0,0,-81,-81,0,0,-75,-76,-69,-65,-55,-56,0,0,-78,-78,-58,-67,-68,-68,0,0,-72,-72,0,0,0,-80,-80,0,0,0,0,0,0,-74,-74,-58,-52
0,0,-81,-81,0,0,0,-65,-76,-77,-52,-48,-52,-51,0,0,-81,-81,0,0,-75,-76,-69,-65,-55,-56,0,0,-78,-78,-58,-67,-68,-68,0,0,-72,-72,0,0,0,-80,-80,0,0,0,0,0,0,-74,-74,-58,-52
0,0,-77,-77,0,0,0,-65,-75,-76,-52,-50,-61,-62,0,0,-76,-75,0,0,-65,-65,-63,-66,-59,-59,0,0,-79,-79,-58,-66,-60,-60,0,0,-72,-72,0,0,0,-80,-81,0,0,0,0,0,0,-74,-74,-60,-58
0,0,-77,-77,0,0,0,-65,-75,-76,-52,-50,-61,-62,0,0,-76,-75,0,0,-65,-65,-62,-66,-59,-59,0,0,-79,-79,-58,-66,-60,-60,0,0,-72,-72,0,0,0,-80,-81,0,0,0,0,0,0,-74,-74,-60,-58
0,0,-77,-77,0,0,0,-65,-75,-76,-52,-50,-61,-62,0,0,-76,-75,0,0,-65,-65,-62,-66,-59,-59,0,0,-79,-79,-58,-66,-60,-60,0,0,-72,-72,0,0,0,-80,-81,0,0,0,0,0,0,-74,-74,-60,-58
0,0,-77,-77,0,0,0,-65,-75,-76,-52,-50,-61,-62,0,0,-76,-75,0,0,-65,-65,-62,-66,-59,-59,0,0,-79,-79,-58,-66,-60,-60,0,0,-72,-72,0,0,0,-80,-81,0,0,0,0,0,0,-74,-74,-60,-58
0,0,-77,-77,0,0,0,-65,-75,-76,-52,-50,-61,-62,0,0,-76,-75,0,0,-65,-65,-63,-66,-59,-59,0,0,-79,-79,-58,-66,-60,-60,0,0,-72,-72,0,0,0,-80,-81,0,0,0,0,0,0,-74,-74,-60,-58
0,0,-73,-73,-64,0,0,-65,-79,-79,-59,-57,-60,-60,-72,0,-70,-70,0,0,-64,-64,-65,-66,-55,-55,0,0,-71,-79,-61,-58,-62,-63,-80,-80,-72,-74,0,0,0,-79,-79,0,0,0,0,0,0,-78,-78,-56,-54
0,0,-73,-73,-64,0,0,-65,-79,-79,-59,-57,-60,-60,-72,0,-70,-70,0,0,-64,-64,-65,-66,-55,-55,0,0,-71,-79,-61,-58,-62,-63,-80,-80,-72,-74,0,0,0,-79,-79,0,0,0,0,0,0,-78,-78,-56,-54
0,0,-73,-73,-64,0,0,-65,-79,-79,-59,-57,-60,-60,-72,0,-70,-70,0,0,-64,-64,-65,-66,-55,-55,0,0,-71,-79,-61,-58,-62,-63,-80,-80,-72,-74,0,0,0,-79,-79,0,0,0,0,0,0,-78,-78,-56,-54
0,0,-73,-73,-64,0,0,-65,-79,-79,-59,-57,-60,-60,-72,0,-70,-70,0,0,-64,-64,-65,-66,-55,-55,0,0,-71,-79,-61,-58,-62,-63,-80,-80,-72,-74,0,0,0,-79,-79,0,0,0,0,0,0,-78,-78,-56,-54
0,0,-73,-73,-64,0,0,-65,-79,-79,-59,-57,-60,-60,-72,0,-70,-70,0,0,-64,-64,-66,-66,-55,-55,0,0,-71,-79,-61,-58,-62,-63,-80,-80,-72,-74,0,0,0,-79,-79,0,0,0,0,0,0,-78,-78,-56,-54
0,0,-74,-72,-63,0,0,-65,-80,-79,-59,-57,-59,-59,-72,0,-70,-70,0,0,-65,-64,-65,-62,-55,-54,-73,0,-70,-70,-61,-57,-62,-63,-80,-80,-73,-74,0,0,0,-80,-79,0,0,0,0,0,0,-73,-73,-54,-51
0,0,-74,-72,-63,0,0,-65,-80,-79,-59,-57,-59,-59,-72,0,-70,-70,0,0,-65,-64,-65,-62,-55,-54,-73,0,-70,-70,-61,-57,-62,-63,-80,-80,-73,-74,0,0,0,-80,-79,0,0,0,0,0,0,-73,-73,-54,-51
0,0,-74,-72,-63,0,0,-65,-80,-79,-59,-57,-59,-59,-72,0,-70,-70,0,0,-65,-64,-65,-62,-55,-54,-73,0,-70,-70,-61,-57,-62,-63,-80,-80,-73,-74,0,0,0,-80,-79,0,0,0,0,0,0,-73,-73,-54,-51
0,0,-74,-72,-63,0,0,-65,-80,-79,-59,-57,-59,-59,-72,0,-70,-70,0,0,-65,-64,-65,-62,-55,-54,-73,0,-70,-70,-61,-57,-62,-63,-80,-80,-73,-74,0,0,0,-80,-79,0,0,0,0,0,0,-73,-73,-54,-51
0,0,-74,-72,-63,0,0,-65,-80,-79,-59,-57,-59,-59,-72,0,-70,-70,0,0,-65,-64,-65,-62,-55,-54,-73,0,-70,-70,-61,-57,-62,-63,-80,-80,-73,-74,0,0,0,-80,-79,0,0,0,0,0,0,-73,-73,-54,-51
0,-66,-72,-72,-63,0,0,-63,-79,-79,0,0,-60,-60,-70,0,-70,-70,0,0,-67,-65,-67,-62,-55,-55,-73,0,-72,-70,-58,-55,-62,-60,0,0,-75,-76,0,0,0,-79,-79,0,0,0,0,0,0,-71,-71,-53,-54
0,-66,-72,-72,-63,0,0,-63,-79,-79,0,0,-60,-60,-70,0,-70,-70,0,0,-67,-65,-67,-62,-55,-55,-73,0,-72,-70,-58,-55,-62,-60,0,0,-75,-76,0,0,0,-79,-79,0,0,0,0,0,0,-71,-71,-53,-54
0,-66,-72,-72,-63,0,0,-63,-79,-79,0,0,-60,-60,-70,0,-70,-70,0,0,-67,-65,-67,-62,-55,-55,-73,0,-72,-70,-58,-55,-62,-60,0,0,-75,-76,0,0,0,-79,-79,0,0,0,0,0,0,-71,-71,-53,-54
0,-66,-72,-72,-63,0,0,-63,-79,-79,0,0,-60,-60,-70,0,-70,-70,0,0,-67,-65,-67,-62,-55,-55,-73,0,-72,-70,-58,-55,-62,-60,0,0,-75,-76,0,0,0,-79,-79,0,0,0,0,0,0,-71,-71,-53,-54
0,-66,-72,-72,-63,0,0,-63,-79,-79,0,0,-60,-60,-70,0,-70,-70,0,0,-67,-65,-67,-62,-55,-55,-73,0,-72,-70,-58,-55,-62,-60,0,0,-75,-76,0,0,0,-79,-79,0,0,0,0,0,0,-71,-71,-53,-54
0,-66,-72,-72,-63,0,0,-63,-78,-78,-59,-59,-60,-60,-70,0,-70,-71,0,0,-65,-65,-67,-62,-55,-55,0,0,-69,0,-58,-54,-63,-63,-76,0,-75,-76,0,0,0,-79,-80,0,0,0,0,0,0,-71,-71,-52,-52
0,-66,-72,-72,-63,0,0,-63,-78,-78,-59,-59,-60,-60,-70,0,-70,-71,0,0,-65,-65,-67,-62,-55,-55,0,0,-69,0,-58,-54,-63,-63,-76,0,-75,-76,0,0,0,-79,-80,0,0,0,0,0,0,-71,-71,-52,-52
0,-66,-72,-72,-63,0,0,-63,-78,-78,-59,-59,-60,-60,-70,0,-70,-71,0,0,-65,-65,-66,-62,-55,-55,0,0,-69,0,-58,-54,-63,-63,-76,0,-75,-76,0,0,0,-79,-80,0,0,0,0,0,0,-71,-71,-52,-52
0,-66,-72,-72,-63,0,0,-63,-78,-78,-59,-59,-60,-60,-70,0,-70,-71,0,0,-65,-65,-66,-62,-55,-55,0,0,-69,0,-58,-54,-63,-63,-76,0,-75,-76,0,0,0,-79,-80,0,0,0,0,0,0,-71,-71,-52,-52
0,-66,-72,-72,-63,0,0,-63,-78,-78,-59,-59,-60,-60,-70,0,-70,-71,0,0,-65,-65,-66,-62,-55,-55,0,0,-69,0,-58,-54,-63,-63,-76,0,-75,-76,0,0,0,-79,-80,0,0,0,0,0,0,-71,-71,-52,-52
0,0,-73,-72,-63,0,0,-64,-78,-79,-59,-59,-60,-60,0,-67,-71,-71,0,0,-62,-63,-65,-65,-57,-56,0,-79,-69,-70,0,-53,-63,-63,-76,0,-75,-76,0,0,-74,-81,-80,0,0,0,0,0,0,-70,-70,-50,-52
0,0,-73,-72,-63,0,0,-64,-78,-79,-59,-59,-60,-60,0,-67,-71,-71,0,0,-62,-63,-65,-65,-57,-56,0,-79,-69,-70,0,-53,-63,-63,-76,0,-75,-76,0,0,-74,-81,-80,0,0,0,0,0,0,-70,-70,-50,-52
0,0,-73,-72,-63,0,0,-64,-78,-79,-59,-59,-60,-60,0,-67,-71,-71,0,0,-62,-63,-65,-65,-57,-56,0,-79,-69,-70,0,-53,-63,-63,-76,0,-75,-76,0,0,-74,-81,-80,0,0,0,0,0,0,-70,-70,-50,-52
0,0,-73,-72,-63,0,0,-64,-78,-79,-59,-59,-60,-60,0,-67,-71,-71,0,0,-62,-63,-65,-65,-57,-56,0,-79,-69,-70,0,-53,-63,-63,-76,0,-75,-76,0,0,-74,-81,-80,0,0,0,0,0,0,-70,-70,-50,-52
0,0,-73,-72,-63,0,0,-64,-78,-79,-59,-59,-60,-60,0,-67,-71,-71,0,0,-62,-63,-65,-65,-57,-56,0,-79,-69,-70,0,-53,-63,-63,-76,0,-75,-76,0,0,-74,-81,-80,0,0,0,0,0,0,-70,-70,-50,-52
0,0,-73,-72,-64,0,0,-60,-78,-81,0,-59,-59,-60,0,-67,-71,-71,0,0,-66,-65,-65,-65,-55,-55,-74,-76,-69,-70,-59,-56,-59,-59,-80,-79,-75,-75,0,0,-74,-81,-80,0,0,0,0,0,-68,-70,-71,-54,-52
0,0,-73,-72,-64,0,0,-60,-78,-81,0,-59,-59,-60,0,-67,-71,-71,0,0,-66,-65,-65,-65,-55,-55,-74,-76,-69,-70,-59,-56,-59,-59,-80,-79,-75,-75,0,0,-74,-81,-80,0,0,0,0,0,-68,-70,-71,-54,-52
0,0,-73,-72,-64,0,0,-60,-78,-81,0,-59,-59,-60,0,-67,-71,-71,0,0,-66,-65,-65,-65,-55,-55,-74,-76,-69,-70,-59,-56,-59,-59,-80,-79,-75,-75,0,0,-74,-81,-80,0,0,0,0,0,-68,-70,-71,-54,-52
0,0,-73,-72,-64,0,0,-60,-78,-81,0,-59,-59,-60,0,-67,-71,-71,0,0,-66,-65,-66,-65,-55,-55,-74,-76,-69,-70,-59,-56,-59,-59,-80,-79,-75,-75,0,0,-74,-81,-80,0,0,0,0,0,-68,-70,-71,-54,-52
0,0,-73,-72,-64,0,0,-60,-78,-81,0,-59,-59,-60,0,-67,-71,-71,0,0,-66,-65,-66,-65,-55,-55,-74,-76,-69,-70,-59,-56,-59,-59,-80,-79,-75,-75,0,0,-74,-81,-80,0,0,0,0,0,-68,-70,-71,-54,-52
0,0,-74,-72,-64,0,0,-61,-78,-79,-61,-60,-60,-60,-70,-66,-71,-71,0,-64,-66,-65,-66,0,-55,-55,-74,-76,-72,-71,-59,-55,-63,-63,-80,-79,-76,-76,0,0,0,-81,-79,0,0,0,0,0,-68,-70,-71,-54,-52
0,0,-74,-72,-64,0,0,-61,-78,-79,-61,-60,-60,-60,-70,-66,-71,-71,0,-64,-66,-65,-66,0,-55,-55,-74,-76,-72,-71,-59,-55,-63,-63,-80,-79,-76,-76,0,0,0,-81,-79,0,0,0,0,0,-68,-70,-71,-54,-52
0,0,-74,-72,-64,0,0,-61,-78,-79,-61,-60,-60,-60,-70,-66,-71,-71,0,-64,-66,-65,-66,0,-55,-55,-74,-76,-72,-71,-59,-55,-63,-63,-80,-79,-76,-76,0,0,0,-81,-79,0,0,0,0,0,-68,-70,-71,-54,-52
0,0,-74,-72,-64,0,0,-61,-78,-79,-61,-60,-60,-60,-70,-66,-71,-71,0,-64,-66,-65,-67,0,-55,-55,-74,-76,-72,-71,-59,-55,-63,-63,-80,-79,-76,-76,0,0,0,-81,-79,0,0,0,0,0,-68,-70,-71,-54,-52
0,0,-74,-72,-64,0,0,-61,-78,-79,-61,-60,-60,-60,-70,-66,-71,-71,0,-64,-66,-65,-67,0,-55,-55,-74,-76,-72,-71,-59,-55,-63,-63,-80,-79,-76,-76,0,0,0,-81,-79,0,0,0,0,0,-68,-70,-71,-54,-52
0,0,-73,-72,-65,0,0,-61,-78,-78,-61,-60,-61,-60,-70,-66,-71,-71,0,-64,-65,-65,-64,0,-55,-56,0,0,-71,-72,-59,-54,-63,-63,0,0,-77,-76,0,0,0,-81,-81,0,0,0,0,0,0,-70,-71,-53,-52
0,0,-73,-72,-65,0,0,-61,-78,-78,-61,-60,-61,-60,-70,-66,-71,-71,0,-64,-65,-65,-65,0,-55,-56,0,0,-71,-72,-59,-54,-63,-63,0,0,-77,-76,0,0,0,-81,-81,0,0,0,0,0,0,-70,-71,-53,-52
0,0,-73,-72,-65,0,0,-61,-78,-78,-61,-60,-61,-60,-70,-66,-71,-71,0,-64,-65,-65,-65,0,-55,-56,0,0,-71,-72,-59,-54,-63,-63,0,0,-77,-76,0,0,0,-81,-81,0,0,0,0,0,0,-70,-71,-53,-52
0,0,-73,-72,-65,0,0,-61,-78,-78,-61,-60,-61,-60,-70,-66,-71,-71,0,-64,-65,-65,-66,0,-55,-56,0,0,-71,-72,-59,-54,-63,-63,0,0,-77,-76,0,0,0,-81,-81,0,0,0,0,0,0,-70,-71,-53,-52
0,0,-73,-72,-65,0,0,-61,-78,-78,-61,-60,-61,-60,-70,-66,-71,-71,0,-64,-65,-65,-66,0,-55,-56,0,0,-71,-72,-59,-54,-63,-63,0,0,-77,-76,0,0,0,-81,-81,0,0,0,0,0,0,-70,-71,-53,-52
0,0,-73,-72,-65,0,0,0,-78,-79,0,-61,-61,-61,-71,-67,-71,-72,0,0,-65,-65,-66,-69,-56,-56,0,0,-71,-71,-59,-56,-59,-59,-79,-78,-77,-77,0,0,0,-79,-79,0,0,0,0,0,0,-69,-70,-53,-49
0,0,-73,-72,-65,0,0,0,-78,-79,0,-61,-61,-61,-71,-67,-71,-72,0,0,-65,-65,-66,-69,-56,-56,0,0,-71,-71,-59,-56,-59,-59,-79,-78,-77,-77,0,0,0,-79,-79,0,0,0,0,0,0,-69,-70,-53,-49
0,0,-73,-72,-65,0,0,0,-78,-79,0,-61,-61,-61,-71,-67,-71,-72,0,0,-65,-65,-66,-69,-56,-56,0,0,-71,-71,-59,-56,-59,-59,-79,-78,-77,-77,0,0,0,-79,-79,0,0,0,0,0,0,-69,-70,-53,-49
0,0,-73,-72,-65,0,0,0,-78,-79,0,-61,-61,-61,-71,-67,-71,-72,0,0,-65,-65,-66,-69,-56,-56,0,0,-71,-71,-59,-56,-59,-59,-79,-78,-77,-77,0,0,0,-79,-79,0,0,0,0,0,0,-69,-70,-53,-49
0,0,-73,-72,-65,0,0,0,-78,-79,0,-61,-61,-61,-71,-67,-71,-72,0,0,-65,-65,-66,-69,-56,-56,0,0,-71,-71,-59,-56,-59,-59,-79,-78,-77,-77,0,0,0,-79,-79,0,0,0,0,0,0,-69,-70,-53,-49
0,0,-74,-74,0,0,0,-74,-78,-77,0,-61,-60,-61,-70,-65,-71,-70,0,0,-77,-64,-66,-69,-56,-56,0,0,-71,-71,-59,-56,-59,-59,-78,-78,-74,-74,0,0,0,-80,-81,0,0,0,0,0,0,-69,-70,-52,-50
0,0,-74,-74,0,0,0,-74,-78,-77,0,-61,-60,-61,-70,-65,-71,-70,0,0,-77,-64,-66,-69,-56,-56,0,0,-71,-71,-59,-56,-59,-59,-78,-78,-74,-74,0,0,0,-80,-81,0,0,0,0,0,0,-69,-70,-52,-50
0,0,-74,-74,0,0,0,-74,-78,-77,0,-61,-60,-61,-70,-65,-71,-70,0,0,-77,-64,-66,-69,-56,-56,0,0,-71,-71,-59,-56,-59,-59,-78,-78,-74,-74,0,0,0,-80,-81,0,0,0,0,0,0,-69,-70,-52,-50
0,0,-74,-74,0,0,0,-74,-78,-77,0,-61,-60,-61,-70,-65,-71,-70,0,0,-77,-64,-66,-69,-56,-56,0,0,-71,-71,-59,-56,-59,-59,-78,-78,-74,-74,0,0,0,-80,-81,0,0,0,0,0,0,-69,-70,-52,-50
0,0,-74,-74,0,0,0,-74,-78,-77,0,-61,-60,-61,-70,-65,-71,-70,0,0,-77,-64,-66,-69,-56,-56,0,0,-71,-71,-59,-56,-59,-59,-78,-78,-74,-74,0,0,0,-80,-81,0,0,0,0,0,0,-69,-70,-52,-50
0,0,-75,-75,0,0,0,-74,-78,-80,0,0,-60,-61,-70,-65,-71,-71,0,0,-68,-65,-66,0,-56,-56,0,0,-69,-70,-59,-55,-62,-62,-78,0,-76,-77,0,0,0,-80,-81,0,0,0,0,0,0,-71,-71,-52,-51
0,0,-75,-75,0,0,0,-74,-78,-80,0,0,-60,-61,-70,-65,-71,-71,0,0,-68,-65,-66,0,-56,-56,0,0,-69,-70,-59,-55,-62,-62,-78,0,-76,-77,0,0,0,-80,-81,0,0,0,0,0,0,-71,-71,-52,-51
0,0,-75,-75,0,0,0,-74,-78,-80,0,0,-60,-61,-70,-65,-71,-71,0,0,-68,-65,-66,0,-56,-56,0,0,-69,-70,-59,-55,-62,-62,-78,0,-76,-77,0,0,0,-80,-81,0,0,0,0,0,0,-71,-71,-52,-51
0,0,-75,-75,0,0,0,-74,-78,-80,0,0,-60,-61,-70,-65,-71,-71,0,0,-68,-65,-66,0,-56,-56,0,0,-69,-70,-59,-55,-62,-62,-78,0,-76,-77,0,0,0,-80,-81,0,0,0,0,0,0,-71,-71,-52,-51
0,0,-75,-75,0,0,0,-74,-78,-80,0,0,-60,-61,-70,-65,-71,-71,0,0,-68,-65,-67,0,-56,-56,0,0,-69,-70,-59,-55,-62,-62,-78,0,-76,-77,0,0,0,-80,-81,0,0,0,0,0,0,-71,-71,-52,-51
0,0,-73,-74,-63,0,0,0,-78,-78,0,0,-61,-61,-72,0,-71,-71,0,0,-66,-65,-66,0,-56,-57,0,0,-70,-70,-59,-55,-62,-62,-79,-76,-76,-77,0,0,0,-80,-81,0,0,0,0,0,0,-71,-71,-52,-53
0,0,-73,-74,-63,0,0,0,-78,-78,0,0,-61,-61,-72,0,-71,-71,0,0,-66,-65,-66,0,-56,-57,0,0,-70,-70,-59,-55,-62,-62,-79,-76,-76,-77,0,0,0,-80,-81,0,0,0,0,0,0,-71,-71,-52,-53
0,0,-73,-74,-63,0,0,0,-78,-78,0,0,-61,-61,-72,0,-71,-71,0,0,-66,-65,-66,0,-56,-57,0,0,-70,-70,-59,-55,-62,-62,-79,-76,-76,-77,0,0,0,-80,-81,0,0,0,0,0,0,-71,-71,-52,-53
0,0,-73,-74,-63,0,0,0,-78,-78,0,0,-61,-61,-72,0,-71,-71,0,0,-66,-65,-66,0,-56,-57,0,0,-70,-70,-59,-55,-62,-62,-79,-76,-76,-77,0,0,0,-80,-81,0,0,0,0,0,0,-71,-71,-52,-53
0,0,-73,-72,-61,0,0,-65,-78,-78,-58,0,-61,-61,-69,-67,-73,-72,0,0,-66,-65,-66,0,-56,-56,0,0,-71,-71,0,-54,-58,-58,-79,-76,-76,-76,0,0,0,-80,-81,0,0,0,0,0,0,-71,-71,-52,-50
0,0,-73,-72,-61,0,0,-65,-78,-78,-58,0,-61,-61,-69,-67,-73,-72,0,0,-66,-65,-66,0,-56,-56,0,0,-71,-71,0,-54,-58,-58,-79,-76,-76,-76,0,0,0,-80,-81,0,0,0,0,0,0,-71,-71,-52,-50
0,0,-73,-72,-61,0,0,-65,-78,-78,-58,0,-61,-61,-69,-67,-73,-72,0,0,-66,-65,-66,0,-56,-56,0,0,-71,-71,0,-54,-58,-58,-79,-76,-76,-76,0,0,0,-80,-81,0,0,0,0,0,0,-71,-71,-52,-50
0,0,-73,-72,-61,0,0,-65,-78,-78,-58,0,-61,-61,-69,-67,-73,-72,0,0,-66,-65,-67,0,-56,-56,0,0,-71,-71,0,-54,-58,-58,-79,-76,-76,-76,0,0,0,-80,-81,0,0,0,0,0,0,-71,-71,-52,-50
