-67,-71,-66,-64,-85,-80,-80,-72,-72,-73,0,0,-75,-74,-83,0,0,0,-72,-83,-70,-70,-75,-70,-71,-70,-82,0,-72,-71,-79,-72,-74,-75,-86,-88,-85,-84,0,-85,-87,0,0,0,0,-83,-86,0,0,-80,-81,-70,-52
-67,-71,-66,-64,-85,-80,-80,-72,-72,-73,0,0,-75,-74,-83,0,0,0,-72,-83,-70,-70,-75,-70,-71,-70,-82,0,-72,-71,-79,-72,-74,-75,-86,-88,-85,-84,0,-85,-87,0,0,0,0,-83,-86,0,0,-80,-81,-70,-52
-67,-71,-66,-64,-85,-80,-80,-72,-72,-73,0,0,-75,-74,-83,0,0,0,-72,-83,-70,-70,-75,-70,-71,-70,-82,0,-72,-71,-79,-72,-74,-75,-86,-88,-85,-84,0,-85,-87,0,0,0,0,-83,-86,0,0,-80,-81,-70,-52
-67,-71,-66,-64,-85,-80,-80,-72,-72,-73,0,0,-75,-74,-83,0,0,0,-72,-83,-70,-70,-75,-70,-71,-70,-82,0,-72,-71,-79,-72,-74,-75,-86,-88,-85,-84,0,-85,-87,0,0,0,0,-83,-86,0,0,-80,-81,-70,-52
-68,-65,-59,-55,-85,-77,-79,0,-74,-74,0,0,-78,-78,-83,0,0,0,-72,-83,-76,-76,-73,-72,-71,-71,-82,0,-65,-65,-79,-72,-74,-75,-86,-88,-82,-83,0,-85,-87,-83,-82,-86,-86,0,0,0,0,-80,-81,-69,-54
-68,-65,-59,-55,-85,-77,-79,0,-74,-74,0,0,-78,-78,-83,0,0,0,-72,-83,-76,-76,-73,-72,-71,-71,-82,0,-65,-65,-79,-72,-74,-75,-86,-88,-82,-83,0,-85,-87,-83,-82,-86,-86,0,0,0,0,-80,-81,-69,-54
-68,-65,-59,-55,-85,-77,-79,0,-74,-74,0,0,-78,-78,-83,0,0,0,-72,-83,-76,-76,-73,-72,-71,-71,-82,0,-65,-65,-79,-72,-74,-75,-86,-88,-82,-83,0,-85,-87,-83,-82,-86,-86,0,0,0,0,-80,-81,-69,-54
-68,-65,-59,-55,-85,-77,-79,0,-74,-74,0,0,-78,-78,-83,0,0,0,-72,-83,-76,-76,-73,-72,-71,-71,-82,0,-65,-65,-79,-72,-74,-75,-86,-88,-82,-83,0,-85,-87,-83,-82,-86,-86,0,0,0,0,-80,-81,-69,-54
-68,-65,-61,-56,0,-78,-79,0,-77,-77,0,0,-78,-78,0,0,0,0,0,-68,-71,-71,-73,-72,-71,-71,0,0,-67,-67,-79,-77,-73,-74,0,0,-82,-81,0,-83,-85,-83,-82,-86,-86,0,0,0,0,-80,-81,-63,-52
-68,-65,-61,-56,0,-78,-79,0,-77,-77,0,0,-78,-78,0,0,0,0,0,-68,-71,-71,-73,-72,-71,-71,0,0,-67,-67,-79,-77,-73,-74,0,0,-82,-81,0,-83,-85,-83,-82,-86,-86,0,0,0,0,-80,-81,-63,-52
-68,-65,-61,-56,0,-78,-79,0,-77,-77,0,0,-78,-78,0,0,0,0,0,-68,-71,-71,-73,-72,-71,-71,0,0,-67,-67,-79,-77,-73,-74,0,0,-82,-81,0,-83,-85,-83,-82,-86,-86,0,0,0,0,-80,-81,-63,-52
-68,-65,-61,-56,0,-78,-79,0,-77,-77,0,0,-78,-78,0,0,0,0,0,-68,-71,-71,-73,-72,-71,-71,0,0,-67,-67,-79,-77,-73,-74,0,0,-82,-81,0,-83,-85,-83,-82,-86,-86,0,0,0,0,-80,-81,-63,-52
-68,-65,-65,-60,0,-81,-80,0,-75,-75,0,0,-84,-84,0,0,0,0,0,-68,-73,-74,-73,-68,-70,-70,0,0,-69,-68,-79,-77,-74,-75,0,0,-82,-82,0,-83,-85,-83,-82,-86,-86,0,0,0,0,-85,-87,-67,-56
-68,-65,-65,-60,0,-81,-80,0,-75,-75,0,0,-84,-84,0,0,0,0,0,-68,-73,-74,-73,-68,-70,-70,0,0,-69,-68,-79,-77,-74,-75,0,0,-82,-82,0,-83,-85,-83,-82,-86,-86,0,0,0,0,-85,-87,-67,-56
-68,-65,-65,-60,0,-81,-80,0,-75,-75,0,0,-84,-84,0,0,0,0,0,-68,-73,-74,-73,-68,-70,-70,0,0,-69,-68,-79,-77,-74,-75,0,0,-82,-82,0,-83,-85,-83,-82,-86,-86,0,0,0,0,-85,-87,-67,-56
-68,-65,-65,-60,0,-81,-80,0,-75,-75,0,0,-84,-84,0,0,0,0,0,-68,-73,-74,-73,-68,-70,-70,0,0,-69,-68,-79,-77,-74,-75,0,0,-82,-82,0,-83,-85,-83,-82,-86,-86,0,0,0,0,-85,-87,-67,-56
0,-68,-64,-63,0,-81,-80,0,-74,-74,0,0,-84,-84,0,0,0,0,-71,-71,-75,-76,0,-68,-68,-68,-83,-84,-69,-69,-79,-78,-75,-76,0,0,-84,-83,0,-86,-84,-86,-86,0,0,-78,0,0,0,-86,-85,-70,-54
0,-68,-64,-63,0,-81,-80,0,-74,-74,0,0,-84,-84,0,0,0,0,-71,-71,-75,-76,0,-68,-68,-68,-83,-84,-69,-69,-79,-78,-75,-76,0,0,-84,-83,0,-86,-84,-86,-86,0,0,-78,0,0,0,-86,-85,-70,-54
0,-68,-64,-63,0,-81,-80,0,-74,-74,0,0,-84,-84,0,0,0,0,-71,-71,-75,-76,0,-68,-68,-68,-83,-84,-69,-69,-79,-78,-75,-76,0,0,-84,-83,0,-86,-84,-86,-86,0,0,-78,0,0,0,-86,-85,-70,-54
0,-68,-64,-63,0,-81,-80,0,-74,-74,0,0,-84,-84,0,0,0,0,-71,-71,-75,-76,0,-68,-68,-68,-83,-84,-69,-69,-79,-78,-75,-76,0,0,-84,-83,0,-86,-84,-86,-86,0,0,-78,0,0,0,-86,-85,-70,-54
-68,-66,-62,-62,0,-77,-79,0,-74,-74,0,0,-78,-78,0,0,0,0,-70,-68,-70,-72,-72,-73,-71,-71,-83,-84,-69,-68,-79,-78,-77,-77,0,0,-80,-81,0,-85,-86,-86,-86,0,0,-78,0,-89,-86,-86,-85,-71,-56
-68,-66,-62,-62,0,-77,-79,0,-74,-74,0,0,-78,-78,0,0,0,0,-70,-68,-70,-72,-72,-73,-71,-71,-83,-84,-69,-68,-79,-78,-77,-77,0,0,-80,-81,0,-85,-86,-86,-86,0,0,-78,0,-89,-86,-86,-85,-71,-56
-68,-66,-62,-60,0,-79,-80,-75,-77,-77,0,0,-78,-78,0,0,0,0,-70,-69,-73,-73,-72,-73,-77,-77,-83,-84,-75,-75,-79,-78,-77,-77,0,0,-84,-84,0,-85,-86,-84,-86,0,0,-78,0,-89,-86,-85,-84,-67,-56
-68,-66,-62,-60,0,-79,-80,-75,-77,-77,0,0,-78,-78,0,0,0,0,-70,-69,-73,-73,-72,-73,-77,-77,-83,-84,-75,-75,-79,-78,-77,-77,0,0,-84,-84,0,-85,-86,-84,-86,0,0,-78,0,-89,-86,-85,-84,-67,-56
-68,-66,-62,-60,0,-79,-80,-75,-77,-77,0,0,-78,-78,0,0,0,0,-70,-69,-73,-73,-72,-73,-77,-77,-83,-84,-75,-75,-79,-78,-77,-77,0,0,-84,-84,0,-85,-86,-84,-86,0,0,-78,0,-89,-86,-85,-84,-67,-56
-68,-66,-62,-60,0,-79,-80,-75,-77,-77,0,0,-78,-78,0,0,0,0,-70,-69,-73,-73,-72,-73,-77,-77,-83,-84,-75,-75,-79,-78,-77,-77,0,0,-84,-84,0,-85,-86,-84,-86,0,0,-78,0,-89,-86,-85,-84,-67,-56
-68,-66,-62,-60,0,-79,-80,-75,-77,-77,0,0,-78,-78,0,0,0,0,-70,-69,-73,-73,-72,-73,-77,-77,-83,-84,-75,-75,-79,-78,-77,-77,0,0,-84,-84,0,-85,-86,-84,-86,0,0,-78,0,-89,-86,-85,-84,-67,-56
-68,-70,-63,-53,0,-78,-77,-75,-78,-76,0,0,-79,-79,0,0,0,0,-70,-69,-73,-73,-72,-73,-73,-73,0,0,-70,-70,0,0,-74,-74,0,0,-84,-82,0,-85,-86,-83,-83,-87,0,0,0,-89,-86,-83,-82,-65,-57
-68,-70,-63,-53,0,-78,-77,-75,-78,-76,0,0,-79,-79,0,0,0,0,-70,-69,-73,-73,-72,-73,-73,-73,0,0,-70,-70,0,0,-74,-74,0,0,-84,-82,0,-85,-86,-83,-83,-87,0,0,0,-89,-86,-83,-82,-65,-57
-68,-70,-63,-53,0,-78,-77,-75,-78,-76,0,0,-79,-79,0,0,0,0,-70,-69,-73,-73,-72,-73,-73,-73,0,0,-70,-70,0,0,-74,-74,0,0,-84,-82,0,-85,-86,-83,-83,-87,0,0,0,-89,-86,-83,-82,-65,-57
0,-67,-61,-57,0,-78,-78,-76,-79,-80,0,0,-82,-81,0,0,0,0,-71,-69,-73,-71,0,-73,-71,-70,0,0,-70,-70,0,0,-74,-73,-85,-84,-79,-79,0,-84,-81,-82,-83,-87,0,-83,-83,0,0,-83,-82,-66,-54
0,-67,-61,-57,0,-78,-78,-76,-79,-80,0,0,-82,-81,0,0,0,0,-71,-69,-73,-71,0,-73,-71,-70,0,0,-70,-70,0,0,-74,-73,-85,-84,-79,-79,0,-84,-81,-82,-83,-87,0,-83,-83,0,0,-83,-82,-66,-54
0,-67,-61,-57,0,-78,-78,-76,-79,-80,0,0,-82,-81,0,0,0,0,-71,-69,-73,-71,0,-73,-71,-70,0,0,-70,-70,0,0,-74,-73,-85,-84,-79,-79,0,-84,-81,-82,-83,-87,0,-83,-83,0,0,-83,-82,-66,-54
0,-67,-61,-57,0,-78,-78,-76,-79,-80,0,0,-82,-81,0,0,0,0,-71,-69,-73,-71,0,-73,-71,-70,0,0,-70,-70,0,0,-74,-73,-85,-84,-79,-79,0,-84,-81,-82,-83,-87,0,-83,-83,0,0,-83,-82,-66,-54
-71,-69,-66,-63,0,-78,-78,-76,-77,-78,0,0,-81,-81,0,0,0,0,-70,-65,-71,-71,-74,-73,-76,-76,0,0,-69,-70,0,0,-70,-70,-85,-84,-79,-79,0,-84,-81,-83,-82,-87,0,-83,-83,0,-90,-81,-82,-68,-59
-71,-69,-66,-63,0,-78,-78,-76,-77,-78,0,0,-81,-81,0,0,0,0,-70,-65,-71,-71,-74,-73,-76,-76,0,0,-69,-70,0,0,-70,-70,-85,-84,-79,-79,0,-84,-81,-83,-82,-87,0,-83,-83,0,-90,-81,-82,-68,-59
-71,-69,-66,-63,0,-78,-78,-76,-77,-78,0,0,-81,-81,0,0,0,0,-70,-65,-71,-71,-74,-73,-76,-76,0,0,-69,-70,0,0,-70,-70,-85,-84,-79,-79,0,-84,-81,-83,-82,-87,0,-83,-83,0,-90,-81,-82,-68,-59
-71,-69,-66,-63,0,-78,-78,-76,-77,-78,0,0,-81,-81,0,0,0,0,-70,-65,-71,-71,-74,-73,-76,-76,0,0,-69,-70,0,0,-70,-70,-85,-84,-79,-79,0,-84,-81,-83,-82,-87,0,-83,-83,0,-90,-81,-82,-68,-59
-71,-69,-62,-60,0,-78,-78,-76,-76,-75,0,0,-81,-81,0,0,0,0,-70,-69,-74,-73,-74,0,-70,-69,0,0,-69,-69,-77,-82,-72,-74,-85,-85,-82,-82,-90,-84,-81,-83,-84,0,0,-80,-80,0,-90,-84,-86,-68,-54
-73,-71,-64,-61,0,-77,-77,-79,-82,-82,0,0,-79,-78,0,0,0,0,-70,-70,-71,-73,-74,0,-78,-78,-83,-88,-76,-79,-82,-87,-72,-73,0,-85,-80,-81,-90,0,0,-83,-81,0,0,-79,-80,0,-90,-84,-86,-72,-57
-73,-71,-64,-61,0,-77,-77,-79,-82,-82,0,0,-79,-78,0,0,0,0,-70,-70,-71,-73,-74,0,-78,-78,-83,-88,-76,-79,-82,-87,-72,-73,0,-85,-80,-81,-90,0,0,-83,-81,0,0,-79,-80,0,-90,-84,-86,-72,-57
-73,-71,-64,-61,0,-77,-77,-79,-82,-82,0,0,-79,-78,0,0,0,0,-70,-70,-71,-73,-74,0,-78,-78,-83,-88,-76,-79,-82,-87,-72,-73,0,-85,-80,-81,-90,0,0,-83,-81,0,0,-79,-80,0,-90,-84,-86,-72,-57
-73,-71,-64,-61,0,-77,-77,-79,-82,-82,0,0,-79,-78,0,0,0,0,-70,-70,-71,-73,-74,0,-78,-78,-83,-88,-76,-79,-82,-87,-72,-73,0,-85,-80,-81,-90,0,0,-83,-81,0,0,-79,-80,0,-90,-84,-86,-72,-57
-73,-71,-64,-61,0,-77,-77,-79,-82,-82,0,0,-79,-78,0,0,0,0,-70,-70,-71,-73,-74,0,-78,-78,-83,-88,-76,-79,-82,-87,-72,-73,0,-85,-80,-81,-90,0,0,-83,-81,0,0,-79,-80,0,-90,-84,-86,-72,-57
-71,-70,-58,-54,-87,-82,-82,-75,-75,-76,0,0,-80,-80,-82,-82,0,0,0,-65,-68,-68,0,0,-72,-72,-83,-88,-74,-74,-82,-83,-70,-70,0,-85,-79,-80,-90,0,0,-85,-86,0,0,-77,-77,0,0,-83,-84,-66,-62
-71,-70,-58,-54,-87,-82,-82,-75,-75,-76,0,0,-80,-80,-82,-82,0,0,0,-65,-68,-68,0,0,-72,-72,-83,-88,-74,-74,-82,-83,-70,-70,0,-85,-79,-80,-90,0,0,-85,-86,0,0,-77,-77,0,0,-83,-84,-66,-62
-71,-70,-58,-54,-87,-82,-82,-75,-75,-76,0,0,-80,-80,-82,-82,0,0,0,-65,-68,-68,0,0,-72,-72,-83,-88,-74,-74,-82,-83,-70,-70,0,-85,-79,-80,-90,0,0,-85,-86,0,0,-77,-77,0,0,-83,-84,-66,-62
-71,-70,-58,-54,-87,-82,-82,-75,-75,-76,0,0,-80,-80,-82,-82,0,0,0,-65,-68,-68,0,0,-72,-72,-83,-88,-74,-74,-82,-83,-70,-70,0,-85,-79,-80,-90,0,0,-85,-86,0,0,-77,-77,0,0,-83,-84,-66,-62
-71,-70,-59,-58,-87,-82,-82,-75,-81,-84,0,0,-80,-81,-82,-82,0,0,0,-65,-67,-67,-72,-70,-71,-72,-83,-88,-71,-71,-82,-83,-70,-70,0,0,-82,-83,0,0,0,-85,-86,0,0,-77,-77,0,-92,-83,-82,-66,-55
-71,-70,-59,-58,-87,-82,-82,-75,-81,-84,0,0,-80,-81,-82,-82,0,0,0,-65,-67,-67,-72,-70,-71,-72,-83,-88,-71,-71,-82,-83,-70,-70,0,0,-82,-83,0,0,0,-85,-86,0,0,-77,-77,0,-92,-83,-82,-66,-55
-71,-70,-59,-58,-87,-82,-82,-75,-81,-84,0,0,-80,-81,-82,-82,0,0,0,-65,-67,-67,-72,-70,-71,-72,-83,-88,-71,-71,-82,-83,-70,-70,0,0,-82,-83,0,0,0,-85,-86,0,0,-77,-77,0,-92,-83,-82,-66,-55
-71,-70,-59,-58,-87,-82,-82,-75,-81,-84,0,0,-80,-81,-82,-82,0,0,0,-65,-67,-67,-72,-70,-71,-72,-83,-88,-71,-71,-82,-83,-70,-70,0,0,-82,-83,0,0,0,-85,-86,0,0,-77,-77,0,-92,-83,-82,-66,-55
-71,-69,-58,-58,-87,-82,-82,-75,-77,-77,0,0,-79,-80,-82,-82,0,0,0,-65,-70,-71,-72,-70,-71,-71,0,0,-71,-72,0,-83,-76,-76,0,0,-79,-79,0,-82,-80,-84,-85,0,0,-77,-77,0,-92,-82,-81,-67,-54
-71,-69,-58,-58,-87,-82,-82,-75,-77,-77,0,0,-79,-80,-82,-82,0,0,0,-65,-70,-71,-72,-70,-71,-71,0,0,-71,-72,0,-83,-76,-76,0,0,-79,-79,0,-82,-80,-84,-85,0,0,-77,-77,0,-92,-82,-81,-67,-54
-71,-69,-58,-58,-87,-82,-82,-75,-77,-77,0,0,-79,-80,-82,-82,0,0,0,-65,-70,-71,-72,-70,-71,-71,0,0,-71,-72,0,-83,-76,-76,0,0,-79,-79,0,-82,-80,-84,-85,0,0,-77,-77,0,-92,-82,-81,-67,-54
-71,-65,-58,-58,-90,-79,-78,-75,-75,-75,0,0,-79,-79,0,0,0,0,0,0,-70,-71,-72,-72,-69,-69,0,0,-71,-71,0,0,-69,-69,0,0,-82,-82,0,-82,-80,-85,-85,0,0,0,0,0,-88,-82,-81,-64,-54
-71,-65,-58,-58,-90,-79,-78,-75,-75,-75,0,0,-79,-79,0,0,0,0,0,0,-70,-71,-72,-72,-69,-69,0,0,-71,-71,0,0,-69,-69,0,0,-82,-82,0,-82,-80,-85,-85,0,0,0,0,0,-88,-82,-81,-64,-54
-71,-65,-58,-58,-90,-79,-78,-75,-75,-75,0,0,-79,-79,0,0,0,0,0,0,-70,-71,-72,-72,-69,-69,0,0,-71,-71,0,0,-69,-69,0,0,-82,-82,0,-82,-80,-85,-85,0,0,0,0,0,-88,-82,-81,-64,-54
-71,-65,-58,-58,-90,-79,-78,-75,-75,-75,0,0,-79,-79,0,0,0,0,0,0,-70,-71,-72,-72,-69,-69,0,0,-71,-71,0,0,-69,-69,0,0,-82,-82,0,-82,-80,-85,-85,0,0,0,0,0,-88,-82,-81,-64,-54
0,-64,-69,-59,-90,-77,-78,-75,-76,-76,0,0,-78,-79,0,0,0,0,-74,-70,-70,-71,-72,-70,-70,-70,-82,-90,-74,-74,-77,-80,-75,-75,-86,-85,-81,-81,0,-84,-80,-85,-84,0,0,-81,-81,0,-88,-83,-84,-66,-56
0,-64,-69,-59,-90,-77,-78,-75,-76,-76,0,0,-78,-79,0,0,0,0,-74,-70,-70,-71,-72,-70,-70,-70,-82,-90,-74,-74,-77,-80,-75,-75,-86,-85,-81,-81,0,-84,-80,-85,-84,0,0,-81,-81,0,-88,-83,-84,-66,-56
0,-64,-69,-59,-90,-77,-78,-75,-76,-76,0,0,-78,-79,0,0,0,0,-74,-70,-70,-71,-72,-70,-70,-70,-82,-90,-74,-74,-77,-80,-75,-75,-86,-85,-81,-81,0,-84,-80,-85,-84,0,0,-81,-81,0,-88,-83,-84,-66,-56
0,-64,-69,-59,-90,-77,-78,-75,-76,-76,0,0,-78,-79,0,0,0,0,-74,-70,-70,-71,-72,-70,-70,-70,-82,-90,-74,-74,-77,-80,-75,-75,-86,-85,-81,-81,0,-84,-80,-85,-84,0,0,-81,-81,0,-88,-83,-84,-66,-56
0,-64,-57,-57,-90,-79,-79,0,-77,-77,0,0,-79,-79,0,0,0,0,-74,-70,-67,-68,-72,-70,-72,-71,-82,-90,-71,-71,-77,-80,-71,-70,-86,-85,-79,-80,0,-82,0,-85,-85,0,0,-81,-81,0,-88,-83,-83,-61,-57
0,-64,-57,-57,-90,-79,-79,0,-77,-77,0,0,-79,-79,0,0,0,0,-74,-70,-67,-68,-72,-70,-72,-71,-82,-90,-71,-71,-77,-80,-71,-70,-86,-85,-79,-80,0,-82,0,-85,-85,0,0,-81,-81,0,-88,-83,-83,-61,-57
0,-64,-57,-57,-90,-79,-79,0,-77,-77,0,0,-79,-79,0,0,0,0,-74,-70,-67,-68,-72,-70,-72,-71,-82,-90,-71,-71,-77,-80,-71,-70,-86,-85,-79,-80,0,-82,0,-85,-85,0,0,-81,-81,0,-88,-83,-83,-61,-57
0,-64,-57,-57,-90,-79,-79,0,-77,-77,0,0,-79,-79,0,0,0,0,-74,-70,-67,-68,-72,-70,-72,-71,-82,-90,-71,-71,-77,-80,-71,-70,-86,-85,-79,-80,0,-82,0,-85,-85,0,0,-81,-81,0,-88,-83,-83,-61,-57
0,-64,-60,-56,0,-77,-77,0,-76,-76,0,0,-81,-81,0,0,0,0,-74,-73,-67,-68,0,-73,-72,-71,-82,-90,-71,-71,-77,-80,-69,-69,-86,-87,-80,-81,0,-82,-85,-83,-85,0,0,-79,-79,0,0,-84,-85,-70,-59
0,-64,-60,-56,0,-77,-77,0,-76,-76,0,0,-81,-81,0,0,0,0,-74,-73,-67,-68,0,-73,-72,-71,-82,-90,-71,-71,-77,-80,-69,-69,-86,-87,-80,-81,0,-82,-85,-83,-85,0,0,-79,-79,0,0,-84,-85,-70,-59
0,-64,-60,-56,0,-77,-77,0,-76,-76,0,0,-81,-81,0,0,0,0,-74,-73,-67,-68,0,-73,-72,-71,-82,-90,-71,-71,-77,-80,-69,-69,-86,-87,-80,-81,0,-82,-85,-83,-85,0,0,-79,-79,0,0,-84,-85,-70,-59
0,-64,-60,-56,0,-77,-77,0,-76,-76,0,0,-81,-81,0,0,0,0,-74,-73,-67,-68,0,-73,-72,-71,-82,-90,-71,-71,-77,-80,-69,-69,-86,-87,-80,-81,0,-82,-85,-83,-85,0,0,-79,-79,0,0,-84,-85,-70,-59
-66,-63,-57,-56,0,-77,-77,0,-79,-79,0,0,-80,-80,0,0,-80,0,0,-73,-67,-68,-73,-71,-66,-66,0,0,-70,-70,0,0,-69,-69,0,-87,-84,-83,0,-82,-85,-83,-84,0,0,-79,-79,0,0,-84,-85,-66,-53
-66,-63,-57,-56,0,-77,-77,0,-79,-79,0,0,-80,-80,0,0,-80,0,0,-73,-67,-68,-73,-71,-66,-66,0,0,-70,-70,0,0,-69,-69,0,-87,-84,-83,0,-82,-85,-83,-84,0,0,-79,-79,0,0,-84,-85,-66,-53
-66,-63,-57,-56,0,-77,-77,0,-79,-79,0,0,-80,-80,0,0,-80,0,0,-73,-67,-68,-73,-71,-66,-66,0,0,-70,-70,0,0,-69,-69,0,-87,-84,-83,0,-82,-85,-83,-84,0,0,-79,-79,0,0,-84,-85,-66,-53
-66,-63,-57,-56,0,-77,-77,0,-79,-79,0,0,-80,-80,0,0,-80,0,0,-73,-67,-68,-73,-71,-66,-66,0,0,-70,-70,0,0,-69,-69,0,-87,-84,-83,0,-82,-85,-83,-84,0,0,-79,-79,0,0,-84,-85,-66,-53
-66,-61,-65,-56,0,-76,-78,0,-71,-71,0,0,-76,-76,0,0,-80,0,0,-73,-67,-68,-73,-71,-69,-69,0,0,-68,-68,-77,-75,-73,-73,0,-87,-81,-82,0,0,-85,-79,-78,0,0,-80,-80,0,0,-81,-82,-64,-60
-66,-61,-65,-56,0,-76,-78,0,-71,-71,0,0,-76,-76,0,0,-80,0,0,-73,-67,-68,-73,-71,-69,-69,0,0,-68,-68,-77,-75,-73,-73,0,-87,-81,-82,0,0,-85,-79,-78,0,0,-80,-80,0,0,-81,-82,-64,-60
-66,-61,-65,-56,0,-76,-78,0,-71,-71,0,0,-76,-76,0,0,-80,0,0,-73,-67,-68,-73,-71,-69,-69,0,0,-68,-68,-77,-75,-73,-73,0,-87,-81,-82,0,0,-85,-79,-78,0,0,-80,-80,0,0,-81,-82,-64,-60
-66,-61,-65,-56,0,-76,-78,0,-71,-71,0,0,-76,-76,0,0,-80,0,0,-73,-67,-68,-73,-71,-69,-69,0,0,-68,-68,-77,-75,-73,-73,0,-87,-81,-82,0,0,-85,-79,-78,0,0,-80,-80,0,0,-81,-82,-64,-60
-69,-67,-63,-54,0,-80,-78,-73,-76,-75,0,0,-78,-78,0,0,-80,0,0,-71,-72,-71,-65,-65,-72,-72,0,0,-66,-66,-77,-75,-74,-74,-86,0,-82,-82,0,-84,-85,-85,-86,0,0,-79,-79,0,0,-81,-81,-61,-50
-69,-67,-63,-54,0,-80,-78,-73,-76,-75,0,0,-78,-78,0,0,-80,0,0,-71,-72,-71,-65,-65,-72,-72,0,0,-66,-66,-77,-75,-74,-74,-86,0,-82,-82,0,-84,-85,-85,-86,0,0,-79,-79,0,0,-81,-81,-61,-50
-69,-67,-63,-54,0,-80,-78,-73,-76,-75,0,0,-78,-78,0,0,-80,0,0,-71,-72,-71,-65,-65,-72,-72,0,0,-66,-66,-77,-75,-74,-74,-86,0,-82,-82,0,-84,-85,-85,-86,0,0,-79,-79,0,0,-81,-81,-61,-50
-70,-67,-67,-59,0,-79,-79,-73,-65,-77,0,0,-82,-83,0,0,0,0,0,-71,-72,-73,-65,-70,-70,-70,0,0,-66,-66,-77,-73,-72,-72,-86,-85,-78,-79,0,-84,-85,-83,-84,0,0,-77,-79,0,-88,-80,-80,-61,-52
-70,-67,-67,-59,0,-79,-79,-73,-65,-77,0,0,-82,-83,0,0,0,0,0,-71,-72,-73,-65,-70,-70,-70,0,0,-66,-66,-77,-73,-72,-72,-86,-85,-78,-79,0,-84,-85,-83,-84,0,0,-77,-79,0,-88,-80,-80,-61,-52
-70,-67,-67,-59,0,-79,-79,-73,-65,-77,0,0,-82,-83,0,0,0,0,0,-71,-72,-73,-65,-70,-70,-70,0,0,-66,-66,-77,-73,-72,-72,-86,-85,-78,-79,0,-84,-85,-83,-84,0,0,-77,-79,0,-88,-80,-80,-61,-52
-70,-67,-67,-59,0,-79,-79,-73,-65,-77,0,0,-82,-83,0,0,0,0,0,-71,-72,-73,-65,-70,-70,-70,0,0,-66,-66,-77,-73,-72,-72,-86,-85,-78,-79,0,-84,-85,-83,-84,0,0,-77,-79,0,-88,-80,-80,-61,-52
-72,-69,-61,-61,0,-80,-83,-73,-77,-78,0,0,-82,-82,0,0,0,0,0,-68,-70,-71,-65,-70,-67,-67,0,0,-70,-70,0,-78,-72,-72,-86,-88,-78,-79,0,-84,-85,-85,-85,0,0,-79,-79,0,-88,-83,-83,-60,-53
-72,-69,-61,-61,0,-80,-83,-73,-77,-78,0,0,-82,-82,0,0,0,0,0,-68,-70,-71,-65,-70,-67,-67,0,0,-70,-70,0,-78,-72,-72,-86,-88,-78,-79,0,-84,-85,-85,-85,0,0,-79,-79,0,-88,-83,-83,-60,-53
-72,-69,-61,-61,0,-80,-83,-73,-77,-78,0,0,-82,-82,0,0,0,0,0,-68,-70,-71,-65,-70,-67,-67,0,0,-70,-70,0,-78,-72,-72,-86,-88,-78,-79,0,-84,-85,-85,-85,0,0,-79,-79,0,-88,-83,-83,-60,-53
-72,-69,-61,-61,0,-80,-83,-73,-77,-78,0,0,-82,-82,0,0,0,0,0,-68,-70,-71,-65,-70,-67,-67,0,0,-70,-70,0,-78,-72,-72,-86,-88,-78,-79,0,-84,-85,-85,-85,0,0,-79,-79,0,-88,-83,-83,-60,-53
-72,-69,-63,-62,0,-80,-83,0,-77,-77,0,0,-82,-81,0,0,0,0,0,-68,-72,-71,0,-70,-68,-68,0,0,-69,-70,0,-78,-72,-73,0,-88,-78,-79,0,-84,0,-85,-85,0,0,-79,-79,-90,-82,-83,-83,-60,-52
-72,-69,-63,-62,0,-80,-83,0,-77,-77,0,0,-82,-81,0,0,0,0,0,-68,-72,-71,0,-70,-68,-68,0,0,-69,-70,0,-78,-72,-73,0,-88,-78,-79,0,-84,0,-85,-85,0,0,-79,-79,-90,-82,-83,-83,-60,-52
-72,-69,-63,-62,0,-80,-83,0,-77,-77,0,0,-82,-81,0,0,0,0,0,-68,-72,-71,0,-70,-68,-68,0,0,-69,-70,0,-78,-72,-73,0,-88,-78,-79,0,-84,0,-85,-85,0,0,-79,-79,-90,-82,-83,-83,-60,-52
-72,-69,-63,-62,0,-80,-83,0,-77,-77,0,0,-82,-81,0,0,0,0,0,-68,-72,-71,0,-70,-68,-68,0,0,-69,-70,0,-78,-72,-73,0,-88,-78,-79,0,-84,0,-85,-85,0,0,-79,-79,-90,-82,-83,-83,-60,-52
-72,-66,-57,-56,0,-82,-83,-77,-76,-76,0,0,-81,-81,0,0,0,0,0,-68,-71,-71,0,0,-70,-70,0,0,-72,-70,-77,-80,-77,-77,0,-88,-80,-80,0,-84,-85,-85,-85,0,0,-79,-79,-90,-82,-87,-85,-61,-53
-72,-66,-57,-56,0,-82,-83,-77,-76,-76,0,0,-81,-81,0,0,0,0,0,-68,-71,-71,0,0,-70,-70,0,0,-72,-70,-77,-80,-77,-77,0,-88,-80,-80,0,-84,-85,-85,-85,0,0,-79,-79,-90,-82,-87,-85,-61,-53
-72,-66,-57,-56,0,-82,-83,-77,-76,-76,0,0,-81,-81,0,0,0,0,0,-68,-71,-71,0,0,-70,-70,0,0,-72,-70,-77,-80,-77,-77,0,-88,-80,-80,0,-84,-85,-85,-85,0,0,-79,-79,-90,-82,-87,-85,-61,-53
-72,-66,-57,-56,0,-82,-83,-77,-76,-76,0,0,-81,-81,0,0,0,0,0,-68,-71,-71,0,0,-70,-70,0,0,-72,-70,-77,-80,-77,-77,0,-88,-80,-80,0,-84,-85,-85,-85,0,0,-79,-79,-90,-82,-87,-85,-61,-53
-67,-65,-65,-65,-84,-83,-82,-77,-79,-80,0,0,-78,-77,0,-83,0,0,-72,-71,-72,-72,0,-74,-71,-71,-81,-88,-72,-72,-77,-80,-76,-76,-86,-89,-87,-84,0,0,-85,-86,0,0,0,-76,-75,0,0,-84,-82,-67,-55
-67,-65,-65,-65,-84,-83,-82,-77,-79,-80,0,0,-78,-77,0,-83,0,0,-72,-71,-72,-72,0,-74,-71,-71,-81,-88,-72,-72,-77,-80,-76,-76,-86,-89,-87,-84,0,0,-85,-86,0,0,0,-76,-75,0,0,-84,-82,-67,-55
-67,-65,-65,-65,-84,-83,-82,-77,-79,-80,0,0,-78,-77,0,-83,0,0,-72,-71,-72,-72,0,-74,-71,-71,-81,-88,-72,-72,-77,-80,-76,-76,-86,-89,-87,-84,0,0,-85,-86,0,0,0,-76,-75,0,0,-84,-82,-67,-55
-67,-65,-65,-65,-84,-83,-82,-77,-79,-80,0,0,-78,-77,0,-83,0,0,-72,-71,-72,-72,0,-74,-71,-71,-81,-88,-72,-72,-77,-80,-76,-76,-86,-89,-87,-84,0,0,-85,-86,0,0,0,-76,-75,0,0,-84,-82,-67,-55
-61,-57,-67,-60,-84,-84,-83,-76,-74,-74,0,0,-76,-77,0,-83,0,0,-71,-68,-65,-64,0,-74,-74,-74,-81,-88,-79,-79,0,0,-74,-74,-86,-89,-82,-82,0,0,-90,-86,-84,0,0,-76,-75,-90,-85,-81,-81,-68,-54
-61,-57,-67,-60,-84,-84,-83,-76,-74,-74,0,0,-76,-77,0,-83,0,0,-71,-68,-65,-64,0,-74,-74,-74,-81,-88,-79,-79,0,0,-74,-74,-86,-89,-82,-82,0,0,-90,-86,-84,0,0,-76,-75,-90,-85,-81,-81,-68,-54
-61,-57,-67,-60,-84,-84,-83,-76,-74,-74,0,0,-76,-77,0,-83,0,0,-71,-68,-65,-64,0,-74,-74,-74,-81,-88,-79,-79,0,0,-74,-74,-86,-89,-82,-82,0,0,-90,-86,-84,0,0,-76,-75,-90,-85,-81,-81,-68,-54
-61,-57,-67,-60,-84,-84,-83,-76,-74,-74,0,0,-76,-77,0,-83,0,0,-71,-68,-65,-64,0,-74,-74,-74,-81,-88,-79,-79,0,0,-74,-74,-86,-89,-82,-82,0,0,-90,-86,-84,0,0,-76,-75,-90,-85,-81,-81,-68,-54
-59,-59,-57,-52,0,-82,-84,-76,-77,-77,0,0,-77,-78,0,0,-79,0,-71,-68,-67,-67,-73,0,-73,-73,0,0,-82,-81,0,0,-73,-73,0,0,-80,-81,0,0,-90,-83,-83,0,0,0,0,-86,-84,-80,-80,-68,-54
-59,-59,-57,-52,0,-82,-84,-76,-77,-77,0,0,-77,-78,0,0,-79,0,-71,-68,-67,-67,-73,0,-73,-73,0,0,-82,-81,0,0,-73,-73,0,0,-80,-81,0,0,-90,-83,-83,0,0,0,0,-86,-84,-80,-80,-68,-54
-59,-59,-57,-52,0,-82,-84,-76,-77,-77,0,0,-77,-78,0,0,-79,0,-71,-68,-67,-67,-73,0,-73,-73,0,0,-82,-81,0,0,-73,-73,0,0,-80,-81,0,0,-90,-83,-83,0,0,0,0,-86,-84,-80,-80,-68,-54
-59,-59,-57,-52,0,-82,-84,-76,-77,-77,0,0,-77,-78,0,0,-79,0,-71,-68,-67,-67,-73,0,-73,-73,0,0,-82,-81,0,0,-73,-73,0,0,-80,-81,0,0,-90,-83,-83,0,0,0,0,-86,-84,-80,-80,-68,-54
-63,-61,-51,-51,0,-82,-84,-76,-75,-76,0,0,-74,-74,0,0,-79,0,-71,-70,-65,-66,-73,-73,-74,-74,0,-87,-79,-79,0,-80,-72,-73,0,0,-85,-85,0,0,-88,-83,-83,0,0,-80,-78,-86,-84,-83,-81,-64,-53
-63,-61,-51,-51,0,-82,-84,-76,-75,-76,0,0,-74,-74,0,0,-79,0,-71,-70,-65,-66,-73,-73,-74,-74,0,-87,-79,-79,0,-80,-72,-73,0,0,-85,-85,0,0,-88,-83,-83,0,0,-80,-78,-86,-84,-83,-81,-64,-53
-63,-61,-51,-51,0,-82,-84,-76,-75,-76,0,0,-74,-74,0,0,-79,0,-71,-70,-65,-66,-73,-73,-74,-74,0,-87,-79,-79,0,-80,-72,-73,0,0,-85,-85,0,0,-88,-83,-83,0,0,-80,-78,-86,-84,-83,-81,-64,-53
-63,-61,-51,-51,0,-82,-84,-76,-75,-76,0,0,-74,-74,0,0,-79,0,-71,-70,-65,-66,-73,-73,-74,-74,0,-87,-79,-79,0,-80,-72,-73,0,0,-85,-85,0,0,-88,-83,-83,0,0,-80,-78,-86,-84,-83,-81,-64,-53
-63,-60,-58,-54,0,-82,-84,-73,-75,-83,0,0,-83,-84,0,0,-79,-79,0,-70,-65,-65,-73,-74,-72,-71,-83,-85,-78,-78,-76,-80,-72,-73,0,0,-81,-82,0,-90,-90,-83,-85,0,0,-80,-78,-86,-84,-80,-80,-71,-56
-63,-60,-58,-54,0,-82,-84,-73,-75,-83,0,0,-83,-84,0,0,-79,-79,0,-70,-65,-65,-73,-74,-72,-71,-83,-85,-78,-78,-76,-80,-72,-73,0,0,-81,-82,0,-90,-90,-83,-85,0,0,-80,-78,-86,-84,-80,-80,-71,-56
-63,-60,-58,-54,0,-82,-84,-73,-75,-83,0,0,-83,-84,0,0,-79,-79,0,-70,-65,-65,-73,-74,-72,-71,-83,-85,-78,-78,-76,-80,-72,-73,0,0,-81,-82,0,-90,-90,-83,-85,0,0,-80,-78,-86,-84,-80,-80,-71,-56
-63,-60,-58,-54,0,-82,-84,-73,-75,-83,0,0,-83,-84,0,0,-79,-79,0,-70,-65,-65,-73,-74,-72,-71,-83,-85,-78,-78,-76,-80,-72,-73,0,0,-81,-82,0,-90,-90,-83,-85,0,0,-80,-78,-86,-84,-80,-80,-71,-56
-66,-63,-52,-52,0,0,0,-74,-77,-77,0,0,-78,-77,0,0,-80,-79,0,-70,-65,-65,-75,-74,-71,-71,-83,-85,-75,-75,-80,-80,-75,-75,0,0,-84,-84,0,-90,-87,0,-85,0,0,-80,-78,0,0,-79,-81,-69,-57
-66,-63,-52,-52,0,0,0,-74,-77,-77,0,0,-78,-77,0,0,-80,-79,0,-70,-65,-65,-75,-74,-71,-71,-83,-85,-75,-75,-80,-80,-75,-75,0,0,-84,-84,0,-90,-87,0,-85,0,0,-80,-78,0,0,-79,-81,-69,-57
-66,-63,-52,-52,0,0,0,-74,-77,-77,0,0,-78,-77,0,0,-80,-79,0,-70,-65,-65,-75,-74,-71,-71,-83,-85,-75,-75,-80,-80,-75,-75,0,0,-84,-84,0,-90,-87,0,-85,0,0,-80,-78,0,0,-79,-81,-69,-57
-63,-63,-55,-54,0,0,0,-74,-80,-81,0,0,-79,-78,0,0,-80,-80,0,0,-66,-65,-75,-75,-76,-75,-83,-85,-77,-77,-80,-86,-69,-70,0,0,-79,-79,0,-90,-87,0,-85,0,0,0,0,0,-88,-82,-83,-72,-58
-63,-63,-55,-54,0,0,0,-74,-80,-81,0,0,-79,-78,0,0,-80,-80,0,0,-66,-65,-75,-75,-76,-75,-83,-85,-77,-77,-80,-86,-69,-70,0,0,-79,-79,0,-90,-87,0,-85,0,0,0,0,0,-88,-82,-83,-72,-58
-63,-63,-55,-54,0,0,0,-74,-80,-81,0,0,-79,-78,0,0,-80,-80,0,0,-66,-65,-75,-75,-76,-75,-83,-85,-77,-77,-80,-86,-69,-70,0,0,-79,-79,0,-90,-87,0,-85,0,0,0,0,0,-88,-82,-83,-72,-58
-63,-63,-55,-54,0,0,0,-74,-80,-81,0,0,-79,-78,0,0,-80,-80,0,0,-66,-65,-75,-75,-76,-75,-83,-85,-77,-77,-80,-86,-69,-70,0,0,-79,-79,0,-90,-87,0,-85,0,0,0,0,0,-88,-82,-83,-72,-58
-63,-63,-54,-53,0,-84,-82,-74,-79,-79,0,0,-82,-84,0,0,-80,-81,-70,-70,-68,-69,-75,-75,-74,-74,0,0,-78,-77,-80,-86,-76,-77,0,0,-81,-82,0,0,-87,0,0,0,0,0,0,0,-88,-81,-81,-70,-59
-63,-63,-54,-53,0,-84,-82,-74,-79,-79,0,0,-82,-84,0,0,-80,-81,-70,-70,-68,-69,-75,-75,-74,-74,0,0,-78,-77,-80,-86,-76,-77,0,0,-81,-82,0,0,-87,0,0,0,0,0,0,0,-88,-81,-81,-70,-59
-63,-63,-54,-53,0,-84,-82,-74,-79,-79,0,0,-82,-84,0,0,-80,-81,-70,-70,-68,-69,-75,-75,-74,-74,0,0,-78,-77,-80,-86,-76,-77,0,0,-81,-82,0,0,-87,0,0,0,0,0,0,0,-88,-81,-81,-70,-59
-63,-63,-54,-53,0,-84,-82,-74,-79,-79,0,0,-82,-84,0,0,-80,-81,-70,-70,-68,-69,-75,-75,-74,-74,0,0,-78,-77,-80,-86,-76,-77,0,0,-81,-82,0,0,-87,0,0,0,0,0,0,0,-88,-81,-81,-70,-59
-67,-65,-58,-58,0,-84,-82,0,-76,-75,0,0,-75,-74,0,0,-80,-80,-70,-70,-69,-69,-75,-75,-69,-69,0,0,-76,-76,0,-86,-73,-73,0,0,-83,-84,0,-86,-87,0,0,0,0,0,0,0,-88,-83,-83,-70,-63
-67,-65,-58,-58,0,-84,-82,0,-76,-75,0,0,-75,-74,0,0,-80,-80,-70,-70,-69,-69,-75,-75,-69,-69,0,0,-76,-76,0,-86,-73,-73,0,0,-83,-84,0,-86,-87,0,0,0,0,0,0,0,-88,-83,-83,-70,-63
-67,-65,-58,-58,0,-84,-82,0,-76,-75,0,0,-75,-74,0,0,-80,-80,-70,-70,-69,-69,-75,-75,-69,-69,0,0,-76,-76,0,-86,-73,-73,0,0,-83,-84,0,-86,-87,0,0,0,0,0,0,0,-88,-83,-83,-70,-63
-67,-65,-58,-58,0,-84,-82,0,-76,-75,0,0,-75,-74,0,0,-80,-80,-70,-70,-69,-69,-75,-75,-69,-69,0,0,-76,-76,0,-86,-73,-73,0,0,-83,-84,0,-86,-87,0,0,0,0,0,0,0,-88,-83,-83,-70,-63
-68,-65,-57,-55,0,-81,-84,0,-76,-81,0,0,-79,-79,0,0,-78,-79,-70,-68,-66,-67,0,-75,-74,-74,0,0,-78,-77,-76,0,-75,-75,0,-92,-82,-83,0,-86,-87,-86,0,0,0,0,0,0,0,-81,-81,-72,-60
-68,-65,-57,-55,0,-81,-84,0,-76,-81,0,0,-79,-79,0,0,-78,-79,-70,-68,-66,-67,0,-75,-74,-74,0,0,-78,-77,-76,0,-75,-75,0,-92,-82,-83,0,-86,-87,-86,0,0,0,0,0,0,0,-81,-81,-72,-60
-68,-65,-57,-55,0,-81,-84,0,-76,-81,0,0,-79,-79,0,0,-78,-79,-70,-68,-66,-67,0,-75,-74,-74,0,0,-78,-77,-76,0,-75,-75,0,-92,-82,-83,0,-86,-87,-86,0,0,0,0,0,0,0,-81,-81,-72,-60
-68,-65,-57,-55,0,-81,-84,0,-76,-81,0,0,-79,-79,0,0,-78,-79,-70,-68,-66,-67,0,-75,-74,-74,0,0,-78,-77,-76,0,-75,-75,0,-92,-82,-83,0,-86,-87,-86,0,0,0,0,0,0,0,-81,-81,-72,-60
-65,-64,-57,-54,-86,-82,-84,-78,-78,-79,0,0,-75,-76,-83,-79,-78,-79,-70,-68,-65,-65,0,0,-74,-74,-84,0,-78,-77,-77,0,-75,-75,0,-92,-84,-82,0,-86,-87,-85,-84,0,0,-81,-83,0,0,-83,-81,-71,-57
-65,-64,-57,-54,-86,-82,-84,-78,-78,-79,0,0,-75,-76,-83,-79,-78,-79,-70,-68,-65,-65,0,0,-74,-74,-84,0,-78,-77,-77,0,-75,-75,0,-92,-84,-82,0,-86,-87,-85,-84,0,0,-81,-83,0,0,-83,-81,-71,-57
-65,-64,-57,-54,-86,-82,-84,-78,-78,-79,0,0,-75,-76,-83,-79,-78,-79,-70,-68,-65,-65,0,0,-74,-74,-84,0,-78,-77,-77,0,-75,-75,0,-92,-84,-82,0,-86,-87,-85,-84,0,0,-81,-83,0,0,-83,-81,-71,-57
-65,-64,-57,-54,-86,-82,-84,-78,-78,-79,0,0,-75,-76,-83,-79,-78,-79,-70,-68,-65,-65,0,0,-74,-74,-84,0,-78,-77,-77,0,-75,-75,0,-92,-84,-82,0,-86,-87,-85,-84,0,0,-81,-83,0,0,-83,-81,-71,-57
-64,-63,-61,-56,-86,-82,-85,-73,-78,-78,0,0,-80,-80,-83,-79,-81,-81,0,-68,-66,-66,0,-75,-75,-75,-84,0,-79,-80,-77,0,-75,-75,-87,-92,-85,-86,0,0,-89,-85,-85,0,0,-86,-88,0,0,-85,-85,-70,-62
-64,-63,-61,-56,-86,-82,-85,-73,-78,-78,0,0,-80,-80,-83,-79,-81,-81,0,-68,-66,-66,0,-75,-75,-75,-84,0,-79,-80,-77,0,-75,-75,-87,-92,-85,-86,0,0,-89,-85,-85,0,0,-86,-88,0,0,-85,-85,-70,-62
-64,-63,-61,-56,-86,-82,-85,-73,-78,-78,0,0,-80,-80,-83,-79,-81,-81,0,-68,-66,-66,0,-75,-75,-75,-84,0,-79,-80,-77,0,-75,-75,-87,-92,-85,-86,0,0,-89,-85,-85,0,0,-86,-88,0,0,-85,-85,-70,-62
-67,-66,-61,-60,-86,-82,-83,-73,-77,-79,0,0,-79,-78,-83,-79,-82,-81,-68,-65,-68,-68,-76,-75,-74,-73,-84,0,-77,-77,-77,0,-78,-78,-87,0,-85,-86,0,0,-89,-85,-85,0,0,-86,-88,0,-88,-85,-85,-73,-62
-67,-66,-61,-60,-86,-82,-83,-73,-77,-79,0,0,-79,-78,-83,-79,-82,-81,-68,-65,-68,-68,-76,-75,-74,-73,-84,0,-77,-77,-77,0,-78,-78,-87,0,-85,-86,0,0,-89,-85,-85,0,0,-86,-88,0,-88,-85,-85,-73,-62
-67,-66,-61,-60,-86,-82,-83,-73,-77,-79,0,0,-79,-78,-83,-79,-82,-81,-68,-65,-68,-68,-76,-75,-74,-73,-84,0,-77,-77,-77,0,-78,-78,-87,0,-85,-86,0,0,-89,-85,-85,0,0,-86,-88,0,-88,-85,-85,-73,-62
-67,-66,-61,-60,-86,-82,-83,-73,-77,-79,0,0,-79,-78,-83,-79,-82,-81,-68,-65,-68,-68,-76,-75,-74,-73,-84,0,-77,-77,-77,0,-78,-78,-87,0,-85,-86,0,0,-89,-85,-85,0,0,-86,-88,0,-88,-85,-85,-73,-62
-72,-69,-58,-58,0,-84,-81,-73,-79,-78,0,0,-81,-82,0,0,-83,-82,-65,-63,-67,-68,-76,-75,-75,-75,-84,0,-77,-78,0,0,-76,-76,-87,0,-84,-86,0,0,-91,-85,-85,0,0,-86,-88,0,-88,-87,-85,-72,-69
-72,-69,-58,-58,0,-84,-81,-73,-79,-78,0,0,-81,-82,0,0,-83,-82,-65,-63,-67,-68,-76,-75,-75,-75,-84,0,-77,-78,0,0,-76,-76,-87,0,-84,-86,0,0,-91,-85,-85,0,0,-86,-88,0,-88,-87,-85,-72,-69
-72,-69,-58,-58,0,-84,-81,-73,-79,-78,0,0,-81,-82,0,0,-83,-82,-65,-63,-67,-68,-76,-75,-75,-75,-84,0,-77,-78,0,0,-76,-76,-87,0,-84,-86,0,0,-91,-85,-85,0,0,-86,-88,0,-88,-87,-85,-72,-69
-72,-69,-58,-58,0,-84,-81,-73,-79,-78,0,0,-81,-82,0,0,-83,-82,-65,-63,-67,-68,-76,-75,-75,-75,-84,0,-77,-78,0,0,-76,-76,-87,0,-84,-86,0,0,-91,-85,-85,0,0,-86,-88,0,-88,-87,-85,-72,-69
-72,-68,-59,-58,0,-83,-81,0,-79,-79,0,0,-80,-81,0,0,-83,-83,-65,-64,-67,-67,-76,-75,-73,-74,0,0,-76,-76,0,0,-77,-77,0,0,-86,-86,0,0,-90,0,-85,0,0,0,0,0,-88,-87,-85,-72,-67
-72,-68,-59,-58,0,-83,-81,0,-79,-79,0,0,-80,-81,0,0,-83,-83,-65,-64,-67,-67,-76,-75,-73,-74,0,0,-76,-76,0,0,-77,-77,0,0,-86,-86,0,0,-90,0,-85,0,0,0,0,0,-88,-87,-85,-72,-67
-72,-68,-59,-58,0,-83,-81,0,-79,-79,0,0,-80,-81,0,0,-83,-83,-65,-64,-67,-67,-76,-75,-73,-74,0,0,-76,-76,0,0,-77,-77,0,0,-86,-86,0,0,-90,0,-85,0,0,0,0,0,-88,-87,-85,-72,-67
-72,-68,-59,-58,0,-83,-81,0,-79,-79,0,0,-80,-81,0,0,-83,-83,-65,-64,-67,-67,-76,-75,-73,-74,0,0,-76,-76,0,0,-77,-77,0,0,-86,-86,0,0,-90,0,-85,0,0,0,0,0,-88,-87,-85,-72,-67
-71,-69,-58,-57,0,-83,-82,-78,-79,-80,0,0,-82,-83,0,0,-84,-85,-74,-73,-68,-68,0,0,-73,-74,0,-88,-78,-78,0,-83,-71,-72,-87,0,-85,-86,0,0,-89,-86,-85,0,0,-84,-83,0,0,-87,-85,-69,-65
-71,-69,-58,-57,0,-83,-82,-78,-79,-80,0,0,-82,-83,0,0,-84,-85,-74,-73,-68,-68,0,0,-73,-74,0,-88,-78,-78,0,-83,-71,-72,-87,0,-85,-86,0,0,-89,-86,-85,0,0,-84,-83,0,0,-87,-85,-69,-65
-71,-69,-58,-57,0,-83,-82,-78,-79,-80,0,0,-82,-83,0,0,-84,-85,-74,-73,-68,-68,0,0,-73,-74,0,-88,-78,-78,0,-83,-71,-72,-87,0,-85,-86,0,0,-89,-86,-85,0,0,-84,-83,0,0,-87,-85,-69,-65
-71,-69,-58,-57,0,-83,-82,-78,-79,-80,0,0,-82,-83,0,0,-84,-85,-74,-73,-68,-68,0,0,-73,-74,0,-88,-78,-78,0,-83,-71,-72,-87,0,-85,-86,0,0,-89,-86,-85,0,0,-84,-83,0,0,-87,-85,-69,-65
-72,-72,-57,-58,0,-84,-83,-78,-79,-79,0,-86,-77,-78,0,0,-80,-81,-66,-64,-72,-72,0,-79,-74,-73,0,-88,-78,-78,0,-83,-74,-73,-87,0,-85,-86,0,0,-89,-86,-85,0,0,-86,-86,0,0,-87,-85,-71,-66
-61,-59,-60,-60,0,-86,-84,-73,-74,-75,0,-86,-76,-83,-86,0,-79,-80,-66,-70,-69,-70,-78,-74,-77,-76,0,0,-84,-84,0,0,-68,-69,0,0,-83,-85,0,-88,-90,0,0,0,0,-86,-86,0,0,-82,-82,-70,-53
-61,-59,-60,-60,0,-86,-84,-73,-74,-75,0,-86,-76,-83,-86,0,-79,-80,-66,-70,-69,-70,-78,-74,-77,-76,0,0,-84,-84,0,0,-68,-69,0,0,-83,-85,0,-88,-90,0,0,0,0,-86,-86,0,0,-82,-82,-70,-53
-61,-59,-60,-60,0,-86,-84,-73,-74,-75,0,-86,-76,-83,-86,0,-79,-80,-66,-70,-69,-70,-78,-74,-77,-76,0,0,-84,-84,0,0,-68,-69,0,0,-83,-85,0,-88,-90,0,0,0,0,-86,-86,0,0,-82,-82,-70,-53
-61,-59,-60,-60,0,-86,-84,-73,-74,-75,0,-86,-76,-83,-86,0,-79,-80,-66,-70,-69,-70,-78,-74,-77,-76,0,0,-84,-84,0,0,-68,-69,0,0,-83,-85,0,-88,-90,0,0,0,0,-86,-86,0,0,-82,-82,-70,-53
-62,-60,-52,-50,0,-82,-82,-73,-74,-84,0,0,-77,-77,-86,0,-82,-84,-79,-70,-64,-63,-78,-74,-69,-71,0,-84,-75,-76,-77,-75,-68,-69,0,-88,-82,-82,0,-86,-90,0,-84,0,0,-80,-80,0,0,-81,-82,-69,-61
-62,-60,-52,-50,0,-82,-82,-73,-74,-84,0,0,-77,-77,-86,0,-82,-84,-79,-70,-64,-63,-78,-74,-69,-71,0,-84,-75,-76,-77,-75,-68,-69,0,-88,-82,-82,0,-86,-90,0,-84,0,0,-80,-80,0,0,-81,-82,-69,-61
-62,-60,-52,-50,0,-82,-82,-73,-74,-84,0,0,-77,-77,-86,0,-82,-84,-79,-70,-64,-63,-78,-74,-69,-71,0,-84,-75,-76,-77,-75,-68,-69,0,-88,-82,-82,0,-86,-90,0,-84,0,0,-80,-80,0,0,-81,-82,-69,-61
-62,-60,-52,-50,0,-82,-82,-73,-74,-84,0,0,-77,-77,-86,0,-82,-84,-79,-70,-64,-63,-78,-74,-69,-71,0,-84,-75,-76,-77,-75,-68,-69,0,-88,-82,-82,0,-86,-90,0,-84,0,0,-80,-80,0,0,-81,-82,-69,-61
-62,-58,-52,-52,0,-79,-80,0,-76,-77,0,0,-73,-74,-82,0,-82,-83,-79,-69,-69,-68,0,0,-69,-70,0,-84,-76,-77,-73,-79,-74,-75,0,-88,-82,-83,0,-86,0,0,-84,0,0,-83,-83,0,0,-81,-82,-70,-54
-62,-58,-52,-52,0,-79,-80,0,-76,-77,0,0,-73,-74,-82,0,-82,-83,-79,-69,-69,-68,0,0,-69,-70,0,-84,-76,-77,-73,-79,-74,-75,0,-88,-82,-83,0,-86,0,0,-84,0,0,-83,-83,0,0,-81,-82,-70,-54
-62,-58,-52,-52,0,-79,-80,0,-76,-77,0,0,-73,-74,-82,0,-82,-83,-79,-69,-69,-68,0,0,-69,-70,0,-84,-76,-77,-73,-79,-74,-75,0,-88,-82,-83,0,-86,0,0,-84,0,0,-83,-83,0,0,-81,-82,-70,-54
-62,-58,-52,-52,0,-79,-80,0,-76,-77,0,0,-73,-74,-82,0,-82,-83,-79,-69,-69,-68,0,0,-69,-70,0,-84,-76,-77,-73,-79,-74,-75,0,-88,-82,-83,0,-86,0,0,-84,0,0,-83,-83,0,0,-81,-82,-70,-54
-58,-55,-56,-56,-84,-82,-82,-74,-77,-77,0,0,-75,-75,-83,0,-83,-84,-79,-69,-66,-66,-77,-76,-69,-69,0,-84,-75,-77,-73,-79,-67,-67,0,-90,-83,-83,0,-86,0,-86,-84,0,0,-83,-83,0,0,-82,-81,-69,-52
-58,-55,-56,-56,-84,-82,-82,-74,-77,-77,0,0,-75,-75,-83,0,-83,-84,-79,-69,-66,-66,-77,-76,-69,-69,0,-84,-75,-77,-73,-79,-67,-67,0,-90,-83,-83,0,-86,0,-86,-84,0,0,-83,-83,0,0,-82,-81,-69,-52
-58,-55,-56,-56,-84,-82,-82,-74,-77,-77,0,0,-75,-75,-83,0,-83,-84,-79,-69,-66,-66,-77,-76,-69,-69,0,-84,-75,-77,-73,-79,-67,-67,0,-90,-83,-83,0,-86,0,-86,-84,0,0,-83,-83,0,0,-82,-81,-69,-52
-58,-55,-56,-56,-84,-82,-82,-74,-77,-77,0,0,-75,-75,-83,0,-83,-84,-79,-69,-66,-66,-77,-76,-69,-69,0,-84,-75,-77,-73,-79,-67,-67,0,-90,-83,-83,0,-86,0,-86,-84,0,0,-83,-83,0,0,-82,-81,-69,-52
-59,-56,-57,-54,-84,-80,-82,-74,-75,-76,0,0,-75,-75,-83,0,-86,-84,0,-69,-66,-67,-76,-76,-69,-69,0,0,-70,-71,-78,-84,-71,-71,0,-90,-80,-79,0,-87,-86,-83,-84,0,0,-79,-80,0,0,-81,-81,-74,-58
-59,-56,-57,-54,-84,-80,-82,-74,-75,-76,0,0,-75,-75,-83,0,-86,-84,0,-69,-66,-67,-76,-76,-69,-69,0,0,-70,-71,-78,-84,-71,-71,0,-90,-80,-79,0,-87,-86,-83,-84,0,0,-79,-80,0,0,-81,-81,-74,-58
-59,-56,-57,-54,-84,-80,-82,-74,-75,-76,0,0,-75,-75,-83,0,-86,-84,0,-69,-66,-67,-76,-76,-69,-69,0,0,-70,-71,-78,-84,-71,-71,0,-90,-80,-79,0,-87,-86,-83,-84,0,0,-79,-80,0,0,-81,-81,-74,-58
-57,-53,-64,-59,-84,-80,-82,-74,-73,-74,0,0,-75,-76,-86,-84,-86,-84,0,0,-68,-67,-76,-73,-72,-72,0,0,-73,-74,-78,-84,-66,-66,0,-90,-81,-82,0,-87,-86,-84,-84,0,0,-79,-80,0,0,-80,-80,-72,-56
-57,-53,-64,-59,-84,-80,-82,-74,-73,-74,0,0,-75,-76,-86,-84,-86,-84,0,0,-68,-67,-76,-73,-72,-72,0,0,-73,-74,-78,-84,-66,-66,0,-90,-81,-82,0,-87,-86,-84,-84,0,0,-79,-80,0,0,-80,-80,-72,-56
-57,-53,-64,-59,-84,-80,-82,-74,-73,-74,0,0,-75,-76,-86,-84,-86,-84,0,0,-68,-67,-76,-73,-72,-72,0,0,-73,-74,-78,-84,-66,-66,0,-90,-81,-82,0,-87,-86,-84,-84,0,0,-79,-80,0,0,-80,-80,-72,-56
-57,-53,-64,-59,-84,-80,-82,-74,-73,-74,0,0,-75,-76,-86,-84,-86,-84,0,0,-68,-67,-76,-73,-72,-72,0,0,-73,-74,-78,-84,-66,-66,0,-90,-81,-82,0,-87,-86,-84,-84,0,0,-79,-80,0,0,-80,-80,-72,-56
-55,-53,-63,-62,0,-83,-84,0,-75,-75,0,0,-75,-75,-86,-86,-82,-82,0,0,-66,-66,-76,-73,-73,-73,-80,-84,-74,-73,-78,-84,-71,-71,0,-89,-84,-83,0,-87,-85,-83,-82,0,0,-82,-83,0,0,-78,-78,-75,-56
-55,-53,-63,-62,0,-83,-84,0,-75,-75,0,0,-75,-75,-86,-86,-82,-82,0,0,-66,-66,-76,-73,-73,-73,-80,-84,-74,-73,-78,-84,-71,-71,0,-89,-84,-83,0,-87,-85,-83,-82,0,0,-82,-83,0,0,-78,-78,-75,-56
-55,-53,-63,-62,0,-83,-84,0,-75,-75,0,0,-75,-75,-86,-86,-82,-82,0,0,-66,-66,-76,-73,-73,-73,-80,-84,-74,-73,-78,-84,-71,-71,0,-89,-84,-83,0,-87,-85,-83,-82,0,0,-82,-83,0,0,-78,-78,-75,-56
-55,-53,-63,-62,0,-83,-84,0,-75,-75,0,0,-75,-75,-86,-86,-82,-82,0,0,-66,-66,-76,-73,-73,-73,-80,-84,-74,-73,-78,-84,-71,-71,0,-89,-84,-83,0,-87,-85,-83,-82,0,0,-82,-83,0,0,-78,-78,-75,-56
-58,-58,-61,-58,0,-83,-84,-75,-77,-77,0,0,-72,-72,-86,-86,-82,-82,0,0,-65,-64,0,-73,-72,-71,-80,-84,-73,-72,-79,-83,-71,-71,0,-88,-78,-78,0,-87,-86,-79,-80,0,0,-82,-81,-88,-85,-79,-79,-70,-56
-58,-58,-61,-58,0,-83,-84,-75,-77,-77,0,0,-72,-72,-86,-86,-82,-82,0,0,-65,-64,0,-73,-72,-71,-80,-84,-73,-72,-79,-83,-71,-71,0,-88,-78,-78,0,-87,-86,-79,-80,0,0,-82,-81,-88,-85,-79,-79,-70,-56
-58,-58,-61,-58,0,-83,-84,-75,-77,-77,0,0,-72,-72,-86,-86,-82,-82,0,0,-65,-64,0,-73,-72,-71,-80,-84,-73,-72,-79,-83,-71,-71,0,-88,-78,-78,0,-87,-86,-79,-80,0,0,-82,-81,-88,-85,-79,-79,-70,-56
-58,-58,-61,-58,0,-83,-84,-75,-77,-77,0,0,-72,-72,-86,-86,-82,-82,0,0,-65,-64,0,-73,-72,-71,-80,-84,-73,-72,-79,-83,-71,-71,0,-88,-78,-78,0,-87,-86,-79,-80,0,0,-82,-81,-88,-85,-79,-79,-70,-56
-60,-58,-55,-55,0,-85,-84,-74,-80,-80,0,0,-76,-76,0,-86,-85,-82,0,0,-67,-66,-74,-73,-72,-72,-80,-84,-73,-72,-79,-78,-72,-72,0,-88,-84,-84,0,-87,-86,-79,-80,0,0,-82,-81,-88,-88,-79,-79,-73,-53
-60,-58,-55,-55,0,-85,-84,-74,-80,-80,0,0,-76,-76,0,-86,-85,-82,0,0,-67,-66,-74,-73,-72,-72,-80,-84,-73,-72,-79,-78,-72,-72,0,-88,-84,-84,0,-87,-86,-79,-80,0,0,-82,-81,-88,-88,-79,-79,-73,-53
-60,-58,-55,-55,0,-85,-84,-74,-80,-80,0,0,-76,-76,0,-86,-85,-82,0,0,-67,-66,-74,-73,-72,-72,-80,-84,-73,-72,-79,-78,-72,-72,0,-88,-84,-84,0,-87,-86,-79,-80,0,0,-82,-81,-88,-88,-79,-79,-73,-53
-60,-58,-55,-55,0,-85,-84,-74,-80,-80,0,0,-76,-76,0,-86,-85,-82,0,0,-67,-66,-74,-73,-72,-72,-80,-84,-73,-72,-79,-78,-72,-72,0,-88,-84,-84,0,-87,-86,-79,-80,0,0,-82,-81,-88,-88,-79,-79,-73,-53
-61,-58,-58,-58,0,-83,0,-74,-79,-79,0,0,-73,-73,0,0,-85,0,0,0,-69,-70,-74,-73,-68,-68,0,0,-72,-72,-79,-74,-69,-68,0,-88,-84,-82,0,-87,-86,-79,-80,0,0,-82,-81,-88,-88,-77,-77,-80,-52
-61,-58,-58,-58,0,-83,0,-74,-79,-79,0,0,-73,-73,0,0,-85,0,0,0,-69,-70,-74,-73,-68,-68,0,0,-72,-72,-79,-74,-69,-68,0,-88,-84,-82,0,-87,-86,-79,-80,0,0,-82,-81,-88,-88,-77,-77,-80,-52
-61,-58,-58,-58,0,-83,0,-74,-79,-79,0,0,-73,-73,0,0,-85,0,0,0,-69,-70,-74,-73,-68,-68,0,0,-72,-72,-79,-74,-69,-68,0,-88,-84,-82,0,-87,-86,-79,-80,0,0,-82,-81,-88,-88,-77,-77,-80,-52
-61,-58,-58,-58,0,-83,0,-74,-79,-79,0,0,-73,-73,0,0,-85,0,0,0,-69,-70,-74,-73,-68,-68,0,0,-72,-72,-79,-74,-69,-68,0,-88,-84,-82,0,-87,-86,-79,-80,0,0,-82,-81,-88,-88,-77,-77,-80,-52
-60,-59,-60,-59,-79,-84,0,-73,-79,-80,0,0,-74,-74,0,0,-85,0,0,0,-69,-69,-73,-73,-66,-66,0,0,-70,-70,0,-74,-68,-68,0,0,-84,-82,0,0,0,-85,-86,0,0,-79,-79,0,-88,-77,-77,-73,-52
-60,-59,-60,-59,-79,-84,0,-73,-79,-80,0,0,-74,-74,0,0,-85,0,0,0,-69,-69,-73,-73,-66,-66,0,0,-70,-70,0,-74,-68,-68,0,0,-84,-82,0,0,0,-85,-86,0,0,-79,-79,0,-88,-77,-77,-73,-52
-60,-59,-60,-59,-79,-84,0,-73,-79,-80,0,0,-74,-74,0,0,-85,0,0,0,-69,-69,-73,-73,-66,-66,0,0,-70,-70,0,-74,-68,-68,0,0,-84,-82,0,0,0,-85,-86,0,0,-79,-79,0,-88,-77,-77,-73,-52
-60,-59,-60,-59,-79,-84,0,-73,-79,-80,0,0,-74,-74,0,0,-85,0,0,0,-69,-69,-73,-73,-66,-66,0,0,-70,-70,0,-74,-68,-68,0,0,-84,-82,0,0,0,-85,-86,0,0,-79,-79,0,-88,-77,-77,-73,-52
-60,-57,-69,-61,-79,-84,0,-72,-80,-79,-85,-85,-78,-78,0,0,0,0,0,0,-69,-69,-74,-73,-71,-71,-79,0,-73,-73,-76,-77,-66,-66,0,0,-82,-82,0,-86,-85,-85,-86,0,0,-81,-82,0,0,-80,-80,-73,-53
-60,-57,-69,-61,-79,-84,0,-72,-80,-79,-85,-85,-78,-78,0,0,0,0,0,0,-69,-69,-74,-73,-71,-71,-79,0,-73,-73,-76,-77,-66,-66,0,0,-82,-82,0,-86,-85,-85,-86,0,0,-81,-82,0,0,-80,-80,-73,-53
-60,-57,-69,-61,-79,-84,0,-72,-80,-79,-85,-85,-78,-78,0,0,0,0,0,0,-69,-69,-74,-73,-71,-71,-79,0,-73,-73,-76,-77,-66,-66,0,0,-82,-82,0,-86,-85,-85,-86,0,0,-81,-82,0,0,-80,-80,-73,-53
-60,-58,-63,-63,-79,-83,-81,-75,-80,-80,-85,-85,-72,-72,0,0,-80,0,0,-68,-68,-68,-74,-73,-67,-67,-81,-81,-72,-72,-76,-77,-71,-71,-85,0,-83,-84,0,-86,-85,-85,-86,0,0,-83,-83,0,0,-81,-80,-70,-52
-60,-58,-63,-63,-79,-83,-81,-75,-80,-80,-85,-85,-72,-72,0,0,-80,0,0,-68,-68,-68,-74,-73,-67,-67,-81,-81,-72,-72,-76,-77,-71,-71,-85,0,-83,-84,0,-86,-85,-85,-86,0,0,-83,-83,0,0,-81,-80,-70,-52
-60,-58,-63,-63,-79,-83,-81,-75,-80,-80,-85,-85,-72,-72,0,0,-80,0,0,-68,-68,-68,-74,-73,-67,-67,-81,-81,-72,-72,-76,-77,-71,-71,-85,0,-83,-84,0,-86,-85,-85,-86,0,0,-83,-83,0,0,-81,-80,-70,-52
-60,-58,-63,-63,-79,-83,-81,-75,-80,-80,-85,-85,-72,-72,0,0,-80,0,0,-68,-68,-68,-74,-73,-67,-67,-81,-81,-72,-72,-76,-77,-71,-71,-85,0,-83,-84,0,-86,-85,-85,-86,0,0,-83,-83,0,0,-81,-80,-70,-52
-61,-60,-59,-58,0,-80,-80,-75,-78,-78,-85,-85,-73,-73,0,0,-80,0,-72,-70,-67,-67,-74,0,-69,-68,-80,-81,-75,-75,-76,-75,-67,-67,-84,-88,-85,-84,0,-84,-85,0,0,0,0,-82,-81,0,0,-82,-83,-69,-52
-61,-60,-59,-58,0,-80,-80,-75,-78,-78,-85,-85,-73,-73,0,0,-80,0,-72,-70,-67,-67,-74,0,-69,-68,-80,-81,-75,-75,-76,-75,-67,-67,-84,-88,-85,-84,0,-84,-85,0,0,0,0,-82,-81,0,0,-82,-83,-69,-52
-61,-60,-59,-58,0,-80,-80,-75,-78,-78,-85,-85,-73,-73,0,0,-80,0,-72,-70,-67,-67,-74,0,-69,-68,-80,-81,-75,-75,-76,-75,-67,-67,-84,-88,-85,-84,0,-84,-85,0,0,0,0,-82,-81,0,0,-82,-83,-69,-52
-61,-60,-59,-58,0,-80,-80,-75,-78,-78,-85,-85,-73,-73,0,0,-80,0,-72,-70,-67,-67,-74,0,-69,-68,-80,-81,-75,-75,-76,-75,-67,-67,-84,-88,-85,-84,0,-84,-85,0,0,0,0,-82,-81,0,0,-82,-83,-69,-52
-67,-67,-57,-57,-79,-78,-78,-75,-80,-80,0,0,-74,-75,0,0,-80,0,-72,-70,-70,-70,-75,-72,-67,-68,-80,-81,-71,-72,-76,-75,-64,-65,-84,-88,-86,-88,0,-84,0,0,0,0,0,-82,-81,0,0,-77,-77,-71,-53
-67,-67,-57,-57,-79,-78,-78,-75,-80,-80,0,0,-74,-75,0,0,-80,0,-72,-70,-70,-70,-75,-72,-67,-68,-80,-81,-71,-72,-76,-75,-64,-65,-84,-88,-86,-88,0,-84,0,0,0,0,0,-82,-81,0,0,-77,-77,-71,-53
-67,-67,-57,-57,-79,-78,-78,-75,-80,-80,0,0,-74,-75,0,0,-80,0,-72,-70,-70,-70,-75,-72,-67,-68,-80,-81,-71,-72,-76,-75,-64,-65,-84,-88,-86,-88,0,-84,0,0,0,0,0,-82,-81,0,0,-77,-77,-71,-53
-67,-67,-57,-57,-79,-78,-78,-75,-80,-80,0,0,-74,-75,0,0,-80,0,-72,-70,-70,-70,-75,-72,-67,-68,-80,-81,-71,-72,-76,-75,-64,-65,-84,-88,-86,-88,0,-84,0,0,0,0,0,-82,-81,0,0,-77,-77,-71,-53
-60,-57,-60,-57,-78,-80,-79,0,-75,-76,0,0,-73,-73,-86,-83,0,0,-72,-70,-67,-67,-76,-72,-71,-71,-80,-81,-75,-75,-76,-75,-69,-69,-84,-88,-83,-84,0,-84,0,0,0,0,0,-82,-81,0,-86,-78,-77,-73,-54
-60,-57,-60,-57,-78,-80,-79,0,-75,-76,0,0,-73,-73,-86,-83,0,0,-72,-70,-67,-67,-76,-72,-71,-71,-80,-81,-75,-75,-76,-75,-69,-69,-84,-88,-83,-84,0,-84,0,0,0,0,0,-82,-81,0,-86,-78,-77,-73,-54
-60,-57,-60,-57,-78,-80,-79,0,-75,-76,0,0,-73,-73,-86,-83,0,0,-72,-70,-67,-67,-76,-72,-71,-71,-80,-81,-75,-75,-76,-75,-69,-69,-84,-88,-83,-84,0,-84,0,0,0,0,0,-82,-81,0,-86,-78,-77,-73,-54
-61,-59,-60,-59,-75,-80,-80,0,-77,-77,0,0,-74,-74,-86,-84,0,0,0,0,-67,-67,-73,-72,-69,-69,0,0,-75,-75,0,0,-73,-73,0,0,-83,-82,0,0,0,0,0,0,0,0,0,0,-86,-79,-79,-72,-58
-61,-59,-60,-59,-75,-80,-80,0,-77,-77,0,0,-74,-74,-86,-84,0,0,0,0,-67,-67,-73,-72,-69,-69,0,0,-75,-75,0,0,-73,-73,0,0,-83,-82,0,0,0,0,0,0,0,0,0,0,-86,-79,-79,-72,-58
-61,-59,-60,-59,-75,-80,-80,0,-77,-77,0,0,-74,-74,-86,-84,0,0,0,0,-67,-67,-73,-72,-69,-69,0,0,-75,-75,0,0,-73,-73,0,0,-83,-82,0,0,0,0,0,0,0,0,0,0,-86,-79,-79,-72,-58
-61,-59,-60,-59,-75,-80,-80,0,-77,-77,0,0,-74,-74,-86,-84,0,0,0,0,-67,-67,-73,-72,-69,-69,0,0,-75,-75,0,0,-73,-73,0,0,-83,-82,0,0,0,0,0,0,0,0,0,0,-86,-79,-79,-72,-58
-63,-61,-58,-53,-75,-79,-78,0,-86,-84,0,0,-76,-76,-86,-84,0,0,0,0,-68,-69,-73,-72,-76,-75,0,0,-74,-75,0,-80,-70,-70,0,0,-77,-77,0,0,0,-84,-84,-87,0,0,0,0,-86,-79,-79,-66,-55
-57,-54,-63,-57,0,-86,-84,-70,-79,-79,0,0,-73,-71,0,0,0,0,-77,0,-65,-66,-74,-73,-71,-70,0,0,-77,-78,0,-84,-74,-75,0,0,-83,-84,0,0,0,-83,-84,-87,-87,0,0,0,0,-75,-77,-70,-60
-57,-54,-63,-57,0,-86,-84,-70,-79,-79,0,0,-73,-71,0,0,0,0,-77,0,-65,-66,-74,-73,-71,-70,0,0,-77,-78,0,-84,-74,-75,0,0,-83,-84,0,0,0,-83,-84,-87,-87,0,0,0,0,-75,-77,-70,-60
-57,-54,-63,-57,0,-86,-84,-70,-79,-79,0,0,-73,-71,0,0,0,0,-77,0,-65,-66,-74,-73,-71,-70,0,0,-77,-78,0,-84,-74,-75,0,0,-83,-84,0,0,0,-83,-84,-87,-87,0,0,0,0,-75,-77,-70,-60
-57,-54,-63,-57,0,-86,-84,-70,-79,-79,0,0,-73,-71,0,0,0,0,-77,0,-65,-66,-74,-73,-71,-70,0,0,-77,-78,0,-84,-74,-75,0,0,-83,-84,0,0,0,-83,-84,-87,-87,0,0,0,0,-75,-77,-70,-60
-62,-60,-55,-54,0,-78,-78,-70,-76,-76,0,0,-73,-72,0,0,0,0,-77,0,-66,-67,-74,-73,-69,-68,-83,-87,-79,-80,-73,-72,-69,-69,0,0,-76,-77,0,-83,-83,-83,-84,-87,-87,-76,-76,0,0,-80,-80,-76,-53
-62,-60,-55,-54,0,-78,-78,-70,-76,-76,0,0,-73,-72,0,0,0,0,-77,0,-66,-67,-74,-73,-69,-68,-83,-87,-79,-80,-73,-72,-69,-69,0,0,-76,-77,0,-83,-83,-83,-84,-87,-87,-76,-76,0,0,-80,-80,-76,-53
-62,-60,-55,-54,0,-78,-78,-70,-76,-76,0,0,-73,-72,0,0,0,0,-77,0,-66,-67,-74,-73,-69,-68,-83,-87,-79,-80,-73,-72,-69,-69,0,0,-76,-77,0,-83,-83,-83,-84,-87,-87,-76,-76,0,0,-80,-80,-76,-53
-62,-60,-55,-54,0,-78,-78,-70,-76,-76,0,0,-73,-72,0,0,0,0,-77,0,-66,-67,-74,-73,-69,-68,-83,-87,-79,-80,-73,-72,-69,-69,0,0,-76,-77,0,-83,-83,-83,-84,-87,-87,-76,-76,0,0,-80,-80,-76,-53
-61,-59,-53,-53,0,-79,-78,-73,-75,-75,0,0,-72,-72,-84,-82,0,0,-77,-70,-66,-67,-74,-73,-67,-67,-81,-87,-73,-73,-73,-72,-67,-67,0,0,-82,-83,0,-83,-83,-83,-84,-87,-87,-80,-81,0,0,-79,-79,-62,-62
-61,-59,-53,-53,0,-79,-78,-73,-75,-75,0,0,-72,-72,-84,-82,0,0,-77,-70,-66,-67,-74,-73,-67,-67,-81,-87,-73,-73,-73,-72,-67,-67,0,0,-82,-83,0,-83,-83,-83,-84,-87,-87,-80,-81,0,0,-79,-79,-62,-62
-61,-59,-53,-53,0,-79,-78,-73,-75,-75,0,0,-72,-72,-84,-82,0,0,-77,-70,-66,-67,-74,-73,-67,-67,-81,-87,-73,-73,-73,-72,-67,-67,0,0,-82,-83,0,-83,-83,-83,-84,-87,-87,-80,-81,0,0,-79,-79,-62,-62
-61,-59,-53,-53,0,-79,-78,-73,-75,-75,0,0,-72,-72,-84,-82,0,0,-77,-70,-66,-67,-74,-73,-67,-67,-81,-87,-73,-73,-73,-72,-67,-67,0,0,-82,-83,0,-83,-83,-83,-84,-87,-87,-80,-81,0,0,-79,-79,-62,-62
-63,-63,-54,-53,-79,-80,-79,-73,-76,-76,0,0,-77,-77,-81,-80,-80,-78,0,-70,-66,-70,-73,-72,-69,-68,-81,-87,-72,-72,-73,-72,-67,-67,0,0,-80,-80,0,-83,-88,-84,-84,-87,-87,-80,-81,0,0,-77,-77,-65,-63
-63,-63,-54,-53,-79,-80,-79,-73,-76,-76,0,0,-77,-77,-81,-80,-80,-78,0,-70,-66,-70,-73,-72,-69,-68,-81,-87,-72,-72,-73,-72,-67,-67,0,0,-80,-80,0,-83,-88,-84,-84,-87,-87,-80,-81,0,0,-77,-77,-65,-63
-63,-63,-54,-53,-79,-80,-79,-73,-76,-76,0,0,-77,-77,-81,-80,-80,-78,0,-70,-66,-70,-73,-72,-69,-68,-81,-87,-72,-72,-73,-72,-67,-67,0,0,-80,-80,0,-83,-88,-84,-84,-87,-87,-80,-81,0,0,-77,-77,-65,-63
-63,-63,-54,-53,-79,-80,-79,-73,-76,-76,0,0,-77,-77,-81,-80,-80,-78,0,-70,-66,-70,-73,-72,-69,-68,-81,-87,-72,-72,-73,-72,-67,-67,0,0,-80,-80,0,-83,-88,-84,-84,-87,-87,-80,-81,0,0,-77,-77,-65,-63
-68,-64,-55,-54,-87,-80,-79,-72,-77,-76,0,0,-76,-76,-77,-80,-80,-78,0,-70,-69,-68,-73,-72,-72,-73,-81,0,-73,-73,0,0,-72,-72,0,0,-81,-81,0,0,-88,-84,0,-87,-87,-81,-81,0,0,-78,-78,-70,-52
-68,-64,-55,-54,-87,-80,-79,-72,-77,-76,0,0,-76,-76,-77,-80,-80,-78,0,-70,-69,-68,-73,-72,-72,-73,-81,0,-73,-73,0,0,-72,-72,0,0,-81,-81,0,0,-88,-84,0,-87,-87,-81,-81,0,0,-78,-78,-70,-52
-68,-64,-55,-54,-87,-80,-79,-72,-77,-76,0,0,-76,-76,-77,-80,-80,-78,0,-70,-69,-68,-73,-72,-72,-73,-81,0,-73,-73,0,0,-72,-72,0,0,-81,-81,0,0,-88,-84,0,-87,-87,-81,-81,0,0,-78,-78,-70,-52
-68,-63,-54,-54,-87,-80,-78,-73,-83,-84,0,0,-75,-74,-77,-80,-78,-78,0,0,-63,-63,-73,-72,-72,-72,-79,-86,-71,-71,-72,-81,-67,-67,0,-89,-86,-84,0,0,-87,-84,-85,-87,-87,-81,-81,0,0,-77,-76,-72,-63
-68,-63,-54,-54,-87,-80,-78,-73,-83,-84,0,0,-75,-74,-77,-80,-78,-78,0,0,-63,-63,-73,-72,-72,-72,-79,-86,-71,-71,-72,-81,-67,-67,0,-89,-86,-84,0,0,-87,-84,-85,-87,-87,-81,-81,0,0,-77,-76,-72,-63
-68,-63,-54,-54,-87,-80,-78,-73,-83,-84,0,0,-75,-74,-77,-80,-78,-78,0,0,-63,-63,-73,-72,-72,-72,-79,-86,-71,-71,-72,-81,-67,-67,0,-89,-86,-84,0,0,-87,-84,-85,-87,-87,-81,-81,0,0,-77,-76,-72,-63
-68,-63,-54,-54,-87,-80,-78,-73,-83,-84,0,0,-75,-74,-77,-80,-78,-78,0,0,-63,-63,-73,-72,-72,-72,-79,-86,-71,-71,-72,-81,-67,-67,0,-89,-86,-84,0,0,-87,-84,-85,-87,-87,-81,-81,0,0,-77,-76,-72,-63
-61,-58,-55,-54,-87,-80,-81,-71,-76,-76,0,-79,-76,-76,-77,0,-79,-78,0,0,-66,-67,0,-71,-70,-70,-79,-87,-74,-72,-72,-81,-67,-67,0,-89,-81,-82,0,-87,-84,-84,-85,0,0,-81,-81,0,0,-75,-76,-63,-49
-61,-58,-55,-54,-87,-80,-81,-71,-76,-76,0,-79,-76,-76,-77,0,-79,-78,0,0,-66,-67,0,-71,-70,-70,-79,-87,-74,-72,-72,-81,-67,-67,0,-89,-81,-82,0,-87,-84,-84,-85,0,0,-81,-81,0,0,-75,-76,-63,-49
-61,-58,-55,-54,-87,-80,-81,-71,-76,-76,0,-79,-76,-76,-77,0,-79,-78,0,0,-66,-67,0,-71,-70,-70,-79,-87,-74,-72,-72,-81,-67,-67,0,-89,-81,-82,0,-87,-84,-84,-85,0,0,-81,-81,0,0,-75,-76,-63,-49
-61,-58,-55,-54,-87,-80,-81,-71,-76,-76,0,-79,-76,-76,-77,0,-79,-78,0,0,-66,-67,0,-71,-70,-70,-79,-87,-74,-72,-72,-81,-67,-67,0,-89,-81,-82,0,-87,-84,-84,-85,0,0,-81,-81,0,0,-75,-76,-63,-49
-61,-58,-54,-54,0,-76,-77,-71,-75,-76,0,-79,-72,-73,0,0,-79,-78,-70,-66,-66,-66,0,-71,-70,-70,-79,-87,-73,-74,-72,-81,-67,-67,0,-89,-81,-80,0,-86,-86,-84,-83,0,0,0,-77,0,0,-78,-77,-68,-53
-61,-58,-54,-54,0,-76,-77,-71,-75,-76,0,-79,-72,-73,0,0,-79,-78,-70,-66,-66,-66,0,-71,-70,-70,-79,-87,-73,-74,-72,-81,-67,-67,0,-89,-81,-80,0,-86,-86,-84,-83,0,0,0,-77,0,0,-78,-77,-68,-53
-61,-58,-54,-54,0,-76,-77,-71,-75,-76,0,-79,-72,-73,0,0,-79,-78,-70,-66,-66,-66,0,-71,-70,-70,-79,-87,-73,-74,-72,-81,-67,-67,0,-89,-81,-80,0,-86,-86,-84,-83,0,0,0,-77,0,0,-78,-77,-68,-53
-61,-58,-54,-54,0,-76,-77,-71,-75,-76,0,-79,-72,-73,0,0,-79,-78,-70,-66,-66,-66,0,-71,-70,-70,-79,-87,-73,-74,-72,-81,-67,-67,0,-89,-81,-80,0,-86,-86,-84,-83,0,0,0,-77,0,0,-78,-77,-68,-53
-66,-62,-54,-54,0,-78,-76,-71,-74,-74,0,-79,-72,-73,0,0,-81,-80,-70,-66,-73,-73,-77,-75,-69,-69,0,-87,-73,-74,-72,0,-73,-73,0,0,-82,-83,-90,-86,-90,-84,-83,0,0,0,-77,0,0,-77,-78,-65,-54
-66,-62,-54,-54,0,-78,-76,-71,-74,-74,0,-79,-72,-73,0,0,-81,-80,-70,-66,-73,-73,-77,-75,-69,-69,0,-87,-73,-74,-72,0,-73,-73,0,0,-82,-83,-90,-86,-90,-84,-83,0,0,0,-77,0,0,-77,-78,-65,-54
-66,-62,-54,-54,0,-78,-76,-71,-74,-74,0,-79,-72,-73,0,0,-81,-80,-70,-66,-73,-73,-77,-75,-69,-69,0,-87,-73,-74,-72,0,-73,-73,0,0,-82,-83,-90,-86,-90,-84,-83,0,0,0,-77,0,0,-77,-78,-65,-54
-66,-62,-54,-54,0,-78,-76,-71,-74,-74,0,-79,-72,-73,0,0,-81,-80,-70,-66,-73,-73,-77,-75,-69,-69,0,-87,-73,-74,-72,0,-73,-73,0,0,-82,-83,-90,-86,-90,-84,-83,0,0,0,-77,0,0,-77,-78,-65,-54
-64,-61,-54,-50,-79,-79,-80,-73,-78,-77,0,0,-74,-74,-81,-78,-81,-80,-70,-68,-66,-68,-77,-75,-71,-71,0,0,-81,-80,-72,0,-75,-76,0,0,-80,-81,-90,-86,-90,-83,-83,0,0,-79,-77,0,0,-77,-77,-71,-53
-64,-61,-54,-50,-79,-79,-80,-73,-78,-77,0,0,-74,-74,-81,-78,-81,-80,-70,-68,-66,-68,-77,-75,-71,-71,0,0,-81,-80,-72,0,-75,-76,0,0,-80,-81,-90,-86,-90,-83,-83,0,0,-79,-77,0,0,-77,-77,-71,-53
-64,-61,-54,-50,-79,-79,-80,-73,-78,-77,0,0,-74,-74,-81,-78,-81,-80,-70,-68,-66,-68,-77,-75,-71,-71,0,0,-81,-80,-72,0,-75,-76,0,0,-80,-81,-90,-86,-90,-83,-83,0,0,-79,-77,0,0,-77,-77,-71,-53
-64,-61,-54,-50,-79,-79,-80,-73,-78,-77,0,0,-74,-74,-81,-78,-81,-80,-70,-68,-66,-68,-77,-75,-71,-71,0,0,-81,-80,-72,0,-75,-76,0,0,-80,-81,-90,-86,-90,-83,-83,0,0,-79,-77,0,0,-77,-77,-71,-53
-70,-61,-52,-52,-82,-80,-80,-84,-79,-79,0,0,-79,-80,-81,-80,-81,-80,0,-68,-67,-66,-77,-76,-71,-72,-79,0,-81,-81,0,0,-72,-72,0,0,-80,-81,-90,0,-90,-83,-83,0,0,-79,-77,0,0,-80,-80,-70,-54
-70,-61,-52,-52,-82,-80,-80,-84,-79,-79,0,0,-79,-80,-81,-80,-81,-80,0,-68,-67,-66,-77,-76,-71,-72,-79,0,-81,-81,0,0,-72,-72,0,0,-80,-81,-90,0,-90,-83,-83,0,0,-79,-77,0,0,-80,-80,-70,-54
-70,-61,-52,-52,-82,-80,-80,-84,-79,-79,0,0,-79,-80,-81,-80,-81,-80,0,-68,-67,-66,-77,-76,-71,-72,-79,0,-81,-81,0,0,-72,-72,0,0,-80,-81,-90,0,-90,-83,-83,0,0,-79,-77,0,0,-80,-80,-70,-54
-70,-61,-53,-53,-82,-80,-80,-84,-79,-78,0,0,-75,-75,-81,-80,0,0,0,-68,-68,-66,0,-76,-68,-68,-79,0,-73,-73,0,0,-70,-70,0,0,-84,-84,0,0,0,-83,-83,0,0,-79,-77,0,0,-76,-76,-61,-53
-70,-61,-53,-53,-82,-80,-80,-84,-79,-78,0,0,-75,-75,-81,-80,0,0,0,-68,-68,-66,0,-76,-68,-68,-79,0,-73,-73,0,0,-70,-70,0,0,-84,-84,0,0,0,-83,-83,0,0,-79,-77,0,0,-76,-76,-61,-53
-70,-61,-53,-53,-82,-80,-80,-84,-79,-78,0,0,-75,-75,-81,-80,0,0,0,-68,-68,-66,0,-76,-68,-68,-79,0,-73,-73,0,0,-70,-70,0,0,-84,-84,0,0,0,-83,-83,0,0,-79,-77,0,0,-76,-76,-61,-53
-70,-61,-53,-53,-82,-80,-80,-84,-79,-78,0,0,-75,-75,-81,-80,0,0,0,-68,-68,-66,0,-76,-68,-68,-79,0,-73,-73,0,0,-70,-70,0,0,-84,-84,0,0,0,-83,-83,0,0,-79,-77,0,0,-76,-76,-61,-53
-66,-62,-53,-54,-82,-78,-78,-74,-77,-77,0,0,-75,-76,-81,-77,-78,-78,0,-64,-66,-66,0,-76,-69,-69,-78,0,-73,-73,-71,-78,-75,-74,-89,0,-83,-83,0,0,0,-83,-83,0,0,-76,-77,0,-80,-76,-76,-67,-55
-66,-62,-53,-54,-82,-78,-78,-74,-77,-77,0,0,-75,-76,-81,-77,-78,-78,0,-64,-66,-66,0,-76,-69,-69,-78,0,-73,-73,-71,-78,-75,-74,-89,0,-83,-83,0,0,0,-83,-83,0,0,-76,-77,0,-80,-76,-76,-67,-55
-66,-62,-53,-54,-82,-78,-78,-74,-77,-77,0,0,-75,-76,-81,-77,-78,-78,0,-64,-66,-66,0,-76,-69,-69,-78,0,-73,-73,-71,-78,-75,-74,-89,0,-83,-83,0,0,0,-83,-83,0,0,-76,-77,0,-80,-76,-76,-67,-55
-66,-62,-53,-54,-82,-78,-78,-74,-77,-77,0,0,-75,-76,-81,-77,-78,-78,0,-64,-66,-66,0,-76,-69,-69,-78,0,-73,-73,-71,-78,-75,-74,-89,0,-83,-83,0,0,0,-83,-83,0,0,-76,-77,0,-80,-76,-76,-67,-55
-66,-73,-56,-56,-85,-78,-80,-74,-76,-76,0,0,-76,-76,-79,-76,-79,-78,0,-64,-68,-68,0,-76,-72,-72,-79,0,-73,-73,-76,-82,-74,-74,-89,0,-81,-83,0,0,0,-85,-85,0,0,-78,-78,0,-80,-76,-76,-70,-50
-66,-73,-56,-56,-85,-78,-80,-74,-76,-76,0,0,-76,-76,-79,-76,-79,-78,0,-64,-68,-68,0,-76,-72,-72,-79,0,-73,-73,-76,-82,-74,-74,-89,0,-81,-83,0,0,0,-85,-85,0,0,-78,-78,0,-80,-76,-76,-70,-50
-66,-73,-56,-56,-85,-78,-80,-74,-76,-76,0,0,-76,-76,-79,-76,-79,-78,0,-64,-68,-68,0,-76,-72,-72,-79,0,-73,-73,-76,-82,-74,-74,-89,0,-81,-83,0,0,0,-85,-85,0,0,-78,-78,0,-80,-76,-76,-70,-50
-66,-73,-56,-56,-85,-78,-80,-74,-76,-76,0,0,-76,-76,-79,-76,-79,-78,0,-64,-68,-68,0,-76,-72,-72,-79,0,-73,-73,-76,-82,-74,-74,-89,0,-81,-83,0,0,0,-85,-85,0,0,-78,-78,0,-80,-76,-76,-70,-50
-71,-66,-55,-55,-85,-79,-78,-73,-76,-76,0,0,-76,-76,-79,-76,-79,-78,0,-69,-66,-65,0,-76,-71,-71,-82,0,-77,-78,-76,-82,-75,-75,-89,-90,-84,-83,0,0,0,-85,-85,0,0,-77,-77,0,-80,-75,-76,-69,-52
-71,-66,-55,-55,-85,-79,-78,-73,-76,-76,0,0,-76,-76,-79,-76,-79,-78,0,-69,-66,-65,0,-76,-71,-71,-82,0,-77,-78,-76,-82,-75,-75,-89,-90,-84,-83,0,0,0,-85,-85,0,0,-77,-77,0,-80,-75,-76,-69,-52
-71,-66,-55,-55,-85,-79,-78,-73,-76,-76,0,0,-76,-76,-79,-76,-79,-78,0,-69,-66,-65,0,-76,-71,-71,-82,0,-77,-78,-76,-82,-75,-75,-89,-90,-84,-83,0,0,0,-85,-85,0,0,-77,-77,0,-80,-75,-76,-69,-52
-71,-66,-55,-55,-85,-79,-78,-73,-76,-76,0,0,-76,-76,-79,-76,-79,-78,0,-69,-66,-65,0,-76,-71,-71,-82,0,-77,-78,-76,-82,-75,-75,-89,-90,-84,-83,0,0,0,-85,-85,0,0,-77,-77,0,-80,-75,-76,-69,-52
-71,-66,-55,-55,-85,-79,-78,-73,-76,-76,0,0,-76,-76,-79,-76,-79,-78,0,-69,-66,-65,0,-76,-71,-71,-82,0,-77,-78,-76,-82,-75,-75,-89,-90,-84,-83,0,0,0,-85,-85,0,0,-77,-77,0,-80,-75,-76,-69,-52
-71,-66,-55,-55,-85,-79,-78,-73,-76,-76,0,0,-76,-76,-79,-76,-79,-78,0,-69,-66,-65,0,-76,-71,-71,-82,0,-77,-78,-76,-82,-75,-75,-89,-90,-84,-83,0,0,0,-85,-85,0,0,-77,-77,0,-80,-75,-76,-69,-52
-71,-66,-55,-55,-85,-79,-78,-73,-76,-76,0,0,-76,-76,-79,-76,-79,-78,0,-69,-66,-65,0,-76,-71,-71,-82,0,-77,-78,-76,-82,-75,-75,-89,-90,-84,-83,0,0,0,-85,-85,0,0,-77,-77,0,-80,-75,-76,-69,-52
-71,-66,-55,-55,-85,-79,-78,-73,-76,-76,0,0,-76,-76,-79,-76,-79,-78,0,-69,-66,-65,0,-76,-71,-71,-82,0,-77,-78,-76,-82,-75,-75,-89,-90,-84,-83,0,0,0,-85,-85,0,0,-77,-77,0,-80,-75,-76,-69,-52
-71,-66,-55,-55,-85,-79,-78,-73,-76,-76,0,0,-76,-76,-79,-76,-79,-78,0,-69,-66,-65,0,-76,-71,-71,-82,0,-77,-78,-76,-82,-75,-75,-89,-90,-84,-83,0,0,0,-85,-85,0,0,-77,-77,0,-80,-75,-76,-69,-52
-71,-65,-54,-53,-85,-79,-80,-73,-77,-77,0,0,-77,-78,-79,-76,-79,0,0,-70,-67,-65,0,0,-70,-70,-82,0,-77,-79,-74,-83,-70,-70,-89,-90,-84,-83,0,0,0,-85,-84,0,0,-77,-77,0,0,-76,-77,-67,-54
-71,-65,-54,-53,-85,-79,-80,-73,-77,-77,0,0,-77,-78,-79,-76,-79,0,0,-70,-67,-65,0,0,-70,-70,-82,0,-77,-79,-74,-83,-70,-70,-89,-90,-84,-83,0,0,0,-85,-84,0,0,-77,-77,0,0,-76,-77,-67,-54
-71,-65,-54,-53,-85,-79,-80,-73,-77,-77,0,0,-77,-78,-79,-76,-79,0,0,-70,-67,-65,0,0,-70,-70,-82,0,-77,-79,-74,-83,-70,-70,-89,-90,-84,-83,0,0,0,-85,-84,0,0,-77,-77,0,0,-76,-77,-67,-54
-68,-65,-52,-52,0,-79,-77,-73,-79,-79,0,0,-79,-79,0,0,-79,-80,0,-64,-67,-67,0,0,-68,-68,-82,0,-75,-75,-72,-83,-74,-74,-89,-89,-86,-86,0,0,0,0,-84,0,0,-77,-77,0,-80,-79,-80,-67,-52
-68,-65,-52,-52,0,-79,-77,-73,-79,-79,0,0,-79,-79,0,0,-79,-80,0,-64,-67,-67,0,0,-68,-68,-82,0,-75,-75,-72,-83,-74,-74,-89,-89,-86,-86,0,0,0,0,-84,0,0,-77,-77,0,-80,-79,-80,-67,-52
-68,-65,-52,-52,0,-79,-77,-73,-79,-79,0,0,-79,-79,0,0,-79,-80,0,-64,-67,-67,0,0,-68,-68,-82,0,-75,-75,-72,-83,-74,-74,-89,-89,-86,-86,0,0,0,0,-84,0,0,-77,-77,0,-80,-79,-80,-67,-52
-68,-65,-52,-52,0,-79,-77,-73,-79,-79,0,0,-79,-79,0,0,-79,-80,0,-64,-67,-67,0,0,-68,-68,-82,0,-75,-75,-72,-83,-74,-74,-89,-89,-86,-86,0,0,0,0,-84,0,0,-77,-77,0,-80,-79,-80,-67,-52
-68,-65,-54,-54,0,-79,-78,-74,-77,-77,0,0,-79,-76,0,0,-80,-80,-68,-64,-65,-65,0,0,-69,-69,0,0,-77,-76,-73,-85,-70,-70,-88,-89,-85,-85,0,0,0,0,-83,0,0,-76,-77,0,-80,-77,-77,-69,-52
-68,-65,-54,-54,0,-79,-78,-74,-77,-77,0,0,-79,-76,0,0,-80,-80,-68,-64,-65,-65,0,0,-69,-69,0,0,-77,-76,-73,-85,-70,-70,-88,-89,-85,-85,0,0,0,0,-83,0,0,-76,-77,0,-80,-77,-77,-69,-52
-68,-65,-54,-54,0,-79,-78,-74,-77,-77,0,0,-79,-76,0,0,-80,-80,-68,-64,-65,-65,0,0,-69,-69,0,0,-77,-76,-73,-85,-70,-70,-88,-89,-85,-85,0,0,0,0,-83,0,0,-76,-77,0,-80,-77,-77,-69,-52
-68,-65,-54,-54,0,-79,-78,-74,-77,-77,0,0,-79,-76,0,0,-80,-80,-68,-64,-65,-65,0,0,-69,-69,0,0,-77,-76,-73,-85,-70,-70,-88,-89,-85,-85,0,0,0,0,-83,0,0,-76,-77,0,-80,-77,-77,-69,-52
-68,-65,-54,-54,0,-79,-78,-74,-77,-77,0,0,-79,-76,0,0,-80,-80,-68,-64,-65,-65,0,0,-69,-69,0,0,-77,-76,-73,-85,-70,-70,-88,-89,-85,-85,0,0,0,0,-83,0,0,-76,-77,0,-80,-77,-77,-69,-52
-68,-65,-54,-54,0,-79,-78,-74,-77,-77,0,0,-79,-76,0,0,-80,-80,-68,-64,-65,-65,0,0,-69,-69,0,0,-77,-76,-73,-85,-70,-70,-88,-89,-85,-85,0,0,0,0,-83,0,0,-76,-77,0,-80,-77,-77,-69,-52
-67,-64,-52,-52,-82,-78,-78,-74,-79,-77,0,0,-75,-75,-80,-78,-78,-79,-68,-64,-65,-65,-78,0,-67,-68,-81,-84,-75,-76,-72,-85,-72,-72,-88,-89,-83,-83,0,0,0,0,-84,0,0,-78,-78,0,-80,-75,-75,-63,-55
-67,-64,-52,-52,-82,-78,-78,-74,-79,-77,0,0,-75,-75,-80,-78,-78,-79,-68,-64,-65,-65,-78,0,-67,-68,-81,-84,-75,-76,-72,-85,-72,-72,-88,-89,-83,-83,0,0,0,0,-84,0,0,-78,-78,0,-80,-75,-75,-63,-55
-67,-64,-52,-52,-82,-78,-78,-74,-79,-77,0,0,-75,-75,-80,-78,-78,-79,-68,-64,-65,-65,-78,0,-67,-68,-81,-84,-75,-76,-72,-85,-72,-72,-88,-89,-83,-83,0,0,0,0,-84,0,0,-78,-78,0,-80,-75,-75,-63,-55
-67,-64,-52,-52,-82,-78,-78,-74,-79,-77,0,0,-75,-75,-80,-78,-78,-79,-68,-64,-65,-65,-78,0,-67,-68,-81,-84,-75,-76,-72,-85,-72,-72,-88,-89,-83,-83,0,0,0,0,-84,0,0,-78,-78,0,-80,-75,-75,-63,-55
-65,-66,-52,-51,-82,-78,-85,-73,-78,-79,0,0,-76,-76,-80,-78,-79,-78,-68,-64,-69,-70,-74,-74,-69,-69,-81,-84,-75,-76,-70,-85,-70,-70,-88,0,-85,-83,0,0,0,0,-84,0,0,-77,-77,0,0,-76,-75,-66,-53
-65,-66,-52,-51,-82,-78,-85,-73,-78,-79,0,0,-76,-76,-80,-78,-79,-78,-68,-64,-69,-70,-74,-74,-69,-69,-81,-84,-75,-76,-70,-85,-70,-70,-88,0,-85,-83,0,0,0,0,-84,0,0,-77,-77,0,0,-76,-75,-66,-53
-65,-66,-52,-51,-82,-78,-85,-73,-78,-79,0,0,-76,-76,-80,-78,-79,-78,-68,-64,-69,-70,-74,-74,-69,-69,-81,-84,-75,-76,-70,-85,-70,-70,-88,0,-85,-83,0,0,0,0,-84,0,0,-77,-77,0,0,-76,-75,-66,-53
-65,-66,-52,-51,-82,-78,-85,-73,-78,-79,0,0,-76,-76,-80,-78,-79,-78,-68,-64,-69,-70,-74,-74,-69,-69,-81,-84,-75,-76,-70,-85,-70,-70,-88,0,-85,-83,0,0,0,0,-84,0,0,-77,-77,0,0,-76,-75,-66,-53
-64,-62,-51,-51,-82,-77,-78,-73,-75,-77,0,0,-75,-75,-80,-78,-78,-79,0,0,-69,-69,-79,-79,-70,-70,-81,-84,-75,-82,-74,0,-70,-70,0,0,-82,-84,0,0,0,0,-84,0,-86,-78,-77,0,-84,-74,-75,-69,-53
