-68,-63,-68,-67,-82,-83,-84,-69,-71,-72,0,0,-79,-78,-82,-81,0,0,-65,-62,-70,-70,-72,-70,-69,-69,-80,-84,-76,-75,0,-78,-71,-71,-84,0,-77,-77,0,0,0,-86,-85,0,0,-79,-79,0,0,-82,-83,-68,-54
-68,-63,-68,-67,-82,-83,-84,-69,-71,-72,0,0,-79,-78,-82,-81,0,0,-65,-62,-70,-70,-72,-70,-69,-69,-80,-84,-76,-75,0,-78,-71,-71,-84,0,-77,-77,0,0,0,-86,-85,0,0,-79,-79,0,0,-82,-83,-68,-54
-68,-63,-68,-67,-82,-83,-84,-69,-71,-72,0,0,-79,-78,-82,-81,0,0,-65,-62,-70,-70,-72,-70,-69,-69,-80,-84,-76,-75,0,-78,-71,-71,-84,0,-77,-77,0,0,0,-86,-85,0,0,-79,-79,0,0,-82,-83,-68,-54
-68,-63,-68,-67,-82,-83,-84,-69,-71,-72,0,0,-79,-78,-82,-81,0,0,-65,-62,-70,-70,-72,-70,-69,-69,-80,-84,-76,-75,0,-78,-71,-71,-84,0,-77,-77,0,0,0,-86,-85,0,0,-79,-79,0,0,-82,-83,-68,-54
-71,-68,-66,-65,-76,-83,-84,-69,-78,-79,0,0,-74,-75,-82,-73,0,0,-68,-65,-66,-66,-72,-70,-67,-67,-80,-84,-72,-73,0,-78,-73,-73,-84,0,-77,-78,0,0,0,-85,-85,0,0,-81,-82,-84,0,-82,-84,-61,-54
-71,-68,-66,-65,-76,-83,-84,-69,-78,-79,0,0,-74,-75,-82,-73,0,0,-68,-65,-66,-66,-72,-70,-67,-67,-80,-84,-72,-73,0,-78,-73,-73,-84,0,-77,-78,0,0,0,-85,-85,0,0,-81,-82,-84,0,-82,-84,-61,-54
-71,-68,-66,-65,-76,-83,-84,-69,-78,-79,0,0,-74,-75,-82,-73,0,0,-68,-65,-66,-66,-72,-70,-67,-67,-80,-84,-72,-73,0,-78,-73,-73,-84,0,-77,-78,0,0,0,-85,-85,0,0,-81,-82,-84,0,-82,-84,-61,-54
-71,-68,-66,-65,-76,-83,-84,-69,-78,-79,0,0,-74,-75,-82,-73,0,0,-68,-65,-66,-66,-72,-70,-67,-67,-80,-84,-72,-73,0,-78,-73,-73,-84,0,-77,-78,0,0,0,-85,-85,0,0,-81,-82,-84,0,-82,-84,-61,-54
-64,-62,-65,-59,-76,0,0,-84,-83,-84,0,0,-73,-73,0,-73,0,0,-68,-65,-65,-65,0,0,-69,-69,0,0,-77,-77,0,0,-77,-77,0,0,-82,-82,0,0,0,-85,0,0,0,-81,-82,-84,0,0,-84,-70,-57
-64,-62,-65,-59,-76,0,0,-84,-83,-84,0,0,-73,-73,0,-73,0,0,-68,-65,-65,-65,0,0,-69,-69,0,0,-77,-77,0,0,-77,-77,0,0,-82,-82,0,0,0,-85,0,0,0,-81,-82,-84,0,0,-84,-70,-57
-64,-62,-65,-59,-76,0,0,-84,-83,-84,0,0,-73,-73,0,-73,0,0,-68,-65,-65,-65,0,0,-69,-69,0,0,-77,-77,0,0,-77,-77,0,0,-82,-82,0,0,0,-85,0,0,0,-81,-82,-84,0,0,-84,-70,-57
-64,-62,-65,-59,-76,0,0,-84,-83,-84,0,0,-73,-73,0,-73,0,0,-68,-65,-65,-65,0,0,-69,-69,0,0,-77,-77,0,0,-77,-77,0,0,-82,-82,0,0,0,-85,0,0,0,-81,-82,-84,0,0,-84,-70,-57
-67,-65,-66,-65,-74,-86,0,-84,-82,-84,0,0,-75,-77,0,-73,-77,-78,-68,-65,-68,-69,-72,-71,-66,-67,0,0,-76,-76,-80,0,-74,-74,-80,-79,-80,-81,0,0,0,-85,0,0,0,-80,-81,-84,0,-85,-82,-65,-58
-67,-65,-66,-65,-74,-86,0,-84,-82,-84,0,0,-75,-77,0,-73,-77,-78,-68,-65,-68,-69,-72,-71,-66,-67,0,0,-76,-76,-80,0,-74,-74,-80,-79,-80,-81,0,0,0,-85,0,0,0,-80,-81,-84,0,-85,-82,-65,-58
-67,-65,-66,-65,-74,-86,0,-84,-82,-84,0,0,-75,-77,0,-73,-77,-78,-68,-65,-68,-69,-72,-71,-66,-67,0,0,-76,-76,-80,0,-74,-74,-80,-79,-80,-81,0,0,0,-85,0,0,0,-80,-81,-84,0,-85,-82,-65,-58
-67,-65,-66,-65,-74,-86,0,-84,-82,-84,0,0,-75,-77,0,-73,-77,-78,-68,-65,-68,-69,-72,-71,-66,-67,0,0,-76,-76,-80,0,-74,-74,-80,-79,-80,-81,0,0,0,-85,0,0,0,-80,-81,-84,0,-85,-82,-65,-58
-66,-63,-63,-63,-74,-86,0,-84,-79,-79,-82,0,-77,-77,0,0,-78,-77,-71,-68,-72,-72,-72,-71,-66,-66,0,-84,-78,-78,-79,-84,-75,-75,-80,-79,-79,-79,0,0,-81,0,0,0,0,-81,-81,0,0,-87,-85,-64,-57
-66,-63,-63,-63,-74,-86,0,-84,-79,-79,-82,0,-77,-77,0,0,-78,-77,-71,-68,-72,-72,-72,-71,-66,-66,0,-84,-78,-78,-79,-84,-75,-75,-80,-79,-79,-79,0,0,-81,0,0,0,0,-81,-81,0,0,-87,-85,-64,-57
-66,-63,-63,-63,-74,-86,0,-84,-79,-79,-82,0,-77,-77,0,0,-78,-77,-71,-68,-72,-72,-72,-71,-66,-66,0,-84,-78,-78,-79,-84,-75,-75,-80,-79,-79,-79,0,0,-81,0,0,0,0,-81,-81,0,0,-87,-85,-64,-57
-66,-63,-63,-63,-74,-86,0,-84,-79,-79,-82,0,-77,-77,0,0,-78,-77,-71,-68,-72,-72,-72,-71,-66,-66,0,-84,-78,-78,-79,-84,-75,-75,-80,-79,-79,-79,0,0,-81,0,0,0,0,-81,-81,0,0,-87,-85,-64,-57
-67,-63,-64,-64,-74,-85,0,0,-79,-78,-82,0,-77,-77,0,0,-77,-77,-71,-68,-71,-71,-72,-70,-66,-66,0,-84,-78,-78,-79,-84,-75,-75,-80,-77,-80,-79,0,-81,-81,0,0,0,0,-81,-81,0,0,-87,-85,-64,-58
-67,-63,-64,-64,-74,-85,0,0,-79,-78,-82,0,-77,-77,0,0,-77,-77,-71,-68,-71,-71,-72,-70,-66,-66,0,-84,-78,-78,-79,-84,-75,-75,-80,-77,-80,-79,0,-81,-81,0,0,0,0,-81,-81,0,0,-87,-85,-64,-58
-67,-63,-64,-64,-74,-85,0,0,-79,-78,-82,0,-77,-77,0,0,-77,-77,-71,-68,-71,-71,-72,-70,-66,-66,0,-84,-78,-78,-79,-84,-75,-75,-80,-77,-80,-79,0,-81,-81,0,0,0,0,-81,-81,0,0,-87,-85,-64,-58
-67,-63,-64,-64,-74,-85,0,0,-79,-78,-82,0,-77,-77,0,0,-77,-77,-71,-68,-71,-71,-72,-70,-66,-66,0,-84,-78,-78,-79,-84,-75,-75,-80,-77,-80,-79,0,-81,-81,0,0,0,0,-81,-81,0,0,-87,-85,-64,-58
-68,-65,-64,-61,0,-85,-86,0,-78,-79,-82,0,-76,-75,0,0,-75,-75,-71,-68,-73,-72,0,-70,-65,-65,0,-84,-78,-78,-79,-84,-73,-73,0,-77,-80,-80,0,-81,-81,0,0,0,0,-81,-81,0,0,-87,-85,-66,-57
-68,-65,-64,-61,0,-85,-86,0,-78,-79,-82,0,-76,-75,0,0,-75,-75,-71,-68,-73,-72,0,-70,-65,-65,0,-84,-78,-78,-79,-84,-73,-73,0,-77,-80,-80,0,-81,-81,0,0,0,0,-81,-81,0,0,-87,-85,-66,-57
-68,-65,-64,-61,0,-85,-86,0,-78,-79,-82,0,-76,-75,0,0,-75,-75,-71,-68,-73,-72,0,-70,-65,-65,0,-84,-78,-78,-79,-84,-73,-73,0,-77,-80,-80,0,-81,-81,0,0,0,0,-81,-81,0,0,-87,-85,-66,-57
-68,-67,-62,-61,0,-83,-83,0,-79,-79,0,0,-75,-75,0,0,-77,-78,0,-68,-74,-74,0,-70,-67,-67,0,0,-74,-74,0,0,-78,-78,0,-77,-82,-82,0,-81,-81,0,0,0,0,0,0,0,0,0,0,-65,-56
-68,-67,-62,-61,0,-83,-83,0,-79,-79,0,0,-75,-75,0,0,-77,-78,0,-68,-74,-74,0,-70,-67,-67,0,0,-74,-74,0,0,-78,-78,0,-77,-82,-82,0,-81,-81,0,0,0,0,0,0,0,0,0,0,-65,-56
-68,-67,-62,-61,0,-83,-83,0,-79,-79,0,0,-75,-75,0,0,-77,-78,0,-68,-74,-74,0,-70,-67,-67,0,0,-74,-74,0,0,-78,-78,0,-77,-82,-82,0,-81,-81,0,0,0,0,0,0,0,0,0,0,-65,-56
-68,-67,-62,-61,0,-83,-83,0,-79,-79,0,0,-75,-75,0,0,-77,-78,0,-68,-74,-74,0,-70,-67,-67,0,0,-74,-74,0,0,-78,-78,0,-77,-82,-82,0,-81,-81,0,0,0,0,0,0,0,0,0,0,-65,-56
-69,-67,-62,-61,0,-83,-83,0,-79,-79,0,0,-77,-77,0,-70,-78,-78,-70,-66,-72,-72,0,0,-66,-66,-75,-82,-76,-76,0,0,-73,-74,-81,-78,-81,-81,0,-80,-80,0,0,0,0,-80,-81,0,0,-85,-84,-64,-58
-69,-67,-62,-61,0,-83,-83,0,-79,-79,0,0,-77,-77,0,-70,-78,-78,-70,-66,-72,-72,0,0,-66,-66,-75,-82,-76,-76,0,0,-73,-74,-81,-78,-81,-81,0,-80,-80,0,0,0,0,-80,-81,0,0,-85,-84,-64,-58
-69,-67,-62,-61,0,-83,-83,0,-79,-79,0,0,-77,-77,0,-70,-78,-78,-70,-66,-72,-72,0,0,-66,-66,-75,-82,-76,-76,0,0,-73,-74,-81,-78,-81,-81,0,-80,-80,0,0,0,0,-80,-81,0,0,-85,-84,-64,-58
-69,-67,-62,-61,0,-83,-83,0,-79,-79,0,0,-77,-77,0,-70,-78,-78,-70,-66,-72,-72,0,0,-66,-66,-75,-82,-76,-76,0,0,-73,-74,-81,-78,-81,-81,0,-80,-80,0,0,0,0,-80,-81,0,0,-85,-84,-64,-58
-68,-67,-60,-60,0,-85,-85,0,-78,-79,0,0,-78,-76,0,-70,-76,-76,-70,-66,-72,-72,0,0,-65,-65,-75,-82,-75,-76,0,0,-78,-77,-81,-78,-80,-80,0,-80,-80,-84,-86,0,0,-80,-81,0,0,-85,-84,-64,-58
-68,-67,-60,-60,0,-85,-85,0,-78,-79,0,0,-78,-76,0,-70,-76,-76,-70,-66,-72,-72,0,0,-65,-65,-75,-82,-75,-76,0,0,-78,-77,-81,-78,-80,-80,0,-80,-80,-84,-86,0,0,-80,-81,0,0,-85,-84,-64,-58
-68,-67,-60,-60,0,-85,-85,0,-78,-79,0,0,-78,-76,0,-70,-76,-76,-70,-66,-72,-72,0,0,-65,-65,-75,-82,-75,-76,0,0,-78,-77,-81,-78,-80,-80,0,-80,-80,-84,-86,0,0,-80,-81,0,0,-85,-84,-64,-58
-68,-67,-60,-60,0,-85,-85,0,-78,-79,0,0,-78,-76,0,-70,-76,-76,-70,-66,-72,-72,0,0,-65,-65,-75,-82,-75,-76,0,0,-78,-77,-81,-78,-80,-80,0,-80,-80,-84,-86,0,0,-80,-81,0,0,-85,-84,-64,-58
-69,-68,-63,-60,0,-83,-84,0,-81,-81,0,0,-74,-74,0,-70,-77,-78,-70,-66,-71,-71,-72,-70,-65,-66,-75,-82,-77,-77,0,0,-73,-73,-81,-78,-80,-79,0,-80,-80,-84,-86,0,0,-80,-81,0,0,-85,-84,-65,-58
-69,-68,-63,-60,0,-83,-84,0,-81,-81,0,0,-74,-74,0,-70,-77,-78,-70,-66,-71,-71,-72,-70,-65,-66,-75,-82,-77,-77,0,0,-73,-73,-81,-78,-80,-79,0,-80,-80,-84,-86,0,0,-80,-81,0,0,-85,-84,-65,-58
-69,-68,-63,-60,0,-83,-84,0,-81,-81,0,0,-74,-74,0,-70,-77,-78,-70,-66,-71,-71,-72,-70,-65,-66,-75,-82,-77,-77,0,0,-73,-73,-81,-78,-80,-79,0,-80,-80,-84,-86,0,0,-80,-81,0,0,-85,-84,-65,-58
-69,-68,-63,-60,0,-83,-84,0,-81,-81,0,0,-74,-74,0,-70,-77,-78,-70,-66,-71,-71,-72,-70,-65,-66,-75,-82,-77,-77,0,0,-73,-73,-81,-78,-80,-79,0,-80,-80,-84,-86,0,0,-80,-81,0,0,-85,-84,-65,-58
-69,-65,-63,-62,0,-83,-84,0,-80,-79,0,0,-74,-74,0,0,-78,-79,-69,-66,-68,-67,-72,-70,-69,-69,0,0,-80,-79,0,0,-78,-79,-84,0,-82,-81,0,0,-86,-84,-84,0,0,-84,-84,0,0,0,0,-64,-56
-69,-65,-63,-62,0,-83,-84,0,-80,-79,0,0,-74,-74,0,0,-78,-79,-69,-66,-68,-67,-72,-70,-69,-69,0,0,-80,-79,0,0,-78,-79,-84,0,-82,-81,0,0,-86,-84,-84,0,0,-84,-84,0,0,0,0,-64,-56
-69,-65,-63,-62,0,-83,-84,0,-80,-79,0,0,-74,-74,0,0,-78,-79,-69,-66,-68,-67,-72,-70,-69,-69,0,0,-80,-79,0,0,-78,-79,-84,0,-82,-81,0,0,-86,-84,-84,0,0,-84,-84,0,0,0,0,-64,-56
-69,-65,-63,-62,0,-83,-84,0,-80,-79,0,0,-74,-74,0,0,-78,-79,-69,-66,-68,-67,-72,-70,-69,-69,0,0,-80,-79,0,0,-78,-79,-84,0,-82,-81,0,0,-86,-84,-84,0,0,-84,-84,0,0,0,0,-64,-56
-69,-65,-63,-61,0,-83,-84,0,-82,-81,0,0,-75,-75,-75,-73,-78,-79,-69,-66,-75,-76,-72,-70,-69,-69,-78,-88,-75,-75,-81,-81,-74,-73,-84,-85,-78,-78,0,0,-86,-84,-84,0,0,-83,-83,0,0,0,0,-63,-55
-69,-65,-63,-61,0,-83,-84,0,-82,-81,0,0,-75,-75,-75,-73,-78,-79,-69,-66,-75,-76,-72,-70,-69,-69,-78,-88,-75,-75,-81,-81,-74,-73,-84,-85,-78,-78,0,0,-86,-84,-84,0,0,-83,-83,0,0,0,0,-63,-55
-69,-65,-63,-61,0,-83,-84,0,-82,-81,0,0,-75,-75,-75,-73,-78,-79,-69,-66,-75,-76,-72,-70,-69,-69,-78,-88,-75,-75,-81,-81,-74,-73,-84,-85,-78,-78,0,0,-86,-84,-84,0,0,-83,-83,0,0,0,0,-63,-55
-69,-65,-63,-61,0,-83,-84,0,-82,-81,0,0,-75,-75,-75,-73,-78,-79,-69,-66,-75,-76,-72,-70,-69,-69,-78,-88,-75,-75,-81,-81,-74,-73,-84,-85,-78,-78,0,0,-86,-84,-84,0,0,-83,-83,0,0,0,0,-63,-55
-71,-69,-65,-59,-75,0,-85,0,-78,-79,0,0,-74,-73,-75,-73,-78,-79,-69,-66,-69,-69,-73,-75,-68,-68,-78,-88,-76,-76,-81,-81,-72,-72,-83,-85,-75,-75,0,0,-86,-84,-84,0,0,-83,-83,0,0,0,0,-67,-57
-71,-69,-65,-59,-75,0,-85,0,-78,-79,0,0,-74,-73,-75,-73,-78,-79,-69,-66,-69,-69,-73,-75,-68,-68,-78,-88,-76,-76,-81,-81,-72,-72,-83,-85,-75,-75,0,0,-86,-84,-84,0,0,-83,-83,0,0,0,0,-67,-57
-71,-69,-65,-59,-75,0,-85,0,-78,-79,0,0,-74,-73,-75,-73,-78,-79,-69,-66,-69,-69,-73,-75,-68,-68,-78,-88,-76,-76,-81,-81,-72,-72,-83,-85,-75,-75,0,0,-86,-84,-84,0,0,-83,-83,0,0,0,0,-67,-57
-69,-64,-61,-60,-75,0,-85,0,-80,-81,0,0,-76,-77,-75,-73,0,0,0,-66,-67,-67,-74,-72,-70,-69,-78,-88,-79,-79,-81,-81,-77,-77,-83,-85,-78,-78,0,0,0,0,-86,0,0,-83,-83,0,-88,0,0,-63,-58
-69,-64,-61,-60,-75,0,-85,0,-80,-81,0,0,-76,-77,-75,-73,0,0,0,-66,-67,-67,-74,-72,-70,-69,-78,-88,-79,-79,-81,-81,-77,-77,-83,-85,-78,-78,0,0,0,0,-86,0,0,-83,-83,0,-88,0,0,-63,-58
-69,-64,-61,-60,-75,0,-85,0,-80,-81,0,0,-76,-77,-75,-73,0,0,0,-66,-67,-67,-74,-72,-70,-69,-78,-88,-79,-79,-81,-81,-77,-77,-83,-85,-78,-78,0,0,0,0,-86,0,0,-83,-83,0,-88,0,0,-63,-58
-69,-64,-61,-60,-75,0,-85,0,-80,-81,0,0,-76,-77,-75,-73,0,0,0,-66,-67,-67,-74,-72,-70,-69,-78,-88,-79,-79,-81,-81,-77,-77,-83,-85,-78,-78,0,0,0,0,-86,0,0,-83,-83,0,-88,0,0,-63,-58
-68,-65,-61,-60,-80,0,-85,0,-79,-78,0,0,-73,-73,0,0,0,0,0,-64,-67,-68,-74,-72,-68,-68,0,0,-78,-79,-80,-80,-76,-77,-83,0,-80,-79,0,0,0,-85,-85,0,0,0,0,0,-88,0,0,-64,-59
-68,-65,-61,-60,-80,0,-85,0,-79,-78,0,0,-73,-73,0,0,0,0,0,-64,-67,-68,-74,-72,-68,-68,0,0,-78,-79,-80,-80,-76,-77,-83,0,-80,-79,0,0,0,-85,-85,0,0,0,0,0,-88,0,0,-64,-59
-68,-65,-61,-60,-80,0,-85,0,-79,-78,0,0,-73,-73,0,0,0,0,0,-64,-67,-68,-74,-72,-68,-68,0,0,-78,-79,-80,-80,-76,-77,-83,0,-80,-79,0,0,0,-85,-85,0,0,0,0,0,-88,0,0,-64,-59
-68,-65,-61,-60,-80,0,-85,0,-79,-78,0,0,-73,-73,0,0,0,0,0,-64,-67,-68,-74,-72,-68,-68,0,0,-78,-79,-80,-80,-76,-77,-83,0,-80,-79,0,0,0,-85,-85,0,0,0,0,0,-88,0,0,-64,-59
-63,-61,-65,-61,-80,-80,-80,-93,-81,-79,0,0,-77,-76,-76,-73,0,0,-66,-63,-67,-68,0,0,-70,-70,0,0,-76,-76,-80,-81,-73,-73,-86,-91,-81,-80,0,-83,-83,-85,-83,0,0,0,0,0,0,-89,0,-66,-65
-63,-61,-65,-61,-80,-80,-80,-93,-81,-79,0,0,-77,-76,-76,-73,0,0,-66,-63,-67,-68,0,0,-70,-70,0,0,-76,-76,-80,-81,-73,-73,-86,-91,-81,-80,0,-83,-83,-85,-83,0,0,0,0,0,0,-89,0,-66,-65
-63,-61,-65,-61,-80,-80,-80,-93,-81,-79,0,0,-77,-76,-76,-73,0,0,-66,-63,-67,-68,0,0,-70,-70,0,0,-76,-76,-80,-81,-73,-73,-86,-91,-81,-80,0,-83,-83,-85,-83,0,0,0,0,0,0,-89,0,-66,-65
-63,-61,-65,-61,-80,-80,-80,-93,-81,-79,0,0,-77,-76,-76,-73,0,0,-66,-63,-67,-68,0,0,-70,-70,0,0,-76,-76,-80,-81,-73,-73,-86,-91,-81,-80,0,-83,-83,-85,-83,0,0,0,0,0,0,-89,0,-66,-65
-64,-62,-63,-60,0,-80,-80,-93,-78,-78,0,0,-72,-72,-76,-73,0,0,-73,-71,-68,-68,0,0,-73,-73,0,0,-77,-78,-80,-81,-73,-73,-86,-91,-79,-81,0,-83,-83,-85,-83,0,0,0,0,0,0,-78,-78,-70,-59
-64,-62,-63,-60,0,-80,-80,-93,-78,-78,0,0,-72,-72,-76,-73,0,0,-73,-71,-68,-68,0,0,-73,-73,0,0,-77,-78,-80,-81,-73,-73,-86,-91,-79,-81,0,-83,-83,-85,-83,0,0,0,0,0,0,-78,-78,-70,-59
-64,-62,-63,-60,0,-80,-80,-93,-78,-78,0,0,-72,-72,-76,-73,0,0,-73,-71,-68,-68,0,0,-73,-73,0,0,-77,-78,-80,-81,-73,-73,-86,-91,-79,-81,0,-83,-83,-85,-83,0,0,0,0,0,0,-78,-78,-70,-59
-64,-62,-63,-60,0,-80,-80,-93,-78,-78,0,0,-72,-72,-76,-73,0,0,-73,-71,-68,-68,0,0,-73,-73,0,0,-77,-78,-80,-81,-73,-73,-86,-91,-79,-81,0,-83,-83,-85,-83,0,0,0,0,0,0,-78,-78,-70,-59
-62,-59,-64,-64,0,0,0,0,-77,-78,-80,-81,-76,-77,0,0,0,0,-73,-70,-65,-65,0,0,-68,-68,0,-86,-81,-81,0,-79,-74,-74,0,0,-81,-80,0,0,0,0,0,0,0,0,0,0,0,-78,-78,-62,-61
-62,-59,-64,-64,0,0,0,0,-77,-78,-80,-81,-76,-77,0,0,0,0,-73,-70,-65,-65,0,0,-68,-68,0,-86,-81,-81,0,-79,-74,-74,0,0,-81,-80,0,0,0,0,0,0,0,0,0,0,0,-78,-78,-62,-61
-62,-59,-64,-64,0,0,0,0,-77,-78,-80,-81,-76,-77,0,0,0,0,-73,-70,-65,-65,0,0,-68,-68,0,-86,-81,-81,0,-79,-74,-74,0,0,-81,-80,0,0,0,0,0,0,0,0,0,0,0,-78,-78,-62,-61
-62,-59,-64,-64,0,0,0,0,-77,-78,-80,-81,-76,-77,0,0,0,0,-73,-70,-65,-65,0,0,-68,-68,0,-86,-81,-81,0,-79,-74,-74,0,0,-81,-80,0,0,0,0,0,0,0,0,0,0,0,-78,-78,-62,-61
-62,-59,-71,-66,-79,0,0,0,-82,-81,-80,-81,-77,-77,0,-81,0,0,-73,-66,-66,-66,0,0,-75,-74,-85,-89,-81,-80,0,-79,-73,-72,0,0,-84,-84,0,0,0,0,0,0,0,0,0,0,0,-81,-81,-68,-58
-62,-59,-71,-66,-79,0,0,0,-82,-81,-80,-81,-77,-77,0,-81,0,0,-73,-66,-66,-66,0,0,-75,-74,-85,-89,-81,-80,0,-79,-73,-72,0,0,-84,-84,0,0,0,0,0,0,0,0,0,0,0,-81,-81,-68,-58
-62,-59,-71,-66,-79,0,0,0,-82,-81,-80,-81,-77,-77,0,-81,0,0,-73,-66,-66,-66,0,0,-75,-74,-85,-89,-81,-80,0,-79,-73,-72,0,0,-84,-84,0,0,0,0,0,0,0,0,0,0,0,-81,-81,-68,-58
-62,-59,-71,-66,-79,0,0,0,-82,-81,-80,-81,-77,-77,0,-81,0,0,-73,-66,-66,-66,0,0,-75,-74,-85,-89,-81,-80,0,-79,-73,-72,0,0,-84,-84,0,0,0,0,0,0,0,0,0,0,0,-81,-81,-68,-58
-67,-64,-64,-61,-82,0,0,0,-79,-79,-80,-81,-76,-74,0,-72,0,0,0,-66,-65,-66,0,-73,-72,-71,-85,-89,-81,-82,-78,-79,-74,-74,0,0,-84,-84,0,0,-92,0,0,0,0,-86,0,0,0,-81,-82,-73,-57
-67,-64,-64,-61,-82,0,0,0,-79,-79,-80,-81,-76,-74,0,-72,0,0,0,-66,-65,-66,0,-73,-72,-71,-85,-89,-81,-82,-78,-79,-74,-74,0,0,-84,-84,0,0,-92,0,0,0,0,-86,0,0,0,-81,-82,-73,-57
-67,-64,-64,-61,-82,0,0,0,-79,-79,-80,-81,-76,-74,0,-72,0,0,0,-66,-65,-66,0,-73,-72,-71,-85,-89,-81,-82,-78,-79,-74,-74,0,0,-84,-84,0,0,-92,0,0,0,0,-86,0,0,0,-81,-82,-73,-57
-67,-64,-64,-61,-82,0,0,0,-79,-79,-80,-81,-76,-74,0,-72,0,0,0,-66,-65,-66,0,-73,-72,-71,-85,-89,-81,-82,-78,-79,-74,-74,0,0,-84,-84,0,0,-92,0,0,0,0,-86,0,0,0,-81,-82,-73,-57
-63,-60,-61,-61,-81,0,0,0,-80,-80,0,0,-77,-77,0,-80,0,0,0,-66,-65,-66,0,-73,-71,-71,-85,-89,-81,-82,-78,0,-72,-72,0,0,-85,-85,0,0,-92,0,0,0,0,-86,0,0,0,-82,-80,-67,-59
-63,-60,-61,-61,-81,0,0,0,-80,-80,0,0,-77,-77,0,-80,0,0,0,-66,-65,-66,0,-73,-71,-71,-85,-89,-81,-82,-78,0,-72,-72,0,0,-85,-85,0,0,-92,0,0,0,0,-86,0,0,0,-82,-80,-67,-59
-63,-60,-61,-61,-81,0,0,0,-80,-80,0,0,-77,-77,0,-80,0,0,0,-66,-65,-66,0,-73,-71,-71,-85,-89,-81,-82,-78,0,-72,-72,0,0,-85,-85,0,0,-92,0,0,0,0,-86,0,0,0,-82,-80,-67,-59
-62,-59,-69,-62,-81,-85,-87,0,-78,-79,-79,0,-72,-72,-72,-70,0,0,0,-68,-74,-74,0,-76,-72,-71,0,0,-80,-80,-78,0,-75,-75,0,0,-84,-85,0,0,-90,0,0,0,0,-86,-85,-84,-83,-80,-79,-69,-58
-62,-59,-69,-62,-81,-85,-87,0,-78,-79,-79,0,-72,-72,-72,-70,0,0,0,-68,-74,-74,0,-76,-72,-71,0,0,-80,-80,-78,0,-75,-75,0,0,-84,-85,0,0,-90,0,0,0,0,-86,-85,-84,-83,-80,-79,-69,-58
-62,-59,-69,-62,-81,-85,-87,0,-78,-79,-79,0,-72,-72,-72,-70,0,0,0,-68,-74,-74,0,-76,-72,-71,0,0,-80,-80,-78,0,-75,-75,0,0,-84,-85,0,0,-90,0,0,0,0,-86,-85,-84,-83,-80,-79,-69,-58
-62,-59,-69,-62,-81,-85,-87,0,-78,-79,-79,0,-72,-72,-72,-70,0,0,0,-68,-74,-74,0,-76,-72,-71,0,0,-80,-80,-78,0,-75,-75,0,0,-84,-85,0,0,-90,0,0,0,0,-86,-85,-84,-83,-80,-79,-69,-58
-67,-66,-69,-69,-81,-85,-87,-76,-78,-78,-79,0,-76,-74,-72,-70,0,0,0,-68,-64,-64,0,-77,-72,-72,-83,-87,-79,-80,0,-80,-75,-75,0,0,-83,-83,0,0,-90,0,0,0,0,-87,-86,-84,-83,-80,-79,-77,-57
-67,-66,-69,-69,-81,-85,-87,-76,-78,-78,-79,0,-76,-74,-72,-70,0,0,0,-68,-64,-64,0,-77,-72,-72,-83,-87,-79,-80,0,-80,-75,-75,0,0,-83,-83,0,0,-90,0,0,0,0,-87,-86,-84,-83,-80,-79,-77,-57
-67,-66,-69,-69,-81,-85,-87,-76,-78,-78,-79,0,-76,-74,-72,-70,0,0,0,-68,-64,-64,0,-77,-72,-72,-83,-87,-79,-80,0,-80,-75,-75,0,0,-83,-83,0,0,-90,0,0,0,0,-87,-86,-84,-83,-80,-79,-77,-57
-67,-66,-69,-69,-81,-85,-87,-76,-78,-78,-79,0,-76,-74,-72,-70,0,0,0,-68,-64,-64,0,-77,-72,-72,-83,-87,-79,-80,0,-80,-75,-75,0,0,-83,-83,0,0,-90,0,0,0,0,-87,-86,-84,-83,-80,-79,-77,-57
-68,-64,-72,-70,0,-85,-87,-75,-79,-80,-79,0,-75,-75,-72,-70,0,0,0,-64,-63,-63,0,-77,-72,-72,-83,-87,-79,-80,0,-80,-70,-70,0,0,-83,-84,0,0,-90,0,0,0,0,-87,-86,-84,-83,-81,-80,-75,-54
-68,-64,-72,-70,0,-85,-87,-75,-79,-80,-79,0,-75,-75,-72,-70,0,0,0,-64,-63,-63,0,-77,-72,-72,-83,-87,-79,-80,0,-80,-70,-70,0,0,-83,-84,0,0,-90,0,0,0,0,-87,-86,-84,-83,-81,-80,-75,-54
-68,-64,-72,-70,0,-85,-87,-75,-79,-80,-79,0,-75,-75,-72,-70,0,0,0,-64,-63,-63,0,-77,-72,-72,-83,-87,-79,-80,0,-80,-70,-70,0,0,-83,-84,0,0,-90,0,0,0,0,-87,-86,-84,-83,-81,-80,-75,-54
-68,-64,-72,-70,0,-85,-87,-75,-79,-80,-79,0,-75,-75,-72,-70,0,0,0,-64,-63,-63,0,-77,-72,-72,-83,-87,-79,-80,0,-80,-70,-70,0,0,-83,-84,0,0,-90,0,0,0,0,-87,-86,-84,-83,-81,-80,-75,-54
-68,-66,-63,-59,0,0,0,-76,-81,-81,-81,-85,-75,-75,-74,-71,0,0,0,-64,-70,-69,0,-73,-74,-74,-81,-87,-79,-79,-78,-80,-77,-78,0,0,-84,-84,0,0,0,0,0,0,0,-84,-86,0,0,-78,-79,-71,-56
-68,-66,-63,-59,0,0,0,-76,-81,-81,-81,-85,-75,-75,-74,-71,0,0,0,-64,-70,-69,0,-73,-74,-74,-81,-87,-79,-79,-78,-80,-77,-78,0,0,-84,-84,0,0,0,0,0,0,0,-84,-86,0,0,-78,-79,-71,-56
-68,-66,-63,-59,0,0,0,-76,-81,-81,-81,-85,-75,-75,-74,-71,0,0,0,-64,-70,-69,0,-73,-74,-74,-81,-87,-79,-79,-78,-80,-77,-78,0,0,-84,-84,0,0,0,0,0,0,0,-84,-86,0,0,-78,-79,-71,-56
-68,-66,-63,-59,0,0,0,-76,-81,-81,-81,-85,-75,-75,-74,-71,0,0,0,-64,-70,-69,0,-73,-74,-74,-81,-87,-79,-79,-78,-80,-77,-78,0,0,-84,-84,0,0,0,0,0,0,0,-84,-86,0,0,-78,-79,-71,-56
-62,-59,-65,-64,-81,0,0,-76,-80,-81,-81,-85,-78,-77,-74,-71,0,0,-75,-73,-69,-69,0,-73,-76,-77,-81,0,-79,-81,-78,-80,-75,-75,0,0,-84,-84,0,0,0,0,0,0,0,-84,0,0,0,-80,-79,-74,-60
-62,-59,-65,-64,-81,0,0,-76,-80,-81,-81,-85,-78,-77,-74,-71,0,0,-75,-73,-69,-69,0,-73,-76,-77,-81,0,-79,-81,-78,-80,-75,-75,0,0,-84,-84,0,0,0,0,0,0,0,-84,0,0,0,-80,-79,-74,-60
-62,-59,-65,-64,-81,0,0,-76,-80,-81,-81,-85,-78,-77,-74,-71,0,0,-75,-73,-69,-69,0,-73,-76,-77,-81,0,-79,-81,-78,-80,-75,-75,0,0,-84,-84,0,0,0,0,0,0,0,-84,0,0,0,-80,-79,-74,-60
-64,-62,-69,-63,-84,0,0,-80,-80,-80,-81,-85,-80,-80,-74,-71,0,0,-75,-73,-70,-70,-83,-73,-78,-76,-81,0,-79,-81,-78,-80,-79,-79,0,0,-82,-84,0,0,0,0,0,0,0,-84,0,0,0,-79,-79,-75,-60
-64,-62,-69,-63,-84,0,0,-80,-80,-80,-81,-85,-80,-80,-74,-71,0,0,-75,-73,-70,-70,-83,-73,-78,-76,-81,0,-79,-81,-78,-80,-79,-79,0,0,-82,-84,0,0,0,0,0,0,0,-84,0,0,0,-79,-79,-75,-60
-64,-62,-69,-63,-84,0,0,-80,-80,-80,-81,-85,-80,-80,-74,-71,0,0,-75,-73,-70,-70,-83,-73,-78,-76,-81,0,-79,-81,-78,-80,-79,-79,0,0,-82,-84,0,0,0,0,0,0,0,-84,0,0,0,-79,-79,-75,-60
-64,-62,-69,-63,-84,0,0,-80,-80,-80,-81,-85,-80,-80,-74,-71,0,0,-75,-73,-70,-70,-83,-73,-78,-76,-81,0,-79,-81,-78,-80,-79,-79,0,0,-82,-84,0,0,0,0,0,0,0,-84,0,0,0,-79,-79,-75,-60
-64,-63,-66,-64,-84,0,0,-80,-80,-80,0,0,-77,-77,-80,-77,0,0,-75,-69,-68,-68,-83,0,-78,-78,-84,-84,-82,-82,0,0,-80,-80,0,-86,-82,-84,0,0,0,0,0,0,0,0,0,0,0,-81,-82,-76,-63
-64,-63,-66,-64,-84,0,0,-80,-80,-80,0,0,-77,-77,-80,-77,0,0,-75,-69,-68,-68,-83,0,-78,-78,-84,-84,-82,-82,0,0,-80,-80,0,-86,-82,-84,0,0,0,0,0,0,0,0,0,0,0,-81,-82,-76,-63
-64,-63,-66,-64,-84,0,0,-80,-80,-80,0,0,-77,-77,-80,-77,0,0,-75,-69,-68,-68,-83,0,-78,-78,-84,-84,-82,-82,0,0,-80,-80,0,-86,-82,-84,0,0,0,0,0,0,0,0,0,0,0,-81,-82,-76,-63
-64,-63,-66,-64,-84,0,0,-80,-80,-80,0,0,-77,-77,-80,-77,0,0,-75,-69,-68,-68,-83,0,-78,-78,-84,-84,-82,-82,0,0,-80,-80,0,-86,-82,-84,0,0,0,0,0,0,0,0,0,0,0,-81,-82,-76,-63
-64,-63,-66,-64,-84,0,0,-80,-80,-80,0,0,-77,-77,-80,-77,0,0,-75,-69,-68,-68,-83,0,-78,-78,-84,-84,-82,-82,0,0,-80,-80,0,-86,-82,-84,0,0,0,0,0,0,0,0,0,0,0,-81,-82,-76,-63
-64,-61,-65,-64,-82,-85,-85,-80,-80,-82,0,0,-76,-77,-80,-77,0,0,-71,-66,-71,-71,-83,0,-80,-79,-84,-84,-82,-84,0,0,-80,-80,0,-85,-82,-84,0,0,0,0,0,0,0,0,0,0,0,-81,-84,-75,-64
-64,-61,-65,-64,-82,-85,-85,-80,-80,-82,0,0,-76,-77,-80,-77,0,0,-71,-66,-71,-71,-83,0,-80,-79,-84,-84,-82,-84,0,0,-80,-80,0,-85,-82,-84,0,0,0,0,0,0,0,0,0,0,0,-81,-84,-75,-64
-64,-61,-65,-64,-82,-85,-85,-80,-80,-82,0,0,-76,-77,-80,-77,0,0,-71,-66,-71,-71,-83,0,-80,-79,-84,-84,-82,-84,0,0,-80,-80,0,-85,-82,-84,0,0,0,0,0,0,0,0,0,0,0,-81,-84,-75,-64
-64,-61,-65,-64,-82,-85,-85,-80,-80,-82,0,0,-76,-77,-80,-77,0,0,-71,-66,-71,-71,-83,0,-80,-79,-84,-84,-82,-84,0,0,-80,-80,0,-85,-82,-84,0,0,0,0,0,0,0,0,0,0,0,-81,-84,-75,-64
-64,-61,-65,-64,-82,-85,-85,-80,-80,-82,0,0,-76,-77,-80,-77,0,0,-71,-66,-71,-71,-83,0,-80,-79,-84,-84,-82,-84,0,0,-80,-80,0,-85,-82,-84,0,0,0,0,0,0,0,0,0,0,0,-81,-84,-75,-64
-64,-61,-65,-64,-82,-85,-85,-80,-80,-82,0,0,-76,-77,-80,-77,0,0,-71,-66,-71,-71,-83,0,-80,-79,-84,-84,-82,-84,0,0,-80,-80,0,-85,-82,-84,0,0,0,0,0,0,0,0,0,0,0,-81,-84,-75,-64
-64,-61,-65,-64,-82,-85,-85,-80,-80,-82,0,0,-76,-77,-80,-77,0,0,-71,-66,-71,-71,-83,0,-80,-79,-84,-84,-82,-84,0,0,-80,-80,0,-85,-82,-84,0,0,0,0,0,0,0,0,0,0,0,-81,-84,-75,-64
-64,-61,-67,-64,-83,-85,-85,0,-79,-78,0,0,-75,-75,-80,-77,0,0,-71,-70,-68,-69,0,0,-76,-75,-84,-83,-82,-82,-81,0,-77,-77,0,-87,-83,-83,0,0,0,0,0,0,0,0,-87,0,0,-81,-81,-78,-61
-64,-61,-67,-64,-83,-85,-85,0,-79,-78,0,0,-75,-75,-80,-77,0,0,-71,-70,-68,-69,0,0,-76,-75,-84,-83,-82,-82,-81,0,-77,-77,0,-87,-83,-83,0,0,0,0,0,0,0,0,-87,0,0,-81,-81,-78,-61
-64,-61,-67,-64,-83,-85,-85,0,-79,-78,0,0,-75,-75,-80,-77,0,0,-71,-70,-68,-69,0,0,-76,-75,-84,-83,-82,-82,-81,0,-77,-77,0,-87,-83,-83,0,0,0,0,0,0,0,0,-87,0,0,-81,-81,-78,-61
-64,-61,-67,-64,-83,-85,-85,0,-79,-78,0,0,-75,-75,-80,-77,0,0,-71,-70,-68,-69,0,0,-76,-75,-84,-83,-82,-82,-81,0,-77,-77,0,-87,-83,-83,0,0,0,0,0,0,0,0,-87,0,0,-81,-81,-78,-61
-64,-61,-67,-64,-83,-85,-85,0,-79,-78,0,0,-75,-75,-80,-77,0,0,-71,-70,-68,-69,0,0,-76,-75,-84,-83,-82,-82,-81,0,-77,-77,0,-87,-83,-83,0,0,0,0,0,0,0,0,-87,0,0,-81,-81,-78,-61
-63,-60,-66,-64,-83,-85,-85,-77,-82,-81,0,0,-78,-77,-80,-79,0,0,-71,-69,-64,-64,0,0,-72,-72,0,-83,-82,-81,-81,-82,-72,-72,0,-87,-82,-81,0,0,0,0,0,0,0,0,-86,0,0,-82,-81,-69,-63
-63,-60,-66,-64,-83,-85,-85,-77,-82,-81,0,0,-78,-77,-80,-79,0,0,-71,-69,-64,-64,0,0,-72,-72,0,-83,-82,-81,-81,-82,-72,-72,0,-87,-82,-81,0,0,0,0,0,0,0,0,-86,0,0,-82,-81,-69,-63
-63,-60,-66,-64,-83,-85,-85,-77,-82,-81,0,0,-78,-77,-80,-79,0,0,-71,-69,-64,-64,0,0,-72,-72,0,-83,-82,-81,-81,-82,-72,-72,0,-87,-82,-81,0,0,0,0,0,0,0,0,-86,0,0,-82,-81,-69,-63
-63,-60,-66,-64,-83,-85,-85,-77,-82,-81,0,0,-78,-77,-80,-79,0,0,-71,-69,-64,-64,0,0,-72,-72,0,-83,-82,-81,-81,-82,-72,-72,0,-87,-82,-81,0,0,0,0,0,0,0,0,-86,0,0,-82,-81,-69,-63
-63,-65,-62,-62,-83,-85,-85,-77,-80,-80,0,0,-78,-78,-80,-73,0,0,-69,-64,-66,-66,0,0,-73,-73,0,-83,-82,-81,-76,-82,-72,-73,-86,-83,-83,-82,0,0,0,0,0,0,0,0,-86,0,0,-79,-79,-65,-62
-63,-65,-62,-62,-83,-85,-85,-77,-80,-80,0,0,-78,-78,-80,-73,0,0,-69,-64,-66,-66,0,0,-73,-73,0,-83,-82,-81,-76,-82,-72,-73,-86,-83,-83,-82,0,0,0,0,0,0,0,0,-86,0,0,-79,-79,-65,-62
-63,-65,-62,-62,-83,-85,-85,-77,-80,-80,0,0,-78,-78,-80,-73,0,0,-69,-64,-66,-66,0,0,-73,-73,0,-83,-82,-81,-76,-82,-72,-73,-86,-83,-83,-82,0,0,0,0,0,0,0,0,-86,0,0,-79,-79,-65,-62
-64,-62,-63,-63,0,-85,-85,0,-79,-79,0,0,-75,-75,0,-77,0,0,-69,-70,-66,-66,0,-78,-70,-69,-86,-85,0,-81,-76,0,-72,-73,-86,-83,-81,-81,0,0,0,0,0,0,0,0,0,0,0,-79,-78,-64,-66
-64,-62,-63,-63,0,-85,-85,0,-79,-79,0,0,-75,-75,0,-77,0,0,-69,-70,-66,-66,0,-78,-70,-69,-86,-85,0,-81,-76,0,-72,-73,-86,-83,-81,-81,0,0,0,0,0,0,0,0,0,0,0,-79,-78,-64,-66
-64,-62,-63,-63,0,-85,-85,0,-79,-79,0,0,-75,-75,0,-77,0,0,-69,-70,-66,-66,0,-78,-70,-69,-86,-85,0,-81,-76,0,-72,-73,-86,-83,-81,-81,0,0,0,0,0,0,0,0,0,0,0,-79,-78,-64,-66
-64,-62,-63,-63,0,-85,-85,0,-79,-79,0,0,-75,-75,0,-77,0,0,-69,-70,-66,-66,0,-78,-70,-69,-86,-85,0,-81,-76,0,-72,-73,-86,-83,-81,-81,0,0,0,0,0,0,0,0,0,0,0,-79,-78,-64,-66
-59,-57,-59,-54,0,-85,0,0,-79,-80,0,0,-78,-78,0,-77,0,0,0,-70,-67,-67,0,-78,-72,-72,-86,-85,-79,-80,0,0,-75,-76,0,-87,-84,-84,0,0,0,0,0,0,0,0,0,0,0,-79,-78,-65,-63
-59,-57,-59,-54,0,-85,0,0,-79,-80,0,0,-78,-78,0,-77,0,0,0,-70,-67,-67,0,-78,-72,-72,-86,-85,-79,-80,0,0,-75,-76,0,-87,-84,-84,0,0,0,0,0,0,0,0,0,0,0,-79,-78,-65,-63
-59,-57,-59,-54,0,-85,0,0,-79,-80,0,0,-78,-78,0,-77,0,0,0,-70,-67,-67,0,-78,-72,-72,-86,-85,-79,-80,0,0,-75,-76,0,-87,-84,-84,0,0,0,0,0,0,0,0,0,0,0,-79,-78,-65,-63
-59,-57,-59,-54,0,-85,0,0,-79,-80,0,0,-78,-78,0,-77,0,0,0,-70,-67,-67,0,-78,-72,-72,-86,-85,-79,-80,0,0,-75,-76,0,-87,-84,-84,0,0,0,0,0,0,0,0,0,0,0,-79,-78,-65,-63
-60,-57,-63,-60,-81,-84,-82,0,-79,-80,0,0,-75,-76,-81,-79,0,0,0,0,-68,-67,-78,0,-75,-75,0,0,-75,-80,0,0,-75,-76,0,-87,-79,-79,0,0,0,0,0,0,0,0,0,0,0,0,0,-69,-54
-60,-57,-63,-60,-81,-84,-82,0,-79,-80,0,0,-75,-76,-81,-79,0,0,0,0,-68,-67,-78,0,-75,-75,0,0,-75,-80,0,0,-75,-76,0,-87,-79,-79,0,0,0,0,0,0,0,0,0,0,0,0,0,-69,-54
-60,-57,-63,-60,-81,-84,-82,0,-79,-80,0,0,-75,-76,-81,-79,0,0,0,0,-68,-67,-78,0,-75,-75,0,0,-75,-80,0,0,-75,-76,0,-87,-79,-79,0,0,0,0,0,0,0,0,0,0,0,0,0,-69,-54
-60,-57,-63,-60,-81,-84,-82,0,-79,-80,0,0,-75,-76,-81,-79,0,0,0,0,-68,-67,-78,0,-75,-75,0,0,-75,-80,0,0,-75,-76,0,-87,-79,-79,0,0,0,0,0,0,0,0,0,0,0,0,0,-69,-54
-61,-59,-63,-63,-81,-83,-84,0,-80,-80,0,0,-73,-73,-83,-79,0,0,0,-67,-67,-68,-78,0,-76,-76,-84,-86,-78,-79,-76,0,-73,-73,0,-88,-83,-84,0,0,-90,0,0,0,0,0,0,0,0,0,0,-69,-52
-61,-59,-63,-63,-81,-83,-84,0,-80,-80,0,0,-73,-73,-83,-79,0,0,0,-67,-67,-68,-78,0,-76,-76,-84,-86,-78,-79,-76,0,-73,-73,0,-88,-83,-84,0,0,-90,0,0,0,0,0,0,0,0,0,0,-69,-52
-61,-59,-63,-63,-81,-83,-84,0,-80,-80,0,0,-73,-73,-83,-79,0,0,0,-67,-67,-68,-78,0,-76,-76,-84,-86,-78,-79,-76,0,-73,-73,0,-88,-83,-84,0,0,-90,0,0,0,0,0,0,0,0,0,0,-69,-52
-61,-59,-63,-63,-81,-83,-84,0,-80,-80,0,0,-73,-73,-83,-79,0,0,0,-67,-67,-68,-78,0,-76,-76,-84,-86,-78,-79,-76,0,-73,-73,0,-88,-83,-84,0,0,-90,0,0,0,0,0,0,0,0,0,0,-69,-52
-61,-58,-64,-61,-81,-83,-84,0,-84,-83,-81,0,-73,-73,-83,-79,0,0,0,-68,-69,-68,-78,0,-74,-75,-84,-86,-76,-79,-76,0,-73,-73,0,-84,-81,-81,0,0,-90,0,0,0,0,0,0,0,0,0,0,-70,-58
-61,-58,-64,-61,-81,-83,-84,0,-84,-83,-81,0,-73,-73,-83,-79,0,0,0,-68,-69,-68,-78,0,-74,-75,-84,-86,-76,-79,-76,0,-73,-73,0,-84,-81,-81,0,0,-90,0,0,0,0,0,0,0,0,0,0,-70,-58
-61,-58,-64,-61,-81,-83,-84,0,-84,-83,-81,0,-73,-73,-83,-79,0,0,0,-68,-69,-68,-78,0,-74,-75,-84,-86,-76,-79,-76,0,-73,-73,0,-84,-81,-81,0,0,-90,0,0,0,0,0,0,0,0,0,0,-70,-58
-61,-58,-64,-61,-81,-83,-84,0,-84,-83,-81,0,-73,-73,-83,-79,0,0,0,-68,-69,-68,-78,0,-74,-75,-84,-86,-76,-79,-76,0,-73,-73,0,-84,-81,-81,0,0,-90,0,0,0,0,0,0,0,0,0,0,-70,-58
-60,-58,-64,-63,0,-85,-84,-79,-79,-79,-81,0,-73,-74,-83,0,0,0,0,-68,-68,-69,0,0,-72,-71,-84,-86,-78,-78,-76,0,-72,-73,-83,-84,-81,-81,0,0,-90,0,0,0,0,0,0,0,0,-86,-85,-72,-55
-60,-58,-64,-63,0,-85,-84,-79,-79,-79,-81,0,-73,-74,-83,0,0,0,0,-68,-68,-69,0,0,-72,-71,-84,-86,-78,-78,-76,0,-72,-73,-83,-84,-81,-81,0,0,-90,0,0,0,0,0,0,0,0,-86,-85,-72,-55
-60,-58,-64,-63,0,-85,-84,-79,-79,-79,-81,0,-73,-74,-83,0,0,0,0,-68,-68,-69,0,0,-72,-71,-84,-86,-78,-78,-76,0,-72,-73,-83,-84,-81,-81,0,0,-90,0,0,0,0,0,0,0,0,-86,-85,-72,-55
-60,-58,-64,-63,0,-85,-84,-79,-79,-79,-81,0,-73,-74,-83,0,0,0,0,-68,-68,-69,0,0,-72,-71,-84,-86,-78,-78,-76,0,-72,-73,-83,-84,-81,-81,0,0,-90,0,0,0,0,0,0,0,0,-86,-85,-72,-55
-61,-59,-63,-63,-82,-85,-84,-79,-80,-81,-81,0,-73,-73,-77,-75,0,0,0,-65,-68,-68,-78,-75,-72,-72,0,0,-75,-75,0,0,-74,-74,-83,-84,-83,-83,0,0,0,0,0,0,0,0,0,0,0,-86,-85,-71,-54
-61,-59,-63,-63,-82,-85,-84,-79,-80,-81,-81,0,-73,-73,-77,-75,0,0,0,-65,-68,-68,-78,-75,-72,-72,0,0,-75,-75,0,0,-74,-74,-83,-84,-83,-83,0,0,0,0,0,0,0,0,0,0,0,-86,-85,-71,-54
-61,-59,-63,-63,-82,-85,-84,-79,-80,-81,-81,0,-73,-73,-77,-75,0,0,0,-65,-68,-68,-78,-75,-72,-72,0,0,-75,-75,0,0,-74,-74,-83,-84,-83,-83,0,0,0,0,0,0,0,0,0,0,0,-86,-85,-71,-54
-60,-59,-67,-63,-82,-86,-84,-79,-79,-79,0,0,-78,-77,-77,-75,0,0,-70,-67,-68,-69,-78,-75,-73,-73,0,0,-78,-78,-80,-81,-74,-74,-86,-84,-79,-80,0,0,0,0,0,0,0,0,0,0,0,-82,-81,-69,-52
-60,-59,-67,-63,-82,-86,-84,-79,-79,-79,0,0,-78,-77,-77,-75,0,0,-70,-67,-68,-69,-78,-75,-73,-73,0,0,-78,-78,-80,-81,-74,-74,-86,-84,-79,-80,0,0,0,0,0,0,0,0,0,0,0,-82,-81,-69,-52
-60,-59,-67,-63,-82,-86,-84,-79,-79,-79,0,0,-78,-77,-77,-75,0,0,-70,-67,-68,-69,-78,-75,-73,-73,0,0,-78,-78,-80,-81,-74,-74,-86,-84,-79,-80,0,0,0,0,0,0,0,0,0,0,0,-82,-81,-69,-52
-60,-59,-67,-63,-82,-86,-84,-79,-79,-79,0,0,-78,-77,-77,-75,0,0,-70,-67,-68,-69,-78,-75,-73,-73,0,0,-78,-78,-80,-81,-74,-74,-86,-84,-79,-80,0,0,0,0,0,0,0,0,0,0,0,-82,-81,-69,-52
-61,-60,-65,-62,-82,-86,-85,0,-76,-76,0,0,-77,-77,-77,-75,0,0,-70,-65,-68,-68,-78,-77,-71,-71,0,0,-76,-77,-76,-81,-75,-75,-86,0,-80,-80,0,0,0,-81,0,0,0,0,0,0,-79,-81,-81,-66,-51
-61,-60,-65,-62,-82,-86,-85,0,-76,-76,0,0,-77,-77,-77,-75,0,0,-70,-65,-68,-68,-78,-77,-71,-71,0,0,-76,-77,-76,-81,-75,-75,-86,0,-80,-80,0,0,0,-81,0,0,0,0,0,0,-79,-81,-81,-66,-51
-61,-60,-65,-62,-82,-86,-85,0,-76,-76,0,0,-77,-77,-77,-75,0,0,-70,-65,-68,-68,-78,-77,-71,-71,0,0,-76,-77,-76,-81,-75,-75,-86,0,-80,-80,0,0,0,-81,0,0,0,0,0,0,-79,-81,-81,-66,-51
-61,-60,-65,-62,-82,-86,-85,0,-76,-76,0,0,-77,-77,-77,-75,0,0,-70,-65,-68,-68,-78,-77,-71,-71,0,0,-76,-77,-76,-81,-75,-75,-86,0,-80,-80,0,0,0,-81,0,0,0,0,0,0,-79,-81,-81,-66,-51
-59,-58,-61,-60,-77,-81,-82,0,-78,-78,0,0,-74,-74,-76,-74,0,0,-70,-68,-67,-68,0,-77,-70,-70,0,0,-78,-78,-76,-81,-71,-72,-86,0,-82,-82,0,0,0,-84,-85,0,0,0,0,0,-79,-81,-81,-67,-49
-59,-58,-61,-60,-77,-81,-82,0,-78,-78,0,0,-74,-74,-76,-74,0,0,-70,-68,-67,-68,0,-77,-70,-70,0,0,-78,-78,-76,-81,-71,-72,-86,0,-82,-82,0,0,0,-84,-85,0,0,0,0,0,-79,-81,-81,-67,-49
-59,-58,-61,-60,-77,-81,-82,0,-78,-78,0,0,-74,-74,-76,-74,0,0,-70,-68,-67,-68,0,-77,-70,-70,0,0,-78,-78,-76,-81,-71,-72,-86,0,-82,-82,0,0,0,-84,-85,0,0,0,0,0,-79,-81,-81,-67,-49
-59,-58,-61,-60,-77,-81,-82,0,-78,-78,0,0,-74,-74,-76,-74,0,0,-70,-68,-67,-68,0,-77,-70,-70,0,0,-78,-78,-76,-81,-71,-72,-86,0,-82,-82,0,0,0,-84,-85,0,0,0,0,0,-79,-81,-81,-67,-49
-62,-59,-68,-64,-77,-81,-82,0,-82,-83,0,0,-78,-77,-76,-74,0,0,0,-68,-65,-66,-78,-77,-72,-72,0,0,-78,-76,-76,0,-75,-76,0,0,-82,-82,0,0,0,-84,-85,0,0,0,0,-81,-79,-81,-81,-72,-49
-62,-59,-68,-64,-77,-81,-82,0,-82,-83,0,0,-78,-77,-76,-74,0,0,0,-68,-65,-66,-78,-77,-72,-72,0,0,-78,-76,-76,0,-75,-76,0,0,-82,-82,0,0,0,-84,-85,0,0,0,0,-81,-79,-81,-81,-72,-49
-62,-59,-68,-64,-77,-81,-82,0,-82,-83,0,0,-78,-77,-76,-74,0,0,0,-68,-65,-66,-78,-77,-72,-72,0,0,-78,-76,-76,0,-75,-76,0,0,-82,-82,0,0,0,-84,-85,0,0,0,0,-81,-79,-81,-81,-72,-49
-61,-59,-64,-62,-81,-83,-82,0,-78,-78,0,0,-75,-75,-75,-72,0,0,0,-68,-69,-68,-78,-79,-71,-71,0,0,-74,-74,0,0,-76,-76,0,0,-81,-82,0,0,0,-84,-85,0,0,0,0,-81,-79,0,0,-63,-53
-61,-59,-64,-62,-81,-83,-82,0,-78,-78,0,0,-75,-75,-75,-72,0,0,0,-68,-69,-68,-78,-79,-71,-71,0,0,-74,-74,0,0,-76,-76,0,0,-81,-82,0,0,0,-84,-85,0,0,0,0,-81,-79,0,0,-63,-53
-61,-59,-64,-62,-81,-83,-82,0,-78,-78,0,0,-75,-75,-75,-72,0,0,0,-68,-69,-68,-78,-79,-71,-71,0,0,-74,-74,0,0,-76,-76,0,0,-81,-82,0,0,0,-84,-85,0,0,0,0,-81,-79,0,0,-63,-53
-61,-59,-64,-62,-81,-83,-82,0,-78,-78,0,0,-75,-75,-75,-72,0,0,0,-68,-69,-68,-78,-79,-71,-71,0,0,-74,-74,0,0,-76,-76,0,0,-81,-82,0,0,0,-84,-85,0,0,0,0,-81,-79,0,0,-63,-53
-61,-59,-65,-65,-81,-83,0,0,-79,-79,0,0,-75,-75,-75,-72,0,0,0,0,-67,-68,-78,-79,-70,-70,-85,-88,-76,-76,0,0,-76,-76,-83,-88,-81,-81,0,0,0,0,-85,0,0,0,0,-81,-79,-83,-82,-65,-52
-61,-59,-65,-65,-81,-83,0,0,-79,-79,0,0,-75,-75,-75,-72,0,0,0,0,-67,-68,-78,-79,-70,-70,-85,-88,-76,-76,0,0,-76,-76,-83,-88,-81,-81,0,0,0,0,-85,0,0,0,0,-81,-79,-83,-82,-65,-52
-61,-59,-65,-65,-81,-83,0,0,-79,-79,0,0,-75,-75,-75,-72,0,0,0,0,-67,-68,-78,-79,-70,-70,-85,-88,-76,-76,0,0,-76,-76,-83,-88,-81,-81,0,0,0,0,-85,0,0,0,0,-81,-79,-83,-82,-65,-52
-61,-59,-65,-65,-81,-83,0,0,-79,-79,0,0,-75,-75,-75,-72,0,0,0,0,-67,-68,-78,-79,-70,-70,-85,-88,-76,-76,0,0,-76,-76,-83,-88,-81,-81,0,0,0,0,-85,0,0,0,0,-81,-79,-83,-82,-65,-52
-60,-56,-69,-65,-78,-80,-81,-83,-79,-79,0,0,-73,-73,-76,-73,0,0,-73,-69,-67,-67,-78,-79,-71,-72,-85,-88,-75,-75,0,0,-75,-76,-83,-88,-83,-81,0,0,0,0,-85,0,0,0,0,0,-79,-83,-82,-61,-51
-60,-56,-69,-65,-78,-80,-81,-83,-79,-79,0,0,-73,-73,-76,-73,0,0,-73,-69,-67,-67,-78,-79,-71,-72,-85,-88,-75,-75,0,0,-75,-76,-83,-88,-83,-81,0,0,0,0,-85,0,0,0,0,0,-79,-83,-82,-61,-51
-60,-56,-69,-65,-78,-80,-81,-83,-79,-79,0,0,-73,-73,-76,-73,0,0,-73,-69,-67,-67,-78,-79,-71,-72,-85,-88,-75,-75,0,0,-75,-76,-83,-88,-83,-81,0,0,0,0,-85,0,0,0,0,0,-79,-83,-82,-61,-51
-60,-56,-69,-65,-78,-80,-81,-83,-79,-79,0,0,-73,-73,-76,-73,0,0,-73,-69,-67,-67,-78,-79,-71,-72,-85,-88,-75,-75,0,0,-75,-76,-83,-88,-83,-81,0,0,0,0,-85,0,0,0,0,0,-79,-83,-82,-61,-51
-61,-59,-60,-59,-87,-80,-79,-83,-77,-77,0,0,-77,-76,-76,-73,0,0,-73,-69,-68,-68,0,-75,-72,-72,-85,-88,-78,-78,0,0,-71,-71,-83,-88,-80,-79,0,0,0,-86,-85,0,0,0,0,0,-79,-85,-84,-67,-52
-61,-59,-60,-59,-87,-80,-79,-83,-77,-77,0,0,-77,-76,-76,-73,0,0,-73,-69,-68,-68,0,-75,-72,-72,-85,-88,-78,-78,0,0,-71,-71,-83,-88,-80,-79,0,0,0,-86,-85,0,0,0,0,0,-79,-85,-84,-67,-52
-61,-59,-60,-59,-87,-80,-79,-83,-77,-77,0,0,-77,-76,-76,-73,0,0,-73,-69,-68,-68,0,-75,-72,-72,-85,-88,-78,-78,0,0,-71,-71,-83,-88,-80,-79,0,0,0,-86,-85,0,0,0,0,0,-79,-85,-84,-67,-52
-59,-57,-65,-64,-87,-80,-79,-83,-77,-77,0,0,-75,-75,-76,-73,0,0,-73,-69,-68,-67,0,-75,-73,-72,0,0,-75,-74,0,0,-73,-73,0,0,-78,-79,0,0,0,-86,0,0,0,0,0,-80,0,-85,-84,-68,-51
-59,-57,-65,-64,-87,-80,-79,-83,-77,-77,0,0,-75,-75,-76,-73,0,0,-73,-69,-68,-67,0,-75,-73,-72,0,0,-75,-74,0,0,-73,-73,0,0,-78,-79,0,0,0,-86,0,0,0,0,0,-80,0,-85,-84,-68,-51
-59,-57,-65,-64,-87,-80,-79,-83,-77,-77,0,0,-75,-75,-76,-73,0,0,-73,-69,-68,-67,0,-75,-73,-72,0,0,-75,-74,0,0,-73,-73,0,0,-78,-79,0,0,0,-86,0,0,0,0,0,-80,0,-85,-84,-68,-51
-59,-57,-65,-64,-87,-80,-79,-83,-77,-77,0,0,-75,-75,-76,-73,0,0,-73,-69,-68,-67,0,-75,-73,-72,0,0,-75,-74,0,0,-73,-73,0,0,-78,-79,0,0,0,-86,0,0,0,0,0,-80,0,-85,-84,-68,-51
-60,-58,-67,-66,-87,-83,-84,0,-78,-78,0,-79,-78,-77,0,0,0,0,0,0,-67,-70,0,-75,-74,-74,0,0,-76,-76,0,-76,-75,-75,0,0,-79,-77,0,-88,0,-86,0,0,0,0,0,-81,-78,-80,-80,-70,-56
-60,-58,-67,-66,-87,-83,-84,0,-78,-78,0,-79,-78,-77,0,0,0,0,0,0,-67,-70,0,-75,-74,-74,0,0,-76,-76,0,-76,-75,-75,0,0,-79,-77,0,-88,0,-86,0,0,0,0,0,-81,-78,-80,-80,-70,-56
-60,-58,-67,-66,-87,-83,-84,0,-78,-78,0,-79,-78,-77,0,0,0,0,0,0,-67,-70,0,-75,-74,-74,0,0,-76,-76,0,-76,-75,-75,0,0,-79,-77,0,-88,0,-86,0,0,0,0,0,-81,-78,-80,-80,-70,-56
-60,-58,-67,-66,-87,-83,-84,0,-78,-78,0,-79,-78,-77,0,0,0,0,0,0,-67,-70,0,-75,-74,-74,0,0,-76,-76,0,-76,-75,-75,0,0,-79,-77,0,-88,0,-86,0,0,0,0,0,-81,-78,-80,-80,-70,-56
-60,-56,-63,-63,0,-83,-84,0,-77,-77,0,-78,-77,-78,0,0,0,0,0,0,-68,-68,0,0,-73,-75,0,0,-76,-77,0,-76,-70,-70,0,0,-79,-78,0,-88,-85,0,0,0,0,0,0,-81,-77,-79,-79,-63,-55
-60,-56,-63,-63,0,-83,-84,0,-77,-77,0,-78,-77,-78,0,0,0,0,0,0,-68,-68,0,0,-73,-75,0,0,-76,-77,0,-76,-70,-70,0,0,-79,-78,0,-88,-85,0,0,0,0,0,0,-81,-77,-79,-79,-63,-55
-60,-56,-63,-63,0,-83,-84,0,-77,-77,0,-78,-77,-78,0,0,0,0,0,0,-68,-68,0,0,-73,-75,0,0,-76,-77,0,-76,-70,-70,0,0,-79,-78,0,-88,-85,0,0,0,0,0,0,-81,-77,-79,-79,-63,-55
-60,-56,-63,-63,0,-83,-84,0,-77,-77,0,-78,-77,-78,0,0,0,0,0,0,-68,-68,0,0,-73,-75,0,0,-76,-77,0,-76,-70,-70,0,0,-79,-78,0,-88,-85,0,0,0,0,0,0,-81,-77,-79,-79,-63,-55
-57,-54,-64,-64,0,0,0,-84,-81,-81,-77,-76,-73,-74,-76,-72,0,0,0,-70,-68,-68,-74,-73,-70,-70,-82,-82,-79,-79,-73,-74,-72,-72,-84,-88,-78,-77,0,0,-84,0,0,0,0,0,0,-81,-77,-79,-78,-72,-54
-57,-54,-64,-64,0,0,0,-84,-81,-81,-77,-76,-73,-74,-76,-72,0,0,0,-70,-68,-68,-74,-73,-70,-70,-82,-82,-79,-79,-73,-74,-72,-72,-84,-88,-78,-77,0,0,-84,0,0,0,0,0,0,-81,-77,-79,-78,-72,-54
-57,-54,-64,-64,0,0,0,-84,-81,-81,-77,-76,-73,-74,-76,-72,0,0,0,-70,-68,-68,-74,-73,-70,-70,-82,-82,-79,-79,-73,-74,-72,-72,-84,-88,-78,-77,0,0,-84,0,0,0,0,0,0,-81,-77,-79,-78,-72,-54
-57,-54,-64,-64,0,0,0,-84,-81,-81,-77,-76,-73,-74,-76,-72,0,0,0,-70,-68,-68,-74,-73,-70,-70,-82,-82,-79,-79,-73,-74,-72,-72,-84,-88,-78,-77,0,0,-84,0,0,0,0,0,0,-81,-77,-79,-78,-72,-54
-62,-60,-70,-63,0,0,0,-78,-75,-76,-77,-76,-74,-74,-81,-72,0,0,0,-69,-70,-71,-74,-73,-72,-72,-81,-80,-75,-74,-73,-74,-68,-68,-84,-88,-77,-78,0,0,-84,-83,-83,0,0,0,0,0,0,-75,-77,-64,-48
-62,-60,-70,-63,0,0,0,-78,-75,-76,-77,-76,-74,-74,-81,-72,0,0,0,-69,-70,-71,-74,-73,-72,-72,-81,-80,-75,-74,-73,-74,-68,-68,-84,-88,-77,-78,0,0,-84,-83,-83,0,0,0,0,0,0,-75,-77,-64,-48
-62,-60,-70,-63,0,0,0,-78,-75,-76,-77,-76,-74,-74,-81,-72,0,0,0,-69,-70,-71,-74,-73,-72,-72,-81,-80,-75,-74,-73,-74,-68,-68,-84,-88,-77,-78,0,0,-84,-83,-83,0,0,0,0,0,0,-75,-77,-64,-48
-62,-60,-70,-63,0,0,0,-78,-75,-76,-77,-76,-74,-74,-81,-72,0,0,0,-69,-70,-71,-74,-73,-72,-72,-81,-80,-75,-74,-73,-74,-68,-68,-84,-88,-77,-78,0,0,-84,-83,-83,0,0,0,0,0,0,-75,-77,-64,-48
-64,-63,-69,-68,-83,0,0,-78,-78,-78,0,0,-78,-77,-85,0,-73,-74,0,-68,-63,-63,-77,-74,-69,-69,-81,-80,-74,-75,-69,0,-68,-68,0,0,-78,-79,0,0,0,-83,-83,0,0,0,0,0,0,-79,-79,-66,-54
-64,-63,-69,-68,-83,0,0,-78,-78,-78,0,0,-78,-77,-85,0,-73,-74,0,-68,-63,-63,-77,-74,-69,-69,-81,-80,-74,-75,-69,0,-68,-68,0,0,-78,-79,0,0,0,-83,-83,0,0,0,0,0,0,-79,-79,-66,-54
-64,-63,-69,-68,-83,0,0,-78,-78,-78,0,0,-78,-77,-85,0,-73,-74,0,-68,-63,-63,-77,-74,-69,-69,-81,-80,-74,-75,-69,0,-68,-68,0,0,-78,-79,0,0,0,-83,-83,0,0,0,0,0,0,-79,-79,-66,-54
-64,-63,-69,-68,-83,0,0,-78,-78,-78,0,0,-78,-77,-85,0,-73,-74,0,-68,-63,-63,-77,-74,-69,-69,-81,-80,-74,-75,-69,0,-68,-68,0,0,-78,-79,0,0,0,-83,-83,0,0,0,0,0,0,-79,-79,-66,-54
-64,-63,-68,-68,-83,-83,0,-81,-74,-73,0,0,-76,-77,-85,0,-80,-80,0,-69,-72,-71,-77,-74,-71,-72,-83,-86,-77,-78,-69,0,-70,-70,0,-85,-79,-79,0,0,-88,-83,-83,0,0,0,-85,0,0,-77,-77,-68,-57
-64,-63,-68,-68,-83,-83,0,-81,-74,-73,0,0,-76,-77,-85,0,-80,-80,0,-69,-72,-71,-77,-74,-71,-72,-83,-86,-77,-78,-69,0,-70,-70,0,-85,-79,-79,0,0,-88,-83,-83,0,0,0,-85,0,0,-77,-77,-68,-57
-64,-63,-68,-68,-83,-83,0,-81,-74,-73,0,0,-76,-77,-85,0,-80,-80,0,-69,-72,-71,-77,-74,-71,-72,-83,-86,-77,-78,-69,0,-70,-70,0,-85,-79,-79,0,0,-88,-83,-83,0,0,0,-85,0,0,-77,-77,-68,-57
-64,-63,-68,-68,-83,-83,0,-81,-74,-73,0,0,-76,-77,-85,0,-80,-80,0,-69,-72,-71,-77,-74,-71,-72,-83,-86,-77,-78,-69,0,-70,-70,0,-85,-79,-79,0,0,-88,-83,-83,0,0,0,-85,0,0,-77,-77,-68,-57
-63,-61,-72,-67,-86,-81,-79,-81,-76,-76,0,0,-74,-74,-79,-76,-80,-79,0,-69,-72,-73,-79,-74,-67,-67,-80,-82,-75,-75,-69,-74,-65,-65,0,-85,-80,-80,0,0,-88,0,0,0,0,0,-81,0,0,-77,-77,-70,-59
-63,-61,-72,-67,-86,-81,-79,-81,-76,-76,0,0,-74,-74,-79,-76,-80,-79,0,-69,-72,-73,-79,-74,-67,-67,-80,-82,-75,-75,-69,-74,-65,-65,0,-85,-80,-80,0,0,-88,0,0,0,0,0,-81,0,0,-77,-77,-70,-59
-63,-61,-72,-67,-86,-81,-79,-81,-76,-76,0,0,-74,-74,-79,-76,-80,-79,0,-69,-72,-73,-79,-74,-67,-67,-80,-82,-75,-75,-69,-74,-65,-65,0,-85,-80,-80,0,0,-88,0,0,0,0,0,-81,0,0,-77,-77,-70,-59
-63,-62,-72,-70,-86,-81,-79,-76,-77,-77,0,0,-76,-76,-79,-76,-75,-76,-66,-64,-72,-72,-77,0,-69,-70,-80,-82,-75,-75,0,-74,-65,-65,-82,-85,-77,-79,0,0,-88,0,0,0,0,0,-81,0,0,-76,-77,-67,-53
-63,-62,-72,-70,-86,-81,-79,-76,-77,-77,0,0,-76,-76,-79,-76,-75,-76,-66,-64,-72,-72,-77,0,-69,-70,-80,-82,-75,-75,0,-74,-65,-65,-82,-85,-77,-79,0,0,-88,0,0,0,0,0,-81,0,0,-76,-77,-67,-53
-63,-62,-72,-70,-86,-81,-79,-76,-77,-77,0,0,-76,-76,-79,-76,-75,-76,-66,-64,-72,-72,-77,0,-69,-70,-80,-82,-75,-75,0,-74,-65,-65,-82,-85,-77,-79,0,0,-88,0,0,0,0,0,-81,0,0,-76,-77,-67,-53
-63,-62,-72,-70,-86,-81,-79,-76,-77,-77,0,0,-76,-76,-79,-76,-75,-76,-66,-64,-72,-72,-77,0,-69,-70,-80,-82,-75,-75,0,-74,-65,-65,-82,-85,-77,-79,0,0,-88,0,0,0,0,0,-81,0,0,-76,-77,-67,-53
-64,-61,-72,-72,-86,-82,-83,-78,-75,-75,0,0,-76,-76,-79,-76,-75,-76,-66,-67,-70,-70,-77,0,-71,-72,-82,-85,-76,-76,-70,-74,-65,-65,-82,-82,-81,-82,0,-87,-86,0,0,0,0,-79,-79,0,0,-77,-77,-71,-55
-64,-61,-72,-72,-86,-82,-83,-78,-75,-75,0,0,-76,-76,-79,-76,-75,-76,-66,-67,-70,-70,-77,0,-71,-72,-82,-85,-76,-76,-70,-74,-65,-65,-82,-82,-81,-82,0,-87,-86,0,0,0,0,-79,-79,0,0,-77,-77,-71,-55
-64,-61,-72,-72,-86,-82,-83,-78,-75,-75,0,0,-76,-76,-79,-76,-75,-76,-66,-67,-70,-70,-77,0,-71,-72,-82,-85,-76,-76,-70,-74,-65,-65,-82,-82,-81,-82,0,-87,-86,0,0,0,0,-79,-79,0,0,-77,-77,-71,-55
-64,-61,-72,-72,-86,-82,-83,-78,-75,-75,0,0,-76,-76,-79,-76,-75,-76,-66,-67,-70,-70,-77,0,-71,-72,-82,-85,-76,-76,-70,-74,-65,-65,-82,-82,-81,-82,0,-87,-86,0,0,0,0,-79,-79,0,0,-77,-77,-71,-55
-66,-61,-72,-71,0,-82,-83,-74,-77,-76,-78,0,-77,-78,0,0,-75,-76,-66,-67,-74,-75,-77,0,-71,-71,-82,-85,-72,-72,-70,0,-68,-68,-82,-82,-81,-81,0,-87,-86,0,0,0,0,-79,-79,0,0,-78,-77,-70,-56
-66,-61,-72,-71,0,-82,-83,-74,-77,-76,-78,0,-77,-78,0,0,-75,-76,-66,-67,-74,-75,-77,0,-71,-71,-82,-85,-72,-72,-70,0,-68,-68,-82,-82,-81,-81,0,-87,-86,0,0,0,0,-79,-79,0,0,-78,-77,-70,-56
-66,-61,-72,-71,0,-82,-83,-74,-77,-76,-78,0,-77,-78,0,0,-75,-76,-66,-67,-74,-75,-77,0,-71,-71,-82,-85,-72,-72,-70,0,-68,-68,-82,-82,-81,-81,0,-87,-86,0,0,0,0,-79,-79,0,0,-78,-77,-70,-56
-66,-61,-72,-71,0,-82,-83,-74,-77,-76,-78,0,-77,-78,0,0,-75,-76,-66,-67,-74,-75,-77,0,-71,-71,-82,-85,-72,-72,-70,0,-68,-68,-82,-82,-81,-81,0,-87,-86,0,0,0,0,-79,-79,0,0,-78,-77,-70,-56
-66,-61,-73,-73,0,-83,-82,-74,-76,-76,-78,0,-77,-77,0,0,-78,0,0,-67,-70,-72,0,0,-73,-73,-82,-85,-74,-74,-70,-73,-68,-68,-82,-85,-80,-80,0,-88,-86,0,0,0,0,-79,-79,0,0,-77,-76,-70,-63
-66,-61,-73,-73,0,-83,-82,-74,-76,-76,-78,0,-77,-77,0,0,-78,0,0,-67,-70,-72,0,0,-73,-73,-82,-85,-74,-74,-70,-73,-68,-68,-82,-85,-80,-80,0,-88,-86,0,0,0,0,-79,-79,0,0,-77,-76,-70,-63
-66,-61,-73,-73,0,-83,-82,-74,-76,-76,-78,0,-77,-77,0,0,-78,0,0,-67,-70,-72,0,0,-73,-73,-82,-85,-74,-74,-70,-73,-68,-68,-82,-85,-80,-80,0,-88,-86,0,0,0,0,-79,-79,0,0,-77,-76,-70,-63
-66,-61,-73,-73,0,-83,-82,-74,-76,-76,-78,0,-77,-77,0,0,-78,0,0,-67,-70,-72,0,0,-73,-73,-82,-85,-74,-74,-70,-73,-68,-68,-82,-85,-80,-80,0,-88,-86,0,0,0,0,-79,-79,0,0,-77,-76,-70,-63
-65,-61,-71,-69,-79,-78,-79,-74,-78,-77,-78,0,-79,-79,-77,-73,-78,0,0,0,-66,-66,0,-75,-67,-68,0,-80,-76,-77,-71,-78,-66,-66,-85,-85,-82,-83,0,-88,0,0,0,0,0,0,0,0,0,-76,-76,-69,-61
-65,-61,-71,-69,-79,-78,-79,-74,-78,-77,-78,0,-79,-79,-77,-73,-78,0,0,0,-66,-66,0,-75,-67,-68,0,-80,-76,-77,-71,-78,-66,-66,-85,-85,-82,-83,0,-88,0,0,0,0,0,0,0,0,0,-76,-76,-69,-61
-65,-61,-71,-69,-79,-78,-79,-74,-78,-77,-78,0,-79,-79,-77,-73,-78,0,0,0,-66,-66,0,-75,-67,-68,0,-80,-76,-77,-71,-78,-66,-66,-85,-85,-82,-83,0,-88,0,0,0,0,0,0,0,0,0,-76,-76,-69,-61
-65,-61,-71,-69,-79,-78,-79,-74,-78,-77,-78,0,-79,-79,-77,-73,-78,0,0,0,-66,-66,0,-75,-67,-68,0,-80,-76,-77,-71,-78,-66,-66,-85,-85,-82,-83,0,-88,0,0,0,0,0,0,0,0,0,-76,-76,-69,-61
-65,-64,-71,-70,-79,-78,-83,-78,-77,-77,0,0,-78,-79,-78,-76,-73,-75,0,0,-71,-70,0,-75,-69,-69,0,-80,-79,-79,-73,-76,-63,-63,-85,-85,-84,-85,0,-88,0,0,0,0,0,-80,-79,0,0,-78,-79,-69,-60
-65,-64,-71,-70,-79,-78,-83,-78,-77,-77,0,0,-78,-79,-78,-76,-73,-75,0,0,-71,-70,0,-75,-69,-69,0,-80,-79,-79,-73,-76,-63,-63,-85,-85,-84,-85,0,-88,0,0,0,0,0,-80,-79,0,0,-78,-79,-69,-60
-65,-64,-71,-70,-79,-78,-83,-78,-77,-77,0,0,-78,-79,-78,-76,-73,-75,0,0,-71,-70,0,-75,-69,-69,0,-80,-79,-79,-73,-76,-63,-63,-85,-85,-84,-85,0,-88,0,0,0,0,0,-80,-79,0,0,-78,-79,-69,-60
-65,-64,-70,-69,-79,-81,-83,-78,-80,-85,0,0,-78,-76,-78,-76,-76,-76,0,0,-67,-68,0,-75,-70,-69,0,-84,-71,-71,-73,-73,-71,-70,-85,-85,-82,-82,0,0,-87,0,-83,0,0,-78,-76,0,-82,-78,-78,-72,-53
-65,-64,-70,-69,-79,-81,-83,-78,-80,-85,0,0,-78,-76,-78,-76,-76,-76,0,0,-67,-68,0,-75,-70,-69,0,-84,-71,-71,-73,-73,-71,-70,-85,-85,-82,-82,0,0,-87,0,-83,0,0,-78,-76,0,-82,-78,-78,-72,-53
-65,-64,-70,-69,-79,-81,-83,-78,-80,-85,0,0,-78,-76,-78,-76,-76,-76,0,0,-67,-68,0,-75,-70,-69,0,-84,-71,-71,-73,-73,-71,-70,-85,-85,-82,-82,0,0,-87,0,-83,0,0,-78,-76,0,-82,-78,-78,-72,-53
-65,-64,-70,-69,-79,-81,-83,-78,-80,-85,0,0,-78,-76,-78,-76,-76,-76,0,0,-67,-68,0,-75,-70,-69,0,-84,-71,-71,-73,-73,-71,-70,-85,-85,-82,-82,0,0,-87,0,-83,0,0,-78,-76,0,-82,-78,-78,-72,-53
0,-64,-73,-70,0,-82,-82,-75,-77,-77,0,0,-76,-76,-78,-76,-76,-76,-66,0,-69,-69,0,0,-64,-64,0,-84,-77,-77,-71,-68,-63,-63,-84,-88,-83,-83,0,0,-87,0,-83,0,0,-80,-79,0,-82,-79,-79,-65,-51
0,-64,-73,-70,0,-82,-82,-75,-77,-77,0,0,-76,-76,-78,-76,-76,-76,-66,0,-69,-69,0,0,-64,-64,0,-84,-77,-77,-71,-68,-63,-63,-84,-88,-83,-83,0,0,-87,0,-83,0,0,-80,-79,0,-82,-79,-79,-65,-51
0,-64,-73,-70,0,-82,-82,-75,-77,-77,0,0,-76,-76,-78,-76,-76,-76,-66,0,-69,-69,0,0,-64,-64,0,-84,-77,-77,-71,-68,-63,-63,-84,-88,-83,-83,0,0,-87,0,-83,0,0,-80,-79,0,-82,-79,-79,-65,-51
0,-64,-73,-70,0,-82,-82,-75,-77,-77,0,0,-76,-76,-78,-76,-76,-76,-66,0,-69,-69,0,0,-64,-64,0,-84,-77,-77,-71,-68,-63,-63,-84,-88,-83,-83,0,0,-87,0,-83,0,0,-80,-79,0,-82,-79,-79,-65,-51
-71,-69,-73,-69,0,-82,-82,-75,-75,-76,0,0,-75,-75,0,0,-76,-76,-66,-67,-67,-67,-72,-71,-65,-65,0,-84,-74,-75,-71,-68,-63,-63,-84,-88,-83,-85,0,0,-87,0,-83,0,0,-80,-79,0,-82,-80,-81,-64,-51
-71,-69,-73,-69,0,-82,-82,-75,-75,-76,0,0,-75,-75,0,0,-76,-76,-66,-67,-67,-67,-72,-71,-65,-65,0,-84,-74,-75,-71,-68,-63,-63,-84,-88,-83,-85,0,0,-87,0,-83,0,0,-80,-79,0,-82,-80,-81,-64,-51
-71,-69,-73,-69,0,-82,-82,-75,-75,-76,0,0,-75,-75,0,0,-76,-76,-66,-67,-67,-67,-72,-71,-65,-65,0,-84,-74,-75,-71,-68,-63,-63,-84,-88,-83,-85,0,0,-87,0,-83,0,0,-80,-79,0,-82,-80,-81,-64,-51
-71,-69,-73,-69,0,-82,-82,-75,-75,-76,0,0,-75,-75,0,0,-76,-76,-66,-67,-67,-67,-72,-71,-65,-65,0,-84,-74,-75,-71,-68,-63,-63,-84,-88,-83,-85,0,0,-87,0,-83,0,0,-80,-79,0,-82,-80,-81,-64,-51
-71,-69,-70,-70,0,-80,-79,-75,-75,-75,0,0,-74,-74,0,0,-78,-78,-66,-67,-74,-73,-73,-70,-66,-66,0,0,-80,-80,-71,-68,-66,-66,-84,-88,-79,-79,0,0,0,0,0,0,0,-80,-79,-86,-81,-77,-77,-72,-54
-71,-69,-70,-70,0,-80,-79,-75,-75,-75,0,0,-74,-74,0,0,-78,-78,-66,-67,-74,-73,-73,-70,-66,-66,0,0,-80,-80,-71,-68,-66,-66,-84,-88,-79,-79,0,0,0,0,0,0,0,-80,-79,-86,-81,-77,-77,-72,-54
-71,-69,-70,-70,0,-80,-79,-75,-75,-75,0,0,-74,-74,0,0,-78,-78,-66,-67,-74,-73,-73,-70,-66,-66,0,0,-80,-80,-71,-68,-66,-66,-84,-88,-79,-79,0,0,0,0,0,0,0,-80,-79,-86,-81,-77,-77,-72,-54
-71,-69,-70,-70,0,-80,-79,-75,-75,-75,0,0,-74,-74,0,0,-78,-78,-66,-67,-74,-73,-73,-70,-66,-66,0,0,-80,-80,-71,-68,-66,-66,-84,-88,-79,-79,0,0,0,0,0,0,0,-80,-79,-86,-81,-77,-77,-72,-54
-71,-71,-68,-68,0,-80,-79,0,-75,-75,0,0,-75,-75,0,0,-78,-78,0,-67,-66,-66,-74,-73,-67,-67,0,0,-72,-72,0,-71,-62,-62,0,0,-78,-78,0,0,0,-84,0,0,0,0,0,-86,-82,-77,-76,-70,-55
-71,-71,-68,-68,0,-80,-79,0,-75,-75,0,0,-75,-75,0,0,-78,-78,0,-67,-66,-66,-74,-73,-67,-67,0,0,-72,-72,0,-71,-62,-62,0,0,-78,-78,0,0,0,-84,0,0,0,0,0,-86,-82,-77,-76,-70,-55
-71,-71,-68,-68,0,-80,-79,0,-75,-75,0,0,-75,-75,0,0,-78,-78,0,-67,-66,-66,-74,-73,-67,-67,0,0,-72,-72,0,-71,-62,-62,0,0,-78,-78,0,0,0,-84,0,0,0,0,0,-86,-82,-77,-76,-70,-55
-72,-70,-71,-70,0,-80,-79,0,-76,-77,-81,0,-75,-75,0,0,-78,-78,0,0,-67,-68,-74,-73,-65,-65,0,0,-72,-72,-71,-71,-68,-68,0,0,-83,-82,0,-86,-87,-85,-83,-86,-86,0,0,-88,-82,-77,-77,-70,-53
-72,-70,-71,-70,0,-80,-79,0,-76,-77,-81,0,-75,-75,0,0,-78,-78,0,0,-67,-68,-74,-73,-65,-65,0,0,-72,-72,-71,-71,-68,-68,0,0,-83,-82,0,-86,-87,-85,-83,-86,-86,0,0,-88,-82,-77,-77,-70,-53
