-72,-70,-73,-73,0,-80,-79,0,-76,-76,-81,0,-73,-73,0,0,0,0,-69,-65,-69,-67,0,0,-65,-66,0,-82,-77,-77,-68,-70,-62,-62,0,0,-80,-80,0,-86,-87,-85,-84,-86,-86,-81,-81,-86,-77,-75,-76,-72,-50
-72,-70,-73,-73,0,-80,-79,0,-76,-76,-81,0,-73,-73,0,0,0,0,-69,-65,-69,-67,0,0,-65,-66,0,-82,-77,-77,-68,-70,-62,-62,0,0,-80,-80,0,-86,-87,-85,-84,-86,-86,-81,-81,-86,-77,-75,-76,-72,-50
-72,-70,-73,-73,0,-80,-79,0,-76,-76,-81,0,-73,-73,0,0,0,0,-69,-65,-69,-67,0,0,-65,-66,0,-82,-77,-77,-68,-70,-62,-62,0,0,-80,-80,0,-86,-87,-85,-84,-86,-86,-81,-81,-86,-77,-75,-76,-72,-50
-72,-70,-73,-73,0,-80,-79,0,-76,-76,-81,0,-73,-73,0,0,0,0,-69,-65,-69,-67,0,0,-65,-66,0,-82,-77,-77,-68,-70,-62,-62,0,0,-80,-80,0,-86,-87,-85,-84,-86,-86,-81,-81,-86,-77,-75,-76,-72,-50
-58,-54,-63,-55,0,-78,-79,0,-79,-79,-84,0,-75,-75,0,0,0,0,-69,-65,-69,-67,0,0,-69,-69,-85,-88,-78,-78,-81,-77,-72,-72,0,-86,-77,-78,0,-86,-87,0,-84,0,0,-83,-83,-86,-77,-83,-83,-66,-54
-58,-54,-63,-55,0,-78,-79,0,-79,-79,-84,0,-75,-75,0,0,0,0,-69,-65,-69,-67,0,0,-69,-69,-85,-88,-78,-78,-81,-77,-72,-72,0,-86,-77,-78,0,-86,-87,0,-84,0,0,-83,-83,-86,-77,-83,-83,-66,-54
-58,-54,-63,-55,0,-78,-79,0,-79,-79,-84,0,-75,-75,0,0,0,0,-69,-65,-69,-67,0,0,-69,-69,-85,-88,-78,-78,-81,-77,-72,-72,0,-86,-77,-78,0,-86,-87,0,-84,0,0,-83,-83,-86,-77,-83,-83,-66,-54
-58,-54,-63,-55,0,-78,-79,0,-79,-79,-84,0,-75,-75,0,0,0,0,-69,-65,-69,-67,0,0,-69,-69,-85,-88,-78,-78,-81,-77,-72,-72,0,-86,-77,-78,0,-86,-87,0,-84,0,0,-83,-83,-86,-77,-83,-83,-66,-54
-59,-55,-61,-60,0,-78,0,0,-76,-76,-84,0,-77,-76,0,0,0,0,0,-62,-69,-69,0,-71,-69,-69,-85,-88,-74,-74,-81,-77,-79,-80,0,-86,-77,-77,0,0,0,0,0,0,0,-83,-83,0,0,-83,-83,-64,-55
-59,-55,-61,-60,0,-78,0,0,-76,-76,-84,0,-77,-76,0,0,0,0,0,-62,-69,-69,0,-71,-69,-69,-85,-88,-74,-74,-81,-77,-79,-80,0,-86,-77,-77,0,0,0,0,0,0,0,-83,-83,0,0,-83,-83,-64,-55
-59,-55,-61,-60,0,-78,0,0,-76,-76,-84,0,-77,-76,0,0,0,0,0,-62,-69,-69,0,-71,-69,-69,-85,-88,-74,-74,-81,-77,-79,-80,0,-86,-77,-77,0,0,0,0,0,0,0,-83,-83,0,0,-83,-83,-64,-55
-59,-55,-61,-60,0,-78,0,0,-76,-76,-84,0,-77,-76,0,0,0,0,0,-62,-69,-69,0,-71,-69,-69,-85,-88,-74,-74,-81,-77,-79,-80,0,-86,-77,-77,0,0,0,0,0,0,0,-83,-83,0,0,-83,-83,-64,-55
-57,-53,-58,-57,-75,-78,-78,0,-79,-79,-84,0,-77,-77,0,0,-77,-77,-71,-74,-69,-69,-73,-71,-67,-66,-85,-88,-78,-79,-81,-77,-73,-73,-78,-88,-78,-78,0,0,0,-83,-84,0,0,-83,-83,0,0,-83,-83,-66,-54
-57,-53,-58,-57,-75,-78,-78,0,-79,-79,-84,0,-77,-77,0,0,-77,-77,-71,-74,-69,-69,-73,-71,-67,-66,-85,-88,-78,-79,-81,-77,-73,-73,-78,-88,-78,-78,0,0,0,-83,-84,0,0,-83,-83,0,0,-83,-83,-66,-54
-57,-53,-58,-57,-75,-78,-78,0,-79,-79,-84,0,-77,-77,0,0,-77,-77,-71,-74,-69,-69,-73,-71,-67,-66,-85,-88,-78,-79,-81,-77,-73,-73,-78,-88,-78,-78,0,0,0,-83,-84,0,0,-83,-83,0,0,-83,-83,-66,-54
-57,-53,-58,-57,-75,-78,-78,0,-79,-79,-84,0,-77,-77,0,0,-77,-77,-71,-74,-69,-69,-73,-71,-67,-66,-85,-88,-78,-79,-81,-77,-73,-73,-78,-88,-78,-78,0,0,0,-83,-84,0,0,-83,-83,0,0,-83,-83,-66,-54
-57,-57,-57,-57,-75,-78,-78,0,-81,-82,0,0,-76,-75,0,0,-77,-76,-71,-61,-68,-68,-72,-71,-68,-68,0,0,-81,-82,0,0,-72,-72,-78,-88,-78,-79,0,0,0,-85,-84,0,-87,0,0,0,0,0,0,-65,-54
-57,-57,-57,-57,-75,-78,-78,0,-81,-82,0,0,-76,-75,0,0,-77,-76,-71,-61,-68,-68,-72,-71,-68,-68,0,0,-81,-82,0,0,-72,-72,-78,-88,-78,-79,0,0,0,-85,-84,0,-87,0,0,0,0,0,0,-65,-54
-57,-57,-57,-57,-75,-78,-78,0,-81,-82,0,0,-76,-75,0,0,-77,-76,-71,-61,-68,-68,-72,-71,-68,-68,0,0,-81,-82,0,0,-72,-72,-78,-88,-78,-79,0,0,0,-85,-84,0,-87,0,0,0,0,0,0,-65,-54
-57,-57,-57,-57,-75,-78,-78,0,-81,-82,0,0,-76,-75,0,0,-77,-76,-71,-61,-68,-68,-72,-71,-68,-68,0,0,-81,-82,0,0,-72,-72,-78,-88,-78,-79,0,0,0,-85,-84,0,-87,0,0,0,0,0,0,-65,-54
-58,-56,-58,-57,-75,-78,-78,0,-78,-78,0,0,-76,-75,0,0,-75,-75,-71,-61,-69,-68,-72,-71,-66,-66,0,0,-75,-75,0,0,-76,-76,-78,-88,-79,-79,0,0,0,-84,-84,0,-87,0,0,0,0,0,0,-66,-54
-58,-56,-58,-57,-75,-78,-78,0,-78,-78,0,0,-76,-75,0,0,-75,-75,-71,-61,-69,-68,-72,-71,-66,-66,0,0,-75,-75,0,0,-76,-76,-78,-88,-79,-79,0,0,0,-84,-84,0,-87,0,0,0,0,0,0,-66,-54
-58,-56,-58,-57,-75,-78,-78,0,-78,-78,0,0,-76,-75,0,0,-75,-75,-71,-61,-69,-68,-72,-71,-66,-66,0,0,-75,-75,0,0,-76,-76,-78,-88,-79,-79,0,0,0,-84,-84,0,-87,0,0,0,0,0,0,-66,-54
-59,-56,-58,-58,0,-78,-78,0,-78,-79,0,0,-76,-76,0,0,-76,-77,-65,-62,-68,-68,-73,-71,-68,-67,0,0,-77,-77,0,-81,-73,-74,0,0,-75,-76,0,-85,-86,-84,-84,0,-87,0,0,0,-84,0,0,-65,-53
-59,-56,-58,-58,0,-78,-78,0,-78,-79,0,0,-76,-76,0,0,-76,-77,-65,-62,-68,-68,-73,-71,-68,-67,0,0,-77,-77,0,-81,-73,-74,0,0,-75,-76,0,-85,-86,-84,-84,0,-87,0,0,0,-84,0,0,-65,-53
-59,-56,-58,-58,0,-78,-78,0,-78,-79,0,0,-76,-76,0,0,-76,-77,-65,-62,-68,-68,-73,-71,-68,-67,0,0,-77,-77,0,-81,-73,-74,0,0,-75,-76,0,-85,-86,-84,-84,0,-87,0,0,0,-84,0,0,-65,-53
-59,-56,-58,-58,0,-78,-78,0,-78,-79,0,0,-76,-76,0,0,-76,-77,-65,-62,-68,-68,-73,-71,-68,-67,0,0,-77,-77,0,-81,-73,-74,0,0,-75,-76,0,-85,-86,-84,-84,0,-87,0,0,0,-84,0,0,-65,-53
-59,-55,-57,-57,-78,-78,-78,0,-78,-77,0,0,-76,-76,0,0,-76,-77,-65,-62,-68,-69,-73,-71,-68,-67,0,0,-78,-78,0,-81,-74,-74,0,0,-78,-79,0,-85,-86,-84,-83,0,0,0,0,0,-84,0,0,-66,-54
-59,-55,-57,-57,-78,-78,-78,0,-78,-77,0,0,-76,-76,0,0,-76,-77,-65,-62,-68,-69,-73,-71,-68,-67,0,0,-78,-78,0,-81,-74,-74,0,0,-78,-79,0,-85,-86,-84,-83,0,0,0,0,0,-84,0,0,-66,-54
-59,-55,-57,-57,-78,-78,-78,0,-78,-77,0,0,-76,-76,0,0,-76,-77,-65,-62,-68,-69,-73,-71,-68,-67,0,0,-78,-78,0,-81,-74,-74,0,0,-78,-79,0,-85,-86,-84,-83,0,0,0,0,0,-84,0,0,-66,-54
-59,-55,-57,-57,-78,-78,-78,0,-78,-77,0,0,-76,-76,0,0,-76,-77,-65,-62,-68,-69,-73,-71,-68,-67,0,0,-78,-78,0,-81,-74,-74,0,0,-78,-79,0,-85,-86,-84,-83,0,0,0,0,0,-84,0,0,-66,-54
-59,-56,-63,-58,-78,-75,-76,0,-83,-81,0,0,-76,-76,0,0,-76,-77,-65,-61,-71,-72,-72,-71,-68,-68,-82,-83,-80,-80,0,-80,-74,-74,0,0,-77,-77,0,-85,-86,0,-83,0,0,0,0,0,-84,0,-83,-66,-54
-59,-56,-63,-58,-78,-75,-76,0,-83,-81,0,0,-76,-76,0,0,-76,-77,-65,-61,-71,-72,-72,-71,-68,-68,-82,-83,-80,-80,0,-80,-74,-74,0,0,-77,-77,0,-85,-86,0,-83,0,0,0,0,0,-84,0,-83,-66,-54
-59,-56,-63,-58,-78,-75,-76,0,-83,-81,0,0,-76,-76,0,0,-76,-77,-65,-61,-71,-72,-72,-71,-68,-68,-82,-83,-80,-80,0,-80,-74,-74,0,0,-77,-77,0,-85,-86,0,-83,0,0,0,0,0,-84,0,-83,-66,-54
-59,-56,-63,-58,-78,-75,-76,0,-83,-81,0,0,-76,-76,0,0,-76,-77,-65,-61,-71,-72,-72,-71,-68,-68,-82,-83,-80,-80,0,-80,-74,-74,0,0,-77,-77,0,-85,-86,0,-83,0,0,0,0,0,-84,0,-83,-66,-54
-56,-54,-60,-60,-78,-75,-76,0,-76,-76,0,0,-76,-75,0,0,-76,-77,0,-61,-71,-72,-72,-72,-69,-69,-82,-83,-77,-77,0,-80,-74,-74,0,0,-77,-78,0,-85,0,0,-83,0,0,0,0,0,-84,-80,-81,-61,-56
-56,-54,-60,-60,-78,-75,-76,0,-76,-76,0,0,-76,-75,0,0,-76,-77,0,-61,-71,-72,-72,-72,-69,-69,-82,-83,-77,-77,0,-80,-74,-74,0,0,-77,-78,0,-85,0,0,-83,0,0,0,0,0,-84,-80,-81,-61,-56
-56,-54,-60,-60,-78,-75,-76,0,-76,-76,0,0,-76,-75,0,0,-76,-77,0,-61,-71,-72,-72,-72,-69,-69,-82,-83,-77,-77,0,-80,-74,-74,0,0,-77,-78,0,-85,0,0,-83,0,0,0,0,0,-84,-80,-81,-61,-56
-56,-54,-60,-60,-78,-75,-76,0,-76,-76,0,0,-76,-75,0,0,-76,-77,0,-61,-71,-72,-72,-72,-69,-69,-82,-83,-77,-77,0,-80,-74,-74,0,0,-77,-78,0,-85,0,0,-83,0,0,0,0,0,-84,-80,-81,-61,-56
-57,-54,-64,-61,0,-79,-77,0,-76,-76,0,0,-75,-77,0,0,0,0,0,-73,-70,-71,-73,-71,-70,-70,-82,-83,-76,-77,0,-80,-75,-75,0,0,-76,-75,0,-85,0,0,0,0,0,-85,-87,0,-84,-82,-82,-66,-53
-57,-54,-64,-61,0,-79,-77,0,-76,-76,0,0,-75,-77,0,0,0,0,0,-73,-70,-71,-73,-71,-70,-70,-82,-83,-76,-77,0,-80,-75,-75,0,0,-76,-75,0,-85,0,0,0,0,0,-85,-87,0,-84,-82,-82,-66,-53
-57,-54,-64,-61,0,-79,-77,0,-76,-76,0,0,-75,-77,0,0,0,0,0,-73,-70,-71,-73,-71,-70,-70,-82,-83,-76,-77,0,-80,-75,-75,0,0,-76,-75,0,-85,0,0,0,0,0,-85,-87,0,-84,-82,-82,-66,-53
-57,-54,-64,-61,0,-79,-77,0,-76,-76,0,0,-75,-77,0,0,0,0,0,-73,-70,-71,-73,-71,-70,-70,-82,-83,-76,-77,0,-80,-75,-75,0,0,-76,-75,0,-85,0,0,0,0,0,-85,-87,0,-84,-82,-82,-66,-53
-57,-54,-60,-59,-79,-73,-74,0,-76,-76,0,0,-79,-77,-74,-72,-75,-75,-66,-62,-70,-71,-73,-71,-66,-67,-82,-82,-79,-79,-76,0,-71,-71,0,0,-77,-76,0,0,0,-83,-82,0,0,-84,-87,0,-84,-85,-83,-65,-54
-57,-54,-60,-59,-79,-73,-74,0,-76,-76,0,0,-79,-77,-74,-72,-75,-75,-66,-62,-70,-71,-73,-71,-66,-67,-82,-82,-79,-79,-76,0,-71,-71,0,0,-77,-76,0,0,0,-83,-82,0,0,-84,-87,0,-84,-85,-83,-65,-54
-57,-54,-60,-59,-79,-73,-74,0,-76,-76,0,0,-79,-77,-74,-72,-75,-75,-66,-62,-70,-71,-73,-71,-66,-67,-82,-82,-79,-79,-76,0,-71,-71,0,0,-77,-76,0,0,0,-83,-82,0,0,-84,-87,0,-84,-85,-83,-65,-54
-60,-56,-54,-55,-73,-76,-76,-84,-78,-77,0,0,-79,-77,-74,-72,-75,-75,-66,-62,-71,-70,-73,-71,-69,-70,-82,-82,-77,-77,-78,-87,-67,-67,0,0,-76,-76,0,0,0,-83,-82,0,0,-84,-87,0,0,-85,-83,-58,-61
-60,-56,-54,-55,-73,-76,-76,-84,-78,-77,0,0,-79,-77,-74,-72,-75,-75,-66,-62,-71,-70,-73,-71,-69,-70,-82,-82,-77,-77,-78,-87,-67,-67,0,0,-76,-76,0,0,0,-83,-82,0,0,-84,-87,0,0,-85,-83,-58,-61
-60,-56,-54,-55,-73,-76,-76,-84,-78,-77,0,0,-79,-77,-74,-72,-75,-75,-66,-62,-71,-70,-73,-71,-69,-70,-82,-82,-77,-77,-78,-87,-67,-67,0,0,-76,-76,0,0,0,-83,-82,0,0,-84,-87,0,0,-85,-83,-58,-61
-60,-56,-54,-55,-73,-76,-76,-84,-78,-77,0,0,-79,-77,-74,-72,-75,-75,-66,-62,-71,-70,-73,-71,-69,-70,-82,-82,-77,-77,-78,-87,-67,-67,0,0,-76,-76,0,0,0,-83,-82,0,0,-84,-87,0,0,-85,-83,-58,-61
-59,-57,-60,-56,-70,-77,-77,-84,-80,-80,0,0,-79,-77,-74,-72,-75,-75,-66,-62,-71,-70,0,0,-68,-69,-82,-82,-75,-75,-78,-87,-67,-67,0,0,-80,-81,0,0,0,-83,-82,0,0,-84,0,0,0,-84,-83,-64,-56
-59,-57,-60,-56,-70,-77,-77,-84,-80,-80,0,0,-79,-77,-74,-72,-75,-75,-66,-62,-71,-70,0,0,-68,-69,-82,-82,-75,-75,-78,-87,-67,-67,0,0,-80,-81,0,0,0,-83,-82,0,0,-84,0,0,0,-84,-83,-64,-56
-59,-57,-60,-56,-70,-77,-77,-84,-80,-80,0,0,-79,-77,-74,-72,-75,-75,-66,-62,-71,-70,0,0,-68,-69,-82,-82,-75,-75,-78,-87,-67,-67,0,0,-80,-81,0,0,0,-83,-82,0,0,-84,0,0,0,-84,-83,-64,-56
-59,-57,-60,-56,-70,-77,-77,-84,-80,-80,0,0,-79,-77,-74,-72,-75,-75,-66,-62,-71,-70,0,0,-68,-69,-82,-82,-75,-75,-78,-87,-67,-67,0,0,-80,-81,0,0,0,-83,-82,0,0,-84,0,0,0,-84,-83,-64,-56
-59,-58,-60,-59,-73,-78,-77,-84,-79,-79,0,0,0,0,0,0,0,0,0,0,-72,-74,0,0,-68,-68,-83,-87,-58,-77,-78,-87,-73,-73,0,-87,-76,-76,0,-84,-86,-84,-82,0,0,-85,-84,0,0,-84,-86,-62,-54
-59,-58,-60,-59,-73,-78,-77,-84,-79,-79,0,0,0,0,0,0,0,0,0,0,-72,-74,0,0,-68,-68,-83,-87,-58,-77,-78,-87,-73,-73,0,-87,-76,-76,0,-84,-86,-84,-82,0,0,-85,-84,0,0,-84,-86,-62,-54
-59,-58,-60,-59,-73,-78,-77,-84,-79,-79,0,0,0,0,0,0,0,0,0,0,-72,-74,0,0,-68,-68,-83,-87,-58,-77,-78,-87,-73,-73,0,-87,-76,-76,0,-84,-86,-84,-82,0,0,-85,-84,0,0,-84,-86,-62,-54
-59,-58,-60,-59,-73,-78,-77,-84,-79,-79,0,0,0,0,0,0,0,0,0,0,-72,-74,0,0,-68,-68,-83,-87,-58,-77,-78,-87,-73,-73,0,-87,-76,-76,0,-84,-86,-84,-82,0,0,-85,-84,0,0,-84,-86,-62,-54
-58,-54,-67,-60,-73,-78,-78,-76,-80,-79,0,0,-79,-79,0,0,0,0,0,0,-72,-73,0,-72,-70,-69,-83,-85,-77,-77,-76,0,-73,-73,0,-87,-75,-75,0,-84,-86,-83,-85,0,0,-82,-83,0,0,-83,-84,-65,-53
-58,-54,-67,-60,-73,-78,-78,-76,-80,-79,0,0,-79,-79,0,0,0,0,0,0,-72,-73,0,-72,-70,-69,-83,-85,-77,-77,-76,0,-73,-73,0,-87,-75,-75,0,-84,-86,-83,-85,0,0,-82,-83,0,0,-83,-84,-65,-53
-58,-54,-67,-60,-73,-78,-78,-76,-80,-79,0,0,-79,-79,0,0,0,0,0,0,-72,-73,0,-72,-70,-69,-83,-85,-77,-77,-76,0,-73,-73,0,-87,-75,-75,0,-84,-86,-83,-85,0,0,-82,-83,0,0,-83,-84,-65,-53
-58,-54,-67,-60,-73,-78,-78,-76,-80,-79,0,0,-79,-79,0,0,0,0,0,0,-72,-73,0,-72,-70,-69,-83,-85,-77,-77,-76,0,-73,-73,0,-87,-75,-75,0,-84,-86,-83,-85,0,0,-82,-83,0,0,-83,-84,-65,-53
-57,-55,-59,-59,-73,-83,-81,-76,-79,-79,0,0,-79,-79,0,0,0,0,0,0,-67,-67,-73,-72,-69,-69,-83,-85,-77,-77,-76,0,-72,-72,0,-87,-77,-78,0,-84,-86,-84,-82,0,0,-82,-83,0,0,-82,-84,-63,-53
-60,-60,-53,-53,-74,-83,-81,0,-80,-80,0,0,-75,-75,0,0,0,0,0,-71,-66,-66,-73,-73,-65,-65,-81,-85,-76,-76,0,0,-72,-72,0,0,-79,-77,0,0,-86,-82,-82,0,0,-84,-82,0,0,-80,-81,-62,-58
-60,-60,-53,-53,-74,-83,-81,0,-80,-80,0,0,-75,-75,0,0,0,0,0,-71,-66,-66,-73,-73,-65,-65,-81,-85,-76,-76,0,0,-72,-72,0,0,-79,-77,0,0,-86,-82,-82,0,0,-84,-82,0,0,-80,-81,-62,-58
-60,-60,-53,-53,-74,-83,-81,0,-80,-80,0,0,-75,-75,0,0,0,0,0,-71,-66,-66,-73,-73,-65,-65,-81,-85,-76,-76,0,0,-72,-72,0,0,-79,-77,0,0,-86,-82,-82,0,0,-84,-82,0,0,-80,-81,-62,-58
-60,-60,-53,-53,-74,-83,-81,0,-80,-80,0,0,-75,-75,0,0,0,0,0,-71,-66,-66,-73,-73,-65,-65,-81,-85,-76,-76,0,0,-72,-72,0,0,-79,-77,0,0,-86,-82,-82,0,0,-84,-82,0,0,-80,-81,-62,-58
-69,-66,-59,-55,-74,-83,-81,0,-78,-78,0,0,-78,-77,0,0,0,0,-66,-61,-72,-72,-76,-74,-70,-70,-81,-85,-76,-76,0,0,-74,-75,0,0,-79,-79,0,0,-86,-82,-82,0,0,-84,-82,0,0,-83,-81,-73,-66
-69,-66,-59,-55,-74,-83,-81,0,-78,-78,0,0,-78,-77,0,0,0,0,-66,-61,-72,-72,-76,-74,-70,-70,-81,-85,-76,-76,0,0,-74,-75,0,0,-79,-79,0,0,-86,-82,-82,0,0,-84,-82,0,0,-83,-81,-73,-66
-69,-66,-59,-55,-74,-83,-81,0,-78,-78,0,0,-78,-77,0,0,0,0,-66,-61,-72,-72,-76,-74,-70,-70,-81,-85,-76,-76,0,0,-74,-75,0,0,-79,-79,0,0,-86,-82,-82,0,0,-84,-82,0,0,-83,-81,-73,-66
-69,-66,-59,-55,-74,-83,-81,0,-78,-78,0,0,-78,-77,0,0,0,0,-66,-61,-72,-72,-76,-74,-70,-70,-81,-85,-76,-76,0,0,-74,-75,0,0,-79,-79,0,0,-86,-82,-82,0,0,-84,-82,0,0,-83,-81,-73,-66
-69,-60,-56,-56,-80,0,0,0,-83,-81,0,0,-78,-77,-72,-70,0,0,-66,-61,-72,-72,-76,-74,-77,-77,0,0,-83,0,0,-79,-67,-67,0,0,-78,-78,0,0,0,0,0,0,0,-81,-82,0,0,-82,-83,-70,-55
-69,-60,-56,-56,-80,0,0,0,-83,-81,0,0,-78,-77,-72,-70,0,0,-66,-61,-72,-72,-76,-74,-77,-77,0,0,-83,0,0,-79,-67,-67,0,0,-78,-78,0,0,0,0,0,0,0,-81,-82,0,0,-82,-83,-70,-55
-69,-60,-56,-56,-80,0,0,0,-83,-81,0,0,-78,-77,-72,-70,0,0,-66,-61,-72,-72,-76,-74,-77,-77,0,0,-83,0,0,-79,-67,-67,0,0,-78,-78,0,0,0,0,0,0,0,-81,-82,0,0,-82,-83,-70,-55
-69,-60,-56,-56,-80,0,0,0,-83,-81,0,0,-78,-77,-72,-70,0,0,-66,-61,-72,-72,-76,-74,-77,-77,0,0,-83,0,0,-79,-67,-67,0,0,-78,-78,0,0,0,0,0,0,0,-81,-82,0,0,-82,-83,-70,-55
-61,-57,-57,-58,-80,0,0,0,-82,-83,-79,-79,-76,-76,-72,-70,0,0,-66,-61,-76,-76,-73,-73,-72,-72,0,0,-83,0,-74,-79,-71,-71,0,0,-79,-80,0,0,0,0,0,0,0,-81,-82,0,0,-82,-83,-71,-64
-61,-57,-57,-58,-80,0,0,0,-82,-83,-79,-79,-76,-76,-72,-70,0,0,-66,-61,-76,-76,-73,-73,-72,-72,0,0,-83,0,-74,-79,-71,-71,0,0,-79,-80,0,0,0,0,0,0,0,-81,-82,0,0,-82,-83,-71,-64
-61,-57,-57,-58,-80,0,0,0,-82,-83,-79,-79,-76,-76,-72,-70,0,0,-66,-61,-76,-76,-73,-73,-72,-72,0,0,-83,0,-74,-79,-71,-71,0,0,-79,-80,0,0,0,0,0,0,0,-81,-82,0,0,-82,-83,-71,-64
-61,-57,-57,-58,-80,0,0,0,-82,-83,-79,-79,-76,-76,-72,-70,0,0,-66,-61,-76,-76,-73,-73,-72,-72,0,0,-83,0,-74,-79,-71,-71,0,0,-79,-80,0,0,0,0,0,0,0,-81,-82,0,0,-82,-83,-71,-64
-62,-59,-60,-57,-86,-83,-84,-79,-83,-83,-79,-79,-76,-77,-82,-80,0,0,-70,-71,-76,-76,-73,-73,-70,-70,0,0,-84,-85,-74,-79,-74,-74,0,0,-78,-78,0,0,0,0,0,0,0,-84,-84,0,0,-84,-84,-68,-59
-62,-59,-60,-57,-86,-83,-84,-79,-83,-83,-79,-79,-76,-77,-82,-80,0,0,-70,-71,-76,-76,-73,-73,-70,-70,0,0,-84,-85,-74,-79,-74,-74,0,0,-78,-78,0,0,0,0,0,0,0,-84,-84,0,0,-84,-84,-68,-59
-62,-59,-60,-57,-86,-83,-84,-79,-83,-83,-79,-79,-76,-77,-82,-80,0,0,-70,-71,-76,-76,-73,-73,-70,-70,0,0,-84,-85,-74,-79,-74,-74,0,0,-78,-78,0,0,0,0,0,0,0,-84,-84,0,0,-84,-84,-68,-59
-62,-59,-60,-57,-86,-83,-84,-79,-83,-83,-79,-79,-76,-77,-82,-80,0,0,-70,-71,-76,-76,-73,-73,-70,-70,0,0,-84,-85,-74,-79,-74,-74,0,0,-78,-78,0,0,0,0,0,0,0,-84,-84,0,0,-84,-84,-68,-59
-63,-62,-54,-54,-85,-83,-84,-80,-80,-80,-79,-79,-75,-75,-82,-80,0,0,-70,-68,-69,-68,-73,-73,-71,-71,0,-86,-80,-79,-74,-82,-71,-71,0,0,-80,-80,0,0,0,0,0,0,0,-85,-84,0,0,-84,-85,-75,-59
-63,-62,-54,-54,-85,-83,-84,-80,-80,-80,-79,-79,-75,-75,-82,-80,0,0,-70,-68,-69,-68,-73,-73,-71,-71,0,-86,-80,-79,-74,-82,-71,-71,0,0,-80,-80,0,0,0,0,0,0,0,-85,-84,0,0,-84,-85,-75,-59
-63,-62,-54,-54,-85,-83,-84,-80,-80,-80,-79,-79,-75,-75,-82,-80,0,0,-70,-68,-69,-68,-73,-73,-71,-71,0,-86,-80,-79,-74,-82,-71,-71,0,0,-80,-80,0,0,0,0,0,0,0,-85,-84,0,0,-84,-85,-75,-59
-61,-60,-56,-56,-85,-83,-84,-80,-81,-82,0,0,-75,-76,-80,-78,0,0,-68,-68,-75,-76,-76,-76,-71,-72,0,-86,-80,-79,0,-82,-71,-71,0,-89,-80,-80,0,0,0,0,0,0,0,-85,-84,-85,-83,-84,-85,-70,-61
-61,-60,-56,-56,-85,-83,-84,-80,-81,-82,0,0,-75,-76,-80,-78,0,0,-68,-68,-75,-76,-76,-76,-71,-72,0,-86,-80,-79,0,-82,-71,-71,0,-89,-80,-80,0,0,0,0,0,0,0,-85,-84,-85,-83,-84,-85,-70,-61
-61,-60,-56,-56,-85,-83,-84,-80,-81,-82,0,0,-75,-76,-80,-78,0,0,-68,-68,-75,-76,-76,-76,-71,-72,0,-86,-80,-79,0,-82,-71,-71,0,-89,-80,-80,0,0,0,0,0,0,0,-85,-84,-85,-83,-84,-85,-70,-61
-61,-60,-56,-56,-85,-83,-84,-80,-81,-82,0,0,-75,-76,-80,-78,0,0,-68,-68,-75,-76,-76,-76,-71,-72,0,-86,-80,-79,0,-82,-71,-71,0,-89,-80,-80,0,0,0,0,0,0,0,-85,-84,-85,-83,-84,-85,-70,-61
-63,-61,-59,-55,-85,-83,-84,-81,-62,-79,0,0,-76,-76,-80,-78,0,0,-68,-67,-74,-74,-78,-76,-70,-70,-85,-83,-83,-82,-78,-82,-71,-71,-87,-89,-78,-79,0,0,0,0,0,0,0,-85,0,-85,-83,-81,-82,-71,-59
-63,-61,-59,-55,-85,-83,-84,-81,-62,-79,0,0,-76,-76,-80,-78,0,0,-68,-67,-74,-74,-78,-76,-70,-70,-85,-83,-83,-82,-78,-82,-71,-71,-87,-89,-78,-79,0,0,0,0,0,0,0,-85,0,-85,-83,-81,-82,-71,-59
-63,-60,-60,-60,-87,0,0,-77,-79,-80,0,0,-76,-74,-77,-76,0,0,-63,-60,-69,-70,-78,0,-74,-73,-84,-86,-82,-82,-76,-76,-78,-76,-87,-85,-76,-76,0,0,0,0,0,0,0,-83,-82,0,0,-83,-83,-75,-57
-63,-60,-60,-60,-87,0,0,-77,-79,-80,0,0,-76,-74,-77,-76,0,0,-63,-60,-69,-70,-78,0,-74,-73,-84,-86,-82,-82,-76,-76,-78,-76,-87,-85,-76,-76,0,0,0,0,0,0,0,-83,-82,0,0,-83,-83,-75,-57
-63,-60,-60,-60,-87,0,0,-77,-79,-80,0,0,-76,-74,-77,-76,0,0,-63,-60,-69,-70,-78,0,-74,-73,-84,-86,-82,-82,-76,-76,-78,-76,-87,-85,-76,-76,0,0,0,0,0,0,0,-83,-82,0,0,-83,-83,-75,-57
-63,-60,-60,-60,-87,0,0,-77,-79,-80,0,0,-76,-74,-77,-76,0,0,-63,-60,-69,-70,-78,0,-74,-73,-84,-86,-82,-82,-76,-76,-78,-76,-87,-85,-76,-76,0,0,0,0,0,0,0,-83,-82,0,0,-83,-83,-75,-57
-63,-60,-60,-60,-87,0,0,-77,-79,-80,0,0,-76,-74,-77,-76,0,0,-63,-60,-69,-70,-78,0,-74,-73,-84,-86,-82,-82,-76,-76,-78,-76,-87,-85,-76,-76,0,0,0,0,0,0,0,-83,-82,0,0,-83,-83,-75,-57
-63,-62,-60,-58,-87,0,0,-77,-78,-78,0,0,-73,-74,-77,-76,0,0,-63,-60,-66,-67,-75,-75,-71,-72,-84,-86,-82,-82,-75,-76,-69,-69,0,-85,-78,-78,0,0,0,-85,0,0,0,-83,-82,-87,-82,-83,-83,-75,-64
-63,-62,-60,-58,-87,0,0,-77,-78,-78,0,0,-73,-74,-77,-76,0,0,-63,-60,-66,-67,-75,-75,-71,-72,-84,-86,-82,-82,-75,-76,-69,-69,0,-85,-78,-78,0,0,0,-85,0,0,0,-83,-82,-87,-82,-83,-83,-75,-64
-63,-62,-60,-58,-87,0,0,-77,-78,-78,0,0,-73,-74,-77,-76,0,0,-63,-60,-66,-67,-75,-75,-71,-72,-84,-86,-82,-82,-75,-76,-69,-69,0,-85,-78,-78,0,0,0,-85,0,0,0,-83,-82,-87,-82,-83,-83,-75,-64
-63,-62,-60,-58,-87,0,0,-77,-78,-78,0,0,-73,-74,-77,-76,0,0,-63,-60,-66,-67,-75,-75,-71,-72,-84,-86,-82,-82,-75,-76,-69,-69,0,-85,-78,-78,0,0,0,-85,0,0,0,-83,-82,-87,-82,-83,-83,-75,-64
-63,-58,-60,-55,-88,0,0,-79,-82,-83,0,0,-75,-75,-78,-75,0,0,-59,-57,-70,-73,-75,-75,-66,-66,0,-87,-78,-78,-75,-75,-69,-69,0,0,-81,-82,0,0,0,-85,0,0,0,-84,-85,-87,-82,-77,-78,-64,-56
-63,-58,-60,-55,-88,0,0,-79,-82,-83,0,0,-75,-75,-78,-75,0,0,-59,-57,-70,-73,-75,-75,-66,-66,0,-87,-78,-78,-75,-75,-69,-69,0,0,-81,-82,0,0,0,-85,0,0,0,-84,-85,-87,-82,-77,-78,-64,-56
-63,-58,-60,-55,-88,0,0,-79,-82,-83,0,0,-75,-75,-78,-75,0,0,-59,-57,-70,-73,-75,-75,-66,-66,0,-87,-78,-78,-75,-75,-69,-69,0,0,-81,-82,0,0,0,-85,0,0,0,-84,-85,-87,-82,-77,-78,-64,-56
-63,-58,-60,-55,-88,0,0,-79,-82,-83,0,0,-75,-75,-78,-75,0,0,-59,-57,-70,-73,-75,-75,-66,-66,0,-87,-78,-78,-75,-75,-69,-69,0,0,-81,-82,0,0,0,-85,0,0,0,-84,-85,-87,-82,-77,-78,-64,-56
-64,-62,-61,-58,-88,-83,-81,-77,-80,-79,0,0,-74,-74,-78,-75,0,0,-59,-57,-64,-64,-75,-75,-73,-73,0,-87,-80,-81,-75,-79,-69,-69,0,0,-77,-79,0,0,-88,-85,0,0,0,-81,-81,-85,-86,-79,-79,-68,-58
-64,-62,-61,-58,-88,-83,-81,-77,-80,-79,0,0,-74,-74,-78,-75,0,0,-59,-57,-64,-64,-75,-75,-73,-73,0,-87,-80,-81,-75,-79,-69,-69,0,0,-77,-79,0,0,-88,-85,0,0,0,-81,-81,-85,-86,-79,-79,-68,-58
-64,-62,-61,-58,-88,-83,-81,-77,-80,-79,0,0,-74,-74,-78,-75,0,0,-59,-57,-64,-64,-75,-75,-73,-73,0,-87,-80,-81,-75,-79,-69,-69,0,0,-77,-79,0,0,-88,-85,0,0,0,-81,-81,-85,-86,-79,-79,-68,-58
-64,-62,-61,-58,-88,-83,-81,-77,-80,-79,0,0,-74,-74,-78,-75,0,0,-59,-57,-64,-64,-75,-75,-73,-73,0,-87,-80,-81,-75,-79,-69,-69,0,0,-77,-79,0,0,-88,-85,0,0,0,-81,-81,-85,-86,-79,-79,-68,-58
-66,-64,-52,-51,-88,-83,-81,-77,-82,-82,0,0,-73,-74,-78,-71,0,0,-59,-61,-65,-65,-73,-73,-74,-74,0,-87,-80,-79,0,-79,-67,-68,0,0,-76,-76,0,0,-88,0,0,0,0,-81,-81,-85,-86,-79,-79,-75,-56
-66,-64,-52,-51,-88,-83,-81,-77,-82,-82,0,0,-73,-74,-78,-71,0,0,-59,-61,-65,-65,-73,-73,-74,-74,0,-87,-80,-79,0,-79,-67,-68,0,0,-76,-76,0,0,-88,0,0,0,0,-81,-81,-85,-86,-79,-79,-75,-56
-66,-64,-52,-51,-88,-83,-81,-77,-82,-82,0,0,-73,-74,-78,-71,0,0,-59,-61,-65,-65,-73,-73,-74,-74,0,-87,-80,-79,0,-79,-67,-68,0,0,-76,-76,0,0,-88,0,0,0,0,-81,-81,-85,-86,-79,-79,-75,-56
-66,-64,-52,-51,-88,-83,-81,-77,-82,-82,0,0,-73,-74,-78,-71,0,0,-59,-61,-65,-65,-73,-73,-74,-74,0,-87,-80,-79,0,-79,-67,-68,0,0,-76,-76,0,0,-88,0,0,0,0,-81,-81,-85,-86,-79,-79,-75,-56
-63,-60,-59,-55,0,-84,-85,-77,-83,-82,0,0,-73,-72,0,-71,0,-79,0,-60,-64,-63,-73,-73,-69,-69,0,-87,-76,-75,-70,-77,-64,-64,0,0,-82,-82,0,0,-88,0,0,0,0,-81,-81,-85,-86,-79,-84,-69,-66
-63,-60,-59,-55,0,-84,-85,-77,-83,-82,0,0,-73,-72,0,-71,0,-79,0,-60,-64,-63,-73,-73,-69,-69,0,-87,-76,-75,-70,-77,-64,-64,0,0,-82,-82,0,0,-88,0,0,0,0,-81,-81,-85,-86,-79,-84,-69,-66
-63,-60,-59,-55,0,-84,-85,-77,-83,-82,0,0,-73,-72,0,-71,0,-79,0,-60,-64,-63,-73,-73,-69,-69,0,-87,-76,-75,-70,-77,-64,-64,0,0,-82,-82,0,0,-88,0,0,0,0,-81,-81,-85,-86,-79,-84,-69,-66
-66,-64,-59,-59,0,-82,-84,-74,-80,-80,0,0,-75,-74,0,-71,0,-79,0,-60,-64,-77,-73,-73,-69,-69,0,-87,-75,-75,-70,-84,-64,-64,0,0,-79,-79,0,0,0,0,0,0,0,0,0,0,0,0,-84,-64,-58
-66,-64,-59,-59,0,-82,-84,-74,-80,-80,0,0,-75,-74,0,-71,0,-79,0,-60,-64,-77,-73,-73,-69,-69,0,-87,-75,-75,-70,-84,-64,-64,0,0,-79,-79,0,0,0,0,0,0,0,0,0,0,0,0,-84,-64,-58
-66,-64,-59,-59,0,-82,-84,-74,-80,-80,0,0,-75,-74,0,-71,0,-79,0,-60,-64,-77,-73,-73,-69,-69,0,-87,-75,-75,-70,-84,-64,-64,0,0,-79,-79,0,0,0,0,0,0,0,0,0,0,0,0,-84,-64,-58
-66,-64,-59,-59,0,-82,-84,-74,-80,-80,0,0,-75,-74,0,-71,0,-79,0,-60,-64,-77,-73,-73,-69,-69,0,-87,-75,-75,-70,-84,-64,-64,0,0,-79,-79,0,0,0,0,0,0,0,0,0,0,0,0,-84,-64,-58
-66,-63,-61,-57,0,-83,-84,-74,-82,-81,0,0,-71,-70,-73,-72,0,-79,0,-65,-67,-67,0,0,-66,-66,0,-87,-75,-76,-70,-84,-67,-67,0,0,-81,-81,0,0,0,-85,-85,0,0,0,0,0,0,0,-84,-67,-51
-66,-63,-61,-57,0,-83,-84,-74,-82,-81,0,0,-71,-70,-73,-72,0,-79,0,-65,-67,-67,0,0,-66,-66,0,-87,-75,-76,-70,-84,-67,-67,0,0,-81,-81,0,0,0,-85,-85,0,0,0,0,0,0,0,-84,-67,-51
-66,-63,-61,-57,0,-83,-84,-74,-82,-81,0,0,-71,-70,-73,-72,0,-79,0,-65,-67,-67,0,0,-66,-66,0,-87,-75,-76,-70,-84,-67,-67,0,0,-81,-81,0,0,0,-85,-85,0,0,0,0,0,0,0,-84,-67,-51
-66,-63,-61,-57,0,-83,-84,-74,-82,-81,0,0,-71,-70,-73,-72,0,-79,0,-65,-67,-67,0,0,-66,-66,0,-87,-75,-76,-70,-84,-67,-67,0,0,-81,-81,0,0,0,-85,-85,0,0,0,0,0,0,0,-84,-67,-51
-63,-59,-64,-59,0,-83,-84,-81,-82,-81,0,0,-71,-72,-76,-75,0,0,-62,-62,-77,-76,0,0,-65,-66,0,0,-79,-79,0,-83,-66,-66,-84,0,-80,-80,0,0,0,-85,-85,0,0,-82,-83,0,0,-81,-82,-68,-60
-63,-59,-64,-59,0,-83,-84,-81,-82,-81,0,0,-71,-72,-76,-75,0,0,-62,-62,-77,-76,0,0,-65,-66,0,0,-79,-79,0,-83,-66,-66,-84,0,-80,-80,0,0,0,-85,-85,0,0,-82,-83,0,0,-81,-82,-68,-60
-63,-59,-64,-59,0,-83,-84,-81,-82,-81,0,0,-71,-72,-76,-75,0,0,-62,-62,-77,-76,0,0,-65,-66,0,0,-79,-79,0,-83,-66,-66,-84,0,-80,-80,0,0,0,-85,-85,0,0,-82,-83,0,0,-81,-82,-68,-60
-64,-62,-58,-56,0,0,0,-79,-81,-82,-80,-79,-72,-71,-76,-75,0,0,-62,-58,-66,-66,0,0,-68,-70,-83,-85,-76,-77,0,-83,-71,-71,-84,0,-80,-80,0,0,-88,0,0,0,0,-82,-83,0,-82,-84,-81,-69,-55
-64,-62,-58,-56,0,0,0,-79,-81,-82,-80,-79,-72,-71,-76,-75,0,0,-62,-58,-66,-66,0,0,-68,-70,-83,-85,-76,-77,0,-83,-71,-71,-84,0,-80,-80,0,0,-88,0,0,0,0,-82,-83,0,-82,-84,-81,-69,-55
-64,-62,-58,-56,0,0,0,-79,-81,-82,-80,-79,-72,-71,-76,-75,0,0,-62,-58,-66,-66,0,0,-68,-70,-83,-85,-76,-77,0,-83,-71,-71,-84,0,-80,-80,0,0,-88,0,0,0,0,-82,-83,0,-82,-84,-81,-69,-55
-64,-62,-58,-56,0,0,0,-79,-81,-82,-80,-79,-72,-71,-76,-75,0,0,-62,-58,-66,-66,0,0,-68,-70,-83,-85,-76,-77,0,-83,-71,-71,-84,0,-80,-80,0,0,-88,0,0,0,0,-82,-83,0,-82,-84,-81,-69,-55
-55,-55,-53,-52,0,-79,-79,-79,-77,-76,-78,-77,-71,-71,0,0,-76,-76,0,-58,-67,-66,0,0,-64,-64,-83,-85,-77,-77,0,0,-73,-73,0,0,-73,-73,0,0,-88,0,0,0,0,0,0,-86,-82,-84,-81,-64,-53
-55,-55,-53,-52,0,-79,-79,-79,-77,-76,-78,-77,-71,-71,0,0,-76,-76,0,-58,-67,-66,0,0,-64,-64,-83,-85,-77,-77,0,0,-73,-73,0,0,-73,-73,0,0,-88,0,0,0,0,0,0,-86,-82,-84,-81,-64,-53
-55,-55,-53,-52,0,-79,-79,-79,-77,-76,-78,-77,-71,-71,0,0,-76,-76,0,-58,-67,-66,0,0,-64,-64,-83,-85,-77,-77,0,0,-73,-73,0,0,-73,-73,0,0,-88,0,0,0,0,0,0,-86,-82,-84,-81,-64,-53
-55,-55,-53,-52,0,-79,-79,-79,-77,-76,-78,-77,-71,-71,0,0,-76,-76,0,-58,-67,-66,0,0,-64,-64,-83,-85,-77,-77,0,0,-73,-73,0,0,-73,-73,0,0,-88,0,0,0,0,0,0,-86,-82,-84,-81,-64,-53
-59,-58,-55,-53,-88,-79,-80,-77,-83,-82,-78,-77,-70,-70,-81,0,-76,-76,0,0,-65,-66,0,0,-65,-65,0,0,-80,-81,0,-77,-74,-75,0,0,-78,-78,0,0,-88,0,0,0,0,-85,-86,-86,-82,0,-84,-71,-53
-59,-58,-55,-53,-88,-79,-80,-77,-83,-82,-78,-77,-70,-70,-81,0,-76,-76,0,0,-65,-66,0,0,-65,-65,0,0,-80,-81,0,-77,-74,-75,0,0,-78,-78,0,0,-88,0,0,0,0,-85,-86,-86,-82,0,-84,-71,-53
-59,-58,-55,-53,-88,-79,-80,-77,-83,-82,-78,-77,-70,-70,-81,0,-76,-76,0,0,-65,-66,0,0,-65,-65,0,0,-80,-81,0,-77,-74,-75,0,0,-78,-78,0,0,-88,0,0,0,0,-85,-86,-86,-82,0,-84,-71,-53
-59,-58,-55,-53,-88,-79,-80,-77,-83,-82,-78,-77,-70,-70,-81,0,-76,-76,0,0,-65,-66,0,0,-65,-65,0,0,-80,-81,0,-77,-74,-75,0,0,-78,-78,0,0,-88,0,0,0,0,-85,-86,-86,-82,0,-84,-71,-53
-59,-57,-55,-54,-88,-79,-80,-77,-81,-83,-78,-77,-76,-76,-81,0,-79,-79,0,0,-64,-64,0,-73,-67,-67,0,0,-79,-79,0,-77,-74,-75,0,0,-79,-79,0,0,-88,-84,0,0,0,-85,-86,-88,-85,0,-84,-72,-54
-59,-57,-55,-54,-88,-79,-80,-77,-81,-83,-78,-77,-76,-76,-81,0,-79,-79,0,0,-64,-64,0,-73,-67,-67,0,0,-79,-79,0,-77,-74,-75,0,0,-79,-79,0,0,-88,-84,0,0,0,-85,-86,-88,-85,0,-84,-72,-54
-59,-57,-55,-54,-88,-79,-80,-77,-81,-83,-78,-77,-76,-76,-81,0,-79,-79,0,0,-64,-64,0,-73,-67,-67,0,0,-79,-79,0,-77,-74,-75,0,0,-79,-79,0,0,-88,-84,0,0,0,-85,-86,-88,-85,0,-84,-72,-54
-59,-57,-55,-54,-88,-79,-80,-77,-81,-83,-78,-77,-76,-76,-81,0,-79,-79,0,0,-64,-64,0,-73,-67,-67,0,0,-79,-79,0,-77,-74,-75,0,0,-79,-79,0,0,-88,-84,0,0,0,-85,-86,-88,-85,0,-84,-72,-54
-56,-55,-53,-53,-88,-78,-78,-74,-81,-81,0,0,-76,-79,-81,0,-79,-79,0,0,-64,-65,-73,-73,-67,-67,-80,-81,-81,-81,0,-77,-73,-74,0,0,-79,-79,0,0,0,-84,0,0,0,-82,-81,-88,-85,-82,-82,-66,-56
-56,-55,-53,-53,-88,-78,-78,-74,-81,-81,0,0,-76,-79,-81,0,-79,-79,0,0,-64,-65,-73,-73,-67,-67,-80,-81,-81,-81,0,-77,-73,-74,0,0,-79,-79,0,0,0,-84,0,0,0,-82,-81,-88,-85,-82,-82,-66,-56
-56,-55,-53,-53,-88,-78,-78,-74,-81,-81,0,0,-76,-79,-81,0,-79,-79,0,0,-64,-65,-73,-73,-67,-67,-80,-81,-81,-81,0,-77,-73,-74,0,0,-79,-79,0,0,0,-84,0,0,0,-82,-81,-88,-85,-82,-82,-66,-56
-56,-55,-53,-53,-88,-78,-78,-74,-81,-81,0,0,-76,-79,-81,0,-79,-79,0,0,-64,-65,-73,-73,-67,-67,-80,-81,-81,-81,0,-77,-73,-74,0,0,-79,-79,0,0,0,-84,0,0,0,-82,-81,-88,-85,-82,-82,-66,-56
-57,-55,-54,-53,0,-79,-79,-74,-81,-82,0,0,-76,-75,0,0,-79,-80,0,-68,-64,-64,-73,-73,-67,-68,-80,-81,-78,-78,0,-77,-72,-72,0,0,-81,-80,0,-88,-89,-84,0,0,0,-82,-81,-88,-85,-82,-82,-72,-56
-57,-55,-54,-53,0,-79,-79,-74,-81,-82,0,0,-76,-75,0,0,-79,-80,0,-68,-64,-64,-73,-73,-67,-68,-80,-81,-78,-78,0,-77,-72,-72,0,0,-81,-80,0,-88,-89,-84,0,0,0,-82,-81,-88,-85,-82,-82,-72,-56
-57,-55,-54,-53,0,-79,-79,-74,-81,-82,0,0,-76,-75,0,0,-79,-80,0,-68,-64,-64,-73,-73,-67,-68,-80,-81,-78,-78,0,-77,-72,-72,0,0,-81,-80,0,-88,-89,-84,0,0,0,-82,-81,-88,-85,-82,-82,-72,-56
-57,-55,-54,-53,0,-79,-79,-74,-81,-82,0,0,-76,-75,0,0,-79,-80,0,-68,-64,-64,-73,-73,-67,-68,-80,-81,-78,-78,0,-77,-72,-72,0,0,-81,-80,0,-88,-89,-84,0,0,0,-82,-81,-88,-85,-82,-82,-72,-56
-56,-53,-51,-49,0,-79,-79,-74,-80,-82,0,0,-73,-72,0,0,-78,-80,0,-68,-65,-64,-73,0,-65,-65,-80,-81,-79,-79,0,-77,-70,-70,0,0,-77,-78,0,-88,-89,-83,-83,0,0,-82,-81,0,0,-82,-82,-71,-54
-56,-53,-51,-49,0,-79,-79,-74,-80,-82,0,0,-73,-72,0,0,-78,-80,0,-68,-65,-64,-73,0,-65,-65,-80,-81,-79,-79,0,-77,-70,-70,0,0,-77,-78,0,-88,-89,-83,-83,0,0,-82,-81,0,0,-82,-82,-71,-54
-56,-53,-51,-49,0,-79,-79,-74,-80,-82,0,0,-73,-72,0,0,-78,-80,0,-68,-65,-64,-73,0,-65,-65,-80,-81,-79,-79,0,-77,-70,-70,0,0,-77,-78,0,-88,-89,-83,-83,0,0,-82,-81,0,0,-82,-82,-71,-54
-56,-53,-51,-49,0,-79,-79,-74,-80,-82,0,0,-73,-72,0,0,-78,-80,0,-68,-65,-64,-73,0,-65,-65,-80,-81,-79,-79,0,-77,-70,-70,0,0,-77,-78,0,-88,-89,-83,-83,0,0,-82,-81,0,0,-82,-82,-71,-54
-65,-67,-53,-52,0,-82,-81,0,-79,-79,0,0,-70,-70,0,0,-78,-78,0,-68,-69,-68,0,0,-68,-68,0,0,-76,-75,0,-77,-71,-71,0,-86,-76,-76,0,-88,-89,-84,-83,0,0,0,0,0,-86,-81,0,-71,-57
-65,-67,-53,-52,0,-82,-81,0,-79,-79,0,0,-70,-70,0,0,-78,-78,0,-68,-69,-68,0,0,-68,-68,0,0,-76,-75,0,-77,-71,-71,0,-86,-76,-76,0,-88,-89,-84,-83,0,0,0,0,0,-86,-81,0,-71,-57
-65,-67,-53,-52,0,-82,-81,0,-79,-79,0,0,-70,-70,0,0,-78,-78,0,-68,-69,-68,0,0,-68,-68,0,0,-76,-75,0,-77,-71,-71,0,-86,-76,-76,0,-88,-89,-84,-83,0,0,0,0,0,-86,-81,0,-71,-57
-56,-54,-49,-49,-77,-82,-81,0,-81,-81,0,0,-75,-74,0,0,-78,-78,0,0,-70,-70,0,-77,-69,-69,0,0,-78,-78,-75,0,-74,-74,-84,-85,-75,-75,0,0,0,-84,-83,0,0,0,0,0,-86,-81,0,-71,-52
-56,-54,-49,-49,-77,-82,-81,0,-81,-81,0,0,-75,-74,0,0,-78,-78,0,0,-70,-70,0,-77,-69,-69,0,0,-78,-78,-75,0,-74,-74,-84,-85,-75,-75,0,0,0,-84,-83,0,0,0,0,0,-86,-81,0,-71,-52
-56,-54,-49,-49,-77,-82,-81,0,-81,-81,0,0,-75,-74,0,0,-78,-78,0,0,-70,-70,0,-77,-69,-69,0,0,-78,-78,-75,0,-74,-74,-84,-85,-75,-75,0,0,0,-84,-83,0,0,0,0,0,-86,-81,0,-71,-52
-56,-54,-49,-49,-77,-82,-81,0,-81,-81,0,0,-75,-74,0,0,-78,-78,0,0,-70,-70,0,-77,-69,-69,0,0,-78,-78,-75,0,-74,-74,-84,-85,-75,-75,0,0,0,-84,-83,0,0,0,0,0,-86,-81,0,-71,-52
-58,-54,-56,-56,-77,-82,-81,0,-80,-81,0,0,-68,-69,0,0,-78,-78,-70,-68,-66,-66,0,-77,-70,-69,0,0,-76,-77,-75,0,-68,-68,-84,-85,-77,-78,0,0,-91,-82,-83,0,0,-82,-83,-89,-84,-80,-80,-70,-54
-58,-54,-56,-56,-77,-82,-81,0,-80,-81,0,0,-68,-69,0,0,-78,-78,-70,-68,-66,-66,0,-77,-70,-69,0,0,-76,-77,-75,0,-68,-68,-84,-85,-77,-78,0,0,-91,-82,-83,0,0,-82,-83,-89,-84,-80,-80,-70,-54
-58,-54,-56,-56,-77,-82,-81,0,-80,-81,0,0,-68,-69,0,0,-78,-78,-70,-68,-66,-66,0,-77,-70,-69,0,0,-76,-77,-75,0,-68,-68,-84,-85,-77,-78,0,0,-91,-82,-83,0,0,-82,-83,-89,-84,-80,-80,-70,-54
-58,-54,-56,-56,-77,-82,-81,0,-80,-81,0,0,-68,-69,0,0,-78,-78,-70,-68,-66,-66,0,-77,-70,-69,0,0,-76,-77,-75,0,-68,-68,-84,-85,-77,-78,0,0,-91,-82,-83,0,0,-82,-83,-89,-84,-80,-80,-70,-54
-58,-55,-52,-52,-77,-82,0,0,-78,-79,0,0,-76,-75,0,0,0,0,-70,-68,-69,-70,0,-77,-69,-68,0,0,-80,-79,-75,0,-68,-68,-84,-85,-78,-78,0,0,-91,-84,-83,0,0,-82,-83,-89,-84,-80,-80,-69,-53
-58,-55,-52,-52,-77,-82,0,0,-78,-79,0,0,-76,-75,0,0,0,0,-70,-68,-69,-70,0,-77,-69,-68,0,0,-80,-79,-75,0,-68,-68,-84,-85,-78,-78,0,0,-91,-84,-83,0,0,-82,-83,-89,-84,-80,-80,-69,-53
-58,-55,-52,-52,-77,-82,0,0,-78,-79,0,0,-76,-75,0,0,0,0,-70,-68,-69,-70,0,-77,-69,-68,0,0,-80,-79,-75,0,-68,-68,-84,-85,-78,-78,0,0,-91,-84,-83,0,0,-82,-83,-89,-84,-80,-80,-69,-53
-58,-55,-52,-52,-77,-82,0,0,-78,-79,0,0,-76,-75,0,0,0,0,-70,-68,-69,-70,0,-77,-69,-68,0,0,-80,-79,-75,0,-68,-68,-84,-85,-78,-78,0,0,-91,-84,-83,0,0,-82,-83,-89,-84,-80,-80,-69,-53
-59,-57,-55,-55,-77,-81,-82,0,-79,-81,0,0,-77,-76,0,0,-78,-77,-70,-68,-66,-67,0,0,-68,-69,-81,-85,-78,-79,0,-79,-71,-70,-86,0,-80,-79,0,0,-91,-84,-83,0,0,-82,-83,-89,-84,-85,-84,-67,-53
-59,-57,-55,-55,-77,-81,-82,0,-79,-81,0,0,-77,-76,0,0,-78,-77,-70,-68,-66,-67,0,0,-68,-69,-81,-85,-78,-79,0,-79,-71,-70,-86,0,-80,-79,0,0,-91,-84,-83,0,0,-82,-83,-89,-84,-85,-84,-67,-53
-59,-57,-55,-55,-77,-81,-82,0,-79,-81,0,0,-77,-76,0,0,-78,-77,-70,-68,-66,-67,0,0,-68,-69,-81,-85,-78,-79,0,-79,-71,-70,-86,0,-80,-79,0,0,-91,-84,-83,0,0,-82,-83,-89,-84,-85,-84,-67,-53
-59,-57,-55,-55,-77,-81,-82,0,-79,-81,0,0,-77,-76,0,0,-78,-77,-70,-68,-66,-67,0,0,-68,-69,-81,-85,-78,-79,0,-79,-71,-70,-86,0,-80,-79,0,0,-91,-84,-83,0,0,-82,-83,-89,-84,-85,-84,-67,-53
-59,-56,-53,-52,0,-81,-82,-77,-80,-79,-84,-83,-72,-74,0,0,-78,-78,0,-68,-69,-69,0,0,-67,-67,-81,-85,-79,-79,0,-79,-71,-71,-86,0,-80,-78,0,0,0,-83,0,0,0,0,-83,0,-85,-80,-80,-67,-54
-59,-56,-53,-52,0,-81,-82,-77,-80,-79,-84,-83,-72,-74,0,0,-78,-78,0,-68,-69,-69,0,0,-67,-67,-81,-85,-79,-79,0,-79,-71,-71,-86,0,-80,-78,0,0,0,-83,0,0,0,0,-83,0,-85,-80,-80,-67,-54
-59,-56,-53,-52,0,-81,-82,-77,-80,-79,-84,-83,-72,-74,0,0,-78,-78,0,-68,-69,-69,0,0,-67,-67,-81,-85,-79,-79,0,-79,-71,-71,-86,0,-80,-78,0,0,0,-83,0,0,0,0,-83,0,-85,-80,-80,-67,-54
-59,-56,-53,-52,0,-81,-82,-77,-80,-79,-84,-83,-72,-74,0,0,-78,-78,0,-68,-69,-69,0,0,-67,-67,-81,-85,-79,-79,0,-79,-71,-71,-86,0,-80,-78,0,0,0,-83,0,0,0,0,-83,0,-85,-80,-80,-67,-54
-61,-59,-55,-54,0,-81,-82,-77,-81,-80,-84,-83,-72,-77,0,0,-77,-78,0,-67,-69,-70,0,0,-68,-68,-81,-85,-78,-78,0,-79,-70,-70,-86,0,-81,-81,0,0,0,-84,0,0,0,0,-83,-89,-85,-83,-80,-68,-55
-61,-59,-55,-54,0,-81,-82,-77,-81,-80,-84,-83,-72,-77,0,0,-77,-78,0,-67,-69,-70,0,0,-68,-68,-81,-85,-78,-78,0,-79,-70,-70,-86,0,-81,-81,0,0,0,-84,0,0,0,0,-83,-89,-85,-83,-80,-68,-55
-61,-59,-55,-54,0,-81,-82,-77,-81,-80,-84,-83,-72,-77,0,0,-77,-78,0,-67,-69,-70,0,0,-68,-68,-81,-85,-78,-78,0,-79,-70,-70,-86,0,-81,-81,0,0,0,-84,0,0,0,0,-83,-89,-85,-83,-80,-68,-55
-61,-59,-55,-54,0,-81,-82,-77,-81,-80,-84,-83,-72,-77,0,0,-77,-78,0,-67,-69,-70,0,0,-68,-68,-81,-85,-78,-78,0,-79,-70,-70,-86,0,-81,-81,0,0,0,-84,0,0,0,0,-83,-89,-85,-83,-80,-68,-55
-68,-70,-55,-55,-78,0,0,-77,-81,-82,-84,-83,-76,-76,0,0,-77,-77,0,-65,-69,-69,0,0,-68,-68,0,0,-80,-80,0,-80,-70,-69,0,0,-80,-80,0,0,0,-83,0,0,0,-83,-83,-89,-85,-84,-82,-66,-53
-68,-70,-55,-55,-78,0,0,-77,-81,-82,-84,-83,-76,-76,0,0,-77,-77,0,-65,-69,-69,0,0,-68,-68,0,0,-80,-80,0,-80,-70,-69,0,0,-80,-80,0,0,0,-83,0,0,0,-83,-83,-89,-85,-84,-82,-66,-53
-68,-70,-55,-55,-78,0,0,-77,-81,-82,-84,-83,-76,-76,0,0,-77,-77,0,-65,-69,-69,0,0,-68,-68,0,0,-80,-80,0,-80,-70,-69,0,0,-80,-80,0,0,0,-83,0,0,0,-83,-83,-89,-85,-84,-82,-66,-53
-68,-70,-55,-55,-78,0,0,-77,-81,-82,-84,-83,-76,-76,0,0,-77,-77,0,-65,-69,-69,0,0,-68,-68,0,0,-80,-80,0,-80,-70,-69,0,0,-80,-80,0,0,0,-83,0,0,0,-83,-83,-89,-85,-84,-82,-66,-53
-61,-58,-57,-55,-78,0,-82,0,-82,-82,-81,-81,-76,-76,0,0,-77,-78,0,-65,-69,-69,0,0,-68,-68,-81,-84,-80,-80,0,-80,-69,-69,0,0,-80,-81,0,0,0,-83,0,0,0,-86,-84,-89,0,-82,-84,-69,-53
-61,-58,-57,-55,-78,0,-82,0,-82,-82,-81,-81,-76,-76,0,0,-77,-78,0,-65,-69,-69,0,0,-68,-68,-81,-84,-80,-80,0,-80,-69,-69,0,0,-80,-81,0,0,0,-83,0,0,0,-86,-84,-89,0,-82,-84,-69,-53
-61,-58,-57,-55,-78,0,-82,0,-82,-82,-81,-81,-76,-76,0,0,-77,-78,0,-65,-69,-69,0,0,-68,-68,-81,-84,-80,-80,0,-80,-69,-69,0,0,-80,-81,0,0,0,-83,0,0,0,-86,-84,-89,0,-82,-84,-69,-53
-61,-58,-57,-55,-78,0,-82,0,-82,-82,-81,-81,-76,-76,0,0,-77,-78,0,-65,-69,-69,0,0,-68,-68,-81,-84,-80,-80,0,-80,-69,-69,0,0,-80,-81,0,0,0,-83,0,0,0,-86,-84,-89,0,-82,-84,-69,-53
-61,-58,-55,-55,-77,-81,-85,0,-82,-82,-81,-81,-76,-76,0,0,-77,-77,-69,-67,-69,-70,0,0,-68,-68,-81,-84,-79,-79,0,-80,-70,-70,0,0,-81,-82,0,0,0,-82,0,0,0,-80,-83,0,0,-82,-87,-68,-53
-61,-58,-55,-55,-77,-81,-85,0,-82,-82,-81,-81,-76,-76,0,0,-77,-77,-69,-67,-69,-70,0,0,-68,-68,-81,-84,-79,-79,0,-80,-70,-70,0,0,-81,-82,0,0,0,-82,0,0,0,-80,-83,0,0,-82,-87,-68,-53
-61,-58,-55,-55,-77,-81,-85,0,-82,-82,-81,-81,-76,-76,0,0,-77,-77,-69,-67,-69,-70,0,0,-68,-68,-81,-84,-79,-79,0,-80,-70,-70,0,0,-81,-82,0,0,0,-82,0,0,0,-80,-83,0,0,-82,-87,-68,-53
-61,-58,-56,-56,-77,-81,-83,-76,-82,-81,-81,-81,-76,-74,0,0,-78,-77,-69,-67,-68,-69,0,0,-68,-68,-81,-83,-78,-79,-81,0,-68,-68,-84,0,-80,-80,0,0,0,-82,0,0,0,-85,-84,0,0,-82,-87,-69,-52
-61,-58,-56,-56,-77,-81,-83,-76,-82,-81,-81,-81,-76,-74,0,0,-78,-77,-69,-67,-68,-69,0,0,-68,-68,-81,-83,-78,-79,-81,0,-68,-68,-84,0,-80,-80,0,0,0,-82,0,0,0,-85,-84,0,0,-82,-87,-69,-52
-61,-58,-56,-56,-77,-81,-83,-76,-82,-81,-81,-81,-76,-74,0,0,-78,-77,-69,-67,-68,-69,0,0,-68,-68,-81,-83,-78,-79,-81,0,-68,-68,-84,0,-80,-80,0,0,0,-82,0,0,0,-85,-84,0,0,-82,-87,-69,-52
-61,-58,-56,-56,-77,-81,-83,-76,-82,-81,-81,-81,-76,-74,0,0,-78,-77,-69,-67,-68,-69,0,0,-68,-68,-81,-83,-78,-79,-81,0,-68,-68,-84,0,-80,-80,0,0,0,-82,0,0,0,-85,-84,0,0,-82,-87,-69,-52
-61,-58,-56,-55,-78,-84,-83,-76,-83,-82,0,0,-72,-72,0,0,-77,-78,0,-68,-71,-72,0,-75,-70,-70,-81,-83,-79,-79,-80,-79,-70,-70,-84,0,-77,-77,0,0,0,-86,0,0,0,-83,-84,0,0,-85,0,-72,-53
-61,-58,-56,-55,-78,-84,-83,-76,-83,-82,0,0,-72,-72,0,0,-77,-78,0,-68,-71,-72,0,-75,-70,-70,-81,-83,-79,-79,-80,-79,-70,-70,-84,0,-77,-77,0,0,0,-86,0,0,0,-83,-84,0,0,-85,0,-72,-53
-61,-58,-56,-55,-78,-84,-83,-76,-83,-82,0,0,-72,-72,0,0,-77,-78,0,-68,-71,-72,0,-75,-70,-70,-81,-83,-79,-79,-80,-79,-70,-70,-84,0,-77,-77,0,0,0,-86,0,0,0,-83,-84,0,0,-85,0,-72,-53
-61,-58,-56,-55,-78,-84,-83,-76,-83,-82,0,0,-72,-72,0,0,-77,-78,0,-68,-71,-72,0,-75,-70,-70,-81,-83,-79,-79,-80,-79,-70,-70,-84,0,-77,-77,0,0,0,-86,0,0,0,-83,-84,0,0,-85,0,-72,-53
-70,-58,-64,-64,-78,-84,-83,-76,-79,-78,0,0,-71,-71,0,0,-77,-78,0,-63,-64,-65,0,-75,-64,-64,0,0,-81,-81,-80,-79,-65,-64,0,0,-75,-76,0,0,0,-86,0,0,0,-83,-84,0,-77,-73,-75,-69,-51
-70,-58,-64,-64,-78,-84,-83,-76,-79,-78,0,0,-71,-71,0,0,-77,-78,0,-63,-64,-65,0,-75,-64,-64,0,0,-81,-81,-80,-79,-65,-64,0,0,-75,-76,0,0,0,-86,0,0,0,-83,-84,0,-77,-73,-75,-69,-51
-70,-58,-64,-64,-78,-84,-83,-76,-79,-78,0,0,-71,-71,0,0,-77,-78,0,-63,-64,-65,0,-75,-64,-64,0,0,-81,-81,-80,-79,-65,-64,0,0,-75,-76,0,0,0,-86,0,0,0,-83,-84,0,-77,-73,-75,-69,-51
-70,-58,-64,-64,-78,-84,-83,-76,-79,-78,0,0,-71,-71,0,0,-77,-78,0,-63,-64,-65,0,-75,-64,-64,0,0,-81,-81,-80,-79,-65,-64,0,0,-75,-76,0,0,0,-86,0,0,0,-83,-84,0,-77,-73,-75,-69,-51
-72,-69,-67,-67,0,-77,-77,0,-73,-73,0,0,-69,-68,0,0,0,0,0,-64,-64,-74,0,0,-65,-65,0,0,-80,-80,0,0,-59,-59,0,0,-80,-80,0,0,-88,0,0,0,0,-84,-84,0,-77,-74,-73,-65,-59
-72,-69,-67,-67,0,-77,-77,0,-73,-73,0,0,-69,-68,0,0,0,0,0,-64,-64,-74,0,0,-65,-65,0,0,-80,-80,0,0,-59,-59,0,0,-80,-80,0,0,-88,0,0,0,0,-84,-84,0,-77,-74,-73,-65,-59
-72,-69,-67,-67,0,-77,-77,0,-73,-73,0,0,-69,-68,0,0,0,0,0,-64,-64,-74,0,0,-65,-65,0,0,-80,-80,0,0,-59,-59,0,0,-80,-80,0,0,-88,0,0,0,0,-84,-84,0,-77,-74,-73,-65,-59
-72,-69,-67,-67,0,-77,-77,0,-73,-73,0,0,-69,-68,0,0,0,0,0,-64,-64,-74,0,0,-65,-65,0,0,-80,-80,0,0,-59,-59,0,0,-80,-80,0,0,-88,0,0,0,0,-84,-84,0,-77,-74,-73,-65,-59
-72,-66,-72,-68,0,-83,-77,-73,-79,-80,0,0,-71,-72,0,0,0,0,0,-66,-68,-67,-74,-74,-66,-66,-80,-86,-75,-75,-77,0,-58,-58,-80,0,-76,-76,0,0,-88,0,0,0,0,-84,-84,0,-77,-73,-74,-70,-59
-72,-66,-72,-68,0,-83,-77,-73,-79,-80,0,0,-71,-72,0,0,0,0,0,-66,-68,-67,-74,-74,-66,-66,-80,-86,-75,-75,-77,0,-58,-58,-80,0,-76,-76,0,0,-88,0,0,0,0,-84,-84,0,-77,-73,-74,-70,-59
-72,-66,-72,-68,0,-83,-77,-73,-79,-80,0,0,-71,-72,0,0,0,0,0,-66,-68,-67,-74,-74,-66,-66,-80,-86,-75,-75,-77,0,-58,-58,-80,0,-76,-76,0,0,-88,0,0,0,0,-84,-84,0,-77,-73,-74,-70,-59
-72,-66,-72,-68,0,-83,-77,-73,-79,-80,0,0,-71,-72,0,0,0,0,0,-66,-68,-67,-74,-74,-66,-66,-80,-86,-75,-75,-77,0,-58,-58,-80,0,-76,-76,0,0,-88,0,0,0,0,-84,-84,0,-77,-73,-74,-70,-59
-69,-66,-65,-64,0,-80,-77,-73,-78,-79,-77,-79,-73,-73,0,0,0,0,-73,-72,-72,-73,-78,-74,-69,-70,-80,-86,-76,-76,-77,0,-64,-64,-80,0,-83,-83,0,-89,-91,0,0,0,0,-84,-84,0,-78,-73,-74,-70,-62
-69,-66,-65,-64,0,-80,-77,-73,-78,-79,-77,-79,-73,-73,0,0,0,0,-73,-72,-72,-73,-78,-74,-69,-70,-80,-86,-76,-76,-77,0,-64,-64,-80,0,-83,-83,0,-89,-91,0,0,0,0,-84,-84,0,-78,-73,-74,-70,-62
-69,-66,-65,-64,0,-80,-77,-73,-78,-79,-77,-79,-73,-73,0,0,0,0,-73,-72,-72,-73,-78,-74,-69,-70,-80,-86,-76,-76,-77,0,-64,-64,-80,0,-83,-83,0,-89,-91,0,0,0,0,-84,-84,0,-78,-73,-74,-70,-62
-69,-66,-65,-64,0,-80,-77,-73,-78,-79,-77,-79,-73,-73,0,0,0,0,-73,-72,-72,-73,-78,-74,-69,-70,-80,-86,-76,-76,-77,0,-64,-64,-80,0,-83,-83,0,-89,-91,0,0,0,0,-84,-84,0,-78,-73,-74,-70,-62
-69,-65,-67,-67,0,-80,0,-73,-82,-82,-77,-79,-71,-71,0,0,0,-77,-73,-72,-69,-68,-77,-75,-68,-67,-80,-86,-76,-76,-77,-82,-65,-65,-80,0,-78,-79,0,-89,-91,0,0,0,0,0,0,0,-78,-74,-74,-70,-64
-69,-65,-67,-67,0,-80,0,-73,-82,-82,-77,-79,-71,-71,0,0,0,-77,-73,-72,-69,-68,-77,-75,-68,-67,-80,-86,-76,-76,-77,-82,-65,-65,-80,0,-78,-79,0,-89,-91,0,0,0,0,0,0,0,-78,-74,-74,-70,-64
-69,-65,-67,-67,0,-80,0,-73,-82,-82,-77,-79,-71,-71,0,0,0,-77,-73,-72,-69,-68,-77,-75,-68,-67,-80,-86,-76,-76,-77,-82,-65,-65,-80,0,-78,-79,0,-89,-91,0,0,0,0,0,0,0,-78,-74,-74,-70,-64
-69,-71,-71,-68,0,-80,0,0,-80,-80,-77,-79,-73,-72,0,0,0,-77,-73,-72,-70,-71,-77,-78,-67,-67,0,0,-76,-76,0,-82,-65,-66,0,0,-78,-79,0,-89,-91,0,0,0,0,0,0,-84,-78,-74,-74,-65,-63
-69,-71,-71,-68,0,-80,0,0,-80,-80,-77,-79,-73,-72,0,0,0,-77,-73,-72,-70,-71,-77,-78,-67,-67,0,0,-76,-76,0,-82,-65,-66,0,0,-78,-79,0,-89,-91,0,0,0,0,0,0,-84,-78,-74,-74,-65,-63
-69,-71,-71,-68,0,-80,0,0,-80,-80,-77,-79,-73,-72,0,0,0,-77,-73,-72,-70,-71,-77,-78,-67,-67,0,0,-76,-76,0,-82,-65,-66,0,0,-78,-79,0,-89,-91,0,0,0,0,0,0,-84,-78,-74,-74,-65,-63
-69,-71,-71,-68,0,-80,0,0,-80,-80,-77,-79,-73,-72,0,0,0,-77,-73,-72,-70,-71,-77,-78,-67,-67,0,0,-76,-76,0,-82,-65,-66,0,0,-78,-79,0,-89,-91,0,0,0,0,0,0,-84,-78,-74,-74,-65,-63
-69,-69,-66,-66,0,-80,-81,0,-78,-77,0,0,-71,-71,-80,0,0,-77,0,0,-75,-75,-77,-78,-66,-65,0,0,-77,-78,0,-82,-60,-60,-85,-84,-78,-79,0,0,0,0,0,0,0,0,0,-84,0,-73,-74,-67,-57
-69,-69,-66,-66,0,-80,-81,0,-78,-77,0,0,-71,-71,-80,0,0,-77,0,0,-75,-75,-77,-78,-66,-65,0,0,-77,-78,0,-82,-60,-60,-85,-84,-78,-79,0,0,0,0,0,0,0,0,0,-84,0,-73,-74,-67,-57
-69,-69,-66,-66,0,-80,-81,0,-78,-77,0,0,-71,-71,-80,0,0,-77,0,0,-75,-75,-77,-78,-66,-65,0,0,-77,-78,0,-82,-60,-60,-85,-84,-78,-79,0,0,0,0,0,0,0,0,0,-84,0,-73,-74,-67,-57
-69,-69,-66,-66,0,-80,-81,0,-78,-77,0,0,-71,-71,-80,0,0,-77,0,0,-75,-75,-77,-78,-66,-65,0,0,-77,-78,0,-82,-60,-60,-85,-84,-78,-79,0,0,0,0,0,0,0,0,0,-84,0,-73,-74,-67,-57
-69,-67,-65,-65,0,-83,-81,0,-77,-78,0,0,-72,-72,-80,0,0,0,0,0,-73,-75,-77,-78,-68,-68,-82,0,-77,-78,0,0,-63,-63,-85,-84,-78,-78,0,-88,-87,0,0,0,0,-84,-84,-78,0,-74,-74,-71,-62
-69,-67,-65,-65,0,-83,-81,0,-77,-78,0,0,-72,-72,-80,0,0,0,0,0,-73,-75,-77,-78,-68,-68,-82,0,-77,-78,0,0,-63,-63,-85,-84,-78,-78,0,-88,-87,0,0,0,0,-84,-84,-78,0,-74,-74,-71,-62
-69,-67,-65,-65,0,-83,-81,0,-77,-78,0,0,-72,-72,-80,0,0,0,0,0,-73,-75,-77,-78,-68,-68,-82,0,-77,-78,0,0,-63,-63,-85,-84,-78,-78,0,-88,-87,0,0,0,0,-84,-84,-78,0,-74,-74,-71,-62
-69,-67,-65,-65,0,-83,-81,0,-77,-78,0,0,-72,-72,-80,0,0,0,0,0,-73,-75,-77,-78,-68,-68,-82,0,-77,-78,0,0,-63,-63,-85,-84,-78,-78,0,-88,-87,0,0,0,0,-84,-84,-78,0,-74,-74,-71,-62
-69,-74,-65,-64,0,-83,-81,0,-81,-80,0,0,-73,-72,-80,0,0,0,0,0,-66,-67,-78,-76,-70,-70,-82,0,-77,-78,0,0,-63,-63,-85,-84,-79,-79,0,-88,-87,0,0,0,0,-84,-84,-78,-77,-75,-74,-67,-58
-69,-74,-65,-64,0,-83,-81,0,-81,-80,0,0,-73,-72,-80,0,0,0,0,0,-66,-67,-78,-76,-70,-70,-82,0,-77,-78,0,0,-63,-63,-85,-84,-79,-79,0,-88,-87,0,0,0,0,-84,-84,-78,-77,-75,-74,-67,-58
-69,-74,-65,-64,0,-83,-81,0,-81,-80,0,0,-73,-72,-80,0,0,0,0,0,-66,-67,-78,-76,-70,-70,-82,0,-77,-78,0,0,-63,-63,-85,-84,-79,-79,0,-88,-87,0,0,0,0,-84,-84,-78,-77,-75,-74,-67,-58
-69,-74,-65,-64,0,-83,-81,0,-81,-80,0,0,-73,-72,-80,0,0,0,0,0,-66,-67,-78,-76,-70,-70,-82,0,-77,-78,0,0,-63,-63,-85,-84,-79,-79,0,-88,-87,0,0,0,0,-84,-84,-78,-77,-75,-74,-67,-58
-69,-74,-69,-67,0,-83,-81,0,-79,-79,-84,-86,-71,-70,0,0,0,0,-70,-67,-76,-75,-77,-76,-70,-70,-82,0,-77,-78,-75,0,-64,-64,0,0,-76,-76,0,-89,-88,0,0,0,0,-84,-84,-78,-77,-74,-74,-70,-55
-69,-74,-69,-67,0,-83,-81,0,-79,-79,-84,-86,-71,-70,0,0,0,0,-70,-67,-76,-75,-77,-76,-70,-70,-82,0,-77,-78,-75,0,-64,-64,0,0,-76,-76,0,-89,-88,0,0,0,0,-84,-84,-78,-77,-74,-74,-70,-55
-69,-74,-69,-67,0,-83,-81,0,-79,-79,-84,-86,-71,-70,0,0,0,0,-70,-67,-76,-75,-77,-76,-70,-70,-82,0,-77,-78,-75,0,-64,-64,0,0,-76,-76,0,-89,-88,0,0,0,0,-84,-84,-78,-77,-74,-74,-70,-55
-69,-74,-69,-67,0,-83,-81,0,-79,-79,-84,-86,-71,-70,0,0,0,0,-70,-67,-76,-75,-77,-76,-70,-70,-82,0,-77,-78,-75,0,-64,-64,0,0,-76,-76,0,-89,-88,0,0,0,0,-84,-84,-78,-77,-74,-74,-70,-55
-71,-69,-69,-67,0,0,0,-71,-86,-79,-84,-86,-77,-77,-82,-78,0,0,-70,-67,-70,-71,-74,-74,-68,-68,0,0,-76,-77,-75,0,-64,-65,0,0,-82,-83,0,-89,-88,0,0,0,0,0,0,0,-77,-74,-74,-72,-57
-71,-69,-69,-67,0,0,0,-71,-86,-79,-84,-86,-77,-77,-82,-78,0,0,-70,-67,-70,-71,-74,-74,-68,-68,0,0,-76,-77,-75,0,-64,-65,0,0,-82,-83,0,-89,-88,0,0,0,0,0,0,0,-77,-74,-74,-72,-57
-71,-69,-69,-67,0,0,0,-71,-86,-79,-84,-86,-77,-77,-82,-78,0,0,-70,-67,-70,-71,-74,-74,-68,-68,0,0,-76,-77,-75,0,-64,-65,0,0,-82,-83,0,-89,-88,0,0,0,0,0,0,0,-77,-74,-74,-72,-57
-71,-69,-69,-67,0,0,0,-71,-86,-79,-84,-86,-77,-77,-82,-78,0,0,-70,-67,-70,-71,-74,-74,-68,-68,0,0,-76,-77,-75,0,-64,-65,0,0,-82,-83,0,-89,-88,0,0,0,0,0,0,0,-77,-74,-74,-72,-57
-72,-69,-69,-69,-80,0,-81,-71,-83,-79,-84,-86,-75,-75,-82,-78,0,0,-70,-67,-70,-71,-75,-74,-73,-73,0,0,-78,-77,-75,0,-67,-67,0,0,-81,-81,0,-89,-88,0,0,0,0,-82,-82,0,0,-74,-87,-68,-63
-72,-69,-69,-69,-80,0,-81,-71,-83,-79,-84,-86,-75,-75,-82,-78,0,0,-70,-67,-70,-71,-75,-74,-73,-73,0,0,-78,-77,-75,0,-67,-67,0,0,-81,-81,0,-89,-88,0,0,0,0,-82,-82,0,0,-74,-87,-68,-63
-72,-69,-69,-69,-80,0,-81,-71,-83,-79,-84,-86,-75,-75,-82,-78,0,0,-70,-67,-70,-71,-75,-74,-73,-73,0,0,-78,-77,-75,0,-67,-67,0,0,-81,-81,0,-89,-88,0,0,0,0,-82,-82,0,0,-74,-87,-68,-63
-72,-69,-69,-69,-80,0,-81,-71,-83,-79,-84,-86,-75,-75,-82,-78,0,0,-70,-67,-70,-71,-75,-74,-73,-73,0,0,-78,-77,-75,0,-67,-67,0,0,-81,-81,0,-89,-88,0,0,0,0,-82,-82,0,0,-74,-87,-68,-63
-71,-72,-70,-70,-80,0,-81,-71,-83,-83,0,0,-76,-74,-82,-78,0,0,0,0,-72,-72,-77,-76,-72,-72,0,0,-70,-76,0,-75,-63,-63,0,0,-80,-81,0,0,0,0,0,0,0,-82,-82,0,0,0,-87,-73,-64
-71,-72,-70,-70,-80,0,-81,-71,-83,-83,0,0,-76,-74,-82,-78,0,0,0,0,-72,-72,-77,-76,-72,-72,0,0,-70,-76,0,-75,-63,-63,0,0,-80,-81,0,0,0,0,0,0,0,-82,-82,0,0,0,-87,-73,-64
-71,-72,-70,-70,-80,0,-81,-71,-83,-83,0,0,-76,-74,-82,-78,0,0,0,0,-72,-72,-77,-76,-72,-72,0,0,-70,-76,0,-75,-63,-63,0,0,-80,-81,0,0,0,0,0,0,0,-82,-82,0,0,0,-87,-73,-64
-75,-72,-69,-69,-80,-80,-80,0,-84,-84,0,0,-76,-77,-84,0,0,0,0,0,-69,-70,-77,-76,-68,-68,0,0,-76,-77,-77,-75,-63,-63,0,0,-80,-79,0,0,-87,-82,-83,0,0,-82,-82,0,-85,0,-87,-74,-64
-75,-72,-69,-69,-80,-80,-80,0,-84,-84,0,0,-76,-77,-84,0,0,0,0,0,-69,-70,-77,-76,-68,-68,0,0,-76,-77,-77,-75,-63,-63,0,0,-80,-79,0,0,-87,-82,-83,0,0,-82,-82,0,-85,0,-87,-74,-64
-75,-72,-69,-69,-80,-80,-80,0,-84,-84,0,0,-76,-77,-84,0,0,0,0,0,-69,-70,-77,-76,-68,-68,0,0,-76,-77,-77,-75,-63,-63,0,0,-80,-79,0,0,-87,-82,-83,0,0,-82,-82,0,-85,0,-87,-74,-64
-75,-72,-69,-69,-80,-80,-80,0,-84,-84,0,0,-76,-77,-84,0,0,0,0,0,-69,-70,-77,-76,-68,-68,0,0,-76,-77,-77,-75,-63,-63,0,0,-80,-79,0,0,-87,-82,-83,0,0,-82,-82,0,-85,0,-87,-74,-64
-75,-74,-70,-70,0,-80,-80,-78,-84,-84,0,-82,-76,-76,-79,0,0,0,0,-70,-70,-70,-77,-78,-67,-68,0,0,-78,-78,-77,-75,-63,-63,0,0,-80,-80,0,0,-87,-82,-83,0,0,0,0,0,-85,0,0,-76,-64
-75,-74,-70,-70,0,-80,-80,-78,-84,-84,0,-82,-76,-76,-79,0,0,0,0,-70,-70,-70,-77,-78,-67,-68,0,0,-78,-78,-77,-75,-63,-63,0,0,-80,-80,0,0,-87,-82,-83,0,0,0,0,0,-85,0,0,-76,-64
-75,-74,-70,-70,0,-80,-80,-78,-84,-84,0,-82,-76,-76,-79,0,0,0,0,-70,-70,-70,-77,-78,-67,-68,0,0,-78,-78,-77,-75,-63,-63,0,0,-80,-80,0,0,-87,-82,-83,0,0,0,0,0,-85,0,0,-76,-64
-75,-74,-70,-70,0,-80,-80,-78,-84,-84,0,-82,-76,-76,-79,0,0,0,0,-70,-70,-70,-77,-78,-67,-68,0,0,-78,-78,-77,-75,-63,-63,0,0,-80,-80,0,0,-87,-82,-83,0,0,0,0,0,-85,0,0,-76,-64
-74,-72,-67,-66,0,-83,-83,-78,-82,-83,-83,-83,-75,-75,-79,-76,0,0,0,-70,-70,-70,0,-78,-69,-69,0,0,-76,-76,-78,-76,-74,-74,0,0,-81,-81,0,0,-87,-82,-83,0,0,0,0,0,-85,0,0,-75,-64
-74,-72,-67,-66,0,-83,-83,-78,-82,-83,-83,-83,-75,-75,-79,-76,0,0,0,-70,-70,-70,0,-78,-69,-69,0,0,-76,-76,-78,-76,-74,-74,0,0,-81,-81,0,0,-87,-82,-83,0,0,0,0,0,-85,0,0,-75,-64
-74,-72,-67,-66,0,-83,-83,-78,-82,-83,-83,-83,-75,-75,-79,-76,0,0,0,-70,-70,-70,0,-78,-69,-69,0,0,-76,-76,-78,-76,-74,-74,0,0,-81,-81,0,0,-87,-82,-83,0,0,0,0,0,-85,0,0,-75,-64
