-71,-69,-67,-66,-77,0,-83,-77,-75,-75,0,0,-65,-65,0,0,0,-79,-74,-72,-74,-74,-76,-73,-70,-69,-78,-88,-76,-75,-63,-72,-70,-70,0,0,-78,-78,0,0,0,0,0,0,0,-84,-83,0,0,-79,-80,-65,-64
-71,-69,-67,-66,-77,0,-83,-77,-75,-75,0,0,-65,-65,0,0,0,-79,-74,-72,-74,-74,-76,-73,-70,-69,-78,-88,-76,-75,-63,-72,-70,-70,0,0,-78,-78,0,0,0,0,0,0,0,-84,-83,0,0,-79,-80,-65,-64
-71,-69,-67,-66,-77,0,-83,-77,-75,-75,0,0,-65,-65,0,0,0,-79,-74,-72,-74,-74,-76,-73,-70,-69,-78,-88,-76,-75,-63,-72,-70,-70,0,0,-78,-78,0,0,0,0,0,0,0,-84,-83,0,0,-79,-80,-65,-64
-71,-69,-67,-66,-77,0,-83,-77,-75,-75,0,0,-65,-65,0,0,0,-79,-74,-72,-74,-74,-76,-73,-70,-69,-78,-88,-76,-75,-63,-72,-70,-70,0,0,-78,-78,0,0,0,0,0,0,0,-84,-83,0,0,-79,-80,-65,-64
-71,-68,-71,-70,-77,0,-83,-71,-80,-81,0,0,-69,-70,0,-67,0,0,-74,-72,-74,-74,-76,-70,-65,-65,-77,-83,-73,-73,-76,-75,-65,-67,0,0,-79,-79,0,-83,-84,-84,-86,0,0,-83,-83,0,0,-85,-80,-60,-54
-71,-68,-71,-70,-77,0,-83,-71,-80,-81,0,0,-69,-70,0,-67,0,0,-74,-72,-74,-74,-76,-70,-65,-65,-77,-83,-73,-73,-76,-75,-65,-67,0,0,-79,-79,0,-83,-84,-84,-86,0,0,-83,-83,0,0,-85,-80,-60,-54
-71,-68,-71,-70,-77,0,-83,-71,-80,-81,0,0,-69,-70,0,-67,0,0,-74,-72,-74,-74,-76,-70,-65,-65,-77,-83,-73,-73,-76,-75,-65,-67,0,0,-79,-79,0,-83,-84,-84,-86,0,0,-83,-83,0,0,-85,-80,-60,-54
-71,-68,-71,-70,-77,0,-83,-71,-80,-81,0,0,-69,-70,0,-67,0,0,-74,-72,-74,-74,-76,-70,-65,-65,-77,-83,-73,-73,-76,-75,-65,-67,0,0,-79,-79,0,-83,-84,-84,-86,0,0,-83,-83,0,0,-85,-80,-60,-54
0,-68,-73,-70,-77,0,0,-78,-76,-77,0,0,-71,-72,0,-67,0,0,0,0,-73,-72,0,-70,-69,-69,-80,-91,-74,-74,-76,-75,-65,-65,0,0,-74,-74,0,-83,-84,-86,-86,0,0,-82,-83,0,0,-84,-84,-63,-64
0,-68,-73,-70,-77,0,0,-78,-76,-77,0,0,-71,-72,0,-67,0,0,0,0,-73,-72,0,-70,-69,-69,-80,-91,-74,-74,-76,-75,-65,-65,0,0,-74,-74,0,-83,-84,-86,-86,0,0,-82,-83,0,0,-84,-84,-63,-64
0,-68,-73,-70,-77,0,0,-78,-76,-77,0,0,-71,-72,0,-67,0,0,0,0,-73,-72,0,-70,-69,-69,-80,-91,-74,-74,-76,-75,-65,-65,0,0,-74,-74,0,-83,-84,-86,-86,0,0,-82,-83,0,0,-84,-84,-63,-64
0,-68,-73,-70,-77,0,0,-78,-76,-77,0,0,-71,-72,0,-67,0,0,0,0,-73,-72,0,-70,-69,-69,-80,-91,-74,-74,-76,-75,-65,-65,0,0,-74,-74,0,-83,-84,-86,-86,0,0,-82,-83,0,0,-84,-84,-63,-64
-72,-70,-71,-70,-86,-87,0,-78,-83,-82,-76,-75,-68,-68,0,-73,0,0,0,-66,-71,-72,-70,-69,-65,-65,-80,-91,-76,-76,-76,-75,-68,-68,0,0,-76,-77,-89,-83,-84,-86,-86,0,0,-82,-83,0,0,-84,-84,-64,-67
-72,-70,-71,-70,-86,-87,0,-78,-83,-82,-76,-75,-68,-68,0,-73,0,0,0,-66,-71,-72,-70,-69,-65,-65,-80,-91,-76,-76,-76,-75,-68,-68,0,0,-76,-77,-89,-83,-84,-86,-86,0,0,-82,-83,0,0,-84,-84,-64,-67
-72,-70,-71,-70,-86,-87,0,-78,-83,-82,-76,-75,-68,-68,0,-73,0,0,0,-66,-71,-72,-70,-69,-65,-65,-80,-91,-76,-76,-76,-75,-68,-68,0,0,-76,-77,-89,-83,-84,-86,-86,0,0,-82,-83,0,0,-84,-84,-64,-67
-72,-70,-71,-70,-86,-87,0,-78,-83,-82,-76,-75,-68,-68,0,-73,0,0,0,-66,-71,-72,-70,-69,-65,-65,-80,-91,-76,-76,-76,-75,-68,-68,0,0,-76,-77,-89,-83,-84,-86,-86,0,0,-82,-83,0,0,-84,-84,-64,-67
-72,-67,-69,-69,-86,-81,-81,-78,-81,-81,-76,-75,-67,-68,0,-73,0,0,0,-66,-71,-72,-70,-66,-65,-65,-79,-86,-78,-78,0,0,-66,-66,0,-77,-77,-77,-89,0,0,-86,0,0,0,-82,0,0,0,-84,-84,-64,-71
-72,-67,-69,-69,-86,-81,-81,-78,-81,-81,-76,-75,-67,-68,0,-73,0,0,0,-66,-71,-72,-70,-66,-65,-65,-79,-86,-78,-78,0,0,-66,-66,0,-77,-77,-77,-89,0,0,-86,0,0,0,-82,0,0,0,-84,-84,-64,-71
-72,-67,-69,-69,-86,-81,-81,-78,-81,-81,-76,-75,-67,-68,0,-73,0,0,0,-66,-71,-72,-70,-66,-65,-65,-79,-86,-78,-78,0,0,-66,-66,0,-77,-77,-77,-89,0,0,-86,0,0,0,-82,0,0,0,-84,-84,-64,-71
-71,-68,-70,-70,-86,-79,-78,0,-78,-78,-76,-75,-67,-67,0,-73,0,-80,0,-66,-70,-70,-71,-69,-65,-64,-79,-86,-76,-76,0,0,-65,-66,0,-77,-76,-76,-89,-83,0,0,0,-87,0,0,0,0,0,-84,-84,-69,-67
-71,-68,-70,-70,-86,-79,-78,0,-78,-78,-76,-75,-67,-67,0,-73,0,-80,0,-66,-70,-70,-71,-69,-65,-64,-79,-86,-76,-76,0,0,-65,-66,0,-77,-76,-76,-89,-83,0,0,0,-87,0,0,0,0,0,-84,-84,-69,-67
-71,-68,-70,-70,-86,-79,-78,0,-78,-78,-76,-75,-67,-67,0,-73,0,-80,0,-66,-70,-70,-71,-69,-65,-64,-79,-86,-76,-76,0,0,-65,-66,0,-77,-76,-76,-89,-83,0,0,0,-87,0,0,0,0,0,-84,-84,-69,-67
-71,-68,-70,-70,-86,-79,-78,0,-78,-78,-76,-75,-67,-67,0,-73,0,-80,0,-66,-70,-70,-71,-69,-65,-64,-79,-86,-76,-76,0,0,-65,-66,0,-77,-76,-76,-89,-83,0,0,0,-87,0,0,0,0,0,-84,-84,-69,-67
-71,-68,-70,-70,-86,-79,-78,0,-78,-78,-76,-75,-67,-67,0,-73,0,-80,0,-66,-70,-70,-71,-69,-65,-64,-79,-86,-76,-76,0,0,-65,-66,0,-77,-76,-76,-89,-83,0,0,0,-87,0,0,0,0,0,-84,-84,-69,-67
-71,-68,-70,-70,-86,-79,-78,0,-78,-78,-76,-75,-67,-67,0,-73,0,-80,0,-66,-70,-70,-71,-69,-65,-64,-79,-86,-76,-76,0,0,-65,-66,0,-77,-76,-76,-89,-83,0,0,0,-87,0,0,0,0,0,-84,-84,-69,-67
-71,-69,-71,-71,0,-79,-78,0,-78,-78,-76,-77,-81,-79,-72,-69,0,-80,0,-65,-69,-69,-71,-69,-70,-70,-79,-83,-76,-77,0,0,-60,-60,-83,-77,-76,-77,0,-83,-82,0,0,-87,0,0,-87,0,0,-84,-84,-63,-64
-71,-69,-71,-71,0,-79,-78,0,-78,-78,-76,-77,-81,-79,-72,-69,0,-80,0,-65,-69,-69,-71,-69,-70,-70,-79,-83,-76,-77,0,0,-60,-60,-83,-77,-76,-77,0,-83,-82,0,0,-87,0,0,-87,0,0,-84,-84,-63,-64
-71,-69,-71,-71,0,-79,-78,0,-78,-78,-76,-77,-81,-79,-72,-69,0,-80,0,-65,-69,-69,-71,-69,-70,-70,-79,-83,-76,-77,0,0,-60,-60,-83,-77,-76,-77,0,-83,-82,0,0,-87,0,0,-87,0,0,-84,-84,-63,-64
-71,-69,-71,-71,0,-79,-78,0,-78,-78,-76,-77,-81,-79,-72,-69,0,-80,0,-65,-69,-69,-71,-69,-70,-70,-79,-83,-76,-77,0,0,-60,-60,-83,-77,-76,-77,0,-83,-82,0,0,-87,0,0,-87,0,0,-84,-84,-63,-64
-71,-69,-71,-71,0,-79,-81,-75,-76,-76,-76,-77,-75,-74,-72,-69,0,-80,0,-69,-65,-66,-71,-69,-64,-64,-79,-77,-77,-78,-72,-79,-64,-64,-83,-77,-71,-72,0,-83,-82,0,-85,-87,0,-82,-81,-83,-79,0,0,-61,-59
-71,-69,-71,-71,0,-79,-81,-75,-76,-76,-76,-77,-75,-74,-72,-69,0,-80,0,-69,-65,-66,-71,-69,-64,-64,-79,-77,-77,-78,-72,-79,-64,-64,-83,-77,-71,-72,0,-83,-82,0,-85,-87,0,-82,-81,-83,-79,0,0,-61,-59
-71,-69,-71,-71,0,-79,-81,-75,-76,-76,-76,-77,-75,-74,-72,-69,0,-80,0,-69,-65,-66,-71,-69,-64,-64,-79,-77,-77,-78,-72,-79,-64,-64,-83,-77,-71,-72,0,-83,-82,0,-85,-87,0,-82,-81,-83,-79,0,0,-61,-59
-71,-69,-71,-71,0,-79,-81,-75,-76,-76,-76,-77,-75,-74,-72,-69,0,-80,0,-69,-65,-66,-71,-69,-64,-64,-79,-77,-77,-78,-72,-79,-64,-64,-83,-77,-71,-72,0,-83,-82,0,-85,-87,0,-82,-81,-83,-79,0,0,-61,-59
-71,-69,-73,-70,0,-82,-83,-75,-77,-78,-76,-77,-76,-77,-72,-74,-78,-79,0,-69,-65,-65,0,0,-64,-64,-79,-77,-80,-80,-72,-79,-66,-66,-83,0,-73,-73,0,-82,-80,-85,-84,0,0,-84,-82,-83,-79,0,0,-61,-60
-71,-69,-73,-70,0,-82,-83,-75,-77,-78,-76,-77,-76,-77,-72,-74,-78,-79,0,-69,-65,-65,0,0,-64,-64,-79,-77,-80,-80,-72,-79,-66,-66,-83,0,-73,-73,0,-82,-80,-85,-84,0,0,-84,-82,-83,-79,0,0,-61,-60
-71,-69,-73,-70,0,-82,-83,-75,-77,-78,-76,-77,-76,-77,-72,-74,-78,-79,0,-69,-65,-65,0,0,-64,-64,-79,-77,-80,-80,-72,-79,-66,-66,-83,0,-73,-73,0,-82,-80,-85,-84,0,0,-84,-82,-83,-79,0,0,-61,-60
-71,-69,-73,-70,0,-82,-83,-75,-77,-78,-76,-77,-76,-77,-72,-74,-78,-79,0,-69,-65,-65,0,0,-64,-64,-79,-77,-80,-80,-72,-79,-66,-66,-83,0,-73,-73,0,-82,-80,-85,-84,0,0,-84,-82,-83,-79,0,0,-61,-60
0,-74,-70,-69,0,-82,-83,-75,-77,-77,0,0,-73,-73,0,-74,-77,-78,0,-69,-68,-70,-71,-70,-67,-67,0,-77,-76,-77,-72,-79,-71,-71,0,-75,-73,-73,0,-82,-80,-84,-83,0,0,-84,-82,-83,-79,0,0,-62,-62
0,-74,-70,-69,0,-82,-83,-75,-77,-77,0,0,-73,-73,0,-74,-77,-78,0,-69,-68,-70,-71,-70,-67,-67,0,-77,-76,-77,-72,-79,-71,-71,0,-75,-73,-73,0,-82,-80,-84,-83,0,0,-84,-82,-83,-79,0,0,-62,-62
0,-74,-70,-69,0,-82,-83,-75,-77,-77,0,0,-73,-73,0,-74,-77,-78,0,-69,-68,-70,-71,-70,-67,-67,0,-77,-76,-77,-72,-79,-71,-71,0,-75,-73,-73,0,-82,-80,-84,-83,0,0,-84,-82,-83,-79,0,0,-62,-62
0,-74,-74,-72,0,-80,-79,-77,-77,-77,-80,-79,-72,-72,0,-73,-77,-78,0,0,-73,-74,-71,-70,-66,-66,0,0,-74,-74,0,0,-70,-70,0,-79,-73,-73,0,-82,-80,-84,-83,0,0,-83,-82,0,0,0,0,-59,-62
0,-74,-74,-72,0,-80,-79,-77,-77,-77,-80,-79,-72,-72,0,-73,-77,-78,0,0,-73,-74,-71,-70,-66,-66,0,0,-74,-74,0,0,-70,-70,0,-79,-73,-73,0,-82,-80,-84,-83,0,0,-83,-82,0,0,0,0,-59,-62
0,-74,-74,-72,0,-80,-79,-77,-77,-77,-80,-79,-72,-72,0,-73,-77,-78,0,0,-73,-74,-71,-70,-66,-66,0,0,-74,-74,0,0,-70,-70,0,-79,-73,-73,0,-82,-80,-84,-83,0,0,-83,-82,0,0,0,0,-59,-62
0,-74,-74,-72,0,-80,-79,-77,-77,-77,-80,-79,-72,-72,0,-73,-77,-78,0,0,-73,-74,-71,-70,-66,-66,0,0,-74,-74,0,0,-70,-70,0,-79,-73,-73,0,-82,-80,-84,-83,0,0,-83,-82,0,0,0,0,-59,-62
0,-74,-71,-70,0,-84,-84,-77,-77,-78,-80,-79,-70,-70,-76,-73,-77,-78,-70,-68,-76,-76,-71,-73,-68,-68,0,0,-76,-77,-76,-76,-66,-67,-79,-79,-74,-74,0,-82,0,-84,-85,0,0,-80,0,0,0,-84,-83,-61,-57
0,-74,-71,-70,0,-84,-84,-77,-77,-78,-80,-79,-70,-70,-76,-73,-77,-78,-70,-68,-76,-76,-71,-73,-68,-68,0,0,-76,-77,-76,-76,-66,-67,-79,-79,-74,-74,0,-82,0,-84,-85,0,0,-80,0,0,0,-84,-83,-61,-57
0,-74,-71,-70,0,-84,-84,-77,-77,-78,-80,-79,-70,-70,-76,-73,-77,-78,-70,-68,-76,-76,-71,-73,-68,-68,0,0,-76,-77,-76,-76,-66,-67,-79,-79,-74,-74,0,-82,0,-84,-85,0,0,-80,0,0,0,-84,-83,-61,-57
0,-74,-71,-70,0,-84,-84,-77,-77,-78,-80,-79,-70,-70,-76,-73,-77,-78,-70,-68,-76,-76,-71,-73,-68,-68,0,0,-76,-77,-76,-76,-66,-67,-79,-79,-74,-74,0,-82,0,-84,-85,0,0,-80,0,0,0,-84,-83,-61,-57
0,0,-71,-69,0,-83,-84,-76,-80,-78,-79,-79,-68,-68,-76,-73,-79,-80,-70,-68,-73,-73,0,-73,-68,-67,0,0,-76,-77,-76,-76,-65,-65,-79,-79,-79,-80,0,-82,0,0,-85,0,0,-83,-84,0,0,-84,-83,-61,-60
0,0,-71,-69,0,-83,-84,-76,-80,-78,-79,-79,-68,-68,-76,-73,-79,-80,-70,-68,-73,-73,0,-73,-68,-67,0,0,-76,-77,-76,-76,-65,-65,-79,-79,-79,-80,0,-82,0,0,-85,0,0,-83,-84,0,0,-84,-83,-61,-60
0,0,-71,-69,0,-83,-84,-76,-80,-78,-79,-79,-68,-68,-76,-73,-79,-80,-70,-68,-73,-73,0,-73,-68,-67,0,0,-76,-77,-76,-76,-65,-65,-79,-79,-79,-80,0,-82,0,0,-85,0,0,-83,-84,0,0,-84,-83,-61,-60
0,0,-71,-69,0,-83,-84,-76,-80,-78,-79,-79,-68,-68,-76,-73,-79,-80,-70,-68,-73,-73,0,-73,-68,-67,0,0,-76,-77,-76,-76,-65,-65,-79,-79,-79,-80,0,-82,0,0,-85,0,0,-83,-84,0,0,-84,-83,-61,-60
-76,-73,-70,-70,0,-83,-85,-76,-80,-80,-79,0,-70,-69,-76,0,-79,-80,-70,-68,-72,-72,0,-73,-68,-68,0,0,-73,-73,-76,-76,-66,-66,-79,0,-78,-79,0,0,0,-82,-83,0,0,-83,-84,0,0,-83,-83,-61,-60
-76,-73,-70,-70,0,-83,-85,-76,-80,-80,-79,0,-70,-69,-76,0,-79,-80,-70,-68,-72,-72,0,-73,-68,-68,0,0,-73,-73,-76,-76,-66,-66,-79,0,-78,-79,0,0,0,-82,-83,0,0,-83,-84,0,0,-83,-83,-61,-60
-76,-73,-70,-70,0,-83,-85,-76,-80,-80,-79,0,-70,-69,-76,0,-79,-80,-70,-68,-72,-72,0,-73,-68,-68,0,0,-73,-73,-76,-76,-66,-66,-79,0,-78,-79,0,0,0,-82,-83,0,0,-83,-84,0,0,-83,-83,-61,-60
-76,-73,-68,-68,0,-81,-79,-76,-81,-79,-77,-77,-70,-69,0,0,-79,-80,0,0,-73,-74,0,0,-70,-70,0,0,-76,-76,0,-74,-69,-69,0,0,-80,-79,0,-84,-84,-82,-83,0,0,-81,-81,0,0,-83,-83,-61,-61
-76,-73,-68,-68,0,-81,-79,-76,-81,-79,-77,-77,-70,-69,0,0,-79,-80,0,0,-73,-74,0,0,-70,-70,0,0,-76,-76,0,-74,-69,-69,0,0,-80,-79,0,-84,-84,-82,-83,0,0,-81,-81,0,0,-83,-83,-61,-61
-76,-73,-68,-68,0,-81,-79,-76,-81,-79,-77,-77,-70,-69,0,0,-79,-80,0,0,-73,-74,0,0,-70,-70,0,0,-76,-76,0,-74,-69,-69,0,0,-80,-79,0,-84,-84,-82,-83,0,0,-81,-81,0,0,-83,-83,-61,-61
-76,-73,-68,-68,0,-81,-79,-76,-81,-79,-77,-77,-70,-69,0,0,-79,-80,0,0,-73,-74,0,0,-70,-70,0,0,-76,-76,0,-74,-69,-69,0,0,-80,-79,0,-84,-84,-82,-83,0,0,-81,-81,0,0,-83,-83,-61,-61
-76,-73,-70,-69,0,-81,-79,-77,-77,-77,-77,-77,-70,-71,0,-72,0,0,-67,-78,-74,-75,-75,0,-68,-67,-81,-82,-76,-76,0,-72,-69,-69,0,0,-78,-78,0,-84,-84,-84,-83,0,0,-81,-81,0,0,-82,-83,-62,-61
-76,-73,-70,-69,0,-81,-79,-77,-77,-77,-77,-77,-70,-71,0,-72,0,0,-67,-78,-74,-75,-75,0,-68,-67,-81,-82,-76,-76,0,-72,-69,-69,0,0,-78,-78,0,-84,-84,-84,-83,0,0,-81,-81,0,0,-82,-83,-62,-61
-76,-73,-70,-69,0,-81,-79,-77,-77,-77,-77,-77,-70,-71,0,-72,0,0,-67,-78,-74,-75,-75,0,-68,-67,-81,-82,-76,-76,0,-72,-69,-69,0,0,-78,-78,0,-84,-84,-84,-83,0,0,-81,-81,0,0,-82,-83,-62,-61
-76,-73,-70,-69,0,-81,-79,-77,-77,-77,-77,-77,-70,-71,0,-72,0,0,-67,-78,-74,-75,-75,0,-68,-67,-81,-82,-76,-76,0,-72,-69,-69,0,0,-78,-78,0,-84,-84,-84,-83,0,0,-81,-81,0,0,-82,-83,-62,-61
-76,-72,-72,-70,0,-81,-79,-77,-79,-80,-77,-77,-69,-69,-75,-73,0,0,-67,-65,-71,-71,-75,0,-68,-68,-81,-82,-76,-76,0,-72,-67,-67,0,-77,-73,-74,0,-84,-82,-81,-83,0,0,-81,-81,0,0,-82,-83,-63,-63
0,-73,-70,-69,0,-83,-82,-79,-79,-78,-79,-77,-74,-75,-71,-71,-76,-78,0,-68,-74,-74,0,-68,-67,-67,-80,-80,-77,-77,-77,-75,-65,-65,0,-79,-76,-76,0,-82,-80,-81,-82,0,0,-83,-83,0,0,0,0,-63,-61
0,-73,-70,-69,0,-83,-82,-79,-79,-78,-79,-77,-74,-75,-71,-71,-76,-78,0,-68,-74,-74,0,-68,-67,-67,-80,-80,-77,-77,-77,-75,-65,-65,0,-79,-76,-76,0,-82,-80,-81,-82,0,0,-83,-83,0,0,0,0,-63,-61
0,-73,-70,-69,0,-83,-82,-79,-79,-78,-79,-77,-74,-75,-71,-71,-76,-78,0,-68,-74,-74,0,-68,-67,-67,-80,-80,-77,-77,-77,-75,-65,-65,0,-79,-76,-76,0,-82,-80,-81,-82,0,0,-83,-83,0,0,0,0,-63,-61
0,-73,-70,-69,0,-83,-82,-79,-79,-78,-79,-77,-74,-75,-71,-71,-76,-78,0,-68,-74,-74,0,-68,-67,-67,-80,-80,-77,-77,-77,-75,-65,-65,0,-79,-76,-76,0,-82,-80,-81,-82,0,0,-83,-83,0,0,0,0,-63,-61
0,-73,-70,-64,-79,-83,-82,-79,-82,-82,-79,-77,-66,-66,-71,-72,-77,-78,0,-68,-66,-66,-83,-81,-71,-72,-80,-80,-76,-76,-69,-75,-67,-67,0,-88,-80,-81,0,-82,-80,0,-82,0,0,-83,-83,0,0,-77,-77,-67,-56
0,-73,-70,-64,-79,-83,-82,-79,-82,-82,-79,-77,-66,-66,-71,-72,-77,-78,0,-68,-66,-66,-83,-81,-71,-72,-80,-80,-76,-76,-69,-75,-67,-67,0,-88,-80,-81,0,-82,-80,0,-82,0,0,-83,-83,0,0,-77,-77,-67,-56
0,-73,-70,-64,-79,-83,-82,-79,-82,-82,-79,-77,-66,-66,-71,-72,-77,-78,0,-68,-66,-66,-83,-81,-71,-72,-80,-80,-76,-76,-69,-75,-67,-67,0,-88,-80,-81,0,-82,-80,0,-82,0,0,-83,-83,0,0,-77,-77,-67,-56
0,-73,-70,-64,-79,-83,-82,-79,-82,-82,-79,-77,-66,-66,-71,-72,-77,-78,0,-68,-66,-66,-83,-81,-71,-72,-80,-80,-76,-76,-69,-75,-67,-67,0,-88,-80,-81,0,-82,-80,0,-82,0,0,-83,-83,0,0,-77,-77,-67,-56
-71,-69,-67,-67,-78,0,0,-74,-81,-82,0,0,-67,-67,-71,-69,-78,-78,0,0,-65,-65,-83,-81,-71,-71,-82,0,-77,-80,-73,-76,-64,-64,0,-88,-80,-79,0,0,0,0,0,0,0,-85,-85,0,0,-80,-78,-70,-59
-71,-69,-67,-67,-78,0,0,-74,-81,-82,0,0,-67,-67,-71,-69,-78,-78,0,0,-65,-65,-83,-81,-71,-71,-82,0,-77,-80,-73,-76,-64,-64,0,-88,-80,-79,0,0,0,0,0,0,0,-85,-85,0,0,-80,-78,-70,-59
-71,-69,-67,-67,-78,0,0,-74,-81,-82,0,0,-67,-67,-71,-69,-78,-78,0,0,-65,-65,-83,-81,-71,-71,-82,0,-77,-80,-73,-76,-64,-64,0,-88,-80,-79,0,0,0,0,0,0,0,-85,-85,0,0,-80,-78,-70,-59
-71,-69,-67,-67,-78,0,0,-74,-81,-82,0,0,-67,-67,-71,-69,-78,-78,0,0,-65,-65,-83,-81,-71,-71,-82,0,-77,-80,-73,-76,-64,-64,0,-88,-80,-79,0,0,0,0,0,0,0,-85,-85,0,0,-80,-78,-70,-59
-72,-69,-66,-65,-78,0,0,-74,-81,-81,0,0,-68,-68,-71,-69,-77,-78,0,0,-67,-66,-83,-79,-74,-74,-82,0,-79,-79,-73,-76,-65,-65,0,-88,-80,-81,0,0,-90,-83,-84,0,0,-85,-85,-85,-79,-80,-80,-66,-58
-72,-69,-66,-65,-78,0,0,-74,-81,-81,0,0,-68,-68,-71,-69,-77,-78,0,0,-67,-66,-83,-79,-74,-74,-82,0,-79,-79,-73,-76,-65,-65,0,-88,-80,-81,0,0,-90,-83,-84,0,0,-85,-85,-85,-79,-80,-80,-66,-58
-72,-69,-66,-65,-78,0,0,-74,-81,-81,0,0,-68,-68,-71,-69,-77,-78,0,0,-67,-66,-83,-79,-74,-74,-82,0,-79,-79,-73,-76,-65,-65,0,-88,-80,-81,0,0,-90,-83,-84,0,0,-85,-85,-85,-79,-80,-80,-66,-58
-72,-69,-66,-65,-78,0,0,-74,-81,-81,0,0,-68,-68,-71,-69,-77,-78,0,0,-67,-66,-83,-79,-74,-74,-82,0,-79,-79,-73,-76,-65,-65,0,-88,-80,-81,0,0,-90,-83,-84,0,0,-85,-85,-85,-79,-80,-80,-66,-58
-68,-65,-70,-64,-78,0,0,-74,-80,-81,0,0,-69,-69,-72,-71,-77,-78,0,0,-66,-68,0,-79,-71,-71,-83,-85,-81,-83,-74,-76,-67,-67,0,0,-80,-81,0,0,-90,-83,-84,0,0,-85,-85,-85,-79,-81,-81,-73,-62
-68,-65,-70,-64,-78,0,0,-74,-80,-81,0,0,-69,-69,-72,-71,-77,-78,0,0,-66,-68,0,-79,-71,-71,-83,-85,-81,-83,-74,-76,-67,-67,0,0,-80,-81,0,0,-90,-83,-84,0,0,-85,-85,-85,-79,-81,-81,-73,-62
-68,-65,-70,-64,-78,0,0,-74,-80,-81,0,0,-69,-69,-72,-71,-77,-78,0,0,-66,-68,0,-79,-71,-71,-83,-85,-81,-83,-74,-76,-67,-67,0,0,-80,-81,0,0,-90,-83,-84,0,0,-85,-85,-85,-79,-81,-81,-73,-62
-68,-65,-70,-64,-78,0,0,-74,-80,-81,0,0,-69,-69,-72,-71,-77,-78,0,0,-66,-68,0,-79,-71,-71,-83,-85,-81,-83,-74,-76,-67,-67,0,0,-80,-81,0,0,-90,-83,-84,0,0,-85,-85,-85,-79,-81,-81,-73,-62
-69,-66,-68,-65,0,0,0,0,-82,-79,0,0,-65,-65,-72,-71,-77,-78,-67,-64,-66,-67,-80,-79,-71,-71,-83,-85,-79,-80,-74,-69,-61,-62,0,0,-79,-80,0,0,-90,-83,-84,0,0,0,0,-85,-79,-77,-78,-74,-58
-69,-66,-68,-65,0,0,0,0,-82,-79,0,0,-65,-65,-72,-71,-77,-78,-67,-64,-66,-67,-80,-79,-71,-71,-83,-85,-79,-80,-74,-69,-61,-62,0,0,-79,-80,0,0,-90,-83,-84,0,0,0,0,-85,-79,-77,-78,-74,-58
-69,-66,-68,-65,0,0,0,0,-82,-79,0,0,-65,-65,-72,-71,-77,-78,-67,-64,-66,-67,-80,-79,-71,-71,-83,-85,-79,-80,-74,-69,-61,-62,0,0,-79,-80,0,0,-90,-83,-84,0,0,0,0,-85,-79,-77,-78,-74,-58
-69,-71,-69,-66,0,0,0,0,-81,-80,-81,-81,-65,-64,-72,-71,-79,-77,-67,-64,-68,-68,-80,-81,-67,-67,-83,-85,-79,-79,-74,-67,-62,-62,0,0,-78,-78,0,0,-89,0,0,0,0,0,0,0,0,-78,-77,-66,-62
-69,-71,-69,-66,0,0,0,0,-81,-80,-81,-81,-65,-64,-72,-71,-79,-77,-67,-64,-68,-68,-80,-81,-67,-67,-83,-85,-79,-79,-74,-67,-62,-62,0,0,-78,-78,0,0,-89,0,0,0,0,0,0,0,0,-78,-77,-66,-62
-69,-71,-69,-66,0,0,0,0,-81,-80,-81,-81,-65,-64,-72,-71,-79,-77,-67,-64,-68,-68,-80,-81,-67,-67,-83,-85,-79,-79,-74,-67,-62,-62,0,0,-78,-78,0,0,-89,0,0,0,0,0,0,0,0,-78,-77,-66,-62
-69,-71,-69,-66,0,0,0,0,-81,-80,-81,-81,-65,-64,-72,-71,-79,-77,-67,-64,-68,-68,-80,-81,-67,-67,-83,-85,-79,-79,-74,-67,-62,-62,0,0,-78,-78,0,0,-89,0,0,0,0,0,0,0,0,-78,-77,-66,-62
-72,-71,-70,-63,0,-85,-84,0,-80,-82,-72,-73,-68,-68,0,-71,-77,-77,-67,-64,-66,-67,-80,-81,-68,-68,0,0,-81,-81,0,-67,-65,-65,0,0,-79,-80,0,-89,-89,0,0,0,0,0,0,0,0,-81,-80,-65,-61
-72,-71,-70,-63,0,-85,-84,0,-80,-82,-72,-73,-68,-68,0,-71,-77,-77,-67,-64,-66,-67,-80,-81,-68,-68,0,0,-81,-81,0,-67,-65,-65,0,0,-79,-80,0,-89,-89,0,0,0,0,0,0,0,0,-81,-80,-65,-61
-72,-71,-70,-63,0,-85,-84,0,-80,-82,-72,-73,-68,-68,0,-71,-77,-77,-67,-64,-66,-67,-80,-81,-68,-68,0,0,-81,-81,0,-67,-65,-65,0,0,-79,-80,0,-89,-89,0,0,0,0,0,0,0,0,-81,-80,-65,-61
-72,-71,-70,-63,0,-85,-84,0,-80,-82,-72,-73,-68,-68,0,-71,-77,-77,-67,-64,-66,-67,-80,-81,-68,-68,0,0,-81,-81,0,-67,-65,-65,0,0,-79,-80,0,-89,-89,0,0,0,0,0,0,0,0,-81,-80,-65,-61
-73,-71,-65,-65,0,-85,-84,0,-81,-81,-72,-74,-67,-67,0,-69,-78,-77,-67,-64,-66,-66,0,-81,-71,-71,0,0,-81,-81,-71,-72,-63,-65,0,0,-81,-81,0,-87,-89,0,0,0,0,0,0,0,0,-81,-81,-65,-68
-73,-71,-65,-65,0,-85,-84,0,-81,-81,-72,-74,-67,-67,0,-69,-78,-77,-67,-64,-66,-66,0,-81,-71,-71,0,0,-81,-81,-71,-72,-63,-65,0,0,-81,-81,0,-87,-89,0,0,0,0,0,0,0,0,-81,-81,-65,-68
-73,-71,-65,-65,0,-85,-84,0,-81,-81,-72,-74,-67,-67,0,-69,-78,-77,-67,-64,-66,-66,0,-81,-71,-71,0,0,-81,-81,-71,-72,-63,-65,0,0,-81,-81,0,-87,-89,0,0,0,0,0,0,0,0,-81,-81,-65,-68
-73,-71,-65,-65,0,-85,-84,0,-81,-81,-72,-74,-67,-67,0,-69,-78,-77,-67,-64,-66,-66,0,-81,-71,-71,0,0,-81,-81,-71,-72,-63,-65,0,0,-81,-81,0,-87,-89,0,0,0,0,0,0,0,0,-81,-81,-65,-68
-73,-71,-65,-64,0,-85,-84,0,-81,-80,-72,-74,-67,-67,-70,-69,-77,-78,-65,-62,-67,-68,0,0,-73,-72,0,0,-82,-84,-71,-69,-61,-61,0,0,-83,-83,0,-87,0,0,0,0,0,0,0,0,0,-79,-78,-66,-63
-73,-71,-65,-64,0,-85,-84,0,-81,-80,-72,-74,-67,-67,-70,-69,-77,-78,-65,-62,-67,-68,0,0,-73,-72,0,0,-82,-84,-71,-69,-61,-61,0,0,-83,-83,0,-87,0,0,0,0,0,0,0,0,0,-79,-78,-66,-63
-73,-71,-65,-64,0,-85,-84,0,-81,-80,-72,-74,-67,-67,-70,-69,-77,-78,-65,-62,-67,-68,0,0,-73,-72,0,0,-82,-84,-71,-69,-61,-61,0,0,-83,-83,0,-87,0,0,0,0,0,0,0,0,0,-79,-78,-66,-63
-73,-71,-65,-64,0,-85,-84,0,-81,-80,-72,-74,-67,-67,-70,-69,-77,-78,-65,-62,-67,-68,0,0,-73,-72,0,0,-82,-84,-71,-69,-61,-61,0,0,-83,-83,0,-87,0,0,0,0,0,0,0,0,0,-79,-78,-66,-63
-73,-71,-65,-64,0,-85,-84,0,-81,-80,-74,-74,-68,-68,-71,-69,-78,-77,-65,-62,-67,-68,0,0,-73,-73,-81,-87,-82,-81,-71,-71,-61,-62,-87,0,-82,-82,0,-87,0,0,0,0,0,0,-86,-84,0,-78,-78,-64,-61
-73,-71,-65,-64,0,-85,-84,0,-81,-80,-74,-74,-68,-68,-71,-69,-78,-77,-65,-62,-67,-68,0,0,-73,-73,-81,-87,-82,-81,-71,-71,-61,-62,-87,0,-82,-82,0,-87,0,0,0,0,0,0,-86,-84,0,-78,-78,-64,-61
-73,-71,-65,-64,0,-85,-84,0,-81,-80,-74,-74,-68,-68,-71,-69,-78,-77,-65,-62,-67,-68,0,0,-73,-73,-81,-87,-82,-81,-71,-71,-61,-62,-87,0,-82,-82,0,-87,0,0,0,0,0,0,-86,-84,0,-78,-78,-64,-61
-73,-71,-65,-64,0,-85,-84,0,-81,-80,-74,-74,-68,-68,-71,-69,-78,-77,-65,-62,-67,-68,0,0,-73,-73,-81,-87,-82,-81,-71,-71,-61,-62,-87,0,-82,-82,0,-87,0,0,0,0,0,0,-86,-84,0,-78,-78,-64,-61
0,-72,-69,-62,0,0,0,0,-77,-76,-74,0,-70,-69,-69,-69,-78,-77,-65,-66,-66,-66,0,0,-71,-72,-81,-87,-81,-81,0,-72,-61,-61,-85,0,-76,-76,0,0,0,0,0,0,0,0,-86,-84,0,-76,-76,-62,-60
0,-72,-69,-62,0,0,0,0,-77,-76,-74,0,-70,-69,-69,-69,-78,-77,-65,-66,-66,-66,0,0,-71,-72,-81,-87,-81,-81,0,-72,-61,-61,-85,0,-76,-76,0,0,0,0,0,0,0,0,-86,-84,0,-76,-76,-62,-60
0,-72,-69,-62,0,0,0,0,-77,-76,-74,0,-70,-69,-69,-69,-78,-77,-65,-66,-66,-66,0,0,-71,-72,-81,-87,-81,-81,0,-72,-61,-61,-85,0,-76,-76,0,0,0,0,0,0,0,0,-86,-84,0,-76,-76,-62,-60
0,-72,-69,-62,0,0,0,0,-77,-76,-74,0,-70,-69,-69,-69,-78,-77,-65,-66,-66,-66,0,0,-71,-72,-81,-87,-81,-81,0,-72,-61,-61,-85,0,-76,-76,0,0,0,0,0,0,0,0,-86,-84,0,-76,-76,-62,-60
-71,-72,-64,-63,0,0,0,-75,-77,-77,-74,0,-71,-70,-69,-69,-78,-77,-65,-61,-65,-65,0,0,-68,-68,-80,-82,-77,-77,0,-72,-61,-61,-85,0,-80,-81,0,0,0,-84,0,0,0,0,-86,-84,0,-74,-73,-61,-57
-71,-72,-64,-63,0,0,0,-75,-77,-77,-74,0,-71,-70,-69,-69,-78,-77,-65,-61,-65,-65,0,0,-68,-68,-80,-82,-77,-77,0,-72,-61,-61,-85,0,-80,-81,0,0,0,-84,0,0,0,0,-86,-84,0,-74,-73,-61,-57
-71,-72,-64,-63,0,0,0,-75,-77,-77,-74,0,-71,-70,-69,-69,-78,-77,-65,-61,-65,-65,0,0,-68,-68,-80,-82,-77,-77,0,-72,-61,-61,-85,0,-80,-81,0,0,0,-84,0,0,0,0,-86,-84,0,-74,-73,-61,-57
-71,-70,-71,-67,0,-84,0,-77,-76,-75,0,0,-66,-66,-70,-69,0,-77,-65,-61,-71,-71,0,0,-69,-69,-80,-82,-75,-76,0,-78,-70,-70,-85,0,-79,-78,0,0,0,-84,0,0,0,0,0,0,0,-73,-74,-62,-61
-71,-70,-71,-67,0,-84,0,-77,-76,-75,0,0,-66,-66,-70,-69,0,-77,-65,-61,-71,-71,0,0,-69,-69,-80,-82,-75,-76,0,-78,-70,-70,-85,0,-79,-78,0,0,0,-84,0,0,0,0,0,0,0,-73,-74,-62,-61
-71,-70,-71,-67,0,-84,0,-77,-76,-75,0,0,-66,-66,-70,-69,0,-77,-65,-61,-71,-71,0,0,-69,-69,-80,-82,-75,-76,0,-78,-70,-70,-85,0,-79,-78,0,0,0,-84,0,0,0,0,0,0,0,-73,-74,-62,-61
-71,-70,-71,-67,0,-84,0,-77,-76,-75,0,0,-66,-66,-70,-69,0,-77,-65,-61,-71,-71,0,0,-69,-69,-80,-82,-75,-76,0,-78,-70,-70,-85,0,-79,-78,0,0,0,-84,0,0,0,0,0,0,0,-73,-74,-62,-61
-71,-70,-72,-69,0,-83,-83,-77,-76,-75,0,0,-67,-66,-70,-69,0,-77,-63,-62,-63,-64,0,-74,-70,-70,-80,-82,-79,-77,-67,-73,-70,-70,0,0,-79,-80,0,0,0,-84,0,0,0,-87,0,0,0,-74,-75,-63,-59
-71,-70,-72,-69,0,-83,-83,-77,-76,-75,0,0,-67,-66,-70,-69,0,-77,-63,-62,-63,-64,0,-74,-70,-70,-80,-82,-79,-77,-67,-73,-70,-70,0,0,-79,-80,0,0,0,-84,0,0,0,-87,0,0,0,-74,-75,-63,-59
-71,-70,-72,-69,0,-83,-83,-77,-76,-75,0,0,-67,-66,-70,-69,0,-77,-63,-62,-63,-64,0,-74,-70,-70,-80,-82,-79,-77,-67,-73,-70,-70,0,0,-79,-80,0,0,0,-84,0,0,0,-87,0,0,0,-74,-75,-63,-59
-71,-70,-72,-69,0,-83,-83,-77,-76,-75,0,0,-67,-66,-70,-69,0,-77,-63,-62,-63,-64,0,-74,-70,-70,-80,-82,-79,-77,-67,-73,-70,-70,0,0,-79,-80,0,0,0,-84,0,0,0,-87,0,0,0,-74,-75,-63,-59
-72,-70,-67,-67,0,-83,-82,-77,-77,-76,0,0,-70,-70,-73,-69,0,0,-63,-62,-62,-64,-77,-76,-68,-68,0,0,-79,-77,-67,-73,-65,-65,0,0,-79,-80,0,0,0,0,0,0,0,-87,0,0,0,-76,-76,-61,-59
-72,-70,-67,-67,0,-83,-82,-77,-77,-76,0,0,-70,-70,-73,-69,0,0,-63,-62,-62,-64,-77,-76,-68,-68,0,0,-79,-77,-67,-73,-65,-65,0,0,-79,-80,0,0,0,0,0,0,0,-87,0,0,0,-76,-76,-61,-59
-72,-70,-67,-67,0,-83,-82,-77,-77,-76,0,0,-70,-70,-73,-69,0,0,-63,-62,-62,-64,-77,-76,-68,-68,0,0,-79,-77,-67,-73,-65,-65,0,0,-79,-80,0,0,0,0,0,0,0,-87,0,0,0,-76,-76,-61,-59
-72,-70,-67,-67,0,-83,-82,-77,-77,-76,0,0,-70,-70,-73,-69,0,0,-63,-62,-62,-64,-77,-76,-68,-68,0,0,-79,-77,-67,-73,-65,-65,0,0,-79,-80,0,0,0,0,0,0,0,-87,0,0,0,-76,-76,-61,-59
-76,-69,-71,-66,0,-83,-82,0,-76,-76,-72,0,-69,-69,-73,0,0,0,-66,-61,-68,-69,-77,-76,-66,-67,0,0,-80,-80,-67,-73,-63,-65,0,0,-81,-83,0,0,0,0,0,0,0,-87,0,-87,-81,-80,-80,-62,-61
-66,-62,-69,-68,0,-85,-82,0,-83,-83,-72,0,-66,-66,-77,0,0,0,-68,-66,-69,-68,0,0,-68,-68,0,-86,-78,-79,-82,-66,-65,-65,0,0,-78,-79,0,-87,-87,0,0,0,0,0,0,-87,-81,-77,-77,-68,-64
-66,-62,-69,-68,0,-85,-82,0,-83,-83,-72,0,-66,-66,-77,0,0,0,-68,-66,-69,-68,0,0,-68,-68,0,-86,-78,-79,-82,-66,-65,-65,0,0,-78,-79,0,-87,-87,0,0,0,0,0,0,-87,-81,-77,-77,-68,-64
-66,-62,-69,-68,0,-85,-82,0,-83,-83,-72,0,-66,-66,-77,0,0,0,-68,-66,-69,-68,0,0,-68,-68,0,-86,-78,-79,-82,-66,-65,-65,0,0,-78,-79,0,-87,-87,0,0,0,0,0,0,-87,-81,-77,-77,-68,-64
-66,-62,-69,-68,0,-85,-82,0,-83,-83,-72,0,-66,-66,-77,0,0,0,-68,-66,-69,-68,0,0,-68,-68,0,-86,-78,-79,-82,-66,-65,-65,0,0,-78,-79,0,-87,-87,0,0,0,0,0,0,-87,-81,-77,-77,-68,-64
-68,-66,-69,-69,0,-80,-78,0,-70,-71,0,0,-69,-68,-77,0,-74,-74,-68,-66,-69,-68,-66,-65,-65,-64,0,-87,-75,-75,-82,-66,-69,-69,0,0,-77,-77,0,-87,-87,0,-82,0,0,0,0,0,0,-76,-76,-71,-59
-68,-66,-69,-69,0,-80,-78,0,-70,-71,0,0,-69,-68,-77,0,-74,-74,-68,-66,-69,-68,-66,-65,-65,-64,0,-87,-75,-75,-82,-66,-69,-69,0,0,-77,-77,0,-87,-87,0,-82,0,0,0,0,0,0,-76,-76,-71,-59
-68,-66,-69,-69,0,-80,-78,0,-70,-71,0,0,-69,-68,-77,0,-74,-74,-68,-66,-69,-68,-66,-65,-65,-64,0,-87,-75,-75,-82,-66,-69,-69,0,0,-77,-77,0,-87,-87,0,-82,0,0,0,0,0,0,-76,-76,-71,-59
-68,-66,-69,-69,0,-80,-78,0,-70,-71,0,0,-69,-68,-77,0,-74,-74,-68,-66,-69,-68,-66,-65,-65,-64,0,-87,-75,-75,-82,-66,-69,-69,0,0,-77,-77,0,-87,-87,0,-82,0,0,0,0,0,0,-76,-76,-71,-59
-67,-66,0,-72,0,-85,-82,0,-78,-77,0,0,-62,-62,0,0,-77,-77,-79,-77,-72,-72,-66,-65,-62,-62,0,-87,-72,-73,0,0,-64,-64,0,0,-73,-73,0,0,0,0,-82,0,0,-84,-84,0,0,-74,-74,-71,-60
-67,-66,0,-72,0,-85,-82,0,-78,-77,0,0,-62,-62,0,0,-77,-77,-79,-77,-72,-72,-66,-65,-62,-62,0,-87,-72,-73,0,0,-64,-64,0,0,-73,-73,0,0,0,0,-82,0,0,-84,-84,0,0,-74,-74,-71,-60
-67,-66,0,-72,0,-85,-82,0,-78,-77,0,0,-62,-62,0,0,-77,-77,-79,-77,-72,-72,-66,-65,-62,-62,0,-87,-72,-73,0,0,-64,-64,0,0,-73,-73,0,0,0,0,-82,0,0,-84,-84,0,0,-74,-74,-71,-60
-67,-66,0,-72,0,-85,-82,0,-78,-77,0,0,-62,-62,0,0,-77,-77,-79,-77,-72,-72,-66,-65,-62,-62,0,-87,-72,-73,0,0,-64,-64,0,0,-73,-73,0,0,0,0,-82,0,0,-84,-84,0,0,-74,-74,-71,-60
-70,-68,-75,-75,-75,-81,-82,0,-78,-82,0,0,-65,-65,-81,0,-77,-77,-79,-77,-70,-70,-66,-75,-67,-67,-80,-87,-74,-74,0,0,-64,-64,0,0,-82,-82,0,0,0,0,-82,0,0,-84,-84,0,0,-74,-74,-75,-62
-70,-68,-75,-75,-75,-81,-82,0,-78,-82,0,0,-65,-65,-81,0,-77,-77,-79,-77,-70,-70,-66,-75,-67,-67,-80,-87,-74,-74,0,0,-64,-64,0,0,-82,-82,0,0,0,0,-82,0,0,-84,-84,0,0,-74,-74,-75,-62
-70,-68,-75,-75,-75,-81,-82,0,-78,-82,0,0,-65,-65,-81,0,-77,-77,-79,-77,-70,-70,-66,-75,-67,-67,-80,-87,-74,-74,0,0,-64,-64,0,0,-82,-82,0,0,0,0,-82,0,0,-84,-84,0,0,-74,-74,-75,-62
-70,-68,-75,-75,-75,-81,-82,0,-78,-82,0,0,-65,-65,-81,0,-77,-77,-79,-77,-70,-70,-66,-75,-67,-67,-80,-87,-74,-74,0,0,-64,-64,0,0,-82,-82,0,0,0,0,-82,0,0,-84,-84,0,0,-74,-74,-75,-62
-67,-65,-75,-69,-75,-81,-82,0,-80,-81,0,0,-66,-66,-81,0,-80,-79,-79,-77,-76,-77,0,-75,-65,-66,-80,-87,-74,-74,-64,-72,-66,-66,0,0,-73,-73,0,0,0,-85,-83,0,0,-85,-84,0,0,-76,-77,-74,-61
-67,-65,-75,-69,-75,-81,-82,0,-80,-81,0,0,-66,-66,-81,0,-80,-79,-79,-77,-76,-77,0,-75,-65,-66,-80,-87,-74,-74,-64,-72,-66,-66,0,0,-73,-73,0,0,0,-85,-83,0,0,-85,-84,0,0,-76,-77,-74,-61
-67,-65,-75,-69,-75,-81,-82,0,-80,-81,0,0,-66,-66,-81,0,-80,-79,-79,-77,-76,-77,0,-75,-65,-66,-80,-87,-74,-74,-64,-72,-66,-66,0,0,-73,-73,0,0,0,-85,-83,0,0,-85,-84,0,0,-76,-77,-74,-61
-69,-68,-75,-70,-74,-81,-82,0,-80,-83,0,0,-66,-65,-81,0,-80,-79,0,-77,-75,-74,-76,-74,-66,-66,-80,-87,-75,-75,-64,-72,-66,-66,0,0,-82,-84,0,0,0,-85,-83,0,0,-85,-84,0,0,-78,-77,-77,-64
-69,-68,-75,-70,-74,-81,-82,0,-80,-83,0,0,-66,-65,-81,0,-80,-79,0,-77,-75,-74,-76,-74,-66,-66,-80,-87,-75,-75,-64,-72,-66,-66,0,0,-82,-84,0,0,0,-85,-83,0,0,-85,-84,0,0,-78,-77,-77,-64
-69,-68,-75,-70,-74,-81,-82,0,-80,-83,0,0,-66,-65,-81,0,-80,-79,0,-77,-75,-74,-76,-74,-66,-66,-80,-87,-75,-75,-64,-72,-66,-66,0,0,-82,-84,0,0,0,-85,-83,0,0,-85,-84,0,0,-78,-77,-77,-64
-69,-68,-75,-70,-74,-81,-82,0,-80,-83,0,0,-66,-65,-81,0,-80,-79,0,-77,-75,-74,-76,-74,-66,-66,-80,-87,-75,-75,-64,-72,-66,-66,0,0,-82,-84,0,0,0,-85,-83,0,0,-85,-84,0,0,-78,-77,-77,-64
-68,-68,-75,-68,-79,-79,-78,0,-78,-79,0,0,-67,-67,-79,-78,-77,-77,-78,-75,-75,-74,-76,-74,-63,-63,-79,-83,-76,-75,-64,-74,-71,-71,-83,-82,-81,-81,0,0,0,-85,-83,0,0,-85,-84,-80,-80,-80,-80,-74,-62
-68,-68,-75,-68,-79,-79,-78,0,-78,-79,0,0,-67,-67,-79,-78,-77,-77,-78,-75,-75,-74,-76,-74,-63,-63,-79,-83,-76,-75,-64,-74,-71,-71,-83,-82,-81,-81,0,0,0,-85,-83,0,0,-85,-84,-80,-80,-80,-80,-74,-62
-68,-68,-75,-68,-79,-79,-78,0,-78,-79,0,0,-67,-67,-79,-78,-77,-77,-78,-75,-75,-74,-76,-74,-63,-63,-79,-83,-76,-75,-64,-74,-71,-71,-83,-82,-81,-81,0,0,0,-85,-83,0,0,-85,-84,-80,-80,-80,-80,-74,-62
-68,-68,-75,-68,-79,-79,-78,0,-78,-79,0,0,-67,-67,-79,-78,-77,-77,-78,-75,-75,-74,-76,-74,-63,-63,-79,-83,-76,-75,-64,-74,-71,-71,-83,-82,-81,-81,0,0,0,-85,-83,0,0,-85,-84,-80,-80,-80,-80,-74,-62
-68,-66,-75,-75,-79,-79,-77,0,-79,-79,0,0,-65,-66,-79,-78,-79,-78,-78,-75,-75,-75,-76,-73,-65,-65,-79,-83,-71,-71,0,-74,-70,-70,-83,-82,-78,-78,0,0,0,0,0,0,0,0,0,-80,-80,-80,-80,-73,-63
-68,-66,-75,-75,-79,-79,-77,0,-79,-79,0,0,-65,-66,-79,-78,-79,-78,-78,-75,-75,-75,-76,-73,-65,-65,-79,-83,-71,-71,0,-74,-70,-70,-83,-82,-78,-78,0,0,0,0,0,0,0,0,0,-80,-80,-80,-80,-73,-63
-68,-66,-75,-75,-79,-79,-77,0,-79,-79,0,0,-65,-66,-79,-78,-79,-78,-78,-75,-75,-75,-76,-73,-65,-65,-79,-83,-71,-71,0,-74,-70,-70,-83,-82,-78,-78,0,0,0,0,0,0,0,0,0,-80,-80,-80,-80,-73,-63
-68,-66,-75,-75,-79,-79,-77,0,-79,-79,0,0,-65,-66,-79,-78,-79,-78,-78,-75,-75,-75,-76,-73,-65,-65,-79,-83,-71,-71,0,-74,-70,-70,-83,-82,-78,-78,0,0,0,0,0,0,0,0,0,-80,-80,-80,-80,-73,-63
-68,-66,-73,-74,-79,-80,-79,0,-80,-79,0,0,-65,-66,-79,-78,-77,-78,-76,-75,-75,-75,0,-76,-66,-66,-79,-83,-74,-74,-69,-74,-65,-65,-83,-82,-76,-76,0,0,-88,0,0,0,0,0,0,-80,-80,-79,-79,-78,-62
-68,-66,-73,-74,-79,-80,-79,0,-80,-79,0,0,-65,-66,-79,-78,-77,-78,-76,-75,-75,-75,0,-76,-66,-66,-79,-83,-74,-74,-69,-74,-65,-65,-83,-82,-76,-76,0,0,-88,0,0,0,0,0,0,-80,-80,-79,-79,-78,-62
-68,-66,-73,-74,-79,-80,-79,0,-80,-79,0,0,-65,-66,-79,-78,-77,-78,-76,-75,-75,-75,0,-76,-66,-66,-79,-83,-74,-74,-69,-74,-65,-65,-83,-82,-76,-76,0,0,-88,0,0,0,0,0,0,-80,-80,-79,-79,-78,-62
-68,-66,-73,-74,-79,-80,-79,0,-80,-79,0,0,-65,-66,-79,-78,-77,-78,-76,-75,-75,-75,0,-76,-66,-66,-79,-83,-74,-74,-69,-74,-65,-65,-83,-82,-76,-76,0,0,-88,0,0,0,0,0,0,-80,-80,-79,-79,-78,-62
-68,-62,-72,-72,0,-80,-79,0,-82,-83,0,0,-66,-66,0,0,-77,-78,-79,-79,-74,-74,0,-76,-66,-66,0,0,-77,-77,-69,0,-66,-67,0,0,-76,-77,0,0,-90,0,0,0,0,0,0,-85,-79,-77,-77,-75,-62
-68,-62,-72,-72,0,-80,-79,0,-82,-83,0,0,-66,-66,0,0,-77,-78,-79,-79,-74,-74,0,-76,-66,-66,0,0,-77,-77,-69,0,-66,-67,0,0,-76,-77,0,0,-90,0,0,0,0,0,0,-85,-79,-77,-77,-75,-62
-68,-62,-72,-72,0,-80,-79,0,-82,-83,0,0,-66,-66,0,0,-77,-78,-79,-79,-74,-74,0,-76,-66,-66,0,0,-77,-77,-69,0,-66,-67,0,0,-76,-77,0,0,-90,0,0,0,0,0,0,-85,-79,-77,-77,-75,-62
-68,-62,-72,-72,0,-80,-79,0,-82,-83,0,0,-66,-66,0,0,-77,-78,-79,-79,-74,-74,0,-76,-66,-66,0,0,-77,-77,-69,0,-66,-67,0,0,-76,-77,0,0,-90,0,0,0,0,0,0,-85,-79,-77,-77,-75,-62
0,-63,-73,-73,0,-80,-79,0,-82,-83,-80,-80,-67,-67,-79,0,-77,-78,-79,-79,-73,-73,0,-76,-69,-69,0,0,-74,-74,-65,0,-65,-65,0,0,-74,-75,0,0,-90,-84,0,0,0,0,-85,-86,-81,-74,-74,-75,-63
0,-63,-73,-73,0,-80,-79,0,-82,-83,-80,-80,-67,-67,-79,0,-77,-78,-79,-79,-73,-73,0,-76,-69,-69,0,0,-74,-74,-65,0,-65,-65,0,0,-74,-75,0,0,-90,-84,0,0,0,0,-85,-86,-81,-74,-74,-75,-63
0,-63,-73,-73,0,-80,-79,0,-82,-83,-80,-80,-67,-67,-79,0,-77,-78,-79,-79,-73,-73,0,-76,-69,-69,0,0,-74,-74,-65,0,-65,-65,0,0,-74,-75,0,0,-90,-84,0,0,0,0,-85,-86,-81,-74,-74,-75,-63
0,-64,-71,-71,0,0,0,0,-80,-79,-80,-80,-69,-68,-79,0,0,0,-79,-79,-72,-71,0,0,-65,-65,-80,-84,-75,-76,-66,-76,-70,-70,0,-87,-74,-75,0,0,-90,-84,0,0,0,0,-85,-86,-81,-74,-74,-76,-62
0,-64,-71,-71,0,0,0,0,-80,-79,-80,-80,-69,-68,-79,0,0,0,-79,-79,-72,-71,0,0,-65,-65,-80,-84,-75,-76,-66,-76,-70,-70,0,-87,-74,-75,0,0,-90,-84,0,0,0,0,-85,-86,-81,-74,-74,-76,-62
0,-64,-71,-71,0,0,0,0,-80,-79,-80,-80,-69,-68,-79,0,0,0,-79,-79,-72,-71,0,0,-65,-65,-80,-84,-75,-76,-66,-76,-70,-70,0,-87,-74,-75,0,0,-90,-84,0,0,0,0,-85,-86,-81,-74,-74,-76,-62
0,-64,-71,-71,0,0,0,0,-80,-79,-80,-80,-69,-68,-79,0,0,0,-79,-79,-72,-71,0,0,-65,-65,-80,-84,-75,-76,-66,-76,-70,-70,0,-87,-74,-75,0,0,-90,-84,0,0,0,0,-85,-86,-81,-74,-74,-76,-62
-67,-65,-74,-73,-78,0,-81,0,-82,-81,-80,-80,-70,-69,-80,0,0,0,0,0,-78,-77,0,0,-62,-62,-80,-85,-72,-72,-66,-76,-68,-67,0,-87,-74,-75,0,0,0,-84,0,0,0,-85,-84,-86,-81,-75,-76,-70,-64
-67,-65,-74,-73,-78,0,-81,0,-82,-81,-80,-80,-70,-69,-80,0,0,0,0,0,-78,-77,0,0,-62,-62,-80,-85,-72,-72,-66,-76,-68,-67,0,-87,-74,-75,0,0,0,-84,0,0,0,-85,-84,-86,-81,-75,-76,-70,-64
-67,-65,-74,-73,-78,0,-81,0,-82,-81,-80,-80,-70,-69,-80,0,0,0,0,0,-78,-77,0,0,-62,-62,-80,-85,-72,-72,-66,-76,-68,-67,0,-87,-74,-75,0,0,0,-84,0,0,0,-85,-84,-86,-81,-75,-76,-70,-64
-67,-65,-74,-73,-78,0,-81,0,-82,-81,-80,-80,-70,-69,-80,0,0,0,0,0,-78,-77,0,0,-62,-62,-80,-85,-72,-72,-66,-76,-68,-67,0,-87,-74,-75,0,0,0,-84,0,0,0,-85,-84,-86,-81,-75,-76,-70,-64
-67,-63,-74,-70,-78,-82,-82,0,-78,-77,0,0,-67,-67,-80,0,0,0,0,0,-74,-74,-75,-75,-63,-63,-80,-85,-72,-72,-69,-74,-65,-65,0,-87,-76,-76,0,0,0,-84,-85,0,0,-85,-84,0,0,-75,-76,-76,-61
-67,-63,-74,-70,-78,-82,-82,0,-78,-77,0,0,-67,-67,-80,0,0,0,0,0,-74,-74,-75,-75,-63,-63,-80,-85,-72,-72,-69,-74,-65,-65,0,-87,-76,-76,0,0,0,-84,-85,0,0,-85,-84,0,0,-75,-76,-76,-61
-67,-63,-74,-70,-78,-82,-82,0,-78,-77,0,0,-67,-67,-80,0,0,0,0,0,-74,-74,-75,-75,-63,-63,-80,-85,-72,-72,-69,-74,-65,-65,0,-87,-76,-76,0,0,0,-84,-85,0,0,-85,-84,0,0,-75,-76,-76,-61
-67,-63,-74,-70,-78,-82,-82,0,-78,-77,0,0,-67,-67,-80,0,0,0,0,0,-74,-74,-75,-75,-63,-63,-80,-85,-72,-72,-69,-74,-65,-65,0,-87,-76,-76,0,0,0,-84,-85,0,0,-85,-84,0,0,-75,-76,-76,-61
-67,-67,-73,-70,-78,-84,-82,0,-81,-80,0,0,-68,-69,-80,0,0,0,0,0,-75,-75,-74,-72,-64,-64,0,-85,-75,-75,-69,-74,-67,-67,0,0,-75,-76,0,0,0,-84,-83,0,0,-85,-84,0,0,-80,-80,-77,-63
-67,-67,-73,-70,-78,-84,-82,0,-81,-80,0,0,-68,-69,-80,0,0,0,0,0,-75,-75,-74,-72,-64,-64,0,-85,-75,-75,-69,-74,-67,-67,0,0,-75,-76,0,0,0,-84,-83,0,0,-85,-84,0,0,-80,-80,-77,-63
-67,-67,-73,-70,-78,-84,-82,0,-81,-80,0,0,-68,-69,-80,0,0,0,0,0,-75,-75,-74,-72,-64,-64,0,-85,-75,-75,-69,-74,-67,-67,0,0,-75,-76,0,0,0,-84,-83,0,0,-85,-84,0,0,-80,-80,-77,-63
-67,-67,-73,-70,-78,-84,-82,0,-81,-80,0,0,-68,-69,-80,0,0,0,0,0,-75,-75,-74,-72,-64,-64,0,-85,-75,-75,-69,-74,-67,-67,0,0,-75,-76,0,0,0,-84,-83,0,0,-85,-84,0,0,-80,-80,-77,-63
-67,-63,-73,-71,0,-84,-83,0,-79,-80,0,0,-63,-64,0,0,0,0,0,0,-74,-74,-75,-72,-66,-65,0,-85,-73,-73,-69,-74,-64,-64,0,0,-75,-76,0,0,0,-84,-83,0,0,0,0,0,0,-78,-79,-72,-59
-67,-63,-73,-71,0,-84,-83,0,-79,-80,0,0,-63,-64,0,0,0,0,0,0,-74,-74,-75,-72,-66,-65,0,-85,-73,-73,-69,-74,-64,-64,0,0,-75,-76,0,0,0,-84,-83,0,0,0,0,0,0,-78,-79,-72,-59
-67,-63,-73,-71,0,-84,-83,0,-79,-80,0,0,-63,-64,0,0,0,0,0,0,-74,-74,-75,-72,-66,-65,0,-85,-73,-73,-69,-74,-64,-64,0,0,-75,-76,0,0,0,-84,-83,0,0,0,0,0,0,-78,-79,-72,-59
-67,-63,-73,-71,0,-84,-83,0,-79,-80,0,0,-63,-64,0,0,0,0,0,0,-74,-74,-75,-72,-66,-65,0,-85,-73,-73,-69,-74,-64,-64,0,0,-75,-76,0,0,0,-84,-83,0,0,0,0,0,0,-78,-79,-72,-59
-67,-64,-74,-69,0,-81,-81,0,-79,-78,0,0,-64,-65,0,0,0,0,0,0,-77,-79,-75,-74,-64,-65,0,-85,-74,-74,0,-74,-69,-70,0,0,-75,-75,0,0,0,-84,-83,0,0,0,0,0,0,-79,-77,-69,-62
-67,-64,-74,-69,0,-81,-81,0,-79,-78,0,0,-64,-65,0,0,0,0,0,0,-77,-79,-75,-74,-64,-65,0,-85,-74,-74,0,-74,-69,-70,0,0,-75,-75,0,0,0,-84,-83,0,0,0,0,0,0,-79,-77,-69,-62
-67,-64,-74,-69,0,-81,-81,0,-79,-78,0,0,-64,-65,0,0,0,0,0,0,-77,-79,-75,-74,-64,-65,0,-85,-74,-74,0,-74,-69,-70,0,0,-75,-75,0,0,0,-84,-83,0,0,0,0,0,0,-79,-77,-69,-62
-67,-64,-74,-69,0,-81,-81,0,-79,-78,0,0,-64,-65,0,0,0,0,0,0,-77,-79,-75,-74,-64,-65,0,-85,-74,-74,0,-74,-69,-70,0,0,-75,-75,0,0,0,-84,-83,0,0,0,0,0,0,-79,-77,-69,-62
-67,-66,-70,-70,0,-81,-81,0,-85,-78,0,0,-65,-65,-79,0,0,0,0,0,-71,-71,-75,-74,-68,-67,0,-84,-75,-75,-65,-71,-65,-66,-83,0,-76,-76,0,0,0,0,0,0,0,0,0,0,0,-77,-76,-69,-59
-67,-66,-70,-70,0,-81,-81,0,-85,-78,0,0,-65,-65,-79,0,0,0,0,0,-71,-71,-75,-74,-68,-67,0,-84,-75,-75,-65,-71,-65,-66,-83,0,-76,-76,0,0,0,0,0,0,0,0,0,0,0,-77,-76,-69,-59
0,-63,-69,-68,-78,-79,-81,0,-83,-83,0,0,-65,-65,-81,-77,0,0,-79,0,-76,-77,0,-74,-65,-65,-81,-85,-78,-77,-66,-71,-63,-63,-84,-82,-80,-80,0,0,0,0,0,0,0,-83,-84,0,0,-80,-80,-72,-60
0,-63,-69,-68,-78,-79,-81,0,-83,-83,0,0,-65,-65,-81,-77,0,0,-79,0,-76,-77,0,-74,-65,-65,-81,-85,-78,-77,-66,-71,-63,-63,-84,-82,-80,-80,0,0,0,0,0,0,0,-83,-84,0,0,-80,-80,-72,-60
0,-63,-69,-68,-78,-79,-81,0,-83,-83,0,0,-65,-65,-81,-77,0,0,-79,0,-76,-77,0,-74,-65,-65,-81,-85,-78,-77,-66,-71,-63,-63,-84,-82,-80,-80,0,0,0,0,0,0,0,-83,-84,0,0,-80,-80,-72,-60
0,-63,-69,-68,-78,-79,-81,0,-83,-83,0,0,-65,-65,-81,-77,0,0,-79,0,-76,-77,0,-74,-65,-65,-81,-85,-78,-77,-66,-71,-63,-63,-84,-82,-80,-80,0,0,0,0,0,0,0,-83,-84,0,0,-80,-80,-72,-60
-73,-63,-71,-69,-78,-86,-81,-83,-79,-78,0,0,-60,-60,-82,-84,0,0,-79,-66,-66,-66,0,-74,-66,-66,-83,-88,-82,-82,-66,-73,-59,-59,-84,-82,-82,-81,0,0,0,0,0,0,0,-83,-84,0,0,-75,-75,-64,-60
-73,-63,-71,-69,-78,-86,-81,-83,-79,-78,0,0,-60,-60,-82,-84,0,0,-79,-66,-66,-66,0,-74,-66,-66,-83,-88,-82,-82,-66,-73,-59,-59,-84,-82,-82,-81,0,0,0,0,0,0,0,-83,-84,0,0,-75,-75,-64,-60
-73,-63,-71,-69,-78,-86,-81,-83,-79,-78,0,0,-60,-60,-82,-84,0,0,-79,-66,-66,-66,0,-74,-66,-66,-83,-88,-82,-82,-66,-73,-59,-59,-84,-82,-82,-81,0,0,0,0,0,0,0,-83,-84,0,0,-75,-75,-64,-60
-73,-63,-71,-69,-78,-86,-81,-83,-79,-78,0,0,-60,-60,-82,-84,0,0,-79,-66,-66,-66,0,-74,-66,-66,-83,-88,-82,-82,-66,-73,-59,-59,-84,-82,-82,-81,0,0,0,0,0,0,0,-83,-84,0,0,-75,-75,-64,-60
-73,0,-76,-69,-74,-86,0,-83,-85,-84,0,0,-61,-61,-74,-84,-79,-80,0,-66,-70,-70,-74,-75,-72,-72,-83,-88,-70,-71,-63,-71,-69,-69,0,-84,-83,-84,0,0,0,-84,-84,0,0,0,0,0,0,-81,-83,-69,-61
-73,0,-76,-69,-74,-86,0,-83,-85,-84,0,0,-61,-61,-74,-84,-79,-80,0,-66,-70,-70,-74,-75,-72,-72,-83,-88,-70,-71,-63,-71,-69,-69,0,-84,-83,-84,0,0,0,-84,-84,0,0,0,0,0,0,-81,-83,-69,-61
-73,0,-76,-69,-74,-86,0,-83,-85,-84,0,0,-61,-61,-74,-84,-79,-80,0,-66,-70,-70,-74,-75,-72,-72,-83,-88,-70,-71,-63,-71,-69,-69,0,-84,-83,-84,0,0,0,-84,-84,0,0,0,0,0,0,-81,-83,-69,-61
-73,0,-76,-69,-74,-86,0,-83,-85,-84,0,0,-61,-61,-74,-84,-79,-80,0,-66,-70,-70,-74,-75,-72,-72,-83,-88,-70,-71,-63,-71,-69,-69,0,-84,-83,-84,0,0,0,-84,-84,0,0,0,0,0,0,-81,-83,-69,-61
-78,-79,-76,-68,-74,-86,-80,-84,-80,-81,-74,-73,-62,-62,-74,-74,-80,-80,-73,-72,-74,-74,-74,-75,-71,-70,-83,-88,-71,-72,-62,-72,-62,-66,0,-84,-79,-78,0,0,-91,-84,-84,0,0,0,0,0,0,-80,-80,-67,-71
-78,-79,-76,-68,-74,-86,-80,-84,-80,-81,-74,-73,-62,-62,-74,-74,-80,-80,-73,-72,-74,-74,-74,-75,-71,-70,-83,-88,-71,-72,-62,-72,-62,-66,0,-84,-79,-78,0,0,-91,-84,-84,0,0,0,0,0,0,-80,-80,-67,-71
-78,-79,-76,-68,-74,-86,-80,-84,-80,-81,-74,-73,-62,-62,-74,-74,-80,-80,-73,-72,-74,-74,-74,-75,-71,-70,-83,-88,-71,-72,-62,-72,-62,-66,0,-84,-79,-78,0,0,-91,-84,-84,0,0,0,0,0,0,-80,-80,-67,-71
-78,-79,-76,-68,-74,-86,-80,-84,-80,-81,-74,-73,-62,-62,-74,-74,-80,-80,-73,-72,-74,-74,-74,-75,-71,-70,-83,-88,-71,-72,-62,-72,-62,-66,0,-84,-79,-78,0,0,-91,-84,-84,0,0,0,0,0,0,-80,-80,-67,-71
-78,-79,-76,-70,-74,-81,-80,-84,-80,-81,-73,-75,-63,-63,-74,-76,-76,-75,-73,-72,-66,-67,-74,-70,-70,-71,-79,-85,-73,-75,-61,-72,-65,-65,0,-84,-80,-81,0,0,-91,-84,-84,0,0,0,0,0,0,-80,-80,-68,-61
-78,-79,-76,-70,-74,-81,-80,-84,-80,-81,-73,-75,-63,-63,-74,-76,-76,-75,-73,-72,-66,-67,-74,-70,-70,-71,-79,-85,-73,-75,-61,-72,-65,-65,0,-84,-80,-81,0,0,-91,-84,-84,0,0,0,0,0,0,-80,-80,-68,-61
-78,-79,-76,-70,-74,-81,-80,-84,-80,-81,-73,-75,-63,-63,-74,-76,-76,-75,-73,-72,-66,-67,-74,-70,-70,-71,-79,-85,-73,-75,-61,-72,-65,-65,0,-84,-80,-81,0,0,-91,-84,-84,0,0,0,0,0,0,-80,-80,-68,-61
-78,-79,-76,-70,-74,-81,-80,-84,-80,-81,-73,-75,-63,-63,-74,-76,-76,-75,-73,-72,-66,-67,-74,-70,-70,-71,-79,-85,-73,-75,-61,-72,-65,-65,0,-84,-80,-81,0,0,-91,-84,-84,0,0,0,0,0,0,-80,-80,-68,-61
-78,-73,0,-72,-83,-78,-77,-84,-80,-80,-73,-75,-61,-61,0,-75,-75,-76,-73,-72,-66,-67,-76,-76,-68,-68,-79,-85,-76,-76,-62,-73,-59,-59,0,0,-84,-84,0,0,-91,-83,-83,0,0,-87,-87,0,0,-81,-81,-68,-62
-78,-73,0,-72,-83,-78,-77,-84,-80,-80,-73,-75,-61,-61,0,-75,-75,-76,-73,-72,-66,-67,-76,-76,-68,-68,-79,-85,-76,-76,-62,-73,-59,-59,0,0,-84,-84,0,0,-91,-83,-83,0,0,-87,-87,0,0,-81,-81,-68,-62
-78,-73,0,-72,-83,-78,-77,-84,-80,-80,-73,-75,-61,-61,0,-75,-75,-76,-73,-72,-66,-67,-76,-76,-68,-68,-79,-85,-76,-76,-62,-73,-59,-59,0,0,-84,-84,0,0,-91,-83,-83,0,0,-87,-87,0,0,-81,-81,-68,-62
0,-73,-71,-70,-76,-71,-81,0,-81,-81,-73,-75,-62,-62,0,-75,-75,-76,0,0,-70,-71,-74,-76,-73,-74,-79,-83,-74,-75,-62,-71,-65,-65,0,0,-84,-84,0,0,0,-86,-85,0,0,-87,-87,0,0,-82,-81,-65,-60
0,-73,-71,-70,-76,-71,-81,0,-81,-81,-73,-75,-62,-62,0,-75,-75,-76,0,0,-70,-71,-74,-76,-73,-74,-79,-83,-74,-75,-62,-71,-65,-65,0,0,-84,-84,0,0,0,-86,-85,0,0,-87,-87,0,0,-82,-81,-65,-60
0,-73,-71,-70,-76,-71,-81,0,-81,-81,-73,-75,-62,-62,0,-75,-75,-76,0,0,-70,-71,-74,-76,-73,-74,-79,-83,-74,-75,-62,-71,-65,-65,0,0,-84,-84,0,0,0,-86,-85,0,0,-87,-87,0,0,-82,-81,-65,-60
0,-73,-71,-70,-76,-71,-81,0,-81,-81,-73,-75,-62,-62,0,-75,-75,-76,0,0,-70,-71,-74,-76,-73,-74,-79,-83,-74,-75,-62,-71,-65,-65,0,0,-84,-84,0,0,0,-86,-85,0,0,-87,-87,0,0,-82,-81,-65,-60
0,-73,-70,-70,-76,-82,-80,0,-80,-79,-81,-84,-62,-63,0,-76,-75,-76,0,0,-68,-69,-74,-76,-72,-73,-79,-83,-78,-78,-62,-73,-63,-63,0,0,-84,-84,0,-87,-86,-86,-85,0,0,-87,-87,0,0,-80,-81,-68,-61
0,-73,-70,-70,-76,-82,-80,0,-80,-79,-81,-84,-62,-63,0,-76,-75,-76,0,0,-68,-69,-74,-76,-72,-73,-79,-83,-78,-78,-62,-73,-63,-63,0,0,-84,-84,0,-87,-86,-86,-85,0,0,-87,-87,0,0,-80,-81,-68,-61
0,-73,-70,-70,-76,-82,-80,0,-80,-79,-81,-84,-62,-63,0,-76,-75,-76,0,0,-68,-69,-74,-76,-72,-73,-79,-83,-78,-78,-62,-73,-63,-63,0,0,-84,-84,0,-87,-86,-86,-85,0,0,-87,-87,0,0,-80,-81,-68,-61
0,-73,-70,-70,-76,-82,-80,0,-80,-79,-81,-84,-62,-63,0,-76,-75,-76,0,0,-68,-69,-74,-76,-72,-73,-79,-83,-78,-78,-62,-73,-63,-63,0,0,-84,-84,0,-87,-86,-86,-85,0,0,-87,-87,0,0,-80,-81,-68,-61
0,-76,-71,-69,-76,-82,-81,0,-81,-82,-81,-84,-62,-61,0,-76,-79,-79,0,0,-71,-72,-76,-79,-74,-75,-79,-83,-78,-78,-62,-73,-67,-67,-83,-85,-81,-82,0,-87,-86,-86,-85,0,0,0,0,0,0,-80,-80,-66,-61
0,-76,-71,-69,-76,-82,-81,0,-81,-82,-81,-84,-62,-61,0,-76,-79,-79,0,0,-71,-72,-76,-79,-74,-75,-79,-83,-78,-78,-62,-73,-67,-67,-83,-85,-81,-82,0,-87,-86,-86,-85,0,0,0,0,0,0,-80,-80,-66,-61
0,-76,-71,-69,-76,-82,-81,0,-81,-82,-81,-84,-62,-61,0,-76,-79,-79,0,0,-71,-72,-76,-79,-74,-75,-79,-83,-78,-78,-62,-73,-67,-67,-83,-85,-81,-82,0,-87,-86,-86,-85,0,0,0,0,0,0,-80,-80,-66,-61
0,-76,-71,-69,-76,-82,-81,0,-81,-82,-81,-84,-62,-61,0,-76,-79,-79,0,0,-71,-72,-76,-79,-74,-75,-79,-83,-78,-78,-62,-73,-67,-67,-83,-85,-81,-82,0,-87,-86,-86,-85,0,0,0,0,0,0,-80,-80,-66,-61
0,-76,-73,-71,-77,-82,-81,0,-81,-82,-81,-84,-60,-61,-77,-75,-79,-80,0,0,-68,-68,-74,-77,-68,-68,0,0,-74,-75,-62,-73,-66,-66,-83,-85,-81,-81,0,-87,-86,-81,-83,0,0,0,0,0,0,-80,-80,-69,-61
0,-76,-73,-71,-77,-82,-81,0,-81,-82,-81,-84,-60,-61,-77,-75,-79,-80,0,0,-68,-68,-74,-77,-68,-68,0,0,-74,-75,-62,-73,-66,-66,-83,-85,-81,-81,0,-87,-86,-81,-83,0,0,0,0,0,0,-80,-80,-69,-61
0,-76,-73,-71,-77,-82,-81,0,-81,-82,-81,-84,-60,-61,-77,-75,-79,-80,0,0,-68,-68,-74,-77,-68,-68,0,0,-74,-75,-62,-73,-66,-66,-83,-85,-81,-81,0,-87,-86,-81,-83,0,0,0,0,0,0,-80,-80,-69,-61
0,-76,-73,-71,-77,-82,-81,0,-81,-82,-81,-84,-60,-61,-77,-75,-79,-80,0,0,-68,-68,-74,-77,-68,-68,0,0,-74,-75,-62,-73,-66,-66,-83,-85,-81,-81,0,-87,-86,-81,-83,0,0,0,0,0,0,-80,-80,-69,-61
0,-76,-70,-71,-77,-78,-78,-80,-82,-82,0,0,-63,-62,-77,-75,-79,-80,0,0,-72,-73,-74,-77,-70,-71,0,0,-75,-75,-62,-73,-66,-66,-83,-85,-78,-78,0,0,0,-83,-83,0,0,0,0,0,0,-83,-82,-71,-60
0,-76,-70,-71,-77,-78,-78,-80,-82,-82,0,0,-63,-62,-77,-75,-79,-80,0,0,-72,-73,-74,-77,-70,-71,0,0,-75,-75,-62,-73,-66,-66,-83,-85,-78,-78,0,0,0,-83,-83,0,0,0,0,0,0,-83,-82,-71,-60
0,-76,-70,-71,-77,-78,-78,-80,-82,-82,0,0,-63,-62,-77,-75,-79,-80,0,0,-72,-73,-74,-77,-70,-71,0,0,-75,-75,-62,-73,-66,-66,-83,-85,-78,-78,0,0,0,-83,-83,0,0,0,0,0,0,-83,-82,-71,-60
0,-76,-70,-71,-77,-78,-78,-80,-82,-82,0,0,-63,-62,-77,-75,-79,-80,0,0,-72,-73,-74,-77,-70,-71,0,0,-75,-75,-62,-73,-66,-66,-83,-85,-78,-78,0,0,0,-83,-83,0,0,0,0,0,0,-83,-82,-71,-60
-79,-78,-70,-70,-77,-79,-81,-80,-83,-83,0,0,-63,-63,-77,-75,-79,-80,0,0,-63,-63,-78,-77,-69,-68,0,0,-74,-73,-61,-71,-66,-66,-82,0,-79,-80,0,0,-88,-83,-83,0,0,0,0,0,0,-84,-84,-64,-61
-79,-78,-70,-70,-77,-79,-81,-80,-83,-83,0,0,-63,-63,-77,-75,-79,-80,0,0,-63,-63,-78,-77,-69,-68,0,0,-74,-73,-61,-71,-66,-66,-82,0,-79,-80,0,0,-88,-83,-83,0,0,0,0,0,0,-84,-84,-64,-61
-79,-78,-70,-70,-77,-79,-81,-80,-83,-83,0,0,-63,-63,-77,-75,-79,-80,0,0,-63,-63,-78,-77,-69,-68,0,0,-74,-73,-61,-71,-66,-66,-82,0,-79,-80,0,0,-88,-83,-83,0,0,0,0,0,0,-84,-84,-64,-61
-79,-78,-70,-69,0,-83,-83,-80,-83,-82,0,0,-61,-62,-77,-75,-76,-76,0,0,-69,-69,-78,0,-72,-71,0,0,-77,-76,-62,-71,-63,-63,-83,-86,-79,-80,0,0,-88,-84,-83,0,0,0,0,0,0,-81,-80,-70,-60
-79,-78,-70,-69,0,-83,-83,-80,-83,-82,0,0,-61,-62,-77,-75,-76,-76,0,0,-69,-69,-78,0,-72,-71,0,0,-77,-76,-62,-71,-63,-63,-83,-86,-79,-80,0,0,-88,-84,-83,0,0,0,0,0,0,-81,-80,-70,-60
-79,-78,-70,-69,0,-83,-83,-80,-83,-82,0,0,-61,-62,-77,-75,-76,-76,0,0,-69,-69,-78,0,-72,-71,0,0,-77,-76,-62,-71,-63,-63,-83,-86,-79,-80,0,0,-88,-84,-83,0,0,0,0,0,0,-81,-80,-70,-60
-79,-78,-70,-69,0,-83,-83,-80,-83,-82,0,0,-61,-62,-77,-75,-76,-76,0,0,-69,-69,-78,0,-72,-71,0,0,-77,-76,-62,-71,-63,-63,-83,-86,-79,-80,0,0,-88,-84,-83,0,0,0,0,0,0,-81,-80,-70,-60
-71,-78,-71,-69,0,-80,-81,0,-83,-84,0,0,-77,-77,-77,-75,-76,-76,0,0,-66,-66,-76,-74,-66,-66,0,0,-73,-73,-62,-71,-64,-65,-83,-86,-84,-85,0,0,-88,-84,-83,0,0,0,0,0,0,-85,-80,-77,-67
-71,-78,-71,-69,0,-80,-81,0,-83,-84,0,0,-77,-77,-77,-75,-76,-76,0,0,-66,-66,-76,-74,-66,-66,0,0,-73,-73,-62,-71,-64,-65,-83,-86,-84,-85,0,0,-88,-84,-83,0,0,0,0,0,0,-85,-80,-77,-67
-71,-78,-71,-69,0,-80,-81,0,-83,-84,0,0,-77,-77,-77,-75,-76,-76,0,0,-66,-66,-76,-74,-66,-66,0,0,-73,-73,-62,-71,-64,-65,-83,-86,-84,-85,0,0,-88,-84,-83,0,0,0,0,0,0,-85,-80,-77,-67
-71,-78,-71,-69,0,-80,-81,0,-83,-84,0,0,-77,-77,-77,-75,-76,-76,0,0,-66,-66,-76,-74,-66,-66,0,0,-73,-73,-62,-71,-64,-65,-83,-86,-84,-85,0,0,-88,-84,-83,0,0,0,0,0,0,-85,-80,-77,-67
-71,-74,-71,-71,0,-84,-81,0,-81,-81,0,0,-72,-72,0,0,-74,-74,0,0,-68,-68,-76,-74,-71,-70,0,0,-73,-73,-64,-71,-59,-59,-83,-86,-84,-84,0,0,0,-84,-83,0,0,0,0,0,0,-80,-80,-63,-64
-71,-74,-71,-71,0,-84,-81,0,-81,-81,0,0,-72,-72,0,0,-74,-74,0,0,-68,-68,-76,-74,-71,-70,0,0,-73,-73,-64,-71,-59,-59,-83,-86,-84,-84,0,0,0,-84,-83,0,0,0,0,0,0,-80,-80,-63,-64
-71,-74,-71,-71,0,-84,-81,0,-81,-81,0,0,-72,-72,0,0,-74,-74,0,0,-68,-68,-76,-74,-71,-70,0,0,-73,-73,-64,-71,-59,-59,-83,-86,-84,-84,0,0,0,-84,-83,0,0,0,0,0,0,-80,-80,-63,-64
-71,-74,-71,-71,0,-84,-81,0,-81,-81,0,0,-72,-72,0,0,-74,-74,0,0,-68,-68,-76,-74,-71,-70,0,0,-73,-73,-64,-71,-59,-59,-83,-86,-84,-84,0,0,0,-84,-83,0,0,0,0,0,0,-80,-80,-63,-64
-71,-74,-70,-70,0,-80,-81,0,-82,-82,0,0,-64,-64,0,0,-77,-76,0,0,-66,-69,-75,-78,-69,-68,0,0,-71,-71,-61,0,-62,-62,0,0,-83,-83,0,-89,-89,-82,-83,0,0,0,0,0,0,-77,-78,-67,-62
-71,-74,-70,-70,0,-80,-81,0,-82,-82,0,0,-64,-64,0,0,-77,-76,0,0,-66,-69,-75,-78,-69,-68,0,0,-71,-71,-61,0,-62,-62,0,0,-83,-83,0,-89,-89,-82,-83,0,0,0,0,0,0,-77,-78,-67,-62
-71,-74,-70,-70,0,-80,-81,0,-82,-82,0,0,-64,-64,0,0,-77,-76,0,0,-66,-69,-75,-78,-69,-68,0,0,-71,-71,-61,0,-62,-62,0,0,-83,-83,0,-89,-89,-82,-83,0,0,0,0,0,0,-77,-78,-67,-62
-71,-74,-70,-70,0,-80,-81,0,-82,-82,0,0,-64,-64,0,0,-77,-76,0,0,-66,-69,-75,-78,-69,-68,0,0,-71,-71,-61,0,-62,-62,0,0,-83,-83,0,-89,-89,-82,-83,0,0,0,0,0,0,-77,-78,-67,-62
-72,-70,-67,-67,0,-80,-81,-76,-82,-82,0,0,-72,-72,0,0,-77,-76,0,0,-70,-70,-75,-78,-72,-72,-79,-88,-78,-78,-65,0,-59,-58,0,-84,-85,-84,0,-89,-89,-82,-86,0,0,-84,-84,0,0,-77,-77,-73,-62
