0,0,0,0,0,-83,-84,0,-79,-80,-80,-78,-68,-68,0,0,0,0,0,-69,-74,-74,-71,-70,-55,-55,0,-88,-75,-75,0,-67,-63,-63,0,0,-67,-67,0,-87,-86,0,0,0,0,-85,-85,-73,-66,-66,-66,-51,-64
0,0,0,0,0,-83,-84,0,-79,-80,-80,-78,-68,-68,0,0,0,0,0,-69,-74,-74,-71,-70,-55,-55,0,-88,-75,-75,0,-67,-63,-63,0,0,-67,-67,0,-87,-86,0,0,0,0,-85,-85,-73,-66,-66,-66,-51,-64
0,0,0,0,0,-83,-84,0,-79,-80,-80,-78,-68,-68,0,0,0,0,0,-69,-74,-74,-71,-70,-55,-55,0,-88,-75,-75,0,-67,-63,-63,0,0,-67,-67,0,-87,-86,0,0,0,0,-85,-85,-73,-66,-66,-66,-51,-64
0,0,0,0,0,-83,-84,0,-79,-80,-80,-78,-68,-68,0,0,0,0,0,-69,-74,-74,-71,-70,-55,-55,0,-88,-75,-75,0,-67,-63,-63,0,0,-67,-67,0,-87,-86,0,0,0,0,-85,-85,-73,-66,-66,-66,-51,-64
0,-77,0,0,-85,-80,-78,0,-80,-79,-80,-78,-67,-68,-82,-82,0,0,-72,-70,-74,-74,-71,-62,-50,-49,0,-88,-75,-75,0,-67,-63,-63,0,0,-70,-70,0,0,0,0,0,0,0,0,0,-73,-66,-76,-77,-60,-75
0,-77,0,0,-85,-80,-78,0,-80,-79,-80,-78,-67,-68,-82,-82,0,0,-72,-70,-74,-74,-71,-62,-50,-49,0,-88,-75,-75,0,-67,-63,-63,0,0,-70,-70,0,0,0,0,0,0,0,0,0,-73,-66,-76,-77,-60,-75
0,-77,0,0,-85,-80,-78,0,-80,-79,-80,-78,-67,-68,-82,-82,0,0,-72,-70,-74,-74,-71,-62,-50,-49,0,-88,-75,-75,0,-67,-63,-63,0,0,-70,-70,0,0,0,0,0,0,0,0,0,-73,-66,-76,-77,-60,-75
0,-77,0,0,-85,-80,-78,0,-80,-79,-80,-78,-67,-68,-82,-82,0,0,-72,-70,-74,-74,-71,-62,-50,-49,0,-88,-75,-75,0,-67,-63,-63,0,0,-70,-70,0,0,0,0,0,0,0,0,0,-73,-66,-76,-77,-60,-75
0,-75,0,0,-85,-81,-83,0,-84,-79,0,0,-72,-72,-82,-82,0,0,-72,-70,-75,-75,0,-68,-51,-50,0,-85,-78,-78,0,-74,-69,-69,-75,0,-68,-68,0,0,0,0,0,0,0,0,0,0,0,-76,-77,-59,-63
0,-75,0,0,-85,-81,-83,0,-84,-79,0,0,-72,-72,-82,-82,0,0,-72,-70,-75,-75,0,-68,-51,-50,0,-85,-78,-78,0,-74,-69,-69,-75,0,-68,-68,0,0,0,0,0,0,0,0,0,0,0,-76,-77,-59,-63
0,-75,0,0,-85,-81,-83,0,-84,-79,0,0,-72,-72,-82,-82,0,0,-72,-70,-75,-75,0,-68,-51,-50,0,-85,-78,-78,0,-74,-69,-69,-75,0,-68,-68,0,0,0,0,0,0,0,0,0,0,0,-76,-77,-59,-63
0,-74,0,0,-80,-83,-80,0,-82,-79,0,0,-73,-73,-82,-82,0,0,-72,-70,-75,-75,-66,-68,-51,-49,-78,-87,-85,-86,-76,-74,-68,-68,-80,0,-73,-73,-86,0,0,0,0,0,0,0,0,0,0,-78,-79,-55,-64
0,-74,0,0,-80,-83,-80,0,-82,-79,0,0,-73,-73,-82,-82,0,0,-72,-70,-75,-75,-66,-68,-51,-49,-78,-87,-85,-86,-76,-74,-68,-68,-80,0,-73,-73,-86,0,0,0,0,0,0,0,0,0,0,-78,-79,-55,-64
0,-74,0,0,-80,-83,-80,0,-82,-79,0,0,-73,-73,-82,-82,0,0,-72,-70,-75,-75,-66,-68,-51,-49,-78,-87,-85,-86,-76,-74,-68,-68,-80,0,-73,-73,-86,0,0,0,0,0,0,0,0,0,0,-78,-79,-55,-64
0,-74,0,0,-80,-83,-80,0,-82,-79,0,0,-73,-73,-82,-82,0,0,-72,-70,-75,-75,-66,-68,-51,-49,-78,-87,-85,-86,-76,-74,-68,-68,-80,0,-73,-73,-86,0,0,0,0,0,0,0,0,0,0,-78,-79,-55,-64
0,-74,0,0,-80,-76,-82,0,-82,0,0,0,-71,-71,0,-77,0,0,0,0,-76,-76,-66,-63,-53,-50,-78,-87,-85,-85,-74,-73,-67,-67,-79,0,-74,-74,-86,0,0,0,0,0,0,0,0,-84,-79,-77,-77,-54,-64
0,-74,0,0,-80,-76,-82,0,-82,0,0,0,-71,-71,0,-77,0,0,0,0,-76,-76,-66,-63,-53,-50,-78,-87,-85,-85,-74,-73,-67,-67,-79,0,-74,-74,-86,0,0,0,0,0,0,0,0,-84,-79,-77,-77,-54,-64
0,-74,0,0,-80,-76,-82,0,-82,0,0,0,-71,-71,0,-77,0,0,0,0,-76,-76,-66,-63,-53,-50,-78,-87,-85,-85,-74,-73,-67,-67,-79,0,-74,-74,-86,0,0,0,0,0,0,0,0,-84,-79,-77,-77,-54,-64
0,-74,0,0,-80,-83,-81,0,-82,0,0,0,-72,-70,0,-77,0,0,0,0,-74,-73,-66,-65,-50,-50,-77,-86,-81,-83,-74,-71,-67,-67,-77,0,-68,-68,-86,0,0,-83,-85,0,0,0,0,-84,-79,-78,-77,-56,-62
0,-74,0,0,-80,-83,-81,0,-82,0,0,0,-72,-70,0,-77,0,0,0,0,-74,-73,-66,-65,-50,-50,-77,-86,-81,-83,-74,-71,-67,-67,-77,0,-68,-68,-86,0,0,-83,-85,0,0,0,0,-84,-79,-78,-77,-56,-62
0,-74,0,0,-80,-83,-81,0,-82,0,0,0,-72,-70,0,-77,0,0,0,0,-74,-73,-66,-65,-50,-50,-77,-86,-81,-83,-74,-71,-67,-67,-77,0,-68,-68,-86,0,0,-83,-85,0,0,0,0,-84,-79,-78,-77,-56,-62
0,-74,0,0,-80,-83,-81,0,-82,0,0,0,-72,-70,0,-77,0,0,0,0,-74,-73,-66,-65,-50,-50,-77,-86,-81,-83,-74,-71,-67,-67,-77,0,-68,-68,-86,0,0,-83,-85,0,0,0,0,-84,-79,-78,-77,-56,-62
0,0,0,0,0,-83,-81,0,-82,0,0,0,-69,-69,0,-77,0,0,0,0,-74,-74,-66,-65,-51,-48,-77,-86,-82,-83,-74,-71,-66,-66,-75,0,-67,-67,0,0,0,-83,-85,0,0,0,0,-84,-79,-81,-81,-57,-59
0,0,0,0,0,-83,-81,0,-82,0,0,0,-69,-69,0,-77,0,0,0,0,-74,-74,-66,-65,-51,-48,-77,-86,-82,-83,-74,-71,-66,-66,-75,0,-67,-67,0,0,0,-83,-85,0,0,0,0,-84,-79,-81,-81,-57,-59
0,0,0,0,0,-83,-81,0,-82,0,0,0,-69,-69,0,-77,0,0,0,0,-74,-74,-66,-65,-51,-48,-77,-86,-82,-83,-74,-71,-66,-66,-75,0,-67,-67,0,0,0,-83,-85,0,0,0,0,-84,-79,-81,-81,-57,-59
0,0,0,0,0,-81,-81,0,-82,0,0,0,-72,-73,-78,-76,0,0,-72,-72,-72,-73,-66,-66,-50,-49,-77,-86,-82,-83,0,-71,-67,-67,-76,-71,-64,-64,0,0,0,-83,-85,0,0,0,0,0,0,-82,-81,-56,-63
0,0,0,0,0,-81,-81,0,-82,0,0,0,-72,-73,-78,-76,0,0,-72,-72,-72,-73,-66,-66,-50,-49,-77,-86,-82,-83,0,-71,-67,-67,-76,-71,-64,-64,0,0,0,-83,-85,0,0,0,0,0,0,-82,-81,-56,-63
0,0,0,0,0,-81,-81,0,-82,0,0,0,-72,-73,-78,-76,0,0,-72,-72,-72,-73,-66,-66,-50,-49,-77,-86,-82,-83,0,-71,-67,-67,-76,-71,-64,-64,0,0,0,-83,-85,0,0,0,0,0,0,-82,-81,-56,-63
0,0,0,0,0,-81,-81,0,-82,0,0,0,-72,-73,-78,-76,0,0,-72,-72,-72,-73,-66,-66,-50,-49,-77,-86,-82,-83,0,-71,-67,-67,-76,-71,-64,-64,0,0,0,-83,-85,0,0,0,0,0,0,-82,-81,-56,-63
-78,-76,0,0,0,-83,-82,0,-82,-84,-73,0,-75,-76,-78,-76,0,0,-72,-72,-72,-72,-66,-62,-51,-50,-77,0,-82,-83,-72,-72,-64,-64,-75,-71,-64,-65,0,0,0,0,0,0,0,0,0,0,0,-80,-80,-56,-58
-78,-76,0,0,0,-83,-82,0,-82,-84,-73,0,-75,-76,-78,-76,0,0,-72,-72,-72,-72,-66,-62,-51,-50,-77,0,-82,-83,-72,-72,-64,-64,-75,-71,-64,-65,0,0,0,0,0,0,0,0,0,0,0,-80,-80,-56,-58
-78,-76,0,0,0,-83,-82,0,-82,-84,-73,0,-75,-76,-78,-76,0,0,-72,-72,-72,-72,-66,-62,-51,-50,-77,0,-82,-83,-72,-72,-64,-64,-75,-71,-64,-65,0,0,0,0,0,0,0,0,0,0,0,-80,-80,-56,-58
-78,-76,0,0,0,-83,-82,0,-82,-84,-73,0,-75,-76,-78,-76,0,0,-72,-72,-72,-72,-66,-62,-51,-50,-77,0,-82,-83,-72,-72,-64,-64,-75,-71,-64,-65,0,0,0,0,0,0,0,0,0,0,0,-80,-80,-56,-58
-78,-76,-77,-76,-76,-83,-82,0,-82,-82,-73,0,-71,-71,-78,-76,0,0,-72,-75,-75,-75,-64,-65,-52,-51,-77,-82,0,0,-72,-67,-60,-61,-75,-71,-66,-66,0,0,-87,0,0,0,0,0,0,-84,0,-82,-84,-56,-67
-78,-76,-77,-76,-76,-83,-82,0,-82,-82,-73,0,-71,-71,-78,-76,0,0,-72,-75,-75,-75,-64,-65,-52,-51,-77,-82,0,0,-72,-67,-60,-61,-75,-71,-66,-66,0,0,-87,0,0,0,0,0,0,-84,0,-82,-84,-56,-67
-78,-76,-77,-76,-76,-83,-82,0,-82,-82,-73,0,-71,-71,-78,-76,0,0,-72,-75,-75,-75,-64,-65,-52,-51,-77,-82,0,0,-72,-67,-60,-61,-75,-71,-66,-66,0,0,-87,0,0,0,0,0,0,-84,0,-82,-84,-56,-67
-78,-76,-77,-76,-76,-83,-82,-77,-82,-82,-73,0,-68,-68,0,0,0,0,0,-74,-70,-71,-64,-60,-50,-50,-76,-86,0,0,-72,-70,-66,-66,-75,-73,-68,-68,0,0,-87,0,0,0,0,0,0,-84,0,-82,-82,-58,-63
-78,-76,-77,-76,-76,-83,-82,-77,-82,-82,-73,0,-68,-68,0,0,0,0,0,-74,-70,-71,-64,-60,-50,-50,-76,-86,0,0,-72,-70,-66,-66,-75,-73,-68,-68,0,0,-87,0,0,0,0,0,0,-84,0,-82,-82,-58,-63
-78,-76,-77,-76,-76,-83,-82,-77,-82,-82,-73,0,-68,-68,0,0,0,0,0,-74,-70,-71,-64,-60,-50,-50,-76,-86,0,0,-72,-70,-66,-66,-75,-73,-68,-68,0,0,-87,0,0,0,0,0,0,-84,0,-82,-82,-58,-63
-78,-76,-77,-76,-76,-83,-82,-77,-82,-82,-73,0,-68,-68,0,0,0,0,0,-74,-70,-71,-64,-60,-50,-50,-76,-86,0,0,-72,-70,-66,-66,-75,-73,-68,-68,0,0,-87,0,0,0,0,0,0,-84,0,-82,-82,-58,-63
-78,0,-74,-74,-76,-83,-82,-77,-80,-82,0,0,-72,-72,0,0,0,0,0,-74,-73,-73,-62,-62,-49,-49,-76,-86,0,0,-72,-69,-65,-65,-75,-74,-71,-71,0,0,-87,0,0,0,0,0,0,-84,-79,-80,-80,-57,-62
-78,0,-74,-74,-76,-83,-82,-77,-80,-82,0,0,-72,-72,0,0,0,0,0,-74,-73,-73,-62,-62,-49,-49,-76,-86,0,0,-72,-69,-65,-65,-75,-74,-71,-71,0,0,-87,0,0,0,0,0,0,-84,-79,-80,-80,-57,-62
-78,0,-74,-74,-76,-83,-82,-77,-80,-82,0,0,-72,-72,0,0,0,0,0,-74,-73,-73,-62,-62,-49,-49,-76,-86,0,0,-72,-69,-65,-65,-75,-74,-71,-71,0,0,-87,0,0,0,0,0,0,-84,-79,-80,-80,-57,-62
0,0,-77,-77,0,-79,-80,-77,-82,-82,0,0,-65,-65,0,-74,0,0,0,-74,-72,-71,-60,-58,-54,-52,-76,-84,0,0,-72,-69,-67,-67,-76,-74,-69,-69,0,0,0,0,0,0,0,0,0,-84,-79,-81,-81,-58,-61
0,0,-77,-77,0,-79,-80,-77,-82,-82,0,0,-65,-65,0,-74,0,0,0,-74,-72,-71,-60,-58,-54,-52,-76,-84,0,0,-72,-69,-67,-67,-76,-74,-69,-69,0,0,0,0,0,0,0,0,0,-84,-79,-81,-81,-58,-61
0,0,-77,-77,0,-79,-80,-77,-82,-82,0,0,-65,-65,0,-74,0,0,0,-74,-72,-71,-60,-58,-54,-52,-76,-84,0,0,-72,-69,-67,-67,-76,-74,-69,-69,0,0,0,0,0,0,0,0,0,-84,-79,-81,-81,-58,-61
0,0,-77,-77,0,-79,-80,-77,-82,-82,0,0,-65,-65,0,-74,0,0,0,-74,-72,-71,-60,-58,-54,-52,-76,-84,0,0,-72,-69,-67,-67,-76,-74,-69,-69,0,0,0,0,0,0,0,0,0,-84,-79,-81,-81,-58,-61
0,0,-77,-77,0,-81,-83,0,-82,-83,0,-74,-73,-75,0,-74,0,0,0,0,-71,-71,-60,-61,-51,-49,0,-84,-79,0,0,-69,-67,-67,-76,-74,-68,-68,0,0,0,0,0,0,0,0,0,-83,-77,-79,-80,-60,-65
0,0,-77,-77,0,-81,-83,0,-82,-83,0,-74,-73,-75,0,-74,0,0,0,0,-71,-71,-60,-61,-51,-49,0,-84,-79,0,0,-69,-67,-67,-76,-74,-68,-68,0,0,0,0,0,0,0,0,0,-83,-77,-79,-80,-60,-65
0,0,-77,-77,0,-81,-83,0,-82,-83,0,-74,-73,-75,0,-74,0,0,0,0,-71,-71,-60,-61,-51,-49,0,-84,-79,0,0,-69,-67,-67,-76,-74,-68,-68,0,0,0,0,0,0,0,0,0,-83,-77,-79,-80,-60,-65
0,0,-77,-77,0,-81,-83,-85,-82,-83,0,-74,-76,-75,0,-74,-75,-77,0,-74,-69,-70,-60,-59,-53,-52,0,-87,-81,-79,0,-69,-65,-66,-76,-74,-64,-65,0,0,0,0,0,0,0,0,0,-83,-77,-81,-83,-56,-62
0,0,-77,-77,0,-81,-83,-85,-82,-83,0,-74,-76,-75,0,-74,-75,-77,0,-74,-69,-70,-60,-59,-53,-52,0,-87,-81,-79,0,-69,-65,-66,-76,-74,-64,-65,0,0,0,0,0,0,0,0,0,-83,-77,-81,-83,-56,-62
0,0,-77,-77,0,-81,-83,-85,-82,-83,0,-74,-76,-75,0,-74,-75,-77,0,-74,-69,-70,-60,-59,-53,-52,0,-87,-81,-79,0,-69,-65,-66,-76,-74,-64,-65,0,0,0,0,0,0,0,0,0,-83,-77,-81,-83,-56,-62
0,0,-77,-77,0,-81,-83,-85,-82,-83,0,-74,-76,-75,0,-74,-75,-77,0,-74,-69,-70,-60,-59,-53,-52,0,-87,-81,-79,0,-69,-65,-66,-76,-74,-64,-65,0,0,0,0,0,0,0,0,0,-83,-77,-81,-83,-56,-62
0,-74,0,0,0,-81,-83,-72,-85,-85,-74,-73,-75,-74,0,-74,-75,-77,0,-74,-80,-79,-62,-60,-53,-52,0,-87,-80,-80,-73,-70,-68,-69,-76,-72,-67,-68,0,0,0,0,0,0,0,0,0,-83,-77,-80,-82,-57,-62
0,-74,0,0,0,-81,-83,-72,-85,-85,-74,-73,-75,-74,0,-74,-75,-77,0,-74,-80,-79,-62,-60,-53,-52,0,-87,-80,-80,-73,-70,-68,-69,-76,-72,-67,-68,0,0,0,0,0,0,0,0,0,-83,-77,-80,-82,-57,-62
0,-74,0,0,0,-81,-83,-72,-85,-85,-74,-73,-75,-74,0,-74,-75,-77,0,-74,-80,-79,-62,-60,-53,-52,0,-87,-80,-80,-73,-70,-68,-69,-76,-72,-67,-68,0,0,0,0,0,0,0,0,0,-83,-77,-80,-82,-57,-62
0,-80,0,0,-83,0,0,-77,-85,-85,-74,-73,-71,-71,0,-74,-75,-77,0,-74,-81,-81,-62,-67,-54,-54,-85,-87,-85,-80,-76,-70,-71,-71,-76,-72,-76,-78,0,0,0,0,0,0,0,0,0,0,0,-81,-81,-61,-71
0,-80,0,0,-83,0,0,-77,-85,-85,-74,-73,-71,-71,0,-74,-75,-77,0,-74,-81,-81,-62,-67,-54,-54,-85,-87,-85,-80,-76,-70,-71,-71,-76,-72,-76,-78,0,0,0,0,0,0,0,0,0,0,0,-81,-81,-61,-71
0,-80,0,0,-83,0,0,-77,-85,-85,-74,-73,-71,-71,0,-74,-75,-77,0,-74,-81,-81,-62,-67,-54,-54,-85,-87,-85,-80,-76,-70,-71,-71,-76,-72,-76,-78,0,0,0,0,0,0,0,0,0,0,0,-81,-81,-61,-71
-73,-71,-78,-79,-83,0,0,-77,0,0,-71,-71,-64,-65,0,0,0,0,0,0,-73,-73,-66,-66,-54,-54,-85,0,-81,-82,-72,0,-67,-66,-71,0,-66,-66,0,0,0,0,0,0,0,0,0,0,0,-75,-76,-60,-63
-73,-71,-78,-79,-83,0,0,-77,0,0,-71,-71,-64,-65,0,0,0,0,0,0,-73,-73,-66,-66,-54,-54,-85,0,-81,-82,-72,0,-67,-66,-71,0,-66,-66,0,0,0,0,0,0,0,0,0,0,0,-75,-76,-60,-63
-73,-71,-78,-79,-83,0,0,-77,0,0,-71,-71,-64,-65,0,0,0,0,0,0,-73,-73,-66,-66,-54,-54,-85,0,-81,-82,-72,0,-67,-66,-71,0,-66,-66,0,0,0,0,0,0,0,0,0,0,0,-75,-76,-60,-63
-73,-71,-78,-79,-83,0,0,-77,0,0,-71,-71,-64,-65,0,0,0,0,0,0,-73,-73,-66,-66,-54,-54,-85,0,-81,-82,-72,0,-67,-66,-71,0,-66,-66,0,0,0,0,0,0,0,0,0,0,0,-75,-76,-60,-63
-73,-80,-74,-74,0,-81,-83,0,-83,-83,-84,-71,-64,-64,0,0,0,0,0,0,-76,-76,-66,-66,-55,-54,0,0,-81,-82,-72,0,-74,-73,-84,-82,-78,-79,0,0,0,0,0,0,0,0,0,0,0,-73,-74,-57,-75
-73,-80,-74,-74,0,-81,-83,0,-83,-83,-84,-71,-64,-64,0,0,0,0,0,0,-76,-76,-66,-66,-55,-54,0,0,-81,-82,-72,0,-74,-73,-84,-82,-78,-79,0,0,0,0,0,0,0,0,0,0,0,-73,-74,-57,-75
-73,-80,-74,-74,0,-81,-83,0,-83,-83,-84,-71,-64,-64,0,0,0,0,0,0,-76,-76,-66,-66,-55,-54,0,0,-81,-82,-72,0,-74,-73,-84,-82,-78,-79,0,0,0,0,0,0,0,0,0,0,0,-73,-74,-57,-75
0,-80,-75,-75,0,-81,-82,0,-82,-82,-84,0,-66,-65,0,0,0,0,0,0,-77,-77,0,-69,-55,-55,-79,-84,-79,-79,-73,0,-65,-65,-81,-82,-77,-77,0,0,0,0,0,0,0,0,0,0,0,-70,-71,-56,-61
0,-80,-75,-75,0,-81,-82,0,-82,-82,-84,0,-66,-65,0,0,0,0,0,0,-77,-77,0,-69,-55,-55,-79,-84,-79,-79,-73,0,-65,-65,-81,-82,-77,-77,0,0,0,0,0,0,0,0,0,0,0,-70,-71,-56,-61
0,-80,-75,-75,0,-81,-82,0,-82,-82,-84,0,-66,-65,0,0,0,0,0,0,-77,-77,0,-69,-55,-55,-79,-84,-79,-79,-73,0,-65,-65,-81,-82,-77,-77,0,0,0,0,0,0,0,0,0,0,0,-70,-71,-56,-61
0,-80,-75,-75,0,-81,-82,0,-82,-82,-84,0,-66,-65,0,0,0,0,0,0,-77,-77,0,-69,-55,-55,-79,-84,-79,-79,-73,0,-65,-65,-81,-82,-77,-77,0,0,0,0,0,0,0,0,0,0,0,-70,-71,-56,-61
0,-77,-75,-75,0,-81,-82,0,-82,-83,-76,-75,-68,-67,0,0,0,0,0,0,-75,-75,0,-69,-55,-55,-79,-84,-79,-79,-73,0,-69,-69,-81,-82,-75,-76,0,0,0,0,0,0,0,0,-85,0,-73,-72,-72,-59,-60
0,-77,-75,-75,0,-81,-82,0,-82,-83,-76,-75,-68,-67,0,0,0,0,0,0,-75,-75,0,-69,-55,-55,-79,-84,-79,-79,-73,0,-69,-69,-81,-82,-75,-76,0,0,0,0,0,0,0,0,-85,0,-73,-72,-72,-59,-60
0,-77,-75,-75,0,-81,-82,0,-82,-83,-76,-75,-68,-67,0,0,0,0,0,0,-75,-75,0,-69,-55,-55,-79,-84,-79,-79,-73,0,-69,-69,-81,-82,-75,-76,0,0,0,0,0,0,0,0,-85,0,-73,-72,-72,-59,-60
0,-77,-75,-75,0,-81,-82,0,-82,-83,-76,-75,-68,-67,0,0,0,0,0,0,-75,-75,0,-69,-55,-55,-79,-84,-79,-79,-73,0,-69,-69,-81,-82,-75,-76,0,0,0,0,0,0,0,0,-85,0,-73,-72,-72,-59,-60
-83,-77,-75,-75,0,-81,-82,0,-79,-80,-79,-80,-62,-63,-74,-74,0,0,-80,-80,-76,-77,0,-69,-59,-54,-79,-84,-80,-80,-68,0,-67,-67,-81,0,-80,-78,0,0,0,0,0,0,0,0,-85,0,-71,-71,-72,-56,-62
-83,-77,-75,-75,0,-81,-82,0,-79,-80,-79,-80,-62,-63,-74,-74,0,0,-80,-80,-76,-77,0,-69,-59,-54,-79,-84,-80,-80,-68,0,-67,-67,-81,0,-80,-78,0,0,0,0,0,0,0,0,-85,0,-71,-71,-72,-56,-62
-83,-77,-75,-75,0,-81,-82,0,-79,-80,-79,-80,-62,-63,-74,-74,0,0,-80,-80,-76,-77,0,-69,-59,-54,-79,-84,-80,-80,-68,0,-67,-67,-81,0,-80,-78,0,0,0,0,0,0,0,0,-85,0,-71,-71,-72,-56,-62
-83,-79,-75,-76,0,-80,-82,0,-79,-80,-79,-80,-74,-74,-74,-74,0,0,-80,-80,-74,-75,-75,-73,-59,-60,-79,0,-81,-82,-68,0,-66,-66,-81,0,-79,-79,0,0,0,0,0,0,0,0,-85,0,-71,-74,-75,-58,-60
-83,-79,-75,-76,0,-80,-82,0,-79,-80,-79,-80,-74,-74,-74,-74,0,0,-80,-80,-74,-75,-75,-73,-59,-60,-79,0,-81,-82,-68,0,-66,-66,-81,0,-79,-79,0,0,0,0,0,0,0,0,-85,0,-71,-74,-75,-58,-60
-83,-79,-75,-76,0,-80,-82,0,-79,-80,-79,-80,-74,-74,-74,-74,0,0,-80,-80,-74,-75,-75,-73,-59,-60,-79,0,-81,-82,-68,0,-66,-66,-81,0,-79,-79,0,0,0,0,0,0,0,0,-85,0,-71,-74,-75,-58,-60
-83,-79,-75,-76,0,-80,-82,0,-79,-80,-79,-80,-74,-74,-74,-74,0,0,-80,-80,-74,-75,-75,-73,-59,-60,-79,0,-81,-82,-68,0,-66,-66,-81,0,-79,-79,0,0,0,0,0,0,0,0,-85,0,-71,-74,-75,-58,-60
-83,-79,-77,-77,0,-80,-80,0,-80,-80,-79,-80,-74,-72,-74,-74,0,0,-80,-80,-74,-73,-67,-65,-59,-59,-79,0,-80,-80,-68,0,-68,-67,-81,0,-76,-76,0,0,0,0,0,0,0,0,0,0,-71,-74,-74,-59,-63
-83,-79,-77,-77,0,-80,-80,0,-80,-80,-79,-80,-74,-72,-74,-74,0,0,-80,-80,-74,-73,-67,-65,-59,-59,-79,0,-80,-80,-68,0,-68,-67,-81,0,-76,-76,0,0,0,0,0,0,0,0,0,0,-71,-74,-74,-59,-63
-83,-79,-77,-77,0,-80,-80,0,-80,-80,-79,-80,-74,-72,-74,-74,0,0,-80,-80,-74,-73,-67,-65,-59,-59,-79,0,-80,-80,-68,0,-68,-67,-81,0,-76,-76,0,0,0,0,0,0,0,0,0,0,-71,-74,-74,-59,-63
0,-79,-77,-77,-81,-80,-80,0,-82,-80,0,0,-67,-67,0,0,0,0,-78,0,-75,-75,-67,-65,-65,-58,-79,-82,-80,-81,-68,0,-68,-69,-81,-79,-78,-78,0,0,0,0,0,0,0,0,0,-75,-73,-76,-78,-62,-68
0,-79,-77,-77,-81,-80,-80,0,-82,-80,0,0,-67,-67,0,0,0,0,-78,0,-75,-75,-67,-65,-65,-58,-79,-82,-80,-81,-68,0,-68,-69,-81,-79,-78,-78,0,0,0,0,0,0,0,0,0,-75,-73,-76,-78,-62,-68
0,-79,-77,-77,-81,-80,-80,0,-82,-80,0,0,-67,-67,0,0,0,0,-78,0,-75,-75,-67,-65,-65,-58,-79,-82,-80,-81,-68,0,-68,-69,-81,-79,-78,-78,0,0,0,0,0,0,0,0,0,-75,-73,-76,-78,-62,-68
0,-79,-77,-77,-81,-80,-80,0,-82,-80,0,0,-67,-67,0,0,0,0,-78,0,-75,-75,-67,-65,-65,-58,-79,-82,-80,-81,-68,0,-68,-69,-81,-79,-78,-78,0,0,0,0,0,0,0,0,0,-75,-73,-76,-78,-62,-68
0,0,-76,-76,-81,-82,-83,0,-77,-78,0,0,-65,-64,-76,-75,0,0,-78,0,-76,-77,-67,-65,-64,-57,0,-82,-82,-84,-66,-68,-66,-67,-80,-77,-79,-79,0,0,0,0,0,0,0,0,0,-75,-73,-68,-69,-65,-75
0,0,-76,-76,-81,-82,-83,0,-77,-78,0,0,-65,-64,-76,-75,0,0,-78,0,-76,-77,-67,-65,-64,-57,0,-82,-82,-84,-66,-68,-66,-67,-80,-77,-79,-79,0,0,0,0,0,0,0,0,0,-75,-73,-68,-69,-65,-75
0,0,-76,-76,-81,-82,-83,0,-77,-78,0,0,-65,-64,-76,-75,0,0,-78,0,-76,-77,-67,-65,-64,-57,0,-82,-82,-84,-66,-68,-66,-67,-80,-77,-79,-79,0,0,0,0,0,0,0,0,0,-75,-73,-68,-69,-65,-75
0,0,-76,-76,-81,-82,-83,0,-77,-78,0,0,-65,-64,-76,-75,0,0,-78,0,-76,-77,-67,-65,-64,-57,0,-82,-82,-84,-66,-68,-66,-67,-80,-77,-79,-79,0,0,0,0,0,0,0,0,0,-75,-73,-68,-69,-65,-75
0,-79,-78,-78,-81,-83,-83,0,-77,-77,0,-84,-66,-67,-76,-75,0,0,-78,0,-81,-82,0,0,-57,-57,0,-82,-79,-79,-68,-68,-66,-66,-83,-80,-76,-76,0,0,0,0,0,0,0,0,0,-75,-73,-74,-74,-62,-60
0,-79,-78,-78,-81,-83,-83,0,-77,-77,0,-84,-66,-67,-76,-75,0,0,-78,0,-81,-82,0,0,-57,-57,0,-82,-79,-79,-68,-68,-66,-66,-83,-80,-76,-76,0,0,0,0,0,0,0,0,0,-75,-73,-74,-74,-62,-60
0,-79,-78,-78,-81,-83,-83,0,-77,-77,0,-84,-66,-67,-76,-75,0,0,-78,0,-81,-82,0,0,-57,-57,0,-82,-79,-79,-68,-68,-66,-66,-83,-80,-76,-76,0,0,0,0,0,0,0,0,0,-75,-73,-74,-74,-62,-60
0,-79,-77,-78,-79,-79,-83,0,-79,-79,0,-84,-68,-67,-76,-75,0,0,0,0,-73,-73,-75,-75,-60,-59,0,-83,-80,-80,-68,-67,-65,-65,-83,-80,-80,-80,0,0,0,0,0,0,0,0,0,0,0,-70,-70,-62,-60
0,-79,-77,-78,-79,-79,-83,0,-79,-79,0,-84,-68,-67,-76,-75,0,0,0,0,-73,-73,-75,-75,-60,-59,0,-83,-80,-80,-68,-67,-65,-65,-83,-80,-80,-80,0,0,0,0,0,0,0,0,0,0,0,-70,-70,-62,-60
0,-79,-77,-78,-79,-79,-83,0,-79,-79,0,-84,-68,-67,-76,-75,0,0,0,0,-73,-73,-75,-75,-60,-59,0,-83,-80,-80,-68,-67,-65,-65,-83,-80,-80,-80,0,0,0,0,0,0,0,0,0,0,0,-70,-70,-62,-60
0,-79,-77,-78,-79,-79,-83,0,-79,-79,0,-84,-68,-67,-76,-75,0,0,0,0,-73,-73,-75,-75,-60,-59,0,-83,-80,-80,-68,-67,-65,-65,-83,-80,-80,-80,0,0,0,0,0,0,0,0,0,0,0,-70,-70,-62,-60
-75,-73,-77,-78,-79,-83,-83,0,-79,-78,0,-84,-62,-62,0,0,0,0,0,0,-77,-76,-78,-78,-61,-59,0,-85,-82,-82,-68,-66,-65,-65,-83,-80,-78,-76,0,0,0,0,0,0,0,0,-86,-77,0,-72,-71,-59,-62
-75,-73,-77,-78,-79,-83,-83,0,-79,-78,0,-84,-62,-62,0,0,0,0,0,0,-77,-76,-78,-78,-61,-59,0,-85,-82,-82,-68,-66,-65,-65,-83,-80,-78,-76,0,0,0,0,0,0,0,0,-86,-77,0,-72,-71,-59,-62
-75,-73,-77,-78,-79,-83,-83,0,-79,-78,0,-84,-62,-62,0,0,0,0,0,0,-77,-76,-78,-78,-61,-59,0,-85,-82,-82,-68,-66,-65,-65,-83,-80,-78,-76,0,0,0,0,0,0,0,0,-86,-77,0,-72,-71,-59,-62
-75,-73,-75,-75,-78,-81,-80,0,-79,-83,0,0,-67,-67,0,0,0,0,0,0,-75,-74,-72,-72,-69,-60,0,-85,-84,-83,-77,-66,-76,-76,0,0,-75,-76,0,0,0,0,0,0,0,-85,-85,-77,0,-70,-70,-57,-63
-75,-73,-75,-75,-78,-81,-80,0,-79,-83,0,0,-67,-67,0,0,0,0,0,0,-75,-74,-72,-72,-69,-60,0,-85,-84,-83,-77,-66,-76,-76,0,0,-75,-76,0,0,0,0,0,0,0,-85,-85,-77,0,-70,-70,-57,-63
-75,-73,-75,-75,-78,-81,-80,0,-79,-83,0,0,-67,-67,0,0,0,0,0,0,-75,-74,-72,-72,-69,-60,0,-85,-84,-83,-77,-66,-76,-76,0,0,-75,-76,0,0,0,0,0,0,0,-85,-85,-77,0,-70,-70,-57,-63
-75,-73,-75,-75,-78,-81,-80,0,-79,-83,0,0,-67,-67,0,0,0,0,0,0,-75,-74,-72,-72,-69,-60,0,-85,-84,-83,-77,-66,-76,-76,0,0,-75,-76,0,0,0,0,0,0,0,-85,-85,-77,0,-70,-70,-57,-63
-75,-73,-75,-75,-78,-74,-74,0,-83,-84,0,0,-63,-62,0,0,0,0,0,0,-76,-77,-72,-72,-55,-55,-78,-80,-81,-81,-77,-66,-71,-70,0,0,-71,-73,0,0,0,0,0,0,0,-85,-85,-77,0,-68,-67,-57,-64
-75,-73,-75,-75,-78,-74,-74,0,-83,-84,0,0,-63,-62,0,0,0,0,0,0,-76,-77,-72,-72,-55,-55,-78,-80,-81,-81,-77,-66,-71,-70,0,0,-71,-73,0,0,0,0,0,0,0,-85,-85,-77,0,-68,-67,-57,-64
-75,-73,-75,-75,-78,-74,-74,0,-83,-84,0,0,-63,-62,0,0,0,0,0,0,-76,-77,-72,-72,-55,-55,-78,-80,-81,-81,-77,-66,-71,-70,0,0,-71,-73,0,0,0,0,0,0,0,-85,-85,-77,0,-68,-67,-57,-64
0,-76,-75,-75,-78,-74,-74,0,-80,-79,0,0,-68,-68,0,-68,0,0,0,0,-74,-75,-77,-72,-59,-57,-73,-80,-80,-81,-68,-68,-68,-67,0,0,-82,-81,0,0,0,0,0,0,0,-85,-85,0,0,-68,-68,-59,-67
0,-76,-75,-75,-78,-74,-74,0,-80,-79,0,0,-68,-68,0,-68,0,0,0,0,-74,-75,-77,-72,-59,-57,-73,-80,-80,-81,-68,-68,-68,-67,0,0,-82,-81,0,0,0,0,0,0,0,-85,-85,0,0,-68,-68,-59,-67
0,-76,-75,-75,-78,-74,-74,0,-80,-79,0,0,-68,-68,0,-68,0,0,0,0,-74,-75,-77,-72,-59,-57,-73,-80,-80,-81,-68,-68,-68,-67,0,0,-82,-81,0,0,0,0,0,0,0,-85,-85,0,0,-68,-68,-59,-67
0,-76,-75,-75,-78,-74,-74,0,-80,-79,0,0,-68,-68,0,-68,0,0,0,0,-74,-75,-77,-72,-59,-57,-73,-80,-80,-81,-68,-68,-68,-67,0,0,-82,-81,0,0,0,0,0,0,0,-85,-85,0,0,-68,-68,-59,-67
0,-76,-75,-75,0,-76,-77,0,-78,-77,0,0,-66,-67,0,-68,0,0,0,0,-82,-85,-74,0,-61,-61,-73,-80,-78,-78,-68,-68,-68,-68,-83,0,-77,-78,0,0,0,0,0,0,0,0,0,0,0,-66,-67,-57,-63
0,-76,-75,-75,0,-76,-77,0,-78,-77,0,0,-66,-67,0,-68,0,0,0,0,-82,-85,-74,0,-61,-61,-73,-80,-78,-78,-68,-68,-68,-68,-83,0,-77,-78,0,0,0,0,0,0,0,0,0,0,0,-66,-67,-57,-63
0,-76,-75,-75,0,-76,-77,0,-78,-77,0,0,-66,-67,0,-68,0,0,0,0,-82,-85,-74,0,-61,-61,-73,-80,-78,-78,-68,-68,-68,-68,-83,0,-77,-78,0,0,0,0,0,0,0,0,0,0,0,-66,-67,-57,-63
0,-76,-72,-74,0,-77,-77,0,-78,-78,0,0,-66,-67,0,-68,0,0,0,0,-79,-77,-71,-69,-54,-54,-73,-77,-77,-77,-68,-68,-68,-68,-79,0,-76,-75,0,0,0,0,0,0,0,0,0,0,0,-74,-74,-56,-61
0,-76,-72,-74,0,-77,-77,0,-78,-78,0,0,-66,-67,0,-68,0,0,0,0,-79,-77,-71,-69,-54,-54,-73,-77,-77,-77,-68,-68,-68,-68,-79,0,-76,-75,0,0,0,0,0,0,0,0,0,0,0,-74,-74,-56,-61
0,-76,-72,-74,0,-77,-77,0,-78,-78,0,0,-66,-67,0,-68,0,0,0,0,-79,-77,-71,-69,-54,-54,-73,-77,-77,-77,-68,-68,-68,-68,-79,0,-76,-75,0,0,0,0,0,0,0,0,0,0,0,-74,-74,-56,-61
0,-72,-73,-73,0,-77,-77,0,-79,-81,0,0,-69,-69,-70,-66,0,0,0,0,-85,-84,-68,-65,-58,-56,-73,-81,-82,-82,-64,0,-66,-67,-80,0,-74,-74,0,0,0,0,0,0,0,0,0,0,0,-72,-71,-56,-59
0,-72,-73,-73,0,-77,-77,0,-79,-81,0,0,-69,-69,-70,-66,0,0,0,0,-85,-84,-68,-65,-58,-56,-73,-81,-82,-82,-64,0,-66,-67,-80,0,-74,-74,0,0,0,0,0,0,0,0,0,0,0,-72,-71,-56,-59
0,-72,-73,-73,0,-77,-77,0,-79,-81,0,0,-69,-69,-70,-66,0,0,0,0,-85,-84,-68,-65,-58,-56,-73,-81,-82,-82,-64,0,-66,-67,-80,0,-74,-74,0,0,0,0,0,0,0,0,0,0,0,-72,-71,-56,-59
0,-72,-73,-73,0,-77,-77,0,-79,-81,0,0,-69,-69,-70,-66,0,0,0,0,-85,-84,-68,-65,-58,-56,-73,-81,-82,-82,-64,0,-66,-67,-80,0,-74,-74,0,0,0,0,0,0,0,0,0,0,0,-72,-71,-56,-59
0,-72,-73,-73,-72,-77,-77,0,-81,-80,0,-74,-67,-66,-70,-66,0,0,0,0,-75,-76,-68,-69,-57,-56,0,-81,-79,-80,-63,0,-71,-71,-75,-82,-72,-72,0,0,0,0,0,0,0,0,0,-71,-68,-70,-70,-59,-72
0,-72,-73,-73,-72,-77,-77,0,-81,-80,0,-74,-67,-66,-70,-66,0,0,0,0,-75,-76,-68,-69,-57,-56,0,-81,-79,-80,-63,0,-71,-71,-75,-82,-72,-72,0,0,0,0,0,0,0,0,0,-71,-68,-70,-70,-59,-72
0,-72,-73,-73,-72,-77,-77,0,-81,-80,0,-74,-67,-66,-70,-66,0,0,0,0,-75,-76,-68,-69,-57,-56,0,-81,-79,-80,-63,0,-71,-71,-75,-82,-72,-72,0,0,0,0,0,0,0,0,0,-71,-68,-70,-70,-59,-72
-76,-73,-74,-74,-80,-74,-75,0,-80,-81,0,-67,-63,-64,0,0,0,0,0,0,-86,-76,-69,-67,-61,-59,-80,-79,-74,-75,-66,-63,-64,-64,-75,-82,-73,-74,0,0,0,0,0,0,0,0,0,-71,-68,-70,-69,-57,-62
-76,-73,-74,-74,-80,-74,-75,0,-80,-81,0,-67,-63,-64,0,0,0,0,0,0,-86,-76,-69,-67,-61,-59,-80,-79,-74,-75,-66,-63,-64,-64,-75,-82,-73,-74,0,0,0,0,0,0,0,0,0,-71,-68,-70,-69,-57,-62
-76,-73,-74,-74,-80,-74,-75,0,-80,-81,0,-67,-63,-64,0,0,0,0,0,0,-86,-76,-69,-67,-61,-59,-80,-79,-74,-75,-66,-63,-64,-64,-75,-82,-73,-74,0,0,0,0,0,0,0,0,0,-71,-68,-70,-69,-57,-62
-76,-73,-74,-74,-80,-74,-75,0,-80,-81,0,-67,-63,-64,0,0,0,0,0,0,-86,-76,-69,-67,-61,-59,-80,-79,-74,-75,-66,-63,-64,-64,-75,-82,-73,-74,0,0,0,0,0,0,0,0,0,-71,-68,-70,-69,-57,-62
-76,-77,-76,-75,-77,-79,-78,-84,-79,-78,0,-67,-66,-66,0,0,0,0,0,0,-76,-76,-69,-67,-64,-56,-79,-79,-74,-75,-65,-67,-71,-71,-75,-82,-70,-70,0,0,0,0,0,0,0,0,0,-71,-68,-71,-70,-57,-67
-76,-77,-76,-75,-77,-79,-78,-84,-79,-78,0,-67,-66,-66,0,0,0,0,0,0,-76,-76,-69,-67,-64,-56,-79,-79,-74,-75,-65,-67,-71,-71,-75,-82,-70,-70,0,0,0,0,0,0,0,0,0,-71,-68,-71,-70,-57,-67
-76,-77,-76,-75,-77,-79,-78,-84,-79,-78,0,-67,-66,-66,0,0,0,0,0,0,-76,-76,-69,-67,-64,-56,-79,-79,-74,-75,-65,-67,-71,-71,-75,-82,-70,-70,0,0,0,0,0,0,0,0,0,-71,-68,-71,-70,-57,-67
-76,-75,-76,-76,-77,-76,-77,-84,-79,-79,0,-67,-64,-64,-83,-81,0,0,0,0,-77,-77,-69,-67,-57,-57,-79,-79,-82,-80,-65,-65,-66,-67,-79,-80,-76,-76,0,0,0,-84,0,0,0,0,0,0,-67,-74,-75,-55,-70
-76,-75,-76,-76,-77,-76,-77,-84,-79,-79,0,-67,-64,-64,-83,-81,0,0,0,0,-77,-77,-69,-67,-57,-57,-79,-79,-82,-80,-65,-65,-66,-67,-79,-80,-76,-76,0,0,0,-84,0,0,0,0,0,0,-67,-74,-75,-55,-70
-76,-75,-76,-76,-77,-76,-77,-84,-79,-79,0,-67,-64,-64,-83,-81,0,0,0,0,-77,-77,-69,-67,-57,-57,-79,-79,-82,-80,-65,-65,-66,-67,-79,-80,-76,-76,0,0,0,-84,0,0,0,0,0,0,-67,-74,-75,-55,-70
-76,-75,-76,-76,-77,-76,-77,-84,-79,-79,0,-67,-64,-64,-83,-81,0,0,0,0,-77,-77,-69,-67,-57,-57,-79,-79,-82,-80,-65,-65,-66,-67,-79,-80,-76,-76,0,0,0,-84,0,0,0,0,0,0,-67,-74,-75,-55,-70
-76,-73,-77,-77,-77,-76,-76,-84,-79,-80,0,0,-65,-66,-77,-74,0,0,0,-70,-80,-81,0,0,-63,-63,-79,0,-78,-77,-63,-63,-70,-70,-79,-85,-74,-74,0,0,0,-84,0,0,0,0,0,0,-67,-74,-74,-55,-67
-76,-73,-77,-77,-77,-76,-76,-84,-79,-80,0,0,-65,-66,-77,-74,0,0,0,-70,-80,-81,0,0,-63,-63,-79,0,-78,-77,-63,-63,-70,-70,-79,-85,-74,-74,0,0,0,-84,0,0,0,0,0,0,-67,-74,-74,-55,-67
-76,-73,-77,-77,-77,-76,-76,-84,-79,-80,0,0,-65,-66,-77,-74,0,0,0,-70,-80,-81,0,0,-63,-63,-79,0,-78,-77,-63,-63,-70,-70,-79,-85,-74,-74,0,0,0,-84,0,0,0,0,0,0,-67,-74,-74,-55,-67
-76,-73,-77,-77,-77,-76,-76,-84,-79,-80,0,0,-65,-66,-77,-74,0,0,0,-70,-80,-81,0,0,-63,-63,-79,0,-78,-77,-63,-63,-70,-70,-79,-85,-74,-74,0,0,0,-84,0,0,0,0,0,0,-67,-74,-74,-55,-67
0,-73,-73,-73,0,-76,-77,0,-79,-83,0,0,-64,-64,-77,-74,0,0,0,-70,-80,-81,0,0,-66,-58,0,0,-79,-79,-63,-60,-66,-66,-79,-85,-75,-74,0,0,0,-84,0,0,0,0,0,0,-67,-71,-70,-59,-74
0,-73,-73,-73,0,-76,-77,0,-79,-83,0,0,-64,-64,-77,-74,0,0,0,-70,-80,-81,0,0,-66,-58,0,0,-79,-79,-63,-60,-66,-66,-79,-85,-75,-74,0,0,0,-84,0,0,0,0,0,0,-67,-71,-70,-59,-74
0,-73,-73,-73,0,-76,-77,0,-79,-83,0,0,-64,-64,-77,-74,0,0,0,-70,-80,-81,0,0,-66,-58,0,0,-79,-79,-63,-60,-66,-66,-79,-85,-75,-74,0,0,0,-84,0,0,0,0,0,0,-67,-71,-70,-59,-74
0,-71,-82,-83,0,-75,-75,0,0,-81,-73,-73,-67,-66,-77,-74,0,0,0,-70,-75,-74,-69,-67,-54,-54,0,-78,-79,-78,-67,-61,-68,-68,-75,-85,-71,-72,0,0,0,0,0,0,0,0,0,0,0,-75,-74,-59,-66
0,-71,-82,-83,0,-75,-75,0,0,-81,-73,-73,-67,-66,-77,-74,0,0,0,-70,-75,-74,-69,-67,-54,-54,0,-78,-79,-78,-67,-61,-68,-68,-75,-85,-71,-72,0,0,0,0,0,0,0,0,0,0,0,-75,-74,-59,-66
0,-71,-82,-83,0,-75,-75,0,0,-81,-73,-73,-67,-66,-77,-74,0,0,0,-70,-75,-74,-69,-67,-54,-54,0,-78,-79,-78,-67,-61,-68,-68,-75,-85,-71,-72,0,0,0,0,0,0,0,0,0,0,0,-75,-74,-59,-66
0,-71,-82,-83,0,-75,-75,0,0,-81,-73,-73,-67,-66,-77,-74,0,0,0,-70,-75,-74,-69,-67,-54,-54,0,-78,-79,-78,-67,-61,-68,-68,-75,-85,-71,-72,0,0,0,0,0,0,0,0,0,0,0,-75,-74,-59,-66
0,-71,-72,-72,0,-74,-76,0,-82,-82,-73,-73,-68,-68,0,0,0,0,0,0,-76,-77,-65,-62,-54,-53,0,-78,-79,-79,-68,-62,-69,-69,-75,0,-68,-68,0,0,0,0,0,0,0,0,0,0,0,-76,-76,-57,-62
0,-71,-72,-72,0,-74,-76,0,-82,-82,-73,-73,-68,-68,0,0,0,0,0,0,-76,-77,-65,-62,-54,-53,0,-78,-79,-79,-68,-62,-69,-69,-75,0,-68,-68,0,0,0,0,0,0,0,0,0,0,0,-76,-76,-57,-62
0,-71,-72,-72,0,-74,-76,0,-82,-82,-73,-73,-68,-68,0,0,0,0,0,0,-76,-77,-65,-62,-54,-53,0,-78,-79,-79,-68,-62,-69,-69,-75,0,-68,-68,0,0,0,0,0,0,0,0,0,0,0,-76,-76,-57,-62
0,-71,-71,-71,-75,-75,-74,-77,-83,-83,-73,-73,-67,-68,-77,-75,0,0,-77,-74,-79,-79,-65,-67,-56,-55,-79,-78,-77,-77,-68,-62,-67,-67,-75,0,-68,-68,0,0,0,0,0,0,0,0,0,0,0,-72,-71,-58,-65
0,-71,-71,-71,-75,-75,-74,-77,-83,-83,-73,-73,-67,-68,-77,-75,0,0,-77,-74,-79,-79,-65,-67,-56,-55,-79,-78,-77,-77,-68,-62,-67,-67,-75,0,-68,-68,0,0,0,0,0,0,0,0,0,0,0,-72,-71,-58,-65
0,-71,-71,-71,-75,-75,-74,-77,-83,-83,-73,-73,-67,-68,-77,-75,0,0,-77,-74,-79,-79,-65,-67,-56,-55,-79,-78,-77,-77,-68,-62,-67,-67,-75,0,-68,-68,0,0,0,0,0,0,0,0,0,0,0,-72,-71,-58,-65
0,-71,-71,-71,-75,-75,-74,-77,-83,-83,-73,-73,-67,-68,-77,-75,0,0,-77,-74,-79,-79,-65,-67,-56,-55,-79,-78,-77,-77,-68,-62,-67,-67,-75,0,-68,-68,0,0,0,0,0,0,0,0,0,0,0,-72,-71,-58,-65
-71,-70,-77,-76,-74,-75,-76,-77,-82,-81,0,0,-61,-60,-76,-75,0,0,-77,-74,-77,-76,-65,-67,-58,-55,-79,-77,-79,-79,-68,-63,-68,-67,-75,0,-73,-73,0,0,0,0,0,0,0,0,0,0,0,-73,-72,-58,-67
-71,-70,-77,-76,-74,-75,-76,-77,-82,-81,0,0,-61,-60,-76,-75,0,0,-77,-74,-77,-76,-65,-67,-58,-55,-79,-77,-79,-79,-68,-63,-68,-67,-75,0,-73,-73,0,0,0,0,0,0,0,0,0,0,0,-73,-72,-58,-67
-71,-70,-77,-76,-74,-75,-76,-77,-82,-81,0,0,-61,-60,-76,-75,0,0,-77,-74,-77,-76,-65,-67,-58,-55,-79,-77,-79,-79,-68,-63,-68,-67,-75,0,-73,-73,0,0,0,0,0,0,0,0,0,0,0,-73,-72,-58,-67
-71,-70,-77,-76,-74,-75,-76,-77,-82,-81,0,0,-61,-60,-76,-75,0,0,-77,-74,-77,-76,-65,-67,-58,-55,-79,-77,-79,-79,-68,-63,-68,-67,-75,0,-73,-73,0,0,0,0,0,0,0,0,0,0,0,-73,-72,-58,-67
-71,-70,-73,-74,-74,-77,-77,-77,-78,-78,-70,-68,-65,-65,-76,-75,0,0,-77,-73,-73,-73,0,-67,-58,-55,-79,-77,-79,-79,-64,-63,-69,-69,-75,0,-73,-72,0,0,0,0,-83,0,0,0,0,0,0,-75,-76,-54,-69
-71,-70,-73,-74,-74,-77,-77,-77,-78,-78,-70,-68,-65,-65,-76,-75,0,0,-77,-73,-73,-73,0,-67,-58,-55,-79,-77,-79,-79,-64,-63,-69,-69,-75,0,-73,-72,0,0,0,0,-83,0,0,0,0,0,0,-75,-76,-54,-69
-71,-70,-73,-74,-74,-77,-77,-77,-78,-78,-70,-68,-65,-65,-76,-75,0,0,-77,-73,-73,-73,0,-67,-58,-55,-79,-77,-79,-79,-64,-63,-69,-69,-75,0,-73,-72,0,0,0,0,-83,0,0,0,0,0,0,-75,-76,-54,-69
-71,-70,-74,-74,-74,-80,-79,0,-83,-82,-70,-68,-65,-65,-76,0,0,0,-77,-73,-75,-75,-68,-67,-65,-62,0,-81,-80,-80,-64,-59,-68,-68,0,0,-72,-73,0,0,0,-85,-83,0,0,0,0,0,0,-73,-72,-61,-73
-71,-70,-74,-74,-74,-80,-79,0,-83,-82,-70,-68,-65,-65,-76,0,0,0,-77,-73,-75,-75,-68,-67,-65,-62,0,-81,-80,-80,-64,-59,-68,-68,0,0,-72,-73,0,0,0,-85,-83,0,0,0,0,0,0,-73,-72,-61,-73
-71,-70,-74,-74,-74,-80,-79,0,-83,-82,-70,-68,-65,-65,-76,0,0,0,-77,-73,-75,-75,-68,-67,-65,-62,0,-81,-80,-80,-64,-59,-68,-68,0,0,-72,-73,0,0,0,-85,-83,0,0,0,0,0,0,-73,-72,-61,-73
-71,-70,-74,-74,-74,-80,-79,0,-83,-82,-70,-68,-65,-65,-76,0,0,0,-77,-73,-75,-75,-68,-67,-65,-62,0,-81,-80,-80,-64,-59,-68,-68,0,0,-72,-73,0,0,0,-85,-83,0,0,0,0,0,0,-73,-72,-61,-73
-73,-71,-69,-69,0,-78,-78,0,-80,-80,-70,-71,-64,-65,0,0,0,0,-77,-73,-75,-75,-68,-67,-55,-54,0,-81,-80,-80,-64,-62,-65,-65,-77,-80,-71,-71,0,0,0,-85,-83,0,0,0,0,-75,0,-71,-70,-57,-64
-73,-71,-69,-69,0,-78,-78,0,-80,-80,-70,-71,-64,-65,0,0,0,0,-77,-73,-75,-75,-68,-67,-55,-54,0,-81,-80,-80,-64,-62,-65,-65,-77,-80,-71,-71,0,0,0,-85,-83,0,0,0,0,-75,0,-71,-70,-57,-64
-73,-71,-69,-69,0,-78,-78,0,-80,-80,-70,-71,-64,-65,0,0,0,0,-77,-73,-75,-75,-68,-67,-55,-54,0,-81,-80,-80,-64,-62,-65,-65,-77,-80,-71,-71,0,0,0,-85,-83,0,0,0,0,-75,0,-71,-70,-57,-64
-73,-71,-70,-71,0,-78,-79,0,-80,-80,0,-71,-64,-64,0,0,0,0,0,0,-79,-80,-68,-67,-55,-55,0,-81,-79,-80,-69,-62,-66,-66,-75,-80,-75,-75,0,0,0,-85,-84,0,0,0,0,-75,-69,-69,-69,-58,-66
-73,-71,-70,-71,0,-78,-79,0,-80,-80,0,-71,-64,-64,0,0,0,0,0,0,-79,-80,-68,-67,-55,-55,0,-81,-79,-80,-69,-62,-66,-66,-75,-80,-75,-75,0,0,0,-85,-84,0,0,0,0,-75,-69,-69,-69,-58,-66
-73,-71,-70,-71,0,-78,-79,0,-80,-80,0,-71,-64,-64,0,0,0,0,0,0,-79,-80,-68,-67,-55,-55,0,-81,-79,-80,-69,-62,-66,-66,-75,-80,-75,-75,0,0,0,-85,-84,0,0,0,0,-75,-69,-69,-69,-58,-66
-73,-71,-70,-71,0,-78,-79,0,-80,-80,0,-71,-64,-64,0,0,0,0,0,0,-79,-80,-68,-67,-55,-55,0,-81,-79,-80,-69,-62,-66,-66,-75,-80,-75,-75,0,0,0,-85,-84,0,0,0,0,-75,-69,-69,-69,-58,-66
-73,-71,-71,-71,0,-80,-80,0,-80,-80,0,-71,-66,-66,0,0,0,0,0,0,-79,-79,-68,-68,-57,-56,0,0,-79,-79,-69,-62,-67,-67,-74,-80,-76,-75,0,0,0,0,-84,0,0,0,0,-75,-67,-71,-71,-60,-72
-73,-71,-71,-71,0,-80,-80,0,-80,-80,0,-71,-66,-66,0,0,0,0,0,0,-79,-79,-68,-68,-57,-56,0,0,-79,-79,-69,-62,-67,-67,-74,-80,-76,-75,0,0,0,0,-84,0,0,0,0,-75,-67,-71,-71,-60,-72
-73,-71,-71,-71,0,-80,-80,0,-80,-80,0,-71,-66,-66,0,0,0,0,0,0,-79,-79,-68,-68,-57,-56,0,0,-79,-79,-69,-62,-67,-67,-74,-80,-76,-75,0,0,0,0,-84,0,0,0,0,-75,-67,-71,-71,-60,-72
0,0,-77,-77,0,-79,-78,0,-82,-82,0,0,-65,-65,0,0,0,0,0,0,-75,-76,-68,-68,-60,-60,-80,-80,-83,-83,-64,-63,-62,-62,-74,0,-74,-74,0,0,0,0,-84,0,0,0,0,-75,-67,-70,-69,-59,-73
0,0,-77,-77,0,-79,-78,0,-82,-82,0,0,-65,-65,0,0,0,0,0,0,-75,-76,-68,-68,-60,-60,-80,-80,-83,-83,-64,-63,-62,-62,-74,0,-74,-74,0,0,0,0,-84,0,0,0,0,-75,-67,-70,-69,-59,-73
-79,-78,-77,-77,0,-79,-78,0,-79,-79,-68,-66,-72,-71,0,-73,0,0,0,0,-81,-81,-68,-67,-56,-57,-80,-80,-80,-80,-64,-80,-67,-67,-78,-75,-66,-67,0,0,0,0,0,0,0,0,0,0,0,-74,-75,-55,-65
-79,-78,-77,-77,0,-79,-78,0,-79,-79,-68,-66,-72,-71,0,-73,0,0,0,0,-81,-81,-68,-67,-56,-57,-80,-80,-80,-80,-64,-80,-67,-67,-78,-75,-66,-67,0,0,0,0,0,0,0,0,0,0,0,-74,-75,-55,-65
-79,-78,-77,-77,0,-79,-78,0,-79,-79,-68,-66,-72,-71,0,-73,0,0,0,0,-81,-81,-68,-67,-56,-57,-80,-80,-80,-80,-64,-80,-67,-67,-78,-75,-66,-67,0,0,0,0,0,0,0,0,0,0,0,-74,-75,-55,-65
-79,-78,-77,-77,0,-79,-78,0,-79,-79,-68,-66,-72,-71,0,-73,0,0,0,0,-81,-81,-68,-67,-56,-57,-80,-80,-80,-80,-64,-80,-67,-67,-78,-75,-66,-67,0,0,0,0,0,0,0,0,0,0,0,-74,-75,-55,-65
-79,-72,0,0,0,-82,-81,0,-85,-79,-68,-66,-75,-74,0,-73,0,0,0,0,-71,-73,-68,-67,-61,-60,0,0,-80,-80,0,-80,-72,-72,-77,-79,-69,-69,0,0,0,0,0,0,0,0,0,0,0,-75,-74,-56,-64
-79,-72,0,0,0,-82,-81,0,-85,-79,-68,-66,-75,-74,0,-73,0,0,0,0,-71,-73,-68,-67,-61,-60,0,0,-80,-80,0,-80,-72,-72,-77,-79,-69,-69,0,0,0,0,0,0,0,0,0,0,0,-75,-74,-56,-64
-79,-72,0,0,0,-82,-81,0,-85,-79,-68,-66,-75,-74,0,-73,0,0,0,0,-71,-73,-68,-67,-61,-60,0,0,-80,-80,0,-80,-72,-72,-77,-79,-69,-69,0,0,0,0,0,0,0,0,0,0,0,-75,-74,-56,-64
-79,-72,0,0,0,-82,-81,0,-85,-79,-68,-66,-75,-74,0,-73,0,0,0,0,-71,-73,-68,-67,-61,-60,0,0,-80,-80,0,-80,-72,-72,-77,-79,-69,-69,0,0,0,0,0,0,0,0,0,0,0,-75,-74,-56,-64
0,-72,0,0,-78,-78,-79,-80,-80,-82,0,0,-77,-76,0,0,0,0,0,0,-77,-78,0,-69,-58,-57,-85,-82,0,0,0,0,-77,-77,-77,-79,-72,-72,0,0,0,0,0,0,0,0,0,0,-67,-71,-70,-59,-72
0,-72,0,0,-78,-78,-79,-80,-80,-82,0,0,-77,-76,0,0,0,0,0,0,-77,-78,0,-69,-58,-57,-85,-82,0,0,0,0,-77,-77,-77,-79,-72,-72,0,0,0,0,0,0,0,0,0,0,-67,-71,-70,-59,-72
0,-72,0,0,-78,-78,-79,-80,-80,-82,0,0,-77,-76,0,0,0,0,0,0,-77,-78,0,-69,-58,-57,-85,-82,0,0,0,0,-77,-77,-77,-79,-72,-72,0,0,0,0,0,0,0,0,0,0,-67,-71,-70,-59,-72
-82,-72,0,0,-83,-78,-79,-80,-79,-80,0,0,-75,-75,0,0,0,0,0,0,-75,-75,-70,-68,-57,-57,-85,-82,-83,-82,-73,-72,-67,-67,-77,-79,-73,-73,0,0,0,0,0,0,0,0,0,-67,-67,-72,-72,-49,-70
-82,-72,0,0,-83,-78,-79,-80,-79,-80,0,0,-75,-75,0,0,0,0,0,0,-75,-75,-70,-68,-57,-57,-85,-82,-83,-82,-73,-72,-67,-67,-77,-79,-73,-73,0,0,0,0,0,0,0,0,0,-67,-67,-72,-72,-49,-70
-82,-72,0,0,-83,-78,-79,-80,-79,-80,0,0,-75,-75,0,0,0,0,0,0,-75,-75,-70,-68,-57,-57,-85,-82,-83,-82,-73,-72,-67,-67,-77,-79,-73,-73,0,0,0,0,0,0,0,0,0,-67,-67,-72,-72,-49,-70
-82,-72,0,0,-83,-78,-79,-80,-79,-80,0,0,-75,-75,0,0,0,0,0,0,-75,-75,-70,-68,-57,-57,-85,-82,-83,-82,-73,-72,-67,-67,-77,-79,-73,-73,0,0,0,0,0,0,0,0,0,-67,-67,-72,-72,-49,-70
-83,0,0,0,-83,-78,-83,-80,-81,-81,-76,-76,-77,-77,0,0,0,0,0,0,-75,-75,-68,-69,-65,-63,-85,-82,-83,-82,-74,-74,-65,-65,-75,-71,-74,-74,0,0,0,0,0,0,0,0,0,-67,-64,-73,-73,-52,-69
-83,0,0,0,-83,-78,-83,-80,-81,-81,-76,-76,-77,-77,0,0,0,0,0,0,-75,-75,-68,-69,-65,-63,-85,-82,-83,-82,-74,-74,-65,-65,-75,-71,-74,-74,0,0,0,0,0,0,0,0,0,-67,-64,-73,-73,-52,-69
-83,0,0,0,-83,-78,-83,-80,-81,-81,-76,-76,-77,-77,0,0,0,0,0,0,-75,-75,-68,-69,-65,-63,-85,-82,-83,-82,-74,-74,-65,-65,-75,-71,-74,-74,0,0,0,0,0,0,0,0,0,-67,-64,-73,-73,-52,-69
-83,-79,0,0,-83,-86,-84,-80,-80,-81,-76,-76,-76,-76,0,0,0,0,0,0,-76,-75,-68,-67,-58,-57,0,0,-80,-80,-74,-74,-68,-68,-75,-73,-72,-72,0,0,0,0,0,0,0,0,0,-67,-64,-73,-72,-53,-72
-83,-79,0,0,-83,-86,-84,-80,-80,-81,-76,-76,-76,-76,0,0,0,0,0,0,-76,-75,-68,-67,-58,-57,0,0,-80,-80,-74,-74,-68,-68,-75,-73,-72,-72,0,0,0,0,0,0,0,0,0,-67,-64,-73,-72,-53,-72
-83,-79,0,0,-83,-86,-84,-80,-80,-81,-76,-76,-76,-76,0,0,0,0,0,0,-76,-75,-68,-67,-58,-57,0,0,-80,-80,-74,-74,-68,-68,-75,-73,-72,-72,0,0,0,0,0,0,0,0,0,-67,-64,-73,-72,-53,-72
-83,-79,0,0,-83,-86,-84,-80,-80,-81,-76,-76,-76,-76,0,0,0,0,0,0,-76,-75,-68,-67,-58,-57,0,0,-80,-80,-74,-74,-68,-68,-75,-73,-72,-72,0,0,0,0,0,0,0,0,0,-67,-64,-73,-72,-53,-72
-83,-79,0,0,0,-78,-79,-80,-81,-82,-78,-76,-74,-73,-80,-78,0,0,-84,-81,-76,-78,-68,-70,-57,-56,0,0,-80,-80,-74,-74,-70,-69,-74,-70,-73,-73,0,0,0,0,0,0,0,0,0,0,-64,-73,-73,-51,-72
-83,-79,0,0,0,-78,-79,-80,-81,-82,-78,-76,-74,-73,-80,-78,0,0,-84,-81,-76,-78,-68,-70,-57,-56,0,0,-80,-80,-74,-74,-70,-69,-74,-70,-73,-73,0,0,0,0,0,0,0,0,0,0,-64,-73,-73,-51,-72
-83,-79,0,0,0,-78,-79,-80,-81,-82,-78,-76,-74,-73,-80,-78,0,0,-84,-81,-76,-78,-68,-70,-57,-56,0,0,-80,-80,-74,-74,-70,-69,-74,-70,-73,-73,0,0,0,0,0,0,0,0,0,0,-64,-73,-73,-51,-72
-83,-79,0,0,0,-78,-79,-80,-81,-82,-78,-76,-74,-73,-80,-78,0,0,-84,-81,-76,-78,-68,-70,-57,-56,0,0,-80,-80,-74,-74,-70,-69,-74,-70,-73,-73,0,0,0,0,0,0,0,0,0,0,-64,-73,-73,-51,-72
-83,-79,-80,-81,0,-84,-83,0,-81,-85,-78,-76,-71,-72,-80,-78,0,0,-84,-81,-76,-77,-68,-66,-59,-59,0,0,-83,-80,0,0,-72,-72,-76,-73,-70,-71,0,0,0,0,0,0,0,0,0,0,0,-71,-72,-53,-71
-83,-79,-80,-81,0,-84,-83,0,-81,-85,-78,-76,-71,-72,-80,-78,0,0,-84,-81,-76,-77,-68,-66,-59,-59,0,0,-83,-80,0,0,-72,-72,-76,-73,-70,-71,0,0,0,0,0,0,0,0,0,0,0,-71,-72,-53,-71
-83,-79,-80,-81,0,-84,-83,0,-81,-85,-78,-76,-71,-72,-80,-78,0,0,-84,-81,-76,-77,-68,-66,-59,-59,0,0,-83,-80,0,0,-72,-72,-76,-73,-70,-71,0,0,0,0,0,0,0,0,0,0,0,-71,-72,-53,-71
-80,-74,-80,-81,0,-84,-83,-77,-84,-84,-78,-77,-70,-70,-80,-78,0,0,-84,-81,-76,-78,-68,-68,-62,-62,0,0,-79,-79,0,0,-71,-71,-76,-73,-71,-71,0,0,0,0,0,0,0,0,0,-72,-70,-73,-73,-52,-68
-80,-74,-80,-81,0,-84,-83,-77,-84,-84,-78,-77,-70,-70,-80,-78,0,0,-84,-81,-76,-78,-68,-68,-62,-62,0,0,-79,-79,0,0,-71,-71,-76,-73,-71,-71,0,0,0,0,0,0,0,0,0,-72,-70,-73,-73,-52,-68
-80,-74,-80,-81,0,-84,-83,-77,-84,-84,-78,-77,-70,-70,-80,-78,0,0,-84,-81,-76,-78,-68,-68,-62,-62,0,0,-79,-79,0,0,-71,-71,-76,-73,-71,-71,0,0,0,0,0,0,0,0,0,-72,-70,-73,-73,-52,-68
-80,-74,-80,-81,0,-84,-83,-77,-84,-84,-78,-77,-70,-70,-80,-78,0,0,-84,-81,-76,-78,-68,-68,-62,-62,0,0,-79,-79,0,0,-71,-71,-76,-73,-71,-71,0,0,0,0,0,0,0,0,0,-72,-70,-73,-73,-52,-68
-80,-74,-80,-81,0,-78,-79,-77,-79,-80,-82,-81,-72,-72,0,0,-76,-76,0,0,-76,-76,-68,-68,-65,-59,0,0,-79,-79,0,-71,-66,-66,-78,-77,-71,-71,0,0,0,0,0,0,0,0,0,-72,-71,-70,-70,-51,-68
-80,-74,-80,-81,0,-78,-79,-77,-79,-80,-82,-81,-72,-72,0,0,-76,-76,0,0,-76,-76,-68,-68,-65,-59,0,0,-79,-79,0,-71,-66,-66,-78,-77,-71,-71,0,0,0,0,0,0,0,0,0,-72,-71,-70,-70,-51,-68
-80,-74,-80,-81,0,-78,-79,-77,-79,-80,-82,-81,-72,-72,0,0,-76,-76,0,0,-76,-76,-68,-68,-65,-59,0,0,-79,-79,0,-71,-66,-66,-78,-77,-71,-71,0,0,0,0,0,0,0,0,0,-72,-71,-70,-70,-51,-68
-80,-74,0,0,-79,-78,-79,-77,-80,-80,-82,-81,-73,-73,0,0,-76,-76,0,0,-75,-75,0,-65,-69,-66,-80,0,-80,-80,0,-71,-66,-66,-77,-77,-71,-71,0,0,0,0,0,0,0,0,0,-72,-71,-70,-71,-58,-67
-80,-74,0,0,-79,-78,-79,-77,-80,-80,-82,-81,-73,-73,0,0,-76,-76,0,0,-75,-75,0,-65,-69,-66,-80,0,-80,-80,0,-71,-66,-66,-77,-77,-71,-71,0,0,0,0,0,0,0,0,0,-72,-71,-70,-71,-58,-67
-80,-74,0,0,-79,-78,-79,-77,-80,-80,-82,-81,-73,-73,0,0,-76,-76,0,0,-75,-75,0,-65,-69,-66,-80,0,-80,-80,0,-71,-66,-66,-77,-77,-71,-71,0,0,0,0,0,0,0,0,0,-72,-71,-70,-71,-58,-67
-80,-74,0,0,-79,-78,-79,-77,-80,-80,-82,-81,-73,-73,0,0,-76,-76,0,0,-75,-75,0,-65,-69,-66,-80,0,-80,-80,0,-71,-66,-66,-77,-77,-71,-71,0,0,0,0,0,0,0,0,0,-72,-71,-70,-71,-58,-67
-82,-80,0,0,-79,-78,-78,0,-80,-81,-82,-79,-75,-75,0,0,-77,-76,0,0,-80,-81,0,-69,-68,-67,-80,0,-81,-81,0,-71,-64,-64,-77,-77,-71,-71,0,0,0,0,0,0,0,0,0,0,-71,-70,-71,-57,-69
-82,-80,0,0,-79,-78,-78,0,-80,-81,-82,-79,-75,-75,0,0,-77,-76,0,0,-80,-81,0,-69,-68,-67,-80,0,-81,-81,0,-71,-64,-64,-77,-77,-71,-71,0,0,0,0,0,0,0,0,0,0,-71,-70,-71,-57,-69
-82,-80,0,0,-79,-78,-78,0,-80,-81,-82,-79,-75,-75,0,0,-77,-76,0,0,-80,-81,0,-69,-68,-67,-80,0,-81,-81,0,-71,-64,-64,-77,-77,-71,-71,0,0,0,0,0,0,0,0,0,0,-71,-70,-71,-57,-69
-82,-78,0,0,-79,-81,-80,-79,-82,-82,0,-79,-73,-72,0,0,-77,-76,0,0,-76,-76,-69,-68,-65,-60,-80,-89,-81,-81,0,-69,-65,-65,-78,0,-72,-72,0,0,-89,0,0,0,0,0,0,0,0,-71,-71,-56,-71
-82,-78,0,0,-79,-81,-80,-79,-82,-82,0,-79,-73,-72,0,0,-77,-76,0,0,-76,-76,-69,-68,-65,-60,-80,-89,-81,-81,0,-69,-65,-65,-78,0,-72,-72,0,0,-89,0,0,0,0,0,0,0,0,-71,-71,-56,-71
-82,-78,0,0,-79,-81,-80,-79,-82,-82,0,-79,-73,-72,0,0,-77,-76,0,0,-76,-76,-69,-68,-65,-60,-80,-89,-81,-81,0,-69,-65,-65,-78,0,-72,-72,0,0,-89,0,0,0,0,0,0,0,0,-71,-71,-56,-71
-82,-78,0,0,-79,-81,-80,-79,-82,-82,0,-79,-73,-72,0,0,-77,-76,0,0,-76,-76,-69,-68,-65,-60,-80,-89,-81,-81,0,-69,-65,-65,-78,0,-72,-72,0,0,-89,0,0,0,0,0,0,0,0,-71,-71,-56,-71
-82,-78,0,0,0,-81,-80,-79,-82,-83,0,-79,-72,-72,0,0,-77,-76,0,0,-77,-76,-69,-68,-65,-65,-80,-89,-80,-81,-71,-70,-66,-65,-76,-76,-73,-73,0,0,-89,0,0,0,0,0,0,0,0,-71,-71,-56,-68
-82,-78,0,0,0,-81,-80,-79,-82,-83,0,-79,-72,-72,0,0,-77,-76,0,0,-77,-76,-69,-68,-65,-65,-80,-89,-80,-81,-71,-70,-66,-65,-76,-76,-73,-73,0,0,-89,0,0,0,0,0,0,0,0,-71,-71,-56,-68
-82,-78,0,0,0,-81,-80,-79,-82,-83,0,-79,-72,-72,0,0,-77,-76,0,0,-77,-76,-69,-68,-65,-65,-80,-89,-80,-81,-71,-70,-66,-65,-76,-76,-73,-73,0,0,-89,0,0,0,0,0,0,0,0,-71,-71,-56,-68
0,-78,0,0,-80,-79,-80,-79,-84,-83,0,0,-72,-73,0,0,0,0,0,0,-77,-76,-69,-68,-65,-65,-80,-89,-80,-81,-71,-70,-65,-65,-76,-76,-72,-72,0,0,-89,0,0,0,0,0,0,0,-67,-72,-72,-55,-67
0,-78,0,0,-80,-79,-80,-79,-84,-83,0,0,-72,-73,0,0,0,0,0,0,-77,-76,-69,-68,-65,-65,-80,-89,-80,-81,-71,-70,-65,-65,-76,-76,-72,-72,0,0,-89,0,0,0,0,0,0,0,-67,-72,-72,-55,-67
0,-78,0,0,-80,-79,-80,-79,-84,-83,0,0,-72,-73,0,0,0,0,0,0,-77,-76,-69,-68,-65,-65,-80,-89,-80,-81,-71,-70,-65,-65,-76,-76,-72,-72,0,0,-89,0,0,0,0,0,0,0,-67,-72,-72,-55,-67
0,-78,0,0,-80,-79,-80,-79,-84,-83,0,0,-72,-73,0,0,0,0,0,0,-77,-76,-69,-68,-65,-65,-80,-89,-80,-81,-71,-70,-65,-65,-76,-76,-72,-72,0,0,-89,0,0,0,0,0,0,0,-67,-72,-72,-55,-67
0,0,0,0,-65,-79,-80,0,-82,-82,0,0,-73,-74,-80,-77,0,0,0,-75,-73,-73,-69,-68,-62,-59,-78,-87,-80,-80,-72,-70,-64,-65,-76,-76,-70,-70,0,0,0,0,0,0,0,0,0,0,-67,-72,-72,-54,-69
0,0,0,0,-65,-79,-80,0,-82,-82,0,0,-73,-74,-80,-77,0,0,0,-75,-73,-73,-69,-68,-62,-59,-78,-87,-80,-80,-72,-70,-64,-65,-76,-76,-70,-70,0,0,0,0,0,0,0,0,0,0,-67,-72,-72,-54,-69
0,0,0,0,-65,-79,-80,0,-82,-82,0,0,-73,-74,-80,-77,0,0,0,-75,-73,-73,-69,-68,-62,-59,-78,-87,-80,-80,-72,-70,-64,-65,-76,-76,-70,-70,0,0,0,0,0,0,0,0,0,0,-67,-72,-72,-54,-69
0,0,0,0,-65,-79,-80,0,-82,-82,0,0,-73,-74,-80,-77,0,0,0,-75,-73,-73,-69,-68,-62,-59,-78,-87,-80,-80,-72,-70,-64,-65,-76,-76,-70,-70,0,0,0,0,0,0,0,0,0,0,-67,-72,-72,-54,-69
0,0,0,0,-65,-79,-86,0,-82,-84,0,0,-80,-82,-79,-77,0,0,0,-76,-72,-73,-69,-68,-60,-59,-78,-87,-80,-82,-72,-70,-64,-64,-77,-75,-71,-71,0,0,0,0,0,0,0,0,0,0,-67,-70,-70,-54,-65
0,0,0,0,-65,-79,-86,0,-82,-84,0,0,-80,-82,-79,-77,0,0,0,-76,-72,-73,-69,-68,-60,-59,-78,-87,-80,-82,-72,-70,-64,-64,-77,-75,-71,-71,0,0,0,0,0,0,0,0,0,0,-67,-70,-70,-54,-65
