0,0,0,0,-77,-82,-82,0,-82,-81,0,0,-80,-81,-79,-77,-77,-77,0,0,-75,-75,-64,-62,-58,-59,-82,-83,-81,-80,-75,-75,-71,-70,-77,0,-65,-65,0,0,-82,-83,0,0,0,0,0,0,-75,-76,-76,-52,-62
0,0,0,0,-77,-82,-82,0,-82,-81,0,0,-80,-81,-79,-77,-77,-77,0,0,-75,-75,-64,-62,-58,-59,-82,-83,-81,-80,-75,-75,-71,-70,-77,0,-65,-65,0,0,-82,-83,0,0,0,0,0,0,-75,-76,-76,-52,-62
0,0,0,0,-77,-82,-82,0,-82,-81,0,0,-80,-81,-79,-77,-77,-77,0,0,-75,-75,-64,-62,-58,-59,-82,-83,-81,-80,-75,-75,-71,-70,-77,0,-65,-65,0,0,-82,-83,0,0,0,0,0,0,-75,-76,-76,-52,-62
0,0,0,0,-77,-82,-82,0,-82,-81,0,0,-80,-81,-79,-77,-77,-77,0,0,-75,-75,-64,-62,-58,-59,-82,-83,-81,-80,-75,-75,-71,-70,-77,0,-65,-65,0,0,-82,-83,0,0,0,0,0,0,-75,-76,-76,-52,-62
0,0,-76,-76,-77,-82,-82,-77,-83,-83,0,-78,-77,-77,-80,-77,-77,-77,-78,0,-73,-74,-62,-63,-63,-61,-82,-83,-81,-80,0,0,-71,-72,-70,-72,-66,-66,0,-86,0,-83,0,0,0,0,0,0,-75,-82,-83,-49,-66
0,0,-76,-76,-77,-82,-82,-77,-83,-83,0,-78,-77,-77,-80,-77,-77,-77,-78,0,-73,-74,-62,-63,-63,-61,-82,-83,-81,-80,0,0,-71,-72,-70,-72,-66,-66,0,-86,0,-83,0,0,0,0,0,0,-75,-82,-83,-49,-66
0,0,-76,-76,-77,-82,-82,-77,-83,-83,0,-78,-77,-77,-80,-77,-77,-77,-78,0,-73,-74,-62,-63,-63,-61,-82,-83,-81,-80,0,0,-71,-72,-70,-72,-66,-66,0,-86,0,-83,0,0,0,0,0,0,-75,-82,-83,-49,-66
0,0,-76,-76,-77,-82,-82,-77,-83,-83,0,-78,-77,-77,-80,-77,-77,-77,-78,0,-73,-74,-62,-63,-63,-61,-82,-83,-81,-80,0,0,-71,-72,-70,-72,-66,-66,0,-86,0,-83,0,0,0,0,0,0,-75,-82,-83,-49,-66
0,0,-77,-77,0,-79,-79,-77,-83,-83,0,-78,-80,-80,-80,-77,0,0,-78,-75,-71,-71,-65,-64,-63,-59,0,0,-76,-76,0,0,-72,-72,-70,-72,-65,-64,0,-86,0,-84,-83,0,0,0,0,0,-85,-82,-83,-58,-71
0,0,-77,-77,0,-79,-79,-77,-83,-83,0,-78,-80,-80,-80,-77,0,0,-78,-75,-71,-71,-65,-64,-63,-59,0,0,-76,-76,0,0,-72,-72,-70,-72,-65,-64,0,-86,0,-84,-83,0,0,0,0,0,-85,-82,-83,-58,-71
0,0,-77,-77,0,-79,-79,-77,-83,-83,0,-78,-80,-80,-80,-77,0,0,-78,-75,-71,-71,-65,-64,-63,-59,0,0,-76,-76,0,0,-72,-72,-70,-72,-65,-64,0,-86,0,-84,-83,0,0,0,0,0,-85,-82,-83,-58,-71
0,-77,-78,-78,0,-80,-81,-90,-83,-82,0,-78,-78,-78,-80,-77,0,0,-78,-71,-72,-72,-65,-64,-63,-63,0,-84,-79,-79,0,0,-74,-74,-78,-80,-65,-65,0,-86,0,-84,-83,0,0,0,0,0,-85,-82,-82,-58,-66
0,-77,-78,-78,0,-80,-81,-90,-83,-82,0,-78,-78,-78,-80,-77,0,0,-78,-71,-72,-72,-65,-64,-63,-63,0,-84,-79,-79,0,0,-74,-74,-78,-80,-65,-65,0,-86,0,-84,-83,0,0,0,0,0,-85,-82,-82,-58,-66
0,-77,-78,-78,0,-80,-81,-90,-83,-82,0,-78,-78,-78,-80,-77,0,0,-78,-71,-72,-72,-65,-64,-63,-63,0,-84,-79,-79,0,0,-74,-74,-78,-80,-65,-65,0,-86,0,-84,-83,0,0,0,0,0,-85,-82,-82,-58,-66
0,-77,-78,-78,0,-80,-81,-90,-83,-82,0,-78,-78,-78,-80,-77,0,0,-78,-71,-72,-72,-65,-64,-63,-63,0,-84,-79,-79,0,0,-74,-74,-78,-80,-65,-65,0,-86,0,-84,-83,0,0,0,0,0,-85,-82,-82,-58,-66
-79,-76,-78,-77,0,-80,-80,-90,-83,-83,0,0,-76,-77,0,0,0,0,0,-71,-73,-73,-65,-63,-64,-64,0,-84,-78,-78,0,0,-74,-74,-79,-81,-63,-63,0,0,0,-84,-83,0,0,0,0,0,-85,-82,-81,-58,-64
-79,-76,-78,-77,0,-80,-80,-90,-83,-83,0,0,-76,-77,0,0,0,0,0,-71,-73,-73,-65,-63,-64,-64,0,-84,-78,-78,0,0,-74,-74,-79,-81,-63,-63,0,0,0,-84,-83,0,0,0,0,0,-85,-82,-81,-58,-64
-79,-76,-78,-77,0,-80,-80,-90,-83,-83,0,0,-76,-77,0,0,0,0,0,-71,-73,-73,-65,-63,-64,-64,0,-84,-78,-78,0,0,-74,-74,-79,-81,-63,-63,0,0,0,-84,-83,0,0,0,0,0,-85,-82,-81,-58,-64
-79,-76,-78,-77,-76,-79,-78,-90,0,-83,0,0,-74,-74,0,0,-74,-74,0,-71,-72,-72,-63,-62,-70,-57,-86,-85,-78,-79,0,0,-73,-73,-79,-81,-68,-69,0,0,0,-85,-85,0,0,0,0,0,-87,-84,-82,-63,-67
-79,-76,-78,-77,-76,-79,-78,-90,0,-83,0,0,-74,-74,0,0,-74,-74,0,-71,-72,-72,-63,-62,-70,-57,-86,-85,-78,-79,0,0,-73,-73,-79,-81,-68,-69,0,0,0,-85,-85,0,0,0,0,0,-87,-84,-82,-63,-67
-79,-76,-78,-77,-76,-79,-78,-90,0,-83,0,0,-74,-74,0,0,-74,-74,0,-71,-72,-72,-63,-62,-70,-57,-86,-85,-78,-79,0,0,-73,-73,-79,-81,-68,-69,0,0,0,-85,-85,0,0,0,0,0,-87,-84,-82,-63,-67
-79,-76,-78,-77,-76,-79,-78,-90,0,-83,0,0,-74,-74,0,0,-74,-74,0,-71,-72,-72,-63,-62,-70,-57,-86,-85,-78,-79,0,0,-73,-73,-79,-81,-68,-69,0,0,0,-85,-85,0,0,0,0,0,-87,-84,-82,-63,-67
-79,-76,-78,-77,-76,-77,-78,0,-85,-84,0,0,-76,-75,0,0,-74,-72,0,0,-71,-73,-69,-67,-63,-62,-86,-85,-78,-79,0,-80,-73,-73,-79,-81,-70,-70,0,-86,-86,-85,-85,0,0,0,0,0,-87,-82,-83,-65,-74
-79,-76,-78,-77,-76,-77,-78,0,-85,-84,0,0,-76,-75,0,0,-74,-72,0,0,-71,-73,-69,-67,-63,-62,-86,-85,-78,-79,0,-80,-73,-73,-79,-81,-70,-70,0,-86,-86,-85,-85,0,0,0,0,0,-87,-82,-83,-65,-74
-79,-76,-78,-77,-76,-77,-78,0,-85,-84,0,0,-76,-75,0,0,-74,-72,0,0,-71,-73,-69,-67,-63,-62,-86,-85,-78,-79,0,-80,-73,-73,-79,-81,-70,-70,0,-86,-86,-85,-85,0,0,0,0,0,-87,-82,-83,-65,-74
0,0,0,0,-76,-79,-78,0,-84,-84,0,0,-74,-73,0,-80,-74,-72,0,0,-73,-72,-69,-70,-65,-64,-86,-85,-83,-83,0,-80,-70,-70,0,0,-65,-65,-85,-86,-86,-85,-85,0,0,0,0,0,-87,-80,-79,-58,-71
0,0,0,0,-76,-79,-78,0,-84,-84,0,0,-74,-73,0,-80,-74,-72,0,0,-73,-72,-69,-70,-65,-64,-86,-85,-83,-83,0,-80,-70,-70,0,0,-65,-65,-85,-86,-86,-85,-85,0,0,0,0,0,-87,-80,-79,-58,-71
0,0,0,0,-76,-79,-78,0,-84,-84,0,0,-74,-73,0,-80,-74,-72,0,0,-73,-72,-69,-70,-65,-64,-86,-85,-83,-83,0,-80,-70,-70,0,0,-65,-65,-85,-86,-86,-85,-85,0,0,0,0,0,-87,-80,-79,-58,-71
0,0,0,0,-76,-79,-78,0,-84,-84,0,0,-74,-73,0,-80,-74,-72,0,0,-73,-72,-69,-70,-65,-64,-86,-85,-83,-83,0,-80,-70,-70,0,0,-65,-65,-85,-86,-86,-85,-85,0,0,0,0,0,-87,-80,-79,-58,-71
0,-81,0,0,0,-78,-80,-82,-84,-84,0,0,-73,-73,0,-80,-75,-76,0,0,-73,-73,-68,-71,-64,-63,-85,-84,-83,-83,0,-80,-70,-70,-79,-78,-65,-65,-85,-86,-86,0,0,0,0,0,0,0,0,-80,-79,-58,-70
0,-81,0,0,0,-78,-80,-82,-84,-84,0,0,-73,-73,0,-80,-75,-76,0,0,-73,-73,-68,-71,-64,-63,-85,-84,-83,-83,0,-80,-70,-70,-79,-78,-65,-65,-85,-86,-86,0,0,0,0,0,0,0,0,-80,-79,-58,-70
0,-81,0,0,0,-78,-80,-82,-84,-84,0,0,-73,-73,0,-80,-75,-76,0,0,-73,-73,-68,-71,-64,-63,-85,-84,-83,-83,0,-80,-70,-70,-79,-78,-65,-65,-85,-86,-86,0,0,0,0,0,0,0,0,-80,-79,-58,-70
0,-81,0,0,-79,-79,-79,-82,-84,0,0,0,-74,-74,0,-80,-75,-75,0,0,-73,-74,-68,-68,-63,-62,-84,-84,-82,-83,0,0,-74,-74,-79,-78,-67,-67,-85,0,0,0,0,0,0,0,0,0,0,-81,-81,-57,-70
0,-81,0,0,-79,-79,-79,-82,-84,0,0,0,-74,-74,0,-80,-75,-75,0,0,-73,-74,-68,-68,-63,-62,-84,-84,-82,-83,0,0,-74,-74,-79,-78,-67,-67,-85,0,0,0,0,0,0,0,0,0,0,-81,-81,-57,-70
0,-81,0,0,-79,-79,-79,-82,-84,0,0,0,-74,-74,0,-80,-75,-75,0,0,-73,-74,-68,-68,-63,-62,-84,-84,-82,-83,0,0,-74,-74,-79,-78,-67,-67,-85,0,0,0,0,0,0,0,0,0,0,-81,-81,-57,-70
0,-81,0,0,-79,-79,-79,-82,-84,0,0,0,-74,-74,0,-80,-75,-75,0,0,-73,-74,-68,-68,-63,-62,-84,-84,-82,-83,0,0,-74,-74,-79,-78,-67,-67,-85,0,0,0,0,0,0,0,0,0,0,-81,-81,-57,-70
0,-81,0,0,-79,-80,-81,-82,-84,-85,0,0,-77,-77,0,0,-75,-75,0,0,-72,-72,-66,-65,-59,-60,-84,-84,-84,-82,0,0,-70,-70,-75,-78,-67,-67,0,0,0,0,0,0,0,0,0,0,0,-77,-76,-57,-65
0,-81,0,0,-79,-80,-81,-82,-84,-85,0,0,-77,-77,0,0,-75,-75,0,0,-72,-72,-66,-65,-59,-60,-84,-84,-84,-82,0,0,-70,-70,-75,-78,-67,-67,0,0,0,0,0,0,0,0,0,0,0,-77,-76,-57,-65
0,-81,0,0,-79,-80,-81,-82,-84,-85,0,0,-77,-77,0,0,-75,-75,0,0,-72,-72,-66,-65,-59,-60,-84,-84,-84,-82,0,0,-70,-70,-75,-78,-67,-67,0,0,0,0,0,0,0,0,0,0,0,-77,-76,-57,-65
0,-81,0,0,-79,-80,-81,-82,-84,-85,0,0,-77,-77,0,0,-75,-75,0,0,-72,-72,-66,-65,-59,-60,-84,-84,-84,-82,0,0,-70,-70,-75,-78,-67,-67,0,0,0,0,0,0,0,0,0,0,0,-77,-76,-57,-65
0,0,0,0,-79,-80,-79,0,-84,-83,0,0,-74,-74,-76,-73,-78,-78,-78,-75,-74,-74,-66,-71,-63,-62,-84,-84,-84,-82,0,0,-70,-70,-76,-73,-63,-63,0,0,0,0,0,0,0,0,0,0,0,-78,-79,-60,-70
0,0,0,0,-79,-80,-79,0,-84,-83,0,0,-74,-74,-76,-73,-78,-78,-78,-75,-74,-74,-66,-71,-63,-62,-84,-84,-84,-82,0,0,-70,-70,-76,-73,-63,-63,0,0,0,0,0,0,0,0,0,0,0,-78,-79,-60,-70
0,0,0,0,-79,-80,-79,0,-84,-83,0,0,-74,-74,-76,-73,-78,-78,-78,-75,-74,-74,-66,-71,-63,-62,-84,-84,-84,-82,0,0,-70,-70,-76,-73,-63,-63,0,0,0,0,0,0,0,0,0,0,0,-78,-79,-60,-70
-85,-84,0,0,0,-82,-81,0,-84,-83,0,0,-75,-74,-76,-73,-76,-75,-78,-75,-75,-76,-66,-65,-63,-62,-84,0,-84,-82,-80,-81,-67,-68,-74,-72,-67,-67,0,0,0,-82,-83,0,0,0,0,0,0,-79,-79,-57,-67
-85,-84,0,0,0,-82,-81,0,-84,-83,0,0,-75,-74,-76,-73,-76,-75,-78,-75,-75,-76,-66,-65,-63,-62,-84,0,-84,-82,-80,-81,-67,-68,-74,-72,-67,-67,0,0,0,-82,-83,0,0,0,0,0,0,-79,-79,-57,-67
-85,-84,0,0,0,-82,-81,0,-84,-83,0,0,-75,-74,-76,-73,-76,-75,-78,-75,-75,-76,-66,-65,-63,-62,-84,0,-84,-82,-80,-81,-67,-68,-74,-72,-67,-67,0,0,0,-82,-83,0,0,0,0,0,0,-79,-79,-57,-67
-85,-84,0,0,0,-82,-81,0,-84,-83,0,0,-75,-74,-76,-73,-76,-75,-78,-75,-75,-76,-66,-65,-63,-62,-84,0,-84,-82,-80,-81,-67,-68,-74,-72,-67,-67,0,0,0,-82,-83,0,0,0,0,0,0,-79,-79,-57,-67
-83,-81,0,0,0,-79,-78,0,0,-83,0,0,-75,-75,-76,-73,-76,-75,-78,-75,-71,-71,-68,-66,-63,-61,-84,0,-80,-80,-80,-81,-64,-64,-77,-78,-67,-67,0,0,-86,-87,-83,0,0,0,0,0,0,-79,-79,-57,-68
-83,-81,0,0,0,-79,-78,0,0,-83,0,0,-75,-75,-76,-73,-76,-75,-78,-75,-71,-71,-68,-66,-63,-61,-84,0,-80,-80,-80,-81,-64,-64,-77,-78,-67,-67,0,0,-86,-87,-83,0,0,0,0,0,0,-79,-79,-57,-68
-83,-81,0,0,0,-79,-78,0,0,-83,0,0,-75,-75,-76,-73,-76,-75,-78,-75,-71,-71,-68,-66,-63,-61,-84,0,-80,-80,-80,-81,-64,-64,-77,-78,-67,-67,0,0,-86,-87,-83,0,0,0,0,0,0,-79,-79,-57,-68
-83,-81,0,0,0,-81,-80,-82,0,0,0,0,-77,-77,-78,-76,-76,-75,0,0,-71,-70,-68,-66,-60,-61,-84,-86,-81,-80,-80,-81,-71,-74,-77,-78,-67,-67,0,0,-86,-87,-83,0,0,0,0,0,0,-81,-80,-57,-68
-83,-81,0,0,0,-81,-80,-82,0,0,0,0,-77,-77,-78,-76,-76,-75,0,0,-71,-70,-68,-66,-60,-61,-84,-86,-81,-80,-80,-81,-71,-74,-77,-78,-67,-67,0,0,-86,-87,-83,0,0,0,0,0,0,-81,-80,-57,-68
-83,-81,0,0,0,-81,-80,-82,0,0,0,0,-77,-77,-78,-76,-76,-75,0,0,-71,-70,-68,-66,-60,-61,-84,-86,-81,-80,-80,-81,-71,-74,-77,-78,-67,-67,0,0,-86,-87,-83,0,0,0,0,0,0,-81,-80,-57,-68
-83,-81,0,0,0,-81,-80,-82,0,0,0,0,-77,-77,-78,-76,-76,-75,0,0,-71,-70,-68,-66,-60,-61,-84,-86,-81,-80,-80,-81,-71,-74,-77,-78,-67,-67,0,0,-86,-87,-83,0,0,0,0,0,0,-81,-80,-57,-68
-83,-81,0,0,0,-85,-84,-82,-85,-83,0,0,-77,-77,-78,-76,-74,-74,0,0,-71,-71,-76,-74,-65,-62,-84,-86,-81,-80,-80,-81,-68,-68,-81,-78,-72,-71,0,-89,-86,-87,0,0,0,-86,0,-87,-84,-78,-79,-56,-66
-83,-81,0,0,0,-85,-84,-82,-85,-83,0,0,-77,-77,-78,-76,-74,-74,0,0,-71,-71,-76,-74,-65,-62,-84,-86,-81,-80,-80,-81,-68,-68,-81,-78,-72,-71,0,-89,-86,-87,0,0,0,-86,0,-87,-84,-78,-79,-56,-66
-83,-81,0,0,0,-85,-84,-82,-85,-83,0,0,-77,-77,-78,-76,-74,-74,0,0,-71,-71,-76,-74,-65,-62,-84,-86,-81,-80,-80,-81,-68,-68,-81,-78,-72,-71,0,-89,-86,-87,0,0,0,-86,0,-87,-84,-78,-79,-56,-66
0,0,0,0,0,-82,-83,-82,-80,-81,0,0,-75,-74,-78,-76,-74,-74,0,0,-70,-70,-76,-74,-59,-59,-84,-86,-81,-80,-80,-81,-72,-71,-81,0,-70,-70,0,-89,0,0,0,0,0,-86,0,-87,-84,-81,-81,-56,-67
0,0,0,0,0,-82,-83,-82,-80,-81,0,0,-75,-74,-78,-76,-74,-74,0,0,-70,-70,-76,-74,-59,-59,-84,-86,-81,-80,-80,-81,-72,-71,-81,0,-70,-70,0,-89,0,0,0,0,0,-86,0,-87,-84,-81,-81,-56,-67
0,-72,-78,-78,0,-83,-83,0,-83,-84,0,0,-74,-74,0,-73,0,0,0,0,-72,-72,-69,-67,-60,-59,0,0,0,0,0,-77,-67,-67,-73,-75,-68,-68,0,0,0,-84,0,0,0,0,0,0,0,-79,-79,-59,-62
0,-72,-78,-78,0,-83,-83,0,-83,-84,0,0,-74,-74,0,-73,0,0,0,0,-72,-72,-69,-67,-60,-59,0,0,0,0,0,-77,-67,-67,-73,-75,-68,-68,0,0,0,-84,0,0,0,0,0,0,0,-79,-79,-59,-62
0,-72,-78,-78,0,-83,-83,0,-83,-84,0,0,-74,-74,0,-73,0,0,0,0,-72,-72,-69,-67,-60,-59,0,0,0,0,0,-77,-67,-67,-73,-75,-68,-68,0,0,0,-84,0,0,0,0,0,0,0,-79,-79,-59,-62
0,-72,-78,-78,0,-83,-83,0,-83,-84,0,0,-74,-74,0,-73,0,0,0,0,-72,-72,-69,-67,-60,-59,0,0,0,0,0,-77,-67,-67,-73,-75,-68,-68,0,0,0,-84,0,0,0,0,0,0,0,-79,-79,-59,-62
-75,-72,-78,-78,-76,-83,-83,0,-83,-84,0,0,-76,-76,0,-70,-79,-79,0,0,-73,-72,-69,-67,-64,-63,0,0,0,0,0,-74,-68,-68,-73,-78,-76,-75,0,0,0,-83,-85,0,0,-86,0,0,0,-75,-75,-61,-65
-75,-72,-78,-78,-76,-83,-83,0,-83,-84,0,0,-76,-76,0,-70,-79,-79,0,0,-73,-72,-69,-67,-64,-63,0,0,0,0,0,-74,-68,-68,-73,-78,-76,-75,0,0,0,-83,-85,0,0,-86,0,0,0,-75,-75,-61,-65
-75,-72,-78,-78,-76,-83,-83,0,-83,-84,0,0,-76,-76,0,-70,-79,-79,0,0,-73,-72,-69,-67,-64,-63,0,0,0,0,0,-74,-68,-68,-73,-78,-76,-75,0,0,0,-83,-85,0,0,-86,0,0,0,-75,-75,-61,-65
-75,0,0,0,-76,-80,-81,0,-79,-79,0,0,-73,-72,0,-70,-76,-76,0,0,-71,-72,-70,-68,-65,-61,0,0,-85,-86,0,-72,-72,-72,0,-78,-69,-69,0,0,0,-86,-85,0,0,-86,0,0,0,-80,-80,-50,-72
-75,0,0,0,-76,-80,-81,0,-79,-79,0,0,-73,-72,0,-70,-76,-76,0,0,-71,-72,-70,-68,-65,-61,0,0,-85,-86,0,-72,-72,-72,0,-78,-69,-69,0,0,0,-86,-85,0,0,-86,0,0,0,-80,-80,-50,-72
-75,0,0,0,-76,-80,-81,0,-79,-79,0,0,-73,-72,0,-70,-76,-76,0,0,-71,-72,-70,-68,-65,-61,0,0,-85,-86,0,-72,-72,-72,0,-78,-69,-69,0,0,0,-86,-85,0,0,-86,0,0,0,-80,-80,-50,-72
-75,0,0,0,-76,-80,-81,0,-79,-79,0,0,-73,-72,0,-70,-76,-76,0,0,-71,-72,-70,-68,-65,-61,0,0,-85,-86,0,-72,-72,-72,0,-78,-69,-69,0,0,0,-86,-85,0,0,-86,0,0,0,-80,-80,-50,-72
-75,-77,0,0,-76,-81,-81,0,-83,-83,0,0,-77,-79,0,-70,-76,-76,0,0,-72,-72,-70,-65,-68,-68,0,0,-80,-81,-71,-75,-72,-72,0,-78,-68,-68,0,0,0,-83,-84,0,0,-86,0,0,0,-79,-79,-52,-69
-75,-77,0,0,-76,-81,-81,0,-83,-83,0,0,-77,-79,0,-70,-76,-76,0,0,-72,-72,-70,-65,-68,-68,0,0,-80,-81,-71,-75,-72,-72,0,-78,-68,-68,0,0,0,-83,-84,0,0,-86,0,0,0,-79,-79,-52,-69
-75,-77,0,0,-76,-81,-81,0,-83,-83,0,0,-77,-79,0,-70,-76,-76,0,0,-72,-72,-70,-65,-68,-68,0,0,-80,-81,-71,-75,-72,-72,0,-78,-68,-68,0,0,0,-83,-84,0,0,-86,0,0,0,-79,-79,-52,-69
-75,-77,0,0,-76,-81,-81,0,-83,-83,0,0,-77,-79,0,-70,-76,-76,0,0,-72,-72,-70,-65,-68,-68,0,0,-80,-81,-71,-75,-72,-72,0,-78,-68,-68,0,0,0,-83,-84,0,0,-86,0,0,0,-79,-79,-52,-69
-80,-79,-78,-78,0,-82,-80,0,-83,-85,0,0,-73,-73,0,0,-76,-76,0,0,-73,-73,-70,-68,-70,-68,0,0,-83,-82,-71,-71,-72,-72,-79,-79,-68,-68,0,-85,-87,-83,-86,0,0,0,0,0,0,-82,-79,-51,-68
-80,-79,-78,-78,0,-82,-80,0,-83,-85,0,0,-73,-73,0,0,-76,-76,0,0,-73,-73,-70,-68,-70,-68,0,0,-83,-82,-71,-71,-72,-72,-79,-79,-68,-68,0,-85,-87,-83,-86,0,0,0,0,0,0,-82,-79,-51,-68
-80,-79,-78,-78,0,-82,-80,0,-83,-85,0,0,-73,-73,0,0,-76,-76,0,0,-73,-73,-70,-68,-70,-68,0,0,-83,-82,-71,-71,-72,-72,-79,-79,-68,-68,0,-85,-87,-83,-86,0,0,0,0,0,0,-82,-79,-51,-68
-80,-79,-78,-78,0,-82,-81,0,-82,-83,0,0,-76,-75,0,0,-75,-76,-80,-77,-73,-73,0,-68,-63,-63,0,0,-80,-81,-73,-73,-63,-63,-78,-80,-65,-65,0,-86,-85,-83,-83,0,0,0,0,0,0,-80,-79,-50,-68
-80,-79,-78,-78,0,-82,-81,0,-82,-83,0,0,-76,-75,0,0,-75,-76,-80,-77,-73,-73,0,-68,-63,-63,0,0,-80,-81,-73,-73,-63,-63,-78,-80,-65,-65,0,-86,-85,-83,-83,0,0,0,0,0,0,-80,-79,-50,-68
-80,-79,-78,-78,0,-82,-81,0,-82,-83,0,0,-76,-75,0,0,-75,-76,-80,-77,-73,-73,0,-68,-63,-63,0,0,-80,-81,-73,-73,-63,-63,-78,-80,-65,-65,0,-86,-85,-83,-83,0,0,0,0,0,0,-80,-79,-50,-68
-80,-78,-76,-76,0,-80,-82,0,-82,-81,0,0,-78,-77,0,0,-75,-76,-80,-78,-74,-74,-68,-66,-70,-70,0,0,-81,-81,-70,-72,-68,-68,-79,-79,-70,-70,0,-86,-85,-84,-83,0,0,0,0,0,0,-80,-79,-49,-70
-80,-78,-76,-76,0,-80,-82,0,-82,-81,0,0,-78,-77,0,0,-75,-76,-80,-78,-74,-74,-68,-66,-70,-70,0,0,-81,-81,-70,-72,-68,-68,-79,-79,-70,-70,0,-86,-85,-84,-83,0,0,0,0,0,0,-80,-79,-49,-70
-80,-78,-76,-76,0,-80,-82,0,-82,-81,0,0,-78,-77,0,0,-75,-76,-80,-78,-74,-74,-68,-66,-70,-70,0,0,-81,-81,-70,-72,-68,-68,-79,-79,-70,-70,0,-86,-85,-84,-83,0,0,0,0,0,0,-80,-79,-49,-70
-80,-78,-76,-76,0,-80,-82,0,-82,-81,0,0,-78,-77,0,0,-75,-76,-80,-78,-74,-74,-68,-66,-70,-70,0,0,-81,-81,-70,-72,-68,-68,-79,-79,-70,-70,0,-86,-85,-84,-83,0,0,0,0,0,0,-80,-79,-49,-70
-83,-78,-76,-76,0,-84,-85,0,-83,-84,0,0,-79,-78,0,-75,-75,-76,-80,-78,-74,-74,-67,-67,-63,-64,0,0,-81,-81,-72,-70,-68,-68,-81,-79,-69,-70,0,-86,-85,-84,-83,0,0,0,0,-76,0,-78,-79,-48,-68
-83,-78,-76,-76,0,-84,-85,0,-83,-84,0,0,-79,-78,0,-75,-75,-76,-80,-78,-74,-74,-67,-67,-63,-64,0,0,-81,-81,-72,-70,-68,-68,-81,-79,-69,-70,0,-86,-85,-84,-83,0,0,0,0,-76,0,-78,-79,-48,-68
-83,-78,-76,-76,0,-84,-85,0,-83,-84,0,0,-79,-78,0,-75,-75,-76,-80,-78,-74,-74,-67,-67,-63,-64,0,0,-81,-81,-72,-70,-68,-68,-81,-79,-69,-70,0,-86,-85,-84,-83,0,0,0,0,-76,0,-78,-79,-48,-68
-83,-78,-76,-76,0,-84,-85,0,-83,-84,0,0,-79,-78,0,-75,-75,-76,-80,-78,-74,-74,-67,-67,-63,-64,0,0,-81,-81,-72,-70,-68,-68,-81,-79,-69,-70,0,-86,-85,-84,-83,0,0,0,0,-76,0,-78,-79,-48,-68
-83,-78,-76,-76,0,-83,-86,-79,-83,-85,0,-80,-81,-78,-86,-84,-74,-74,0,-78,-71,-71,-67,-67,-61,-60,-82,0,-81,-81,-72,-75,-74,-74,-79,-79,-75,-74,0,0,0,-84,0,0,0,0,0,-76,0,-78,-79,-54,-70
-83,-78,-76,-76,0,-83,-86,-79,-83,-85,0,-80,-81,-78,-86,-84,-74,-74,0,-78,-71,-71,-67,-67,-61,-60,-82,0,-81,-81,-72,-75,-74,-74,-79,-79,-75,-74,0,0,0,-84,0,0,0,0,0,-76,0,-78,-79,-54,-70
-83,-78,-76,-76,0,-83,-86,-79,-83,-85,0,-80,-81,-78,-86,-84,-74,-74,0,-78,-71,-71,-67,-67,-61,-60,-82,0,-81,-81,-72,-75,-74,-74,-79,-79,-75,-74,0,0,0,-84,0,0,0,0,0,-76,0,-78,-79,-54,-70
-83,0,0,0,0,-83,-86,-79,-83,-84,0,-80,-75,-76,-86,-84,-74,-74,0,0,-71,-71,-67,-69,-61,-60,-82,-84,-80,-80,-72,-75,-73,-73,-79,-79,-76,-77,0,0,0,0,0,0,0,0,0,-76,0,-78,-79,-59,-65
-83,0,0,0,0,-83,-86,-79,-83,-84,0,-80,-75,-76,-86,-84,-74,-74,0,0,-71,-71,-67,-69,-61,-60,-82,-84,-80,-80,-72,-75,-73,-73,-79,-79,-76,-77,0,0,0,0,0,0,0,0,0,-76,0,-78,-79,-59,-65
-83,0,0,0,0,-83,-86,-79,-83,-84,0,-80,-75,-76,-86,-84,-74,-74,0,0,-71,-71,-67,-69,-61,-60,-82,-84,-80,-80,-72,-75,-73,-73,-79,-79,-76,-77,0,0,0,0,0,0,0,0,0,-76,0,-78,-79,-59,-65
-83,0,0,0,0,-83,-86,-79,-83,-84,0,-80,-75,-76,-86,-84,-74,-74,0,0,-71,-71,-67,-69,-61,-60,-82,-84,-80,-80,-72,-75,-73,-73,-79,-79,-76,-77,0,0,0,0,0,0,0,0,0,-76,0,-78,-79,-59,-65
0,0,0,0,0,-83,-86,-79,-83,-82,0,-80,-76,-76,-86,-84,-78,-77,0,0,-72,-73,-66,-63,-61,-61,-82,-84,-80,-80,-71,-70,-73,-73,-79,-79,-77,-77,0,-86,-86,0,0,0,0,0,0,-79,0,-79,-80,-58,-74
0,0,0,0,0,-83,-86,-79,-83,-82,0,-80,-76,-76,-86,-84,-78,-77,0,0,-72,-73,-66,-63,-61,-61,-82,-84,-80,-80,-71,-70,-73,-73,-79,-79,-77,-77,0,-86,-86,0,0,0,0,0,0,-79,0,-79,-80,-58,-74
0,0,0,0,0,-83,-86,-79,-83,-82,0,-80,-76,-76,-86,-84,-78,-77,0,0,-72,-73,-66,-63,-61,-61,-82,-84,-80,-80,-71,-70,-73,-73,-79,-79,-77,-77,0,-86,-86,0,0,0,0,0,0,-79,0,-79,-80,-58,-74
0,-74,0,0,0,-83,-82,0,-81,-84,0,0,-77,-78,0,0,-77,-76,0,0,-73,-74,-65,-65,-60,-60,0,-84,-81,-81,-71,-69,-74,-74,0,0,-77,-79,0,-86,-86,0,0,0,0,0,0,-79,0,-80,-81,-57,-71
0,-74,0,0,0,-83,-82,0,-81,-84,0,0,-77,-78,0,0,-77,-76,0,0,-73,-74,-65,-65,-60,-60,0,-84,-81,-81,-71,-69,-74,-74,0,0,-77,-79,0,-86,-86,0,0,0,0,0,0,-79,0,-80,-81,-57,-71
0,-74,0,0,0,-83,-82,0,-81,-84,0,0,-77,-78,0,0,-77,-76,0,0,-73,-74,-65,-65,-60,-60,0,-84,-81,-81,-71,-69,-74,-74,0,0,-77,-79,0,-86,-86,0,0,0,0,0,0,-79,0,-80,-81,-57,-71
0,-74,0,0,0,-83,-82,0,-81,-84,0,0,-77,-78,0,0,-77,-76,0,0,-73,-74,-65,-65,-60,-60,0,-84,-81,-81,-71,-69,-74,-74,0,0,-77,-79,0,-86,-86,0,0,0,0,0,0,-79,0,-80,-81,-57,-71
0,-74,0,0,0,-86,-82,0,-81,-82,0,0,-75,-75,0,0,-77,-76,-81,-78,-75,-74,-66,-65,-59,-57,0,0,-82,-82,-71,-69,-65,-65,0,0,-76,-76,0,-86,-86,0,0,0,0,0,0,-79,0,-79,-80,-55,-77
0,-74,0,0,0,-86,-82,0,-81,-82,0,0,-75,-75,0,0,-77,-76,-81,-78,-75,-74,-66,-65,-59,-57,0,0,-82,-82,-71,-69,-65,-65,0,0,-76,-76,0,-86,-86,0,0,0,0,0,0,-79,0,-79,-80,-55,-77
0,-74,0,0,0,-86,-82,0,-81,-82,0,0,-75,-75,0,0,-77,-76,-81,-78,-75,-74,-66,-65,-59,-57,0,0,-82,-82,-71,-69,-65,-65,0,0,-76,-76,0,-86,-86,0,0,0,0,0,0,-79,0,-79,-80,-55,-77
0,-74,0,0,0,-86,-85,0,-81,-81,0,0,-73,-73,0,0,-77,-76,-81,-78,-73,-74,-66,-63,-59,-58,0,0,-82,-82,-71,-69,-65,-65,-79,0,-76,-77,0,0,0,-83,-84,0,0,0,0,0,-74,-79,-79,-53,-75
0,-74,0,0,0,-86,-85,0,-81,-81,0,0,-73,-73,0,0,-77,-76,-81,-78,-73,-74,-66,-63,-59,-58,0,0,-82,-82,-71,-69,-65,-65,-79,0,-76,-77,0,0,0,-83,-84,0,0,0,0,0,-74,-79,-79,-53,-75
0,-74,0,0,0,-86,-85,0,-81,-81,0,0,-73,-73,0,0,-77,-76,-81,-78,-73,-74,-66,-63,-59,-58,0,0,-82,-82,-71,-69,-65,-65,-79,0,-76,-77,0,0,0,-83,-84,0,0,0,0,0,-74,-79,-79,-53,-75
0,-74,0,0,0,-86,-85,0,-81,-81,0,0,-73,-73,0,0,-77,-76,-81,-78,-73,-74,-66,-63,-59,-58,0,0,-82,-82,-71,-69,-65,-65,-79,0,-76,-77,0,0,0,-83,-84,0,0,0,0,0,-74,-79,-79,-53,-75
0,-78,0,0,0,-86,-85,0,-79,-81,0,0,-74,-74,0,0,0,0,-81,-78,-73,-74,-67,-64,-58,-58,0,0,-82,-82,-71,-68,-65,-66,-78,0,-77,-77,0,-88,-86,-83,-84,0,0,0,0,0,-74,-78,-79,-53,-79
0,-78,0,0,0,-86,-85,0,-79,-81,0,0,-74,-74,0,0,0,0,-81,-78,-73,-74,-67,-64,-58,-58,0,0,-82,-82,-71,-68,-65,-66,-78,0,-77,-77,0,-88,-86,-83,-84,0,0,0,0,0,-74,-78,-79,-53,-79
0,-78,0,0,0,-86,-85,0,-79,-81,0,0,-74,-74,0,0,0,0,-81,-78,-73,-74,-67,-64,-58,-58,0,0,-82,-82,-71,-68,-65,-66,-78,0,-77,-77,0,-88,-86,-83,-84,0,0,0,0,0,-74,-78,-79,-53,-79
0,-78,0,0,0,-83,-81,0,-83,-82,0,0,-75,-76,0,0,0,0,0,0,-83,-81,-65,-63,-62,-60,0,0,-82,-82,-71,-66,-75,-74,-79,0,-75,-76,0,-88,-86,-83,-84,0,0,0,0,-79,-74,-80,-80,-57,-69
0,-78,0,0,0,-83,-81,0,-83,-82,0,0,-75,-76,0,0,0,0,0,0,-83,-81,-65,-63,-62,-60,0,0,-82,-82,-71,-66,-75,-74,-79,0,-75,-76,0,-88,-86,-83,-84,0,0,0,0,-79,-74,-80,-80,-57,-69
0,-78,0,0,0,-83,-81,0,-83,-82,0,0,-75,-76,0,0,0,0,0,0,-83,-81,-65,-63,-62,-60,0,0,-82,-82,-71,-66,-75,-74,-79,0,-75,-76,0,-88,-86,-83,-84,0,0,0,0,-79,-74,-80,-80,-57,-69
0,-78,0,0,0,-83,-81,0,-83,-82,0,0,-75,-76,0,0,0,0,0,0,-83,-81,-65,-63,-62,-60,0,0,-82,-82,-71,-66,-75,-74,-79,0,-75,-76,0,-88,-86,-83,-84,0,0,0,0,-79,-74,-80,-80,-57,-69
0,-78,0,0,0,-83,-81,0,-81,-82,0,0,-76,-76,0,-76,0,0,0,-78,-72,-72,-70,-68,-66,-66,0,0,-82,-82,-72,-71,-70,-70,-79,0,-78,-77,0,-87,-87,-83,-85,0,0,0,0,-79,0,-78,-77,-51,-68
0,-78,0,0,0,-83,-81,0,-81,-82,0,0,-76,-76,0,-76,0,0,0,-78,-72,-72,-70,-68,-66,-66,0,0,-82,-82,-72,-71,-70,-70,-79,0,-78,-77,0,-87,-87,-83,-85,0,0,0,0,-79,0,-78,-77,-51,-68
0,-78,0,0,0,-83,-81,0,-81,-82,0,0,-76,-76,0,-76,0,0,0,-78,-72,-72,-70,-68,-66,-66,0,0,-82,-82,-72,-71,-70,-70,-79,0,-78,-77,0,-87,-87,-83,-85,0,0,0,0,-79,0,-78,-77,-51,-68
0,-78,0,0,0,-83,-81,0,-81,-82,0,0,-76,-76,0,-76,0,0,0,-78,-72,-72,-70,-68,-66,-66,0,0,-82,-82,-72,-71,-70,-70,-79,0,-78,-77,0,-87,-87,-83,-85,0,0,0,0,-79,0,-78,-77,-51,-68
0,-78,0,0,0,-82,-82,0,-84,-82,0,0,-81,-82,0,-76,0,0,0,-72,-75,-76,-65,-64,-69,-63,0,0,-81,-81,-72,-70,-72,-73,-82,-83,-79,-80,0,-87,-87,0,-85,0,0,-84,0,0,0,-80,-80,-66,-67
0,-74,0,0,0,-79,-79,-79,-84,0,0,0,-71,-71,0,0,0,0,0,-72,-77,-77,-71,-69,-55,-50,0,0,-81,-81,-70,-70,-68,-68,-82,-74,-72,-72,0,0,0,0,0,0,0,-84,0,-86,-78,-78,-77,-56,-67
0,-74,0,0,0,-79,-79,-79,-84,0,0,0,-71,-71,0,0,0,0,0,-72,-77,-77,-71,-69,-55,-50,0,0,-81,-81,-70,-70,-68,-68,-82,-74,-72,-72,0,0,0,0,0,0,0,-84,0,-86,-78,-78,-77,-56,-67
0,-74,0,0,0,-79,-79,-79,-84,0,0,0,-71,-71,0,0,0,0,0,-72,-77,-77,-71,-69,-55,-50,0,0,-81,-81,-70,-70,-68,-68,-82,-74,-72,-72,0,0,0,0,0,0,0,-84,0,-86,-78,-78,-77,-56,-67
0,-74,0,0,0,-79,-79,-79,-84,0,0,0,-71,-71,0,0,0,0,0,-72,-77,-77,-71,-69,-55,-50,0,0,-81,-81,-70,-70,-68,-68,-82,-74,-72,-72,0,0,0,0,0,0,0,-84,0,-86,-78,-78,-77,-56,-67
0,-75,0,0,0,-83,-84,-78,-81,-81,-67,-65,-70,-70,0,0,0,0,0,-72,-79,-79,-71,-66,-57,-53,0,0,0,0,-67,-66,-74,-74,-82,-72,-67,-67,0,-86,0,0,0,0,0,0,0,-86,-72,-79,-79,-53,-78
0,-75,0,0,0,-83,-84,-78,-81,-81,-67,-65,-70,-70,0,0,0,0,0,-72,-79,-79,-71,-66,-57,-53,0,0,0,0,-67,-66,-74,-74,-82,-72,-67,-67,0,-86,0,0,0,0,0,0,0,-86,-72,-79,-79,-53,-78
0,-75,0,0,0,-83,-84,-78,-81,-81,-67,-65,-70,-70,0,0,0,0,0,-72,-79,-79,-71,-66,-57,-53,0,0,0,0,-67,-66,-74,-74,-82,-72,-67,-67,0,-86,0,0,0,0,0,0,0,-86,-72,-79,-79,-53,-78
0,-75,0,0,0,-83,-84,-78,-81,-81,-67,-65,-70,-70,0,0,0,0,0,-72,-79,-79,-71,-66,-57,-53,0,0,0,0,-67,-66,-74,-74,-82,-72,-67,-67,0,-86,0,0,0,0,0,0,0,-86,-72,-79,-79,-53,-78
0,-77,-77,-80,0,-83,-81,-78,-84,-81,-67,-65,-70,-69,0,0,0,0,0,0,-78,-79,-71,-67,-58,-57,0,0,-82,-82,-74,-76,-65,-65,0,-74,-71,-72,0,-86,0,0,0,0,0,0,0,-86,-72,-77,-77,-62,-64
0,-77,-77,-80,0,-83,-81,-78,-84,-81,-67,-65,-70,-69,0,0,0,0,0,0,-78,-79,-71,-67,-58,-57,0,0,-82,-82,-74,-76,-65,-65,0,-74,-71,-72,0,-86,0,0,0,0,0,0,0,-86,-72,-77,-77,-62,-64
0,-77,-77,-80,0,-83,-81,-78,-84,-81,-67,-65,-70,-69,0,0,0,0,0,0,-78,-79,-71,-67,-58,-57,0,0,-82,-82,-74,-76,-65,-65,0,-74,-71,-72,0,-86,0,0,0,0,0,0,0,-86,-72,-77,-77,-62,-64
-78,-77,-78,-77,0,-83,-81,-78,-82,-83,-67,-65,-75,-74,0,0,0,0,0,0,-77,-77,0,-64,-57,-57,0,0,-82,-82,-74,-76,-67,-67,0,-74,-79,-78,-86,-86,0,0,0,0,0,0,0,0,-72,-74,-75,-48,-69
-78,-77,-78,-77,0,-83,-81,-78,-82,-83,-67,-65,-75,-74,0,0,0,0,0,0,-77,-77,0,-64,-57,-57,0,0,-82,-82,-74,-76,-67,-67,0,-74,-79,-78,-86,-86,0,0,0,0,0,0,0,0,-72,-74,-75,-48,-69
-78,-77,-78,-77,0,-83,-81,-78,-82,-83,-67,-65,-75,-74,0,0,0,0,0,0,-77,-77,0,-64,-57,-57,0,0,-82,-82,-74,-76,-67,-67,0,-74,-79,-78,-86,-86,0,0,0,0,0,0,0,0,-72,-74,-75,-48,-69
-78,-77,-78,-77,0,-83,-81,-78,-82,-83,-67,-65,-75,-74,0,0,0,0,0,0,-77,-77,0,-64,-57,-57,0,0,-82,-82,-74,-76,-67,-67,0,-74,-79,-78,-86,-86,0,0,0,0,0,0,0,0,-72,-74,-75,-48,-69
-78,-76,-74,-73,-75,-82,-80,-77,-85,-83,-78,-77,-67,-68,-76,0,0,0,0,0,-75,-76,-70,-70,-60,-56,0,0,-82,-82,-71,-76,-65,-65,-71,-75,-71,-70,-86,0,0,0,0,0,0,0,0,0,0,-74,-74,-57,-67
-78,-76,-74,-73,-75,-82,-80,-77,-85,-83,-78,-77,-67,-68,-76,0,0,0,0,0,-75,-76,-70,-70,-60,-56,0,0,-82,-82,-71,-76,-65,-65,-71,-75,-71,-70,-86,0,0,0,0,0,0,0,0,0,0,-74,-74,-57,-67
-78,-76,-74,-73,-75,-82,-80,-77,-85,-83,-78,-77,-67,-68,-76,0,0,0,0,0,-75,-76,-70,-70,-60,-56,0,0,-82,-82,-71,-76,-65,-65,-71,-75,-71,-70,-86,0,0,0,0,0,0,0,0,0,0,-74,-74,-57,-67
-78,-75,-74,-73,-75,-82,-80,-78,-85,-83,-78,-77,-67,-68,-76,0,0,0,0,0,-77,-76,-70,-64,-62,-56,0,0,0,0,-71,-65,-69,-69,-71,-75,-68,-68,-86,0,0,0,0,0,0,0,0,0,0,-73,-73,-51,-65
-78,-75,-74,-73,-75,-82,-80,-78,-85,-83,-78,-77,-67,-68,-76,0,0,0,0,0,-77,-76,-70,-64,-62,-56,0,0,0,0,-71,-65,-69,-69,-71,-75,-68,-68,-86,0,0,0,0,0,0,0,0,0,0,-73,-73,-51,-65
-78,-75,-74,-73,-75,-82,-80,-78,-85,-83,-78,-77,-67,-68,-76,0,0,0,0,0,-77,-76,-70,-64,-62,-56,0,0,0,0,-71,-65,-69,-69,-71,-75,-68,-68,-86,0,0,0,0,0,0,0,0,0,0,-73,-73,-51,-65
-78,-75,-74,-73,-75,-82,-80,-78,-85,-83,-78,-77,-67,-68,-76,0,0,0,0,0,-77,-76,-70,-64,-62,-56,0,0,0,0,-71,-65,-69,-69,-71,-75,-68,-68,-86,0,0,0,0,0,0,0,0,0,0,-73,-73,-51,-65
0,-77,-76,-76,-75,-82,-80,-78,-83,-83,-78,-77,-69,-69,-76,0,0,0,0,0,-76,-76,-70,-60,-66,-59,0,0,0,0,-69,-70,-70,-70,-72,-70,-68,-68,0,0,0,0,0,0,0,0,0,0,0,-73,-74,-50,-66
0,-77,-76,-76,-75,-82,-80,-78,-83,-83,-78,-77,-69,-69,-76,0,0,0,0,0,-76,-76,-70,-60,-66,-59,0,0,0,0,-69,-70,-70,-70,-72,-70,-68,-68,0,0,0,0,0,0,0,0,0,0,0,-73,-74,-50,-66
0,-77,-76,-76,-75,-82,-80,-78,-83,-83,-78,-77,-69,-69,-76,0,0,0,0,0,-76,-76,-70,-60,-66,-59,0,0,0,0,-69,-70,-70,-70,-72,-70,-68,-68,0,0,0,0,0,0,0,0,0,0,0,-73,-74,-50,-66
0,-77,-76,-76,-75,-82,-80,-78,-83,-83,-78,-77,-69,-69,-76,0,0,0,0,0,-76,-76,-70,-60,-66,-59,0,0,0,0,-69,-70,-70,-70,-72,-70,-68,-68,0,0,0,0,0,0,0,0,0,0,0,-73,-74,-50,-66
0,-77,-77,-77,0,-83,-84,-78,-84,-83,0,0,-71,-69,0,0,0,0,0,0,-75,-75,-71,-70,-55,-54,0,0,0,0,-69,-70,-69,-69,-71,-70,-70,-70,0,0,-88,-84,-82,0,0,0,0,0,0,-77,-77,-50,-66
0,-77,-77,-77,0,-83,-84,-78,-84,-83,0,0,-71,-69,0,0,0,0,0,0,-75,-75,-71,-70,-55,-54,0,0,0,0,-69,-70,-69,-69,-71,-70,-70,-70,0,0,-88,-84,-82,0,0,0,0,0,0,-77,-77,-50,-66
0,-77,-77,-77,0,-83,-84,-78,-84,-83,0,0,-71,-69,0,0,0,0,0,0,-75,-75,-71,-70,-55,-54,0,0,0,0,-69,-70,-69,-69,-71,-70,-70,-70,0,0,-88,-84,-82,0,0,0,0,0,0,-77,-77,-50,-66
0,-77,-77,-77,-74,-83,-83,0,-85,-84,0,0,-69,-70,0,0,0,0,0,0,-79,-79,-68,-66,-61,-60,0,0,-82,-82,-69,-70,-68,-68,-71,-70,-71,-71,0,0,-88,-84,-82,0,0,0,0,0,-75,-77,-78,-48,-67
0,-77,-77,-77,-74,-83,-83,0,-85,-84,0,0,-69,-70,0,0,0,0,0,0,-79,-79,-68,-66,-61,-60,0,0,-82,-82,-69,-70,-68,-68,-71,-70,-71,-71,0,0,-88,-84,-82,0,0,0,0,0,-75,-77,-78,-48,-67
0,-77,-77,-77,-74,-83,-83,0,-85,-84,0,0,-69,-70,0,0,0,0,0,0,-79,-79,-68,-66,-61,-60,0,0,-82,-82,-69,-70,-68,-68,-71,-70,-71,-71,0,0,-88,-84,-82,0,0,0,0,0,-75,-77,-78,-48,-67
0,-77,-77,-77,-74,-83,-83,0,-85,-84,0,0,-69,-70,0,0,0,0,0,0,-79,-79,-68,-66,-61,-60,0,0,-82,-82,-69,-70,-68,-68,-71,-70,-71,-71,0,0,-88,-84,-82,0,0,0,0,0,-75,-77,-78,-48,-67
-79,0,-74,-75,-75,-83,-84,0,-85,-84,0,-73,-66,-66,0,0,0,0,-79,-77,-72,-72,-68,-66,-57,-56,0,0,-82,-82,-68,-64,-63,-63,-70,-86,-70,-69,0,-87,-88,-84,-82,0,0,0,0,0,-75,-76,-76,-53,-79
-79,0,-74,-75,-75,-83,-84,0,-85,-84,0,-73,-66,-66,0,0,0,0,-79,-77,-72,-72,-68,-66,-57,-56,0,0,-82,-82,-68,-64,-63,-63,-70,-86,-70,-69,0,-87,-88,-84,-82,0,0,0,0,0,-75,-76,-76,-53,-79
-79,0,-74,-75,-75,-83,-84,0,-85,-84,0,-73,-66,-66,0,0,0,0,-79,-77,-72,-72,-68,-66,-57,-56,0,0,-82,-82,-68,-64,-63,-63,-70,-86,-70,-69,0,-87,-88,-84,-82,0,0,0,0,0,-75,-76,-76,-53,-79
-79,0,-74,-75,-75,-83,-84,0,-85,-84,0,-73,-66,-66,0,0,0,0,-79,-77,-72,-72,-68,-66,-57,-56,0,0,-82,-82,-68,-64,-63,-63,-70,-86,-70,-69,0,-87,-88,-84,-82,0,0,0,0,0,-75,-76,-76,-53,-79
-79,0,-74,-75,-75,-83,-84,0,-85,-83,0,-73,-70,-69,0,0,-77,-76,-79,-77,-77,-76,-68,-66,-59,-58,0,0,-82,-82,-68,-69,-70,-70,-71,-69,-63,-63,0,-84,-84,-84,-84,0,0,0,0,-81,-75,-77,-77,-48,-69
-79,0,-74,-75,-75,-83,-84,0,-85,-83,0,-73,-70,-69,0,0,-77,-76,-79,-77,-77,-76,-68,-66,-59,-58,0,0,-82,-82,-68,-69,-70,-70,-71,-69,-63,-63,0,-84,-84,-84,-84,0,0,0,0,-81,-75,-77,-77,-48,-69
-79,0,-74,-75,-75,-83,-84,0,-85,-83,0,-73,-70,-69,0,0,-77,-76,-79,-77,-77,-76,-68,-66,-59,-58,0,0,-82,-82,-68,-69,-70,-70,-71,-69,-63,-63,0,-84,-84,-84,-84,0,0,0,0,-81,-75,-77,-77,-48,-69
-79,0,-74,-75,-75,-83,-82,0,-83,-82,0,-73,-80,-79,0,0,-77,-76,-79,-77,-77,-80,-66,-63,-55,-54,0,0,0,0,-72,-70,-71,-71,-72,-69,-67,-67,0,-84,-84,-83,-84,0,0,0,0,-81,0,-78,-78,-53,-68
-79,0,-74,-75,-75,-83,-82,0,-83,-82,0,-73,-80,-79,0,0,-77,-76,-79,-77,-77,-80,-66,-63,-55,-54,0,0,0,0,-72,-70,-71,-71,-72,-69,-67,-67,0,-84,-84,-83,-84,0,0,0,0,-81,0,-78,-78,-53,-68
-79,0,-74,-75,-75,-83,-82,0,-83,-82,0,-73,-80,-79,0,0,-77,-76,-79,-77,-77,-80,-66,-63,-55,-54,0,0,0,0,-72,-70,-71,-71,-72,-69,-67,-67,0,-84,-84,-83,-84,0,0,0,0,-81,0,-78,-78,-53,-68
-79,0,-74,-75,-75,-83,-82,0,-83,-82,0,-73,-80,-79,0,0,-77,-76,-79,-77,-77,-80,-66,-63,-55,-54,0,0,0,0,-72,-70,-71,-71,-72,-69,-67,-67,0,-84,-84,-83,-84,0,0,0,0,-81,0,-78,-78,-53,-68
0,0,0,0,0,-83,-84,0,-82,-81,0,0,-67,-67,0,0,-77,-76,0,0,-74,-74,-66,-63,-63,-56,0,0,-83,-82,-73,-72,-65,-64,-72,-69,-66,-67,0,-84,-84,-84,-84,0,0,0,0,-81,0,-79,-79,-54,-67
0,0,0,0,0,-83,-84,0,-82,-81,0,0,-67,-67,0,0,-77,-76,0,0,-74,-74,-66,-63,-63,-56,0,0,-83,-82,-73,-72,-65,-64,-72,-69,-66,-67,0,-84,-84,-84,-84,0,0,0,0,-81,0,-79,-79,-54,-67
0,0,0,0,0,-83,-84,0,-82,-81,0,0,-67,-67,0,0,-77,-76,0,0,-74,-74,-66,-63,-63,-56,0,0,-83,-82,-73,-72,-65,-64,-72,-69,-66,-67,0,-84,-84,-84,-84,0,0,0,0,-81,0,-79,-79,-54,-67
0,0,-77,-76,0,-86,-84,0,-58,-81,0,0,-67,-67,0,0,0,0,0,0,-74,-74,-70,-69,-60,-60,0,0,-82,-83,-73,-72,-66,-66,-72,0,-66,-66,0,0,0,-84,0,0,0,0,0,0,0,-75,-76,-50,-62
0,0,-77,-76,0,-86,-84,0,-58,-81,0,0,-67,-67,0,0,0,0,0,0,-74,-74,-70,-69,-60,-60,0,0,-82,-83,-73,-72,-66,-66,-72,0,-66,-66,0,0,0,-84,0,0,0,0,0,0,0,-75,-76,-50,-62
0,0,-77,-76,0,-86,-84,0,-58,-81,0,0,-67,-67,0,0,0,0,0,0,-74,-74,-70,-69,-60,-60,0,0,-82,-83,-73,-72,-66,-66,-72,0,-66,-66,0,0,0,-84,0,0,0,0,0,0,0,-75,-76,-50,-62
0,0,-77,-76,0,-86,-84,0,-58,-81,0,0,-67,-67,0,0,0,0,0,0,-74,-74,-70,-69,-60,-60,0,0,-82,-83,-73,-72,-66,-66,-72,0,-66,-66,0,0,0,-84,0,0,0,0,0,0,0,-75,-76,-50,-62
0,0,-78,-78,0,-84,-83,0,-58,-81,0,0,-68,-68,0,0,0,0,0,0,-74,-74,-69,-69,-61,-60,0,0,-81,-79,-73,-69,-70,-70,0,0,-65,-66,0,-85,-85,-84,-85,0,0,0,0,0,0,-76,-76,-51,-60
0,0,-78,-78,0,-84,-83,0,-58,-81,0,0,-68,-68,0,0,0,0,0,0,-74,-74,-69,-69,-61,-60,0,0,-81,-79,-73,-69,-70,-70,0,0,-65,-66,0,-85,-85,-84,-85,0,0,0,0,0,0,-76,-76,-51,-60
0,0,-78,-78,0,-84,-83,0,-58,-81,0,0,-68,-68,0,0,0,0,0,0,-74,-74,-69,-69,-61,-60,0,0,-81,-79,-73,-69,-70,-70,0,0,-65,-66,0,-85,-85,-84,-85,0,0,0,0,0,0,-76,-76,-51,-60
0,0,-78,-78,0,-77,-79,-76,-59,-82,0,0,-68,-68,-73,-71,0,0,0,0,-78,-77,-69,-69,-57,-57,-83,-81,-80,-80,0,-71,-65,-65,-72,0,-65,-66,0,-85,-85,0,-85,0,0,0,0,0,0,-75,-77,-50,-67
0,0,-78,-78,0,-77,-79,-76,-59,-82,0,0,-68,-68,-73,-71,0,0,0,0,-78,-77,-69,-69,-57,-57,-83,-81,-80,-80,0,-71,-65,-65,-72,0,-65,-66,0,-85,-85,0,-85,0,0,0,0,0,0,-75,-77,-50,-67
0,0,-78,-78,0,-77,-79,-76,-59,-82,0,0,-68,-68,-73,-71,0,0,0,0,-78,-77,-69,-69,-57,-57,-83,-81,-80,-80,0,-71,-65,-65,-72,0,-65,-66,0,-85,-85,0,-85,0,0,0,0,0,0,-75,-77,-50,-67
0,0,-78,-78,0,-77,-79,-76,-59,-82,0,0,-68,-68,-73,-71,0,0,0,0,-78,-77,-69,-69,-57,-57,-83,-81,-80,-80,0,-71,-65,-65,-72,0,-65,-66,0,-85,-85,0,-85,0,0,0,0,0,0,-75,-77,-50,-67
-75,0,-78,-78,0,-77,-79,-75,-84,-82,0,0,-71,-71,-74,-72,0,0,-76,0,-78,-81,-64,-62,-62,-61,-83,-82,-80,-80,0,-71,-72,-72,-73,-79,-68,-69,0,-85,-85,0,-85,0,0,0,0,0,0,-78,-78,-51,-68
-75,-75,-78,0,0,-82,-82,-75,-83,-83,-65,0,-73,-73,-74,-72,0,0,-76,0,-72,-72,-71,-71,-57,-52,-83,-82,-80,-81,-71,0,-68,-68,-74,-79,-69,-69,0,0,0,0,0,0,0,0,0,-84,-85,-80,-78,-55,-68
-75,-75,-78,0,0,-82,-82,-75,-83,-83,-65,0,-73,-73,-74,-72,0,0,-76,0,-72,-72,-71,-71,-57,-52,-83,-82,-80,-81,-71,0,-68,-68,-74,-79,-69,-69,0,0,0,0,0,0,0,0,0,-84,-85,-80,-78,-55,-68
-75,-75,-78,0,0,-82,-82,-75,-83,-83,-65,0,-73,-73,-74,-72,0,0,-76,0,-72,-72,-71,-71,-57,-52,-83,-82,-80,-81,-71,0,-68,-68,-74,-79,-69,-69,0,0,0,0,0,0,0,0,0,-84,-85,-80,-78,-55,-68
-75,-75,-78,0,0,-82,-82,-75,-83,-83,-65,0,-73,-73,-74,-72,0,0,-76,0,-72,-72,-71,-71,-57,-52,-83,-82,-80,-81,-71,0,-68,-68,-74,-79,-69,-69,0,0,0,0,0,0,0,0,0,-84,-85,-80,-78,-55,-68
0,-75,-76,-77,-77,-82,-82,0,-79,-79,-65,0,-76,-75,0,0,0,0,0,0,-77,-78,-71,-67,-57,-57,0,-82,-83,-84,-71,0,-71,-71,-72,0,-67,-67,0,0,0,0,0,0,0,0,0,-84,-85,-81,-80,-52,-72
0,-75,-76,-77,-77,-82,-82,0,-79,-79,-65,0,-76,-75,0,0,0,0,0,0,-77,-78,-71,-67,-57,-57,0,-82,-83,-84,-71,0,-71,-71,-72,0,-67,-67,0,0,0,0,0,0,0,0,0,-84,-85,-81,-80,-52,-72
0,-75,-76,-77,-77,-82,-82,0,-79,-79,-65,0,-76,-75,0,0,0,0,0,0,-77,-78,-71,-67,-57,-57,0,-82,-83,-84,-71,0,-71,-71,-72,0,-67,-67,0,0,0,0,0,0,0,0,0,-84,-85,-81,-80,-52,-72
0,-75,-76,-77,-77,-82,-82,0,-79,-79,-65,0,-76,-75,0,0,0,0,0,0,-77,-78,-71,-67,-57,-57,0,-82,-83,-84,-71,0,-71,-71,-72,0,-67,-67,0,0,0,0,0,0,0,0,0,-84,-85,-81,-80,-52,-72
0,0,-78,-75,-83,0,0,0,-79,-79,-84,-85,-75,-76,0,0,0,0,0,0,-70,-70,0,-67,-60,-56,0,-82,-83,-85,0,0,-70,-70,-72,0,-76,-76,0,0,0,0,0,0,0,0,0,-81,0,-81,-80,-53,-68
0,0,-78,-75,-83,0,0,0,-79,-79,-84,-85,-75,-76,0,0,0,0,0,0,-70,-70,0,-67,-60,-56,0,-82,-83,-85,0,0,-70,-70,-72,0,-76,-76,0,0,0,0,0,0,0,0,0,-81,0,-81,-80,-53,-68
0,0,-78,-75,-83,0,0,0,-79,-79,-84,-85,-75,-76,0,0,0,0,0,0,-70,-70,0,-67,-60,-56,0,-82,-83,-85,0,0,-70,-70,-72,0,-76,-76,0,0,0,0,0,0,0,0,0,-81,0,-81,-80,-53,-68
0,0,-77,-77,-75,-81,-82,0,-84,-83,-84,-85,-75,-74,0,0,0,0,-76,-73,-68,-69,-71,-71,-60,-56,0,-82,-84,-83,0,0,-69,-69,-73,0,-67,-67,0,0,0,0,0,0,0,0,0,-81,0,-83,-82,-56,-72
0,0,-77,-77,-75,-81,-82,0,-84,-83,-84,-85,-75,-74,0,0,0,0,-76,-73,-68,-69,-71,-71,-60,-56,0,-82,-84,-83,0,0,-69,-69,-73,0,-67,-67,0,0,0,0,0,0,0,0,0,-81,0,-83,-82,-56,-72
0,0,-77,-77,-75,-81,-82,0,-84,-83,-84,-85,-75,-74,0,0,0,0,-76,-73,-68,-69,-71,-71,-60,-56,0,-82,-84,-83,0,0,-69,-69,-73,0,-67,-67,0,0,0,0,0,0,0,0,0,-81,0,-83,-82,-56,-72
0,0,-77,-77,-75,-81,-82,0,-84,-83,-84,-85,-75,-74,0,0,0,0,-76,-73,-68,-69,-71,-71,-60,-56,0,-82,-84,-83,0,0,-69,-69,-73,0,-67,-67,0,0,0,0,0,0,0,0,0,-81,0,-83,-82,-56,-72
0,0,-77,-77,-75,-81,-82,0,-84,-84,-84,-85,-75,-75,0,0,0,0,-76,-73,-78,-78,-75,-76,-58,-57,0,-82,-84,-83,0,0,-74,-74,-76,-80,-70,-70,0,0,-88,0,0,0,0,0,0,-81,0,-77,-76,-53,-66
0,0,-77,-77,-75,-81,-82,0,-84,-84,-84,-85,-75,-75,0,0,0,0,-76,-73,-78,-78,-75,-76,-58,-57,0,-82,-84,-83,0,0,-74,-74,-76,-80,-70,-70,0,0,-88,0,0,0,0,0,0,-81,0,-77,-76,-53,-66
0,0,-77,-77,-75,-81,-82,0,-84,-84,-84,-85,-75,-75,0,0,0,0,-76,-73,-78,-78,-75,-76,-58,-57,0,-82,-84,-83,0,0,-74,-74,-76,-80,-70,-70,0,0,-88,0,0,0,0,0,0,-81,0,-77,-76,-53,-66
0,0,-77,-77,-75,-81,-82,0,-80,-81,0,0,-75,-74,0,0,0,0,-76,-78,-72,-72,-63,-61,-58,-53,0,0,-84,-83,0,0,-71,-71,-76,-80,-70,-70,0,0,-88,0,0,0,0,0,0,-74,0,-74,-75,-57,-64
0,0,-77,-77,-75,-81,-82,0,-80,-81,0,0,-75,-74,0,0,0,0,-76,-78,-72,-72,-63,-61,-58,-53,0,0,-84,-83,0,0,-71,-71,-76,-80,-70,-70,0,0,-88,0,0,0,0,0,0,-74,0,-74,-75,-57,-64
0,0,-77,-77,-75,-81,-82,0,-80,-81,0,0,-75,-74,0,0,0,0,-76,-78,-72,-72,-63,-61,-58,-53,0,0,-84,-83,0,0,-71,-71,-76,-80,-70,-70,0,0,-88,0,0,0,0,0,0,-74,0,-74,-75,-57,-64
0,0,-77,-77,-75,-81,-82,0,-80,-81,0,0,-75,-74,0,0,0,0,-76,-78,-72,-72,-63,-61,-58,-53,0,0,-84,-83,0,0,-71,-71,-76,-80,-70,-70,0,0,-88,0,0,0,0,0,0,-74,0,-74,-75,-57,-64
-81,-78,0,0,0,-83,-84,-83,-80,-84,0,0,-78,-78,-78,-77,0,0,0,-77,-70,-70,-63,-61,-63,-60,-84,-87,-80,-80,0,0,-71,-71,-73,-82,-71,-71,0,-87,-88,0,0,0,0,0,0,-74,0,-77,-77,-58,-63
-81,-78,0,0,0,-83,-84,-83,-80,-84,0,0,-78,-78,-78,-77,0,0,0,-77,-70,-70,-63,-61,-63,-60,-84,-87,-80,-80,0,0,-71,-71,-73,-82,-71,-71,0,-87,-88,0,0,0,0,0,0,-74,0,-77,-77,-58,-63
-81,-78,0,0,0,-83,-84,-83,-80,-84,0,0,-78,-78,-78,-77,0,0,0,-77,-70,-70,-63,-61,-63,-60,-84,-87,-80,-80,0,0,-71,-71,-73,-82,-71,-71,0,-87,-88,0,0,0,0,0,0,-74,0,-77,-77,-58,-63
-81,-78,0,0,0,-83,-84,-83,-80,-84,0,0,-78,-78,-78,-77,0,0,0,-77,-70,-70,-63,-61,-63,-60,-84,-87,-80,-80,0,0,-71,-71,-73,-82,-71,-71,0,-87,-88,0,0,0,0,0,0,-74,0,-77,-77,-58,-63
-81,-78,0,0,0,-83,-84,-83,-80,-84,0,0,-76,-76,-80,-79,0,0,0,-77,-74,-74,-63,-70,-66,-62,-85,-87,-81,-82,0,0,-67,-67,-75,-82,-69,-69,0,-87,0,0,0,0,0,0,0,-74,-72,-79,-79,-57,-64
-81,-78,0,0,0,-83,-84,-83,-80,-84,0,0,-76,-76,-80,-79,0,0,0,-77,-74,-74,-63,-70,-66,-62,-85,-87,-81,-82,0,0,-67,-67,-75,-82,-69,-69,0,-87,0,0,0,0,0,0,0,-74,-72,-79,-79,-57,-64
-81,-78,0,0,0,-83,-84,-83,-80,-84,0,0,-76,-76,-80,-79,0,0,0,-77,-74,-74,-63,-70,-66,-62,-85,-87,-81,-82,0,0,-67,-67,-75,-82,-69,-69,0,-87,0,0,0,0,0,0,0,-74,-72,-79,-79,-57,-64
-81,-80,0,0,-80,-83,-83,-83,-85,-84,0,0,-77,-76,-81,-79,0,0,-76,-74,-74,-74,0,-70,-62,-62,-85,-86,-85,-82,0,0,-70,-70,-76,-82,-71,-71,0,-87,0,0,0,0,0,0,0,0,-72,-75,-75,-56,-66
-81,-80,0,0,-80,-83,-83,-83,-85,-84,0,0,-77,-76,-81,-79,0,0,-76,-74,-74,-74,0,-70,-62,-62,-85,-86,-85,-82,0,0,-70,-70,-76,-82,-71,-71,0,-87,0,0,0,0,0,0,0,0,-72,-75,-75,-56,-66
-81,-80,0,0,-80,-83,-83,-83,-85,-84,0,0,-77,-76,-81,-79,0,0,-76,-74,-74,-74,0,-70,-62,-62,-85,-86,-85,-82,0,0,-70,-70,-76,-82,-71,-71,0,-87,0,0,0,0,0,0,0,0,-72,-75,-75,-56,-66
-81,-80,0,0,-80,-83,-83,-83,-85,-84,0,0,-77,-76,-81,-79,0,0,-76,-74,-74,-74,0,-70,-62,-62,-85,-86,-85,-82,0,0,-70,-70,-76,-82,-71,-71,0,-87,0,0,0,0,0,0,0,0,-72,-75,-75,-56,-66
-81,-80,0,0,-79,-83,-83,-86,-85,-84,0,0,-77,-77,-81,-79,0,0,-76,-74,-70,-71,0,-74,-65,-62,-86,-85,-81,-80,-74,0,-65,-65,-76,-81,-70,-70,0,0,0,0,0,0,0,0,0,0,-72,-78,-78,-55,-68
-81,-80,0,0,-79,-83,-83,-86,-85,-84,0,0,-77,-77,-81,-79,0,0,-76,-74,-70,-71,0,-74,-65,-62,-86,-85,-81,-80,-74,0,-65,-65,-76,-81,-70,-70,0,0,0,0,0,0,0,0,0,0,-72,-78,-78,-55,-68
-81,-80,0,0,-79,-83,-83,-86,-85,-84,0,0,-77,-77,-81,-79,0,0,-76,-74,-70,-71,0,-74,-65,-62,-86,-85,-81,-80,-74,0,-65,-65,-76,-81,-70,-70,0,0,0,0,0,0,0,0,0,0,-72,-78,-78,-55,-68
-81,-80,0,0,-79,-83,-83,-86,-85,-84,0,0,-77,-78,-81,-85,0,0,-75,-74,-79,-78,0,-74,-65,-65,-86,-86,-80,-80,-74,0,-73,-73,-76,-81,-70,-70,0,0,0,0,0,0,0,0,0,0,0,-77,-77,-62,-72
-81,-80,0,0,-79,-83,-83,-86,-85,-84,0,0,-77,-78,-81,-85,0,0,-75,-74,-79,-78,0,-74,-65,-65,-86,-86,-80,-80,-74,0,-73,-73,-76,-81,-70,-70,0,0,0,0,0,0,0,0,0,0,0,-77,-77,-62,-72
-81,-80,0,0,-79,-83,-83,-86,-85,-84,0,0,-77,-78,-81,-85,0,0,-75,-74,-79,-78,0,-74,-65,-65,-86,-86,-80,-80,-74,0,-73,-73,-76,-81,-70,-70,0,0,0,0,0,0,0,0,0,0,0,-77,-77,-62,-72
-81,-80,0,0,-79,-83,-83,-86,-85,-84,0,0,-77,-78,-81,-85,0,0,-75,-74,-79,-78,0,-74,-65,-65,-86,-86,-80,-80,-74,0,-73,-73,-76,-81,-70,-70,0,0,0,0,0,0,0,0,0,0,0,-77,-77,-62,-72
0,0,0,0,-83,-83,-85,-86,0,-84,0,0,-78,-77,0,-85,0,0,-75,0,-73,-72,0,-74,-66,-65,-86,-86,-82,-82,-74,-75,-72,-71,0,-81,-71,-72,0,0,0,0,0,0,0,0,0,-80,0,-77,-77,-60,-70
0,0,0,0,-83,-83,-85,-86,0,-84,0,0,-78,-77,0,-85,0,0,-75,0,-73,-72,0,-74,-66,-65,-86,-86,-82,-82,-74,-75,-72,-71,0,-81,-71,-72,0,0,0,0,0,0,0,0,0,-80,0,-77,-77,-60,-70
0,0,0,0,-83,-83,-85,-86,0,-84,0,0,-78,-77,0,-85,0,0,-75,0,-73,-72,0,-74,-66,-65,-86,-86,-82,-82,-74,-75,-72,-71,0,-81,-71,-72,0,0,0,0,0,0,0,0,0,-80,0,-77,-77,-60,-70
0,0,0,0,-83,-83,-85,-86,0,-84,0,0,-78,-77,0,-85,0,0,-75,0,-73,-72,0,-74,-66,-65,-86,-86,-82,-82,-74,-75,-72,-71,0,-81,-71,-72,0,0,0,0,0,0,0,0,0,-80,0,-77,-77,-60,-70
0,0,0,0,-81,-84,-84,0,0,0,0,0,-79,-76,0,-85,0,0,-75,0,-81,-82,0,0,-65,-63,0,-86,-83,-83,0,-75,-68,-68,-77,0,-74,-74,0,0,0,0,0,0,0,0,0,-80,-74,-77,-77,-58,-68
0,0,0,0,-81,-84,-84,0,0,0,0,0,-79,-76,0,-85,0,0,-75,0,-81,-82,0,0,-65,-63,0,-86,-83,-83,0,-75,-68,-68,-77,0,-74,-74,0,0,0,0,0,0,0,0,0,-80,-74,-77,-77,-58,-68
0,0,0,0,-81,-84,-84,0,0,0,0,0,-79,-76,0,-85,0,0,-75,0,-81,-82,0,0,-65,-63,0,-86,-83,-83,0,-75,-68,-68,-77,0,-74,-74,0,0,0,0,0,0,0,0,0,-80,-74,-77,-77,-58,-68
0,0,0,0,-81,-83,-83,0,0,0,0,-88,-78,-78,0,0,0,0,0,0,-72,-72,-70,-67,-64,-63,0,-88,-81,-81,0,-76,-70,-70,-78,0,-74,-74,0,0,0,0,0,0,0,0,0,-80,-74,-78,-78,-59,-71
0,0,0,0,-81,-83,-83,0,0,0,0,-88,-78,-78,0,0,0,0,0,0,-72,-72,-70,-67,-64,-63,0,-88,-81,-81,0,-76,-70,-70,-78,0,-74,-74,0,0,0,0,0,0,0,0,0,-80,-74,-78,-78,-59,-71
0,0,0,0,-81,-83,-83,0,0,0,0,-88,-78,-78,0,0,0,0,0,0,-72,-72,-70,-67,-64,-63,0,-88,-81,-81,0,-76,-70,-70,-78,0,-74,-74,0,0,0,0,0,0,0,0,0,-80,-74,-78,-78,-59,-71
0,0,0,0,-81,-83,-83,0,0,0,0,-88,-78,-78,0,0,0,0,0,0,-72,-72,-70,-67,-64,-63,0,-88,-81,-81,0,-76,-70,-70,-78,0,-74,-74,0,0,0,0,0,0,0,0,0,-80,-74,-78,-78,-59,-71
0,0,0,0,-81,-81,-80,0,0,-84,0,-88,-80,-79,0,0,0,0,0,0,-73,-73,-70,-69,-60,-61,0,-88,-81,-81,0,-76,-68,-68,-78,0,-72,-73,0,0,-88,0,0,0,0,0,0,-80,-74,-78,-78,-59,-72
0,0,0,0,-81,-81,-80,0,0,-84,0,-88,-80,-79,0,0,0,0,0,0,-73,-73,-70,-69,-60,-61,0,-88,-81,-81,0,-76,-68,-68,-78,0,-72,-73,0,0,-88,0,0,0,0,0,0,-80,-74,-78,-78,-59,-72
0,0,0,0,-81,-81,-80,0,0,-84,0,-88,-80,-79,0,0,0,0,0,0,-73,-73,-70,-69,-60,-61,0,-88,-81,-81,0,-76,-68,-68,-78,0,-72,-73,0,0,-88,0,0,0,0,0,0,-80,-74,-78,-78,-59,-72
0,0,0,0,-81,-81,-80,0,0,-84,0,-88,-80,-79,0,0,0,0,0,0,-73,-73,-70,-69,-60,-61,0,-88,-81,-81,0,-76,-68,-68,-78,0,-72,-73,0,0,-88,0,0,0,0,0,0,-80,-74,-78,-78,-59,-72
-82,0,0,0,0,-80,-79,0,0,-84,0,-88,-79,-77,0,0,0,0,0,0,-73,-73,-66,-64,-61,-60,0,-88,-81,-81,0,-75,-68,-68,-77,-76,-71,-71,0,0,-88,0,0,0,0,0,0,-80,-74,-77,-78,-63,-71
-82,0,0,0,0,-80,-79,0,0,-84,0,-88,-79,-77,0,0,0,0,0,0,-73,-73,-66,-64,-61,-60,0,-88,-81,-81,0,-75,-68,-68,-77,-76,-71,-71,0,0,-88,0,0,0,0,0,0,-80,-74,-77,-78,-63,-71
-82,0,0,0,0,-80,-79,0,0,-84,0,-88,-79,-77,0,0,0,0,0,0,-73,-73,-66,-64,-61,-60,0,-88,-81,-81,0,-75,-68,-68,-77,-76,-71,-71,0,0,-88,0,0,0,0,0,0,-80,-74,-77,-78,-63,-71
-82,0,0,0,0,-85,-79,0,0,-84,0,0,-80,-79,0,0,0,0,0,0,-78,-78,-68,-66,-61,-59,0,0,0,0,-75,-73,-71,-71,-77,-76,-71,-71,0,0,-88,0,0,0,0,0,0,0,0,-77,-77,-61,-71
-82,0,0,0,0,-85,-79,0,0,-84,0,0,-80,-79,0,0,0,0,0,0,-78,-78,-68,-66,-61,-59,0,0,0,0,-75,-73,-71,-71,-77,-76,-71,-71,0,0,-88,0,0,0,0,0,0,0,0,-77,-77,-61,-71
