0,0,0,0,0,-81,-81,0,-83,-81,-74,-73,-69,-68,0,0,-80,-79,-72,0,-79,-79,-70,-70,-54,-54,0,0,-79,-79,-73,-73,-67,-67,-83,-90,-72,-73,-90,0,0,0,0,0,0,-85,-86,-65,-64,-64,-63,-57,-65
0,0,0,0,0,-81,-81,0,-83,-81,-74,-73,-69,-68,0,0,-80,-79,-72,0,-79,-79,-70,-70,-54,-54,0,0,-79,-79,-73,-73,-67,-67,-83,-90,-72,-73,-90,0,0,0,0,0,0,-85,-86,-65,-64,-64,-63,-57,-65
0,0,0,0,0,-81,-81,0,-83,-81,-74,-73,-69,-68,0,0,-80,-79,-72,0,-79,-79,-70,-70,-54,-54,0,0,-79,-79,-73,-73,-67,-67,-83,-90,-72,-73,-90,0,0,0,0,0,0,-85,-86,-65,-64,-64,-63,-57,-65
0,0,0,0,0,-81,-81,0,-83,-81,-74,-73,-69,-68,0,0,-80,-79,-72,0,-79,-79,-70,-70,-54,-54,0,0,-79,-79,-73,-73,-67,-67,-83,-90,-72,-73,-90,0,0,0,0,0,0,-85,-86,-65,-64,-64,-63,-57,-65
0,0,0,0,0,-83,-81,0,-83,-85,0,0,-77,-77,-76,-74,-80,-79,-72,0,-82,-83,-70,-70,-53,-46,-76,-81,-79,-79,-72,-70,-65,-65,-83,-85,-79,-78,-90,0,0,0,0,0,0,-85,-86,-65,-76,-64,-63,-60,-75
0,0,0,0,0,-83,-81,0,-83,-85,0,0,-77,-77,-76,-74,-80,-79,-72,0,-82,-83,-70,-70,-53,-46,-76,-81,-79,-79,-72,-70,-65,-65,-83,-85,-79,-78,-90,0,0,0,0,0,0,-85,-86,-65,-76,-64,-63,-60,-75
0,0,0,0,0,-83,-81,0,-83,-85,0,0,-77,-77,-76,-74,-80,-79,-72,0,-82,-83,-70,-70,-53,-46,-76,-81,-79,-79,-72,-70,-65,-65,-83,-85,-79,-78,-90,0,0,0,0,0,0,-85,-86,-65,-76,-64,-63,-60,-75
0,0,0,0,0,-80,-79,0,-81,-79,0,0,-70,-69,-76,-74,-76,-75,-72,0,-76,-76,-73,-70,-51,-47,-79,-82,-81,-81,-67,-65,-67,-67,-81,-85,-80,-79,-90,-88,-89,0,0,0,0,-81,-81,-65,-76,-67,-67,-51,-62
0,0,0,0,0,-80,-79,0,-81,-79,0,0,-70,-69,-76,-74,-76,-75,-72,0,-76,-76,-73,-70,-51,-47,-79,-82,-81,-81,-67,-65,-67,-67,-81,-85,-80,-79,-90,-88,-89,0,0,0,0,-81,-81,-65,-76,-67,-67,-51,-62
0,0,0,0,0,-80,-79,0,-81,-79,0,0,-70,-69,-76,-74,-76,-75,-72,0,-76,-76,-73,-70,-51,-47,-79,-82,-81,-81,-67,-65,-67,-67,-81,-85,-80,-79,-90,-88,-89,0,0,0,0,-81,-81,-65,-76,-67,-67,-51,-62
0,0,0,0,0,-80,-79,0,-81,-79,0,0,-70,-69,-76,-74,-76,-75,-72,0,-76,-76,-73,-70,-51,-47,-79,-82,-81,-81,-67,-65,-67,-67,-81,-85,-80,-79,-90,-88,-89,0,0,0,0,-81,-81,-65,-76,-67,-67,-51,-62
0,-76,-80,-79,0,-82,-80,0,-79,-80,0,0,-69,-68,-76,-74,-76,-75,0,0,-73,-73,-70,-68,-48,-47,-79,-86,-80,-81,-68,-65,-69,-69,-81,-85,-76,-77,0,-88,-89,0,0,0,0,-81,-81,0,-76,-64,-64,-51,-61
0,-76,-80,-79,0,-82,-80,0,-79,-80,0,0,-69,-68,-76,-74,-76,-75,0,0,-73,-73,-70,-68,-48,-47,-79,-86,-80,-81,-68,-65,-69,-69,-81,-85,-76,-77,0,-88,-89,0,0,0,0,-81,-81,0,-76,-64,-64,-51,-61
0,-76,-80,-79,0,-82,-80,0,-79,-80,0,0,-69,-68,-76,-74,-76,-75,0,0,-73,-73,-70,-68,-48,-47,-79,-86,-80,-81,-68,-65,-69,-69,-81,-85,-76,-77,0,-88,-89,0,0,0,0,-81,-81,0,-76,-64,-64,-51,-61
0,-76,-80,-79,0,-82,-80,0,-79,-80,0,0,-69,-68,-76,-74,-76,-75,0,0,-73,-73,-70,-68,-48,-47,-79,-86,-80,-81,-68,-65,-69,-69,-81,-85,-76,-77,0,-88,-89,0,0,0,0,-81,-81,0,-76,-64,-64,-51,-61
0,-76,-80,-79,0,-82,-81,0,-79,-82,0,0,-70,-71,0,0,-76,-75,0,-70,-82,-80,-70,-70,-46,-46,-79,-86,-76,-76,-68,-69,-67,-67,-81,0,-81,-82,0,-88,-89,0,0,0,0,-81,-81,0,0,-76,-76,-51,-63
0,-76,-80,-79,0,-82,-81,0,-79,-82,0,0,-70,-71,0,0,-76,-75,0,-70,-82,-80,-70,-70,-46,-46,-79,-86,-76,-76,-68,-69,-67,-67,-81,0,-81,-82,0,-88,-89,0,0,0,0,-81,-81,0,0,-76,-76,-51,-63
0,-76,-80,-79,0,-82,-81,0,-79,-82,0,0,-70,-71,0,0,-76,-75,0,-70,-82,-80,-70,-70,-46,-46,-79,-86,-76,-76,-68,-69,-67,-67,-81,0,-81,-82,0,-88,-89,0,0,0,0,-81,-81,0,0,-76,-76,-51,-63
0,-76,-80,-79,0,-82,-81,0,-80,-81,-79,-79,-65,-66,0,0,0,0,0,-70,-74,-74,-71,-70,-45,-45,0,-86,-76,-76,-68,-67,-67,-67,0,0,-78,-81,0,-86,-87,0,0,0,0,-84,-83,0,0,-73,-73,-53,-64
0,-76,-80,-79,0,-82,-81,0,-80,-81,-79,-79,-65,-66,0,0,0,0,0,-70,-74,-74,-71,-70,-45,-45,0,-86,-76,-76,-68,-67,-67,-67,0,0,-78,-81,0,-86,-87,0,0,0,0,-84,-83,0,0,-73,-73,-53,-64
0,-76,-80,-79,0,-82,-81,0,-80,-81,-79,-79,-65,-66,0,0,0,0,0,-70,-74,-74,-71,-70,-45,-45,0,-86,-76,-76,-68,-67,-67,-67,0,0,-78,-81,0,-86,-87,0,0,0,0,-84,-83,0,0,-73,-73,-53,-64
0,-76,-80,-79,0,-82,-81,0,-80,-81,-79,-79,-65,-66,0,0,0,0,0,-70,-74,-74,-71,-70,-45,-45,0,-86,-76,-76,-68,-67,-67,-67,0,0,-78,-81,0,-86,-87,0,0,0,0,-84,-83,0,0,-73,-73,-53,-64
0,-76,0,0,0,-82,-82,0,-80,-83,-79,-79,-65,-66,0,0,0,0,0,-70,-74,-73,-71,-68,-48,-45,0,0,-74,-74,0,-68,-66,-66,0,0,-76,-76,0,-86,-88,0,0,0,0,-81,-82,0,-69,-69,-69,-48,-62
0,-76,0,0,0,-82,-82,0,-80,-83,-79,-79,-65,-66,0,0,0,0,0,-70,-74,-73,-71,-68,-48,-45,0,0,-74,-74,0,-68,-66,-66,0,0,-76,-76,0,-86,-88,0,0,0,0,-81,-82,0,-69,-69,-69,-48,-62
0,-76,0,0,0,-82,-82,0,-80,-83,-79,-79,-65,-66,0,0,0,0,0,-70,-74,-73,-71,-68,-48,-45,0,0,-74,-74,0,-68,-66,-66,0,0,-76,-76,0,-86,-88,0,0,0,0,-81,-82,0,-69,-69,-69,-48,-62
0,0,-81,0,-83,-80,-80,0,-83,-79,-79,-79,-67,-66,0,-75,0,0,0,-68,-71,-70,-71,-68,-49,-49,-83,-86,-77,-77,-70,-72,-69,-69,-82,0,-78,-78,0,-86,-88,0,0,0,0,-81,-82,0,-69,-66,-66,-49,-58
0,0,-81,0,-83,-80,-80,0,-83,-79,-79,-79,-67,-66,0,-75,0,0,0,-68,-71,-70,-71,-68,-49,-49,-83,-86,-77,-77,-70,-72,-69,-69,-82,0,-78,-78,0,-86,-88,0,0,0,0,-81,-82,0,-69,-66,-66,-49,-58
0,0,-81,0,-83,-80,-80,0,-83,-79,-79,-79,-67,-66,0,-75,0,0,0,-68,-71,-70,-71,-68,-49,-49,-83,-86,-77,-77,-70,-72,-69,-69,-82,0,-78,-78,0,-86,-88,0,0,0,0,-81,-82,0,-69,-66,-66,-49,-58
0,0,-81,0,-83,-80,-80,0,-83,-79,-79,-79,-67,-66,0,-75,0,0,0,-68,-71,-70,-71,-68,-49,-49,-83,-86,-77,-77,-70,-72,-69,-69,-82,0,-78,-78,0,-86,-88,0,0,0,0,-81,-82,0,-69,-66,-66,-49,-58
0,0,-81,0,-83,-80,-80,-82,-83,-79,-76,-77,-69,-70,0,-75,0,0,0,-67,-74,-74,0,-67,-49,-48,-83,-86,-76,-77,-70,-72,-64,-65,-82,0,-80,-79,0,0,-88,0,0,0,0,-82,-83,0,-73,-67,-67,-51,-62
0,0,-81,0,-83,-80,-80,-82,-83,-79,-76,-77,-69,-70,0,-75,0,0,0,-67,-74,-74,0,-67,-49,-48,-83,-86,-76,-77,-70,-72,-64,-65,-82,0,-80,-79,0,0,-88,0,0,0,0,-82,-83,0,-73,-67,-67,-51,-62
0,0,-81,0,-83,-80,-80,-82,-83,-79,-76,-77,-69,-70,0,-75,0,0,0,-67,-74,-74,0,-67,-49,-48,-83,-86,-76,-77,-70,-72,-64,-65,-82,0,-80,-79,0,0,-88,0,0,0,0,-82,-83,0,-73,-67,-67,-51,-62
0,-78,-81,0,-83,-82,-83,-82,-79,-80,-76,-77,-66,-66,0,-75,0,0,0,-69,-74,-74,0,-67,-51,-50,-83,-86,-84,-86,-71,-72,-64,-64,-82,0,-83,-85,0,0,-88,0,0,0,0,-81,-80,0,-73,-78,-77,-54,-63
0,-78,-81,0,-83,-82,-83,-82,-79,-80,-76,-77,-66,-66,0,-75,0,0,0,-69,-74,-74,0,-67,-51,-50,-83,-86,-84,-86,-71,-72,-64,-64,-82,0,-83,-85,0,0,-88,0,0,0,0,-81,-80,0,-73,-78,-77,-54,-63
0,-78,-81,0,-83,-82,-83,-82,-79,-80,-76,-77,-66,-66,0,-75,0,0,0,-69,-74,-74,0,-67,-51,-50,-83,-86,-84,-86,-71,-72,-64,-64,-82,0,-83,-85,0,0,-88,0,0,0,0,-81,-80,0,-73,-78,-77,-54,-63
0,-78,-81,0,-83,-82,-83,-82,-79,-80,-76,-77,-66,-66,0,-75,0,0,0,-69,-74,-74,0,-67,-51,-50,-83,-86,-84,-86,-71,-72,-64,-64,-82,0,-83,-85,0,0,-88,0,0,0,0,-81,-80,0,-73,-78,-77,-54,-63
0,-78,0,0,0,-82,-84,-74,-79,-80,-76,-77,-70,-70,0,0,0,0,-70,-66,-75,-75,-71,-70,-51,-50,0,0,-82,-83,-71,0,-64,-64,0,0,-86,-83,0,0,-88,0,0,0,0,-82,-82,0,-73,-76,-77,-54,-62
0,-78,0,0,0,-82,-84,-74,-79,-80,-76,-77,-70,-70,0,0,0,0,-70,-66,-75,-75,-71,-70,-51,-50,0,0,-82,-83,-71,0,-64,-64,0,0,-86,-83,0,0,-88,0,0,0,0,-82,-82,0,-73,-76,-77,-54,-62
0,-78,0,0,0,-82,-84,-74,-79,-80,-76,-77,-70,-70,0,0,0,0,-70,-66,-75,-75,-71,-70,-51,-50,0,0,-82,-83,-71,0,-64,-64,0,0,-86,-83,0,0,-88,0,0,0,0,-82,-82,0,-73,-76,-77,-54,-62
0,-78,0,0,0,-82,-84,-74,-79,-78,0,0,-70,-71,0,0,-75,-76,-70,-68,-75,-75,-71,-70,-48,-47,0,0,-80,-78,-72,-70,-66,-66,0,0,-79,-79,-86,0,0,-84,-84,0,0,-82,-82,0,0,-68,-68,-49,-65
0,-78,0,0,0,-82,-84,-74,-79,-78,0,0,-70,-71,0,0,-75,-76,-70,-68,-75,-75,-71,-70,-48,-47,0,0,-80,-78,-72,-70,-66,-66,0,0,-79,-79,-86,0,0,-84,-84,0,0,-82,-82,0,0,-68,-68,-49,-65
0,-78,0,0,0,-82,-84,-74,-79,-78,0,0,-70,-71,0,0,-75,-76,-70,-68,-75,-75,-71,-70,-48,-47,0,0,-80,-78,-72,-70,-66,-66,0,0,-79,-79,-86,0,0,-84,-84,0,0,-82,-82,0,0,-68,-68,-49,-65
0,-78,0,0,0,-82,-84,-74,-79,-78,0,0,-70,-71,0,0,-75,-76,-70,-68,-75,-75,-71,-70,-48,-47,0,0,-80,-78,-72,-70,-66,-66,0,0,-79,-79,-86,0,0,-84,-84,0,0,-82,-82,0,0,-68,-68,-49,-65
0,0,0,0,0,-83,-83,-74,-79,-78,0,0,-71,-71,0,0,-77,-77,-70,-68,-78,-78,-71,-70,-46,-45,0,0,-76,-77,-72,-70,-64,-64,0,0,-77,-76,-86,0,0,-84,-84,0,0,-82,-82,0,0,-68,-68,-49,-56
0,0,0,0,0,-83,-83,-74,-79,-78,0,0,-71,-71,0,0,-77,-77,-70,-68,-78,-78,-71,-70,-46,-45,0,0,-76,-77,-72,-70,-64,-64,0,0,-77,-76,-86,0,0,-84,-84,0,0,-82,-82,0,0,-68,-68,-49,-56
0,0,0,0,0,-83,-83,-74,-79,-78,0,0,-71,-71,0,0,-77,-77,-70,-68,-78,-78,-71,-70,-46,-45,0,0,-76,-77,-72,-70,-64,-64,0,0,-77,-76,-86,0,0,-84,-84,0,0,-82,-82,0,0,-68,-68,-49,-56
0,-77,0,0,0,-81,-81,-75,-78,-77,0,0,-72,-73,0,0,-77,-77,-70,-68,-71,-70,0,0,-53,-52,0,0,-77,-78,-72,-68,-65,-65,-81,0,-80,-81,-86,0,0,-84,-84,0,0,0,0,0,-77,-70,-70,-53,-65
0,-77,0,0,0,-81,-81,-75,-78,-77,0,0,-72,-73,0,0,-77,-77,-70,-68,-71,-70,0,0,-53,-52,0,0,-77,-78,-72,-68,-65,-65,-81,0,-80,-81,-86,0,0,-84,-84,0,0,0,0,0,-77,-70,-70,-53,-65
0,-77,0,0,0,-81,-81,-75,-78,-77,0,0,-72,-73,0,0,-77,-77,-70,-68,-71,-70,0,0,-53,-52,0,0,-77,-78,-72,-68,-65,-65,-81,0,-80,-81,-86,0,0,-84,-84,0,0,0,0,0,-77,-70,-70,-53,-65
0,-77,0,0,0,-81,-81,-75,-78,-77,0,0,-72,-73,0,0,-77,-77,-70,-68,-71,-70,0,0,-53,-52,0,0,-77,-78,-72,-68,-65,-65,-81,0,-80,-81,-86,0,0,-84,-84,0,0,0,0,0,-77,-70,-70,-53,-65
-81,-77,0,0,0,-82,-82,-75,-78,-77,-81,0,-72,-72,0,0,-78,-77,0,-68,-69,-70,0,-73,-53,-52,0,0,-78,-77,-70,-68,-67,-67,-81,0,-81,-79,0,0,0,0,0,0,0,0,0,0,-77,-71,-71,-52,-55
-81,-77,0,0,0,-82,-82,-75,-78,-77,-81,0,-72,-72,0,0,-78,-77,0,-68,-69,-70,0,-73,-53,-52,0,0,-78,-77,-70,-68,-67,-67,-81,0,-81,-79,0,0,0,0,0,0,0,0,0,0,-77,-71,-71,-52,-55
-81,-77,0,0,0,-82,-82,-75,-78,-77,-81,0,-72,-72,0,0,-78,-77,0,-68,-69,-70,0,-73,-53,-52,0,0,-78,-77,-70,-68,-67,-67,-81,0,-81,-79,0,0,0,0,0,0,0,0,0,0,-77,-71,-71,-52,-55
-81,-77,0,0,0,-81,-83,-75,-78,-78,-81,0,-70,-70,0,0,-77,-78,0,-68,-69,-70,-70,-71,-49,-47,-82,-85,-75,-75,-66,-68,-66,-66,-81,0,-80,-79,0,0,0,0,0,0,0,-81,-83,0,-77,-65,-65,-57,-59
-81,-77,0,0,0,-81,-83,-75,-78,-78,-81,0,-70,-70,0,0,-77,-78,0,-68,-69,-70,-70,-71,-49,-47,-82,-85,-75,-75,-66,-68,-66,-66,-81,0,-80,-79,0,0,0,0,0,0,0,-81,-83,0,-77,-65,-65,-57,-59
-81,-77,0,0,0,-81,-83,-75,-78,-78,-81,0,-70,-70,0,0,-77,-78,0,-68,-69,-70,-70,-71,-49,-47,-82,-85,-75,-75,-66,-68,-66,-66,-81,0,-80,-79,0,0,0,0,0,0,0,-81,-83,0,-77,-65,-65,-57,-59
-81,-77,0,0,0,-81,-83,-75,-78,-78,-81,0,-70,-70,0,0,-77,-78,0,-68,-69,-70,-70,-71,-49,-47,-82,-85,-75,-75,-66,-68,-66,-66,-81,0,-80,-79,0,0,0,0,0,0,0,-81,-83,0,-77,-65,-65,-57,-59
-81,0,0,0,0,-83,-81,0,-78,-78,-81,0,-71,-71,0,0,-77,-78,0,-68,-68,-67,-71,-72,-48,-46,-79,-85,-76,-76,-66,-66,-65,-65,0,0,-76,-77,0,0,0,0,0,0,0,-82,-83,0,0,-67,-67,-50,-61
-81,0,0,0,0,-83,-81,0,-78,-78,-81,0,-71,-71,0,0,-77,-78,0,-68,-68,-67,-71,-72,-48,-46,-79,-85,-76,-76,-66,-66,-65,-65,0,0,-76,-77,0,0,0,0,0,0,0,-82,-83,0,0,-67,-67,-50,-61
-81,0,0,0,0,-83,-81,0,-78,-78,-81,0,-71,-71,0,0,-77,-78,0,-68,-68,-67,-71,-72,-48,-46,-79,-85,-76,-76,-66,-66,-65,-65,0,0,-76,-77,0,0,0,0,0,0,0,-82,-83,0,0,-67,-67,-50,-61
0,-79,0,0,0,-83,-82,0,-82,-81,0,0,-74,-74,0,0,0,0,0,-68,-73,-73,-84,-72,-56,-52,-83,-89,-78,-78,-69,-68,-67,-68,0,0,-74,-74,0,0,-89,0,0,0,0,-82,-83,0,0,-77,-76,-54,-58
0,-79,0,0,0,-83,-82,0,-82,-81,0,0,-74,-74,0,0,0,0,0,-68,-73,-73,-84,-72,-56,-52,-83,-89,-78,-78,-69,-68,-67,-68,0,0,-74,-74,0,0,-89,0,0,0,0,-82,-83,0,0,-77,-76,-54,-58
0,-79,0,0,0,-83,-82,0,-82,-81,0,0,-74,-74,0,0,0,0,0,-68,-73,-73,-84,-72,-56,-52,-83,-89,-78,-78,-69,-68,-67,-68,0,0,-74,-74,0,0,-89,0,0,0,0,-82,-83,0,0,-77,-76,-54,-58
0,-79,0,0,0,-83,-82,0,-82,-81,0,0,-74,-74,0,0,0,0,0,-68,-73,-73,-84,-72,-56,-52,-83,-89,-78,-78,-69,-68,-67,-68,0,0,-74,-74,0,0,-89,0,0,0,0,-82,-83,0,0,-77,-76,-54,-58
0,-76,0,0,0,-83,-82,0,-82,-85,-81,-83,-71,-71,0,-63,0,0,0,0,-72,-72,-84,-72,-62,-58,-83,-89,-78,-78,-69,-68,-67,-70,0,0,-83,-84,0,0,-89,0,0,0,0,0,0,-63,-61,-67,-68,-57,-59
0,-76,0,0,0,-83,-82,0,-82,-85,-81,-83,-71,-71,0,-63,0,0,0,0,-72,-72,-84,-72,-62,-58,-83,-89,-78,-78,-69,-68,-67,-70,0,0,-83,-84,0,0,-89,0,0,0,0,0,0,-63,-61,-67,-68,-57,-59
0,-76,0,0,0,-83,-82,0,-82,-85,-81,-83,-71,-71,0,-63,0,0,0,0,-72,-72,-84,-72,-62,-58,-83,-89,-78,-78,-69,-68,-67,-70,0,0,-83,-84,0,0,-89,0,0,0,0,0,0,-63,-61,-67,-68,-57,-59
0,-84,0,0,0,0,0,0,-84,-83,-81,-83,-69,-68,0,-63,0,0,-73,-73,-77,-77,0,-72,-64,-63,0,-88,-81,-81,-69,-67,-66,-66,0,0,-78,-79,0,0,0,0,0,0,0,0,0,-63,-68,-63,-63,-57,-59
0,-84,0,0,0,0,0,0,-84,-83,-81,-83,-69,-68,0,-63,0,0,-73,-73,-77,-77,0,-72,-64,-63,0,-88,-81,-81,-69,-67,-66,-66,0,0,-78,-79,0,0,0,0,0,0,0,0,0,-63,-68,-63,-63,-57,-59
0,-84,0,0,0,0,0,0,-84,-83,-81,-83,-69,-68,0,-63,0,0,-73,-73,-77,-77,0,-72,-64,-63,0,-88,-81,-81,-69,-67,-66,-66,0,0,-78,-79,0,0,0,0,0,0,0,0,0,-63,-68,-63,-63,-57,-59
0,-84,0,0,0,0,0,0,-84,-83,-81,-83,-69,-68,0,-63,0,0,-73,-73,-77,-77,0,-72,-64,-63,0,-88,-81,-81,-69,-67,-66,-66,0,0,-78,-79,0,0,0,0,0,0,0,0,0,-63,-68,-63,-63,-57,-59
0,-84,0,0,0,0,0,0,-83,-83,-81,-83,-69,-69,0,-63,0,0,-73,-75,-75,-75,0,-76,-66,-64,0,-88,-82,-82,-68,-69,-68,-68,0,0,-81,-81,0,0,0,0,0,0,0,0,0,-63,-68,-62,-63,-61,-64
0,-84,0,0,0,0,0,0,-83,-83,-81,-83,-69,-69,0,-63,0,0,-73,-75,-75,-75,0,-76,-66,-64,0,-88,-82,-82,-68,-69,-68,-68,0,0,-81,-81,0,0,0,0,0,0,0,0,0,-63,-68,-62,-63,-61,-64
0,-84,0,0,0,0,0,0,-83,-83,-81,-83,-69,-69,0,-63,0,0,-73,-75,-75,-75,0,-76,-66,-64,0,-88,-82,-82,-68,-69,-68,-68,0,0,-81,-81,0,0,0,0,0,0,0,0,0,-63,-68,-62,-63,-61,-64
0,-84,0,0,0,0,0,0,-83,-83,-81,-83,-69,-69,0,-63,0,0,-73,-75,-75,-75,0,-76,-66,-64,0,-88,-82,-82,-68,-69,-68,-68,0,0,-81,-81,0,0,0,0,0,0,0,0,0,-63,-68,-62,-63,-61,-64
0,-81,0,0,0,0,0,0,-83,-83,0,0,-70,-70,0,0,0,0,-73,-75,-75,-76,-75,-76,-67,-64,0,-88,-84,-84,-68,-69,-70,-70,-88,0,-81,-81,0,0,0,0,0,0,0,0,-87,0,-68,-63,-63,-62,-64
0,-81,0,0,0,0,0,0,-83,-83,0,0,-70,-70,0,0,0,0,-73,-75,-75,-76,-75,-76,-67,-64,0,-88,-84,-84,-68,-69,-70,-70,-88,0,-81,-81,0,0,0,0,0,0,0,0,-87,0,-68,-63,-63,-62,-64
0,-81,0,0,0,0,0,0,-83,-83,0,0,-70,-70,0,0,0,0,-73,-75,-75,-76,-75,-76,-67,-64,0,-88,-84,-84,-68,-69,-70,-70,-88,0,-81,-81,0,0,0,0,0,0,0,0,-87,0,-68,-63,-63,-62,-64
0,-81,0,0,0,0,0,0,-83,-83,0,0,-70,-69,-74,-72,0,0,0,-75,-75,-75,-75,-76,-66,-65,0,0,-84,-84,-68,-70,-70,-70,-88,0,-81,-80,0,0,0,0,0,0,0,0,-87,-69,-71,-63,-63,-64,-63
0,-81,0,0,0,0,0,0,-83,-83,0,0,-70,-69,-74,-72,0,0,0,-75,-75,-75,-75,-76,-66,-65,0,0,-84,-84,-68,-70,-70,-70,-88,0,-81,-80,0,0,0,0,0,0,0,0,-87,-69,-71,-63,-63,-64,-63
0,-81,0,0,0,0,0,0,-83,-83,0,0,-70,-69,-74,-72,0,0,0,-75,-75,-75,-75,-76,-66,-65,0,0,-84,-84,-68,-70,-70,-70,-88,0,-81,-80,0,0,0,0,0,0,0,0,-87,-69,-71,-63,-63,-64,-63
0,-81,0,0,0,0,0,0,-83,-83,0,0,-70,-69,-74,-72,0,0,0,-75,-75,-75,-75,-76,-66,-65,0,0,-84,-84,-68,-70,-70,-70,-88,0,-81,-80,0,0,0,0,0,0,0,0,-87,-69,-71,-63,-63,-64,-63
0,-81,0,0,0,0,0,0,-84,-83,0,0,-69,-69,-74,-71,0,0,-75,-74,-75,-75,-75,-76,-65,-65,-82,0,-84,-84,-68,-71,-70,-70,-88,0,-82,-81,0,0,0,0,0,0,0,0,-87,-70,-72,-64,-64,-63,-66
0,-81,0,0,0,0,0,0,-84,-83,0,0,-69,-69,-74,-71,0,0,-75,-74,-75,-75,-75,-76,-65,-65,-82,0,-84,-84,-68,-71,-70,-70,-88,0,-82,-81,0,0,0,0,0,0,0,0,-87,-70,-72,-64,-64,-63,-66
0,-81,0,0,0,0,0,0,-84,-83,0,0,-69,-69,-74,-71,0,0,-75,-74,-75,-75,-75,-76,-65,-65,-82,0,-84,-84,-68,-71,-70,-70,-88,0,-82,-81,0,0,0,0,0,0,0,0,-87,-70,-72,-64,-64,-63,-66
0,0,0,0,0,0,0,-78,-81,-83,0,0,-69,-69,-73,-70,0,0,-75,-74,-75,-76,0,0,-66,-65,-83,-88,0,0,-69,-71,-71,-71,0,0,-82,-81,0,0,0,0,0,0,0,0,0,-70,-68,-64,-64,-64,-65
0,0,0,0,0,0,0,-78,-81,-83,0,0,-69,-69,-73,-70,0,0,-75,-74,-75,-76,0,0,-66,-65,-83,-88,0,0,-69,-71,-71,-71,0,0,-82,-81,0,0,0,0,0,0,0,0,0,-70,-68,-64,-64,-64,-65
0,0,0,0,0,0,0,-78,-81,-83,0,0,-69,-69,-73,-70,0,0,-75,-74,-75,-76,0,0,-66,-65,-83,-88,0,0,-69,-71,-71,-71,0,0,-82,-81,0,0,0,0,0,0,0,0,0,-70,-68,-64,-64,-64,-65
0,0,0,0,0,0,0,-78,-81,-83,0,0,-69,-69,-73,-70,0,0,-75,-74,-75,-76,0,0,-66,-65,-83,-88,0,0,-69,-71,-71,-71,0,0,-82,-81,0,0,0,0,0,0,0,0,0,-70,-68,-64,-64,-64,-65
0,-82,0,0,0,0,0,-78,-80,-83,0,0,-69,-70,-73,-78,0,0,-76,-75,-76,-76,0,0,-67,-66,-83,-88,0,0,-69,-71,-70,-70,-87,-89,-80,-80,0,0,0,0,0,0,0,0,0,-70,-68,-63,-63,-63,-67
0,-82,0,0,0,0,0,-78,-80,-83,0,0,-69,-70,-73,-78,0,0,-76,-75,-76,-76,0,0,-67,-66,-83,-88,0,0,-69,-71,-70,-70,-87,-89,-80,-80,0,0,0,0,0,0,0,0,0,-70,-68,-63,-63,-63,-67
0,-82,0,0,0,0,0,-78,-80,-83,0,0,-69,-70,-73,-78,0,0,-76,-75,-76,-76,0,0,-67,-66,-83,-88,0,0,-69,-71,-70,-70,-87,-89,-80,-80,0,0,0,0,0,0,0,0,0,-70,-68,-63,-63,-63,-67
0,-82,0,0,0,0,0,-78,-81,-83,0,0,-70,-69,-73,-70,0,0,-77,-75,-75,-75,0,0,-67,-67,-83,-88,0,0,-69,-71,-67,-67,-87,-89,-80,-81,0,0,0,0,0,0,0,0,0,-68,-71,-63,-63,-63,-66
0,-82,0,0,0,0,0,-78,-81,-83,0,0,-70,-69,-73,-70,0,0,-77,-75,-75,-75,0,0,-67,-67,-83,-88,0,0,-69,-71,-67,-67,-87,-89,-80,-81,0,0,0,0,0,0,0,0,0,-68,-71,-63,-63,-63,-66
0,-82,0,0,0,0,0,-78,-81,-83,0,0,-70,-69,-73,-70,0,0,-77,-75,-75,-75,0,0,-67,-67,-83,-88,0,0,-69,-71,-67,-67,-87,-89,-80,-81,0,0,0,0,0,0,0,0,0,-68,-71,-63,-63,-63,-66
0,-82,0,0,0,0,0,-78,-81,-83,0,0,-70,-69,-73,-70,0,0,-77,-75,-75,-75,0,0,-67,-67,-83,-88,0,0,-69,-71,-67,-67,-87,-89,-80,-81,0,0,0,0,0,0,0,0,0,-68,-71,-63,-63,-63,-66
0,-82,0,0,0,0,0,-78,-81,-81,0,0,-70,-69,0,-70,0,0,-77,-75,-76,-76,0,0,-67,-67,0,0,0,0,-68,0,-69,-69,-87,-89,-81,-83,0,0,0,0,0,0,0,0,0,-69,-71,-64,-64,-62,-64
0,-82,0,0,0,0,0,-78,-81,-81,0,0,-70,-69,0,-70,0,0,-77,-75,-76,-76,0,0,-67,-67,0,0,0,0,-68,0,-69,-69,-87,-89,-81,-83,0,0,0,0,0,0,0,0,0,-69,-71,-64,-64,-62,-64
0,-82,0,0,0,0,0,-78,-81,-81,0,0,-70,-69,0,-70,0,0,-77,-75,-76,-76,0,0,-67,-67,0,0,0,0,-68,0,-69,-69,-87,-89,-81,-83,0,0,0,0,0,0,0,0,0,-69,-71,-64,-64,-62,-64
0,0,0,0,0,0,0,0,-81,-81,0,0,-69,-70,0,-71,0,0,-77,0,-76,-75,0,0,-68,-68,-85,-89,0,0,-69,-71,-70,-70,-86,-86,-81,-80,0,0,0,0,0,0,0,0,0,-69,-71,-63,-64,-64,-66
0,0,0,0,0,0,0,0,-81,-81,0,0,-69,-70,0,-71,0,0,-77,0,-76,-75,0,0,-68,-68,-85,-89,0,0,-69,-71,-70,-70,-86,-86,-81,-80,0,0,0,0,0,0,0,0,0,-69,-71,-63,-64,-64,-66
0,0,0,0,0,0,0,0,-81,-81,0,0,-69,-70,0,-71,0,0,-77,0,-76,-75,0,0,-68,-68,-85,-89,0,0,-69,-71,-70,-70,-86,-86,-81,-80,0,0,0,0,0,0,0,0,0,-69,-71,-63,-64,-64,-66
0,0,0,0,0,0,0,0,-81,-81,0,0,-69,-70,0,-71,0,0,-77,0,-76,-75,0,0,-68,-68,-85,-89,0,0,-69,-71,-70,-70,-86,-86,-81,-80,0,0,0,0,0,0,0,0,0,-69,-71,-63,-64,-64,-66
0,0,0,0,0,0,0,0,-82,-81,-73,-72,-69,-69,-72,-70,0,0,0,0,-76,-76,-74,-76,-68,-68,-85,-89,0,0,-69,-71,-69,-70,-86,-86,-81,-81,0,0,0,0,0,0,0,0,0,-69,-66,-63,-63,-63,-65
0,0,0,0,0,0,0,0,-82,-81,-73,-72,-69,-69,-72,-70,0,0,0,0,-76,-76,-74,-76,-68,-68,-85,-89,0,0,-69,-71,-69,-70,-86,-86,-81,-81,0,0,0,0,0,0,0,0,0,-69,-66,-63,-63,-63,-65
0,0,0,0,0,0,0,0,-82,-81,-73,-72,-69,-69,-72,-70,0,0,0,0,-76,-76,-74,-76,-68,-68,-85,-89,0,0,-69,-71,-69,-70,-86,-86,-81,-81,0,0,0,0,0,0,0,0,0,-69,-66,-63,-63,-63,-65
0,0,0,0,0,0,0,0,-82,-81,-73,-72,-69,-69,-72,-70,0,0,0,0,-76,-76,-74,-76,-68,-68,-85,-89,0,0,-69,-71,-69,-70,-86,-86,-81,-81,0,0,0,0,0,0,0,0,0,-69,-66,-63,-63,-63,-65
0,0,0,0,0,0,0,0,-82,-82,-72,-71,-69,-70,-72,-70,0,0,0,0,-76,-76,-74,-75,-68,-68,-85,-89,0,0,-68,-70,-68,-68,-87,-86,-81,-80,0,0,0,0,0,0,0,0,0,-69,-73,-63,-63,-64,-66
0,0,0,0,0,0,0,0,-82,-82,-72,-71,-69,-70,-72,-70,0,0,0,0,-76,-76,-74,-75,-68,-68,-85,-89,0,0,-68,-70,-68,-68,-87,-86,-81,-80,0,0,0,0,0,0,0,0,0,-69,-73,-63,-63,-64,-66
0,0,0,0,0,0,0,0,-82,-82,-72,-71,-69,-70,-72,-70,0,0,0,0,-76,-76,-74,-75,-68,-68,-85,-89,0,0,-68,-70,-68,-68,-87,-86,-81,-80,0,0,0,0,0,0,0,0,0,-69,-73,-63,-63,-64,-66
0,0,0,0,0,0,0,-77,-82,-82,-73,-72,-69,-70,-72,-72,0,0,0,0,-75,-75,-74,-75,-69,-69,0,0,0,0,-68,-70,-69,-68,-87,0,-81,-81,0,0,0,0,0,0,0,0,0,-69,-67,-64,-64,-64,-63
0,0,0,0,0,0,0,-77,-82,-82,-73,-72,-69,-70,-72,-72,0,0,0,0,-75,-75,-74,-75,-69,-69,0,0,0,0,-68,-70,-69,-68,-87,0,-81,-81,0,0,0,0,0,0,0,0,0,-69,-67,-64,-64,-64,-63
0,0,0,0,0,0,0,-77,-82,-82,-73,-72,-69,-70,-72,-72,0,0,0,0,-75,-75,-74,-75,-69,-69,0,0,0,0,-68,-70,-69,-68,-87,0,-81,-81,0,0,0,0,0,0,0,0,0,-69,-67,-64,-64,-64,-63
0,0,0,0,0,0,0,-77,-82,-82,-73,-72,-69,-70,-72,-72,0,0,0,0,-75,-75,-74,-75,-69,-69,0,0,0,0,-68,-70,-69,-68,-87,0,-81,-81,0,0,0,0,0,0,0,0,0,-69,-67,-64,-64,-64,-63
0,0,0,0,0,0,0,-77,-80,-80,-73,-72,-69,-70,0,-70,0,0,0,0,-76,-77,-75,-73,-69,-69,0,-87,0,0,-68,-73,-69,-69,-87,0,-81,-81,0,0,0,0,0,0,0,0,0,-68,-69,-64,-65,-63,-65
0,0,0,0,0,0,0,-77,-80,-80,-73,-72,-69,-70,0,-70,0,0,0,0,-76,-77,-75,-73,-69,-69,0,-87,0,0,-68,-73,-69,-69,-87,0,-81,-81,0,0,0,0,0,0,0,0,0,-68,-69,-64,-65,-63,-65
0,0,0,0,0,0,0,-77,-80,-80,-73,-72,-69,-70,0,-70,0,0,0,0,-76,-77,-75,-73,-69,-69,0,-87,0,0,-68,-73,-69,-69,-87,0,-81,-81,0,0,0,0,0,0,0,0,0,-68,-69,-64,-65,-63,-65
0,0,0,0,0,0,0,-77,-80,-81,-73,-72,-70,-70,0,-70,0,0,0,0,-76,-76,-75,-76,-69,-69,0,-87,-85,-86,0,-73,-69,-69,0,0,-81,-81,0,0,0,0,0,0,0,0,0,-68,-69,-65,-64,-64,-68
0,0,0,0,0,0,0,-77,-80,-81,-73,-72,-70,-70,0,-70,0,0,0,0,-76,-76,-75,-76,-69,-69,0,-87,-85,-86,0,-73,-69,-69,0,0,-81,-81,0,0,0,0,0,0,0,0,0,-68,-69,-65,-64,-64,-68
0,0,0,0,0,0,0,-77,-80,-81,-73,-72,-70,-70,0,-70,0,0,0,0,-76,-76,-75,-76,-69,-69,0,-87,-85,-86,0,-73,-69,-69,0,0,-81,-81,0,0,0,0,0,0,0,0,0,-68,-69,-65,-64,-64,-68
0,0,0,0,0,0,0,-77,-80,-81,-73,-72,-70,-70,0,-70,0,0,0,0,-76,-76,-75,-76,-69,-69,0,-87,-85,-86,0,-73,-69,-69,0,0,-81,-81,0,0,0,0,0,0,0,0,0,-68,-69,-65,-64,-64,-68
0,0,0,0,0,0,0,0,-82,-81,0,0,-68,-68,0,-70,0,0,0,0,-78,-79,-75,-73,-69,-69,0,-87,-85,-86,-69,-73,-68,-68,0,0,-80,-81,0,0,0,0,0,0,0,0,0,-68,-66,-64,-64,-64,-67
-77,0,0,0,0,-77,-76,0,-82,-82,-81,-80,-71,-70,0,-80,-83,-82,0,0,-77,-76,-72,-71,-59,-58,0,0,-80,-80,-59,-57,-61,-61,0,0,-74,-74,0,0,0,0,0,0,0,0,-85,-67,-64,-63,-62,-62,-62
-77,0,0,0,0,-77,-76,0,-82,-82,-81,-80,-71,-70,0,-80,-83,-82,0,0,-77,-76,-72,-71,-59,-58,0,0,-80,-80,-59,-57,-61,-61,0,0,-74,-74,0,0,0,0,0,0,0,0,-85,-67,-64,-63,-62,-62,-62
-77,0,0,0,0,-77,-76,0,-82,-82,-81,-80,-71,-70,0,-80,-83,-82,0,0,-77,-76,-72,-71,-59,-58,0,0,-80,-80,-59,-57,-61,-61,0,0,-74,-74,0,0,0,0,0,0,0,0,-85,-67,-64,-63,-62,-62,-62
-77,0,0,0,0,-77,-76,0,-82,-82,-81,-80,-71,-70,0,-80,-83,-82,0,0,-77,-76,-72,-71,-59,-58,0,0,-80,-80,-59,-57,-61,-61,0,0,-74,-74,0,0,0,0,0,0,0,0,-85,-67,-64,-63,-62,-62,-62
-77,0,0,0,0,-80,-79,0,0,-82,-81,-80,-72,-72,-73,-70,-83,-82,0,0,-72,-72,-72,-71,-65,-62,-83,0,-80,-80,-59,-57,-63,-63,0,0,-74,-75,0,0,0,0,0,0,0,0,-85,-67,-72,-70,-70,-71,-66
-77,0,0,0,0,-80,-79,0,0,-82,-81,-80,-72,-72,-73,-70,-83,-82,0,0,-72,-72,-72,-71,-65,-62,-83,0,-80,-80,-59,-57,-63,-63,0,0,-74,-75,0,0,0,0,0,0,0,0,-85,-67,-72,-70,-70,-71,-66
-77,0,0,0,0,-80,-79,0,0,-82,-81,-80,-72,-72,-73,-70,-83,-82,0,0,-72,-72,-72,-71,-65,-62,-83,0,-80,-80,-59,-57,-63,-63,0,0,-74,-75,0,0,0,0,0,0,0,0,-85,-67,-72,-70,-70,-71,-66
-77,-79,0,0,-85,-80,-79,-75,-78,-78,-81,-80,-78,-79,-73,-70,0,0,0,0,-72,-74,-72,-71,-66,-65,-85,-86,-80,-80,-67,-70,-64,-64,0,0,-75,-74,0,0,0,0,0,0,0,0,-85,-64,-65,-62,-62,-60,-80
-77,-79,0,0,-85,-80,-79,-75,-78,-78,-81,-80,-78,-79,-73,-70,0,0,0,0,-72,-74,-72,-71,-66,-65,-85,-86,-80,-80,-67,-70,-64,-64,0,0,-75,-74,0,0,0,0,0,0,0,0,-85,-64,-65,-62,-62,-60,-80
-77,-79,0,0,-85,-80,-79,-75,-78,-78,-81,-80,-78,-79,-73,-70,0,0,0,0,-72,-74,-72,-71,-66,-65,-85,-86,-80,-80,-67,-70,-64,-64,0,0,-75,-74,0,0,0,0,0,0,0,0,-85,-64,-65,-62,-62,-60,-80
-77,-79,0,0,-85,-80,-79,-75,-78,-78,-81,-80,-78,-79,-73,-70,0,0,0,0,-72,-74,-72,-71,-66,-65,-85,-86,-80,-80,-67,-70,-64,-64,0,0,-75,-74,0,0,0,0,0,0,0,0,-85,-64,-65,-62,-62,-60,-80
0,-79,0,0,-85,-79,-79,-75,-81,-82,0,0,-80,-80,-73,-70,0,0,0,0,-82,-83,-75,-71,-61,-61,-85,-86,0,0,-67,-70,-65,-65,0,-84,-71,-71,0,0,0,0,0,0,0,0,0,-73,-74,-65,-65,-63,-70
0,-79,0,0,-85,-79,-79,-75,-81,-82,0,0,-80,-80,-73,-70,0,0,0,0,-82,-83,-75,-71,-61,-61,-85,-86,0,0,-67,-70,-65,-65,0,-84,-71,-71,0,0,0,0,0,0,0,0,0,-73,-74,-65,-65,-63,-70
0,-79,0,0,-85,-79,-79,-75,-81,-82,0,0,-80,-80,-73,-70,0,0,0,0,-82,-83,-75,-71,-61,-61,-85,-86,0,0,-67,-70,-65,-65,0,-84,-71,-71,0,0,0,0,0,0,0,0,0,-73,-74,-65,-65,-63,-70
0,-79,0,0,-85,-79,-79,-75,-81,-82,0,0,-80,-80,-73,-70,0,0,0,0,-82,-83,-75,-71,-61,-61,-85,-86,0,0,-67,-70,-65,-65,0,-84,-71,-71,0,0,0,0,0,0,0,0,0,-73,-74,-65,-65,-63,-70
0,-79,0,0,-85,-80,-79,-75,-81,-81,0,0,-79,-80,0,-70,0,0,0,0,-74,-75,-75,-71,-61,-60,-85,-86,-79,-79,-67,-71,-66,-66,-80,-84,-71,-71,0,0,0,0,0,0,0,0,0,-73,-74,-64,-64,-64,-69
0,-79,0,0,-85,-80,-79,-75,-81,-81,0,0,-79,-80,0,-70,0,0,0,0,-74,-75,-75,-71,-61,-60,-85,-86,-79,-79,-67,-71,-66,-66,-80,-84,-71,-71,0,0,0,0,0,0,0,0,0,-73,-74,-64,-64,-64,-69
0,-79,0,0,-85,-80,-79,-75,-81,-81,0,0,-79,-80,0,-70,0,0,0,0,-74,-75,-75,-71,-61,-60,-85,-86,-79,-79,-67,-71,-66,-66,-80,-84,-71,-71,0,0,0,0,0,0,0,0,0,-73,-74,-64,-64,-64,-69
0,0,0,0,0,-77,-77,0,-83,-82,0,0,-79,-79,0,-70,0,0,0,0,-79,-79,-75,-72,-60,-60,0,0,-82,-83,0,-71,-64,-64,-80,-84,-71,-71,0,0,-88,0,0,0,0,0,0,-65,-64,-64,-64,-64,-69
0,0,0,0,0,-77,-77,0,-83,-82,0,0,-79,-79,0,-70,0,0,0,0,-79,-79,-75,-72,-60,-60,0,0,-82,-83,0,-71,-64,-64,-80,-84,-71,-71,0,0,-88,0,0,0,0,0,0,-65,-64,-64,-64,-64,-69
0,0,0,0,0,-77,-77,0,-83,-82,0,0,-79,-79,0,-70,0,0,0,0,-79,-79,-75,-72,-60,-60,0,0,-82,-83,0,-71,-64,-64,-80,-84,-71,-71,0,0,-88,0,0,0,0,0,0,-65,-64,-64,-64,-64,-69
0,0,0,0,0,-77,-77,0,-83,-82,0,0,-79,-79,0,-70,0,0,0,0,-79,-79,-75,-72,-60,-60,0,0,-82,-83,0,-71,-64,-64,-80,-84,-71,-71,0,0,-88,0,0,0,0,0,0,-65,-64,-64,-64,-64,-69
-81,0,0,0,0,-77,-77,0,-82,-82,0,0,-77,-77,-73,-71,0,0,-77,-73,-75,-75,0,-73,-61,-60,0,0,-82,-83,0,-67,-62,-62,-82,-84,-71,-70,0,0,-88,0,0,0,0,0,0,-66,-64,-66,-65,-59,-65
-81,0,0,0,0,-77,-77,0,-82,-82,0,0,-77,-77,-73,-71,0,0,-77,-73,-75,-75,0,-73,-61,-60,0,0,-82,-83,0,-67,-62,-62,-82,-84,-71,-70,0,0,-88,0,0,0,0,0,0,-66,-64,-66,-65,-59,-65
-81,0,0,0,0,-77,-77,0,-82,-82,0,0,-77,-77,-73,-71,0,0,-77,-73,-75,-75,0,-73,-61,-60,0,0,-82,-83,0,-67,-62,-62,-82,-84,-71,-70,0,0,-88,0,0,0,0,0,0,-66,-64,-66,-65,-59,-65
-81,0,0,0,0,-77,-77,-78,-80,-81,0,0,-79,-78,-73,-71,0,0,-77,-73,-75,-75,0,-73,-60,-60,0,0,-82,-83,-70,-67,-57,-57,-82,0,-70,-70,0,0,-88,0,0,0,0,0,0,-66,-63,-66,-65,-60,-72
-81,0,0,0,0,-77,-77,-78,-80,-81,0,0,-79,-78,-73,-71,0,0,-77,-73,-75,-75,0,-73,-60,-60,0,0,-82,-83,-70,-67,-57,-57,-82,0,-70,-70,0,0,-88,0,0,0,0,0,0,-66,-63,-66,-65,-60,-72
-81,0,0,0,0,-77,-77,-78,-80,-81,0,0,-79,-78,-73,-71,0,0,-77,-73,-75,-75,0,-73,-60,-60,0,0,-82,-83,-70,-67,-57,-57,-82,0,-70,-70,0,0,-88,0,0,0,0,0,0,-66,-63,-66,-65,-60,-72
-81,0,0,0,0,-77,-77,-78,-80,-81,0,0,-79,-78,-73,-71,0,0,-77,-73,-75,-75,0,-73,-60,-60,0,0,-82,-83,-70,-67,-57,-57,-82,0,-70,-70,0,0,-88,0,0,0,0,0,0,-66,-63,-66,-65,-60,-72
-81,0,0,0,0,-78,-78,-78,-82,-81,0,0,-77,-77,-73,-71,0,0,-77,-73,-74,-74,0,-73,-60,-60,0,0,0,0,-70,-67,-60,-61,-82,0,-70,-70,0,0,0,0,0,0,0,0,0,-66,-63,-67,-67,-59,-70
-81,0,0,0,0,-78,-78,-78,-82,-81,0,0,-77,-77,-73,-71,0,0,-77,-73,-74,-74,0,-73,-60,-60,0,0,0,0,-70,-67,-60,-61,-82,0,-70,-70,0,0,0,0,0,0,0,0,0,-66,-63,-67,-67,-59,-70
-81,0,0,0,0,-78,-78,-78,-82,-81,0,0,-77,-77,-73,-71,0,0,-77,-73,-74,-74,0,-73,-60,-60,0,0,0,0,-70,-67,-60,-61,-82,0,-70,-70,0,0,0,0,0,0,0,0,0,-66,-63,-67,-67,-59,-70
0,-77,0,0,0,-79,-77,-78,-83,-83,0,0,-76,-76,0,0,-75,-75,0,0,-74,-74,-75,-74,-60,-58,0,0,0,0,-66,0,-65,-65,0,0,-69,-69,0,-87,-86,0,0,0,0,0,0,0,-63,-64,-64,-59,-67
0,-77,0,0,0,-79,-77,-78,-83,-83,0,0,-76,-76,0,0,-75,-75,0,0,-74,-74,-75,-74,-60,-58,0,0,0,0,-66,0,-65,-65,0,0,-69,-69,0,-87,-86,0,0,0,0,0,0,0,-63,-64,-64,-59,-67
0,-77,0,0,0,-79,-77,-78,-83,-83,0,0,-76,-76,0,0,-75,-75,0,0,-74,-74,-75,-74,-60,-58,0,0,0,0,-66,0,-65,-65,0,0,-69,-69,0,-87,-86,0,0,0,0,0,0,0,-63,-64,-64,-59,-67
0,-77,0,0,0,-79,-77,-78,-83,-83,0,0,-76,-76,0,0,-75,-75,0,0,-74,-74,-75,-74,-60,-58,0,0,0,0,-66,0,-65,-65,0,0,-69,-69,0,-87,-86,0,0,0,0,0,0,0,-63,-64,-64,-59,-67
0,-77,0,0,0,-80,-79,0,-83,-83,0,0,-73,-73,0,0,-74,-74,0,0,-75,-76,-75,-75,-59,-57,0,-85,0,0,-66,0,-62,-62,-81,0,-71,-71,0,-87,-88,0,0,0,0,0,0,0,0,-63,-63,-56,-64
0,-77,0,0,0,-80,-79,0,-83,-83,0,0,-73,-73,0,0,-74,-74,0,0,-75,-76,-75,-75,-59,-57,0,-85,0,0,-66,0,-62,-62,-81,0,-71,-71,0,-87,-88,0,0,0,0,0,0,0,0,-63,-63,-56,-64
0,-77,0,0,0,-80,-79,0,-83,-83,0,0,-73,-73,0,0,-74,-74,0,0,-75,-76,-75,-75,-59,-57,0,-85,0,0,-66,0,-62,-62,-81,0,-71,-71,0,-87,-88,0,0,0,0,0,0,0,0,-63,-63,-56,-64
0,-77,0,0,0,-79,-79,-77,-82,-81,0,0,-74,-74,0,-69,-76,-77,0,0,-79,-79,-75,-75,-60,-60,0,-85,0,0,-66,0,-62,-62,-81,0,-69,-70,0,-87,-88,0,0,0,0,0,0,0,0,-64,-64,-59,-66
0,-77,0,0,0,-79,-79,-77,-82,-81,0,0,-74,-74,0,-69,-76,-77,0,0,-79,-79,-75,-75,-60,-60,0,-85,0,0,-66,0,-62,-62,-81,0,-69,-70,0,-87,-88,0,0,0,0,0,0,0,0,-64,-64,-59,-66
0,-77,0,0,0,-79,-79,-77,-82,-81,0,0,-74,-74,0,-69,-76,-77,0,0,-79,-79,-75,-75,-60,-60,0,-85,0,0,-66,0,-62,-62,-81,0,-69,-70,0,-87,-88,0,0,0,0,0,0,0,0,-64,-64,-59,-66
0,-77,0,0,0,-79,-79,-77,-82,-81,0,0,-74,-74,0,-69,-76,-77,0,0,-79,-79,-75,-75,-60,-60,0,-85,0,0,-66,0,-62,-62,-81,0,-69,-70,0,-87,-88,0,0,0,0,0,0,0,0,-64,-64,-59,-66
0,-79,0,0,0,-80,-79,-78,-80,-80,0,0,-73,-74,0,-69,-76,-77,0,0,-79,-79,-74,-72,-61,-59,-84,-86,0,0,-70,-72,-61,-61,-79,0,-69,-69,0,-87,-88,0,0,0,0,0,0,0,0,-67,-66,-60,-70
0,-79,0,0,0,-80,-79,-78,-80,-80,0,0,-73,-74,0,-69,-76,-77,0,0,-79,-79,-74,-72,-61,-59,-84,-86,0,0,-70,-72,-61,-61,-79,0,-69,-69,0,-87,-88,0,0,0,0,0,0,0,0,-67,-66,-60,-70
0,-79,0,0,0,-80,-79,-78,-80,-80,0,0,-73,-74,0,-69,-76,-77,0,0,-79,-79,-74,-72,-61,-59,-84,-86,0,0,-70,-72,-61,-61,-79,0,-69,-69,0,-87,-88,0,0,0,0,0,0,0,0,-67,-66,-60,-70
-83,-79,0,0,0,-80,-79,-77,-80,-81,-74,-72,-75,-74,0,-69,-78,-77,0,0,-77,-79,-74,-72,-61,-60,-84,-84,0,0,-70,-72,-61,-61,-78,-86,-70,-69,0,0,-88,0,0,0,0,0,0,-66,-66,-67,-67,-59,-71
-83,-79,0,0,0,-80,-79,-77,-80,-81,-74,-72,-75,-74,0,-69,-78,-77,0,0,-77,-79,-74,-72,-61,-60,-84,-84,0,0,-70,-72,-61,-61,-78,-86,-70,-69,0,0,-88,0,0,0,0,0,0,-66,-66,-67,-67,-59,-71
-83,-79,0,0,0,-80,-79,-77,-80,-81,-74,-72,-75,-74,0,-69,-78,-77,0,0,-77,-79,-74,-72,-61,-60,-84,-84,0,0,-70,-72,-61,-61,-78,-86,-70,-69,0,0,-88,0,0,0,0,0,0,-66,-66,-67,-67,-59,-71
-83,-79,0,0,0,-80,-79,-77,-80,-81,-74,-72,-75,-74,0,-69,-78,-77,0,0,-77,-79,-74,-72,-61,-60,-84,-84,0,0,-70,-72,-61,-61,-78,-86,-70,-69,0,0,-88,0,0,0,0,0,0,-66,-66,-67,-67,-59,-71
-83,-79,0,0,0,-80,-79,-77,-82,-82,-74,-75,-74,-74,0,-69,-78,-76,0,0,-75,-75,-73,-72,-61,-60,-84,-84,-85,0,-70,-72,-62,-62,-78,-86,-70,-70,0,0,-88,0,0,0,0,0,0,-66,-65,-67,-67,-59,-65
-83,-79,0,0,0,-80,-79,-77,-82,-82,-74,-75,-74,-74,0,-69,-78,-76,0,0,-75,-75,-73,-72,-61,-60,-84,-84,-85,0,-70,-72,-62,-62,-78,-86,-70,-70,0,0,-88,0,0,0,0,0,0,-66,-65,-67,-67,-59,-65
-83,-79,0,0,0,-80,-79,-77,-82,-82,-74,-75,-74,-74,0,-69,-78,-76,0,0,-75,-75,-73,-72,-61,-60,-84,-84,-85,0,-70,-72,-62,-62,-78,-86,-70,-70,0,0,-88,0,0,0,0,0,0,-66,-65,-67,-67,-59,-65
-83,-79,0,0,0,-80,-79,-77,-82,-82,-74,-75,-74,-74,0,-69,-78,-76,0,0,-75,-75,-73,-72,-61,-60,-84,-84,-85,0,-70,-72,-62,-62,-78,-86,-70,-70,0,0,-88,0,0,0,0,0,0,-66,-65,-67,-67,-59,-65
-83,0,0,0,0,-80,-79,-77,-84,-82,-74,-75,-74,-73,0,-71,-78,-78,0,0,-73,-74,-73,-72,-60,-59,0,-84,-85,0,0,-72,-62,-62,-78,-86,-69,-69,0,0,0,0,0,0,0,0,0,-66,-65,-66,-66,-59,-69
-83,0,0,0,0,-80,-79,-77,-84,-82,-74,-75,-74,-73,0,-71,-78,-78,0,0,-73,-74,-73,-72,-60,-59,0,-84,-85,0,0,-72,-62,-62,-78,-86,-69,-69,0,0,0,0,0,0,0,0,0,-66,-65,-66,-66,-59,-69
-83,0,0,0,0,-80,-79,-77,-84,-82,-74,-75,-74,-73,0,-71,-78,-78,0,0,-73,-74,-73,-72,-60,-59,0,-84,-85,0,0,-72,-62,-62,-78,-86,-69,-69,0,0,0,0,0,0,0,0,0,-66,-65,-66,-66,-59,-69
0,0,0,0,-81,-80,-79,-75,-81,-81,0,-75,-78,-78,-80,-81,-78,-78,0,0,-73,-73,-73,-72,-60,-59,0,-86,-85,0,-68,-71,-62,-62,-81,0,-69,-69,-88,0,0,0,0,0,0,0,0,-66,-65,-65,-65,-61,-72
0,0,0,0,-81,-80,-79,-75,-81,-81,0,-75,-78,-78,-80,-81,-78,-78,0,0,-73,-73,-73,-72,-60,-59,0,-86,-85,0,-68,-71,-62,-62,-81,0,-69,-69,-88,0,0,0,0,0,0,0,0,-66,-65,-65,-65,-61,-72
0,-79,0,0,-81,-83,-84,-74,-78,-78,-71,-71,-73,-73,-80,-81,-76,-76,0,0,-72,-72,-74,-75,-66,-61,-83,-88,-85,-85,-65,-59,-58,-58,-81,0,-74,-75,-88,0,0,0,-85,0,0,0,0,-63,-69,-66,-66,-53,-69
0,-79,0,0,-81,-83,-84,-74,-78,-78,-71,-71,-73,-73,-80,-81,-76,-76,0,0,-72,-72,-74,-75,-66,-61,-83,-88,-85,-85,-65,-59,-58,-58,-81,0,-74,-75,-88,0,0,0,-85,0,0,0,0,-63,-69,-66,-66,-53,-69
0,-79,0,0,-81,-83,-84,-74,-78,-78,-71,-71,-73,-73,-80,-81,-76,-76,0,0,-72,-72,-74,-75,-66,-61,-83,-88,-85,-85,-65,-59,-58,-58,-81,0,-74,-75,-88,0,0,0,-85,0,0,0,0,-63,-69,-66,-66,-53,-69
0,-79,0,0,-81,-83,-84,-74,-78,-78,-71,-71,-73,-73,-80,-81,-76,-76,0,0,-72,-72,-74,-75,-66,-61,-83,-88,-85,-85,-65,-59,-58,-58,-81,0,-74,-75,-88,0,0,0,-85,0,0,0,0,-63,-69,-66,-66,-53,-69
0,-79,-79,-79,0,-82,-81,-74,-80,-78,-71,-71,-76,-78,0,-66,-76,-76,-75,-72,-70,-72,-74,-75,-60,-59,-83,-88,-80,-81,-64,-59,-70,-70,0,0,-70,-71,0,0,0,0,-85,0,0,0,0,-64,-62,-70,-71,-51,-65
0,-79,-79,-79,0,-82,-81,-74,-80,-78,-71,-71,-76,-78,0,-66,-76,-76,-75,-72,-70,-72,-74,-75,-60,-59,-83,-88,-80,-81,-64,-59,-70,-70,0,0,-70,-71,0,0,0,0,-85,0,0,0,0,-64,-62,-70,-71,-51,-65
0,-79,-79,-79,0,-82,-81,-74,-80,-78,-71,-71,-76,-78,0,-66,-76,-76,-75,-72,-70,-72,-74,-75,-60,-59,-83,-88,-80,-81,-64,-59,-70,-70,0,0,-70,-71,0,0,0,0,-85,0,0,0,0,-64,-62,-70,-71,-51,-65
0,-79,-79,-79,0,-82,-81,-74,-80,-78,-71,-71,-76,-78,0,-66,-76,-76,-75,-72,-70,-72,-74,-75,-60,-59,-83,-88,-80,-81,-64,-59,-70,-70,0,0,-70,-71,0,0,0,0,-85,0,0,0,0,-64,-62,-70,-71,-51,-65
0,-79,-79,-79,0,-82,-81,-74,-86,-78,-71,0,-75,-75,0,-66,-76,-76,-75,-73,-76,-76,0,0,-64,-60,-83,0,-83,-81,-64,-59,-70,-70,0,0,-73,-73,0,0,0,0,-85,0,0,0,0,-63,-58,-60,-60,-57,-63
0,-79,-79,-79,0,-82,-81,-74,-86,-78,-71,0,-75,-75,0,-66,-76,-76,-75,-73,-76,-76,0,0,-64,-60,-83,0,-83,-81,-64,-59,-70,-70,0,0,-73,-73,0,0,0,0,-85,0,0,0,0,-63,-58,-60,-60,-57,-63
0,-79,-79,-79,0,-82,-81,-74,-86,-78,-71,0,-75,-75,0,-66,-76,-76,-75,-73,-76,-76,0,0,-64,-60,-83,0,-83,-81,-64,-59,-70,-70,0,0,-73,-73,0,0,0,0,-85,0,0,0,0,-63,-58,-60,-60,-57,-63
0,0,-79,-79,0,-81,-81,-74,-86,0,-71,0,-75,-75,0,-66,0,0,-75,-76,-76,-76,-74,-73,-64,-64,-83,-87,-81,-82,-64,-69,-70,-70,0,0,-73,-73,0,0,0,0,0,0,0,0,0,-65,-58,-60,-62,-56,-61
0,0,-79,-79,0,-81,-81,-74,-86,0,-71,0,-75,-75,0,-66,0,0,-75,-76,-76,-76,-74,-73,-64,-64,-83,-87,-81,-82,-64,-69,-70,-70,0,0,-73,-73,0,0,0,0,0,0,0,0,0,-65,-58,-60,-62,-56,-61
0,0,-79,-79,0,-81,-81,-74,-86,0,-71,0,-75,-75,0,-66,0,0,-75,-76,-76,-76,-74,-73,-64,-64,-83,-87,-81,-82,-64,-69,-70,-70,0,0,-73,-73,0,0,0,0,0,0,0,0,0,-65,-58,-60,-62,-56,-61
0,0,-79,-79,0,-81,-81,-74,-86,0,-71,0,-75,-75,0,-66,0,0,-75,-76,-76,-76,-74,-73,-64,-64,-83,-87,-81,-82,-64,-69,-70,-70,0,0,-73,-73,0,0,0,0,0,0,0,0,0,-65,-58,-60,-62,-56,-61
0,0,0,0,0,-81,0,-76,-86,0,0,0,-75,-75,0,0,0,0,0,-76,-77,-77,-74,-73,-64,-64,-83,-87,-83,-82,-70,-68,-70,-70,0,0,-70,-70,0,0,0,0,0,0,0,0,0,-65,-59,-60,-60,-56,-60
0,0,0,0,0,-81,0,-76,-86,0,0,0,-75,-75,0,0,0,0,0,-76,-77,-77,-74,-73,-64,-64,-83,-87,-83,-82,-70,-68,-70,-70,0,0,-70,-70,0,0,0,0,0,0,0,0,0,-65,-59,-60,-60,-56,-60
0,0,0,0,0,-81,0,-76,-86,0,0,0,-75,-75,0,0,0,0,0,-76,-77,-77,-74,-73,-64,-64,-83,-87,-83,-82,-70,-68,-70,-70,0,0,-70,-70,0,0,0,0,0,0,0,0,0,-65,-59,-60,-60,-56,-60
0,0,0,0,0,-81,0,-76,-85,-85,0,0,-75,-76,0,0,0,0,0,-75,-76,-77,-74,-74,-65,-64,0,-87,-81,-82,-69,-67,-69,-69,-78,0,-72,-72,0,0,0,0,0,0,0,0,0,-71,-73,-62,-61,-55,-60
0,0,0,0,0,-81,0,-76,-85,-85,0,0,-75,-76,0,0,0,0,0,-75,-76,-77,-74,-74,-65,-64,0,-87,-81,-82,-69,-67,-69,-69,-78,0,-72,-72,0,0,0,0,0,0,0,0,0,-71,-73,-62,-61,-55,-60
0,0,0,0,0,-81,0,-76,-85,-85,0,0,-75,-76,0,0,0,0,0,-75,-76,-77,-74,-74,-65,-64,0,-87,-81,-82,-69,-67,-69,-69,-78,0,-72,-72,0,0,0,0,0,0,0,0,0,-71,-73,-62,-61,-55,-60
0,0,0,0,0,-81,0,-76,-85,-85,0,0,-75,-76,0,0,0,0,0,-75,-76,-77,-74,-74,-65,-64,0,-87,-81,-82,-69,-67,-69,-69,-78,0,-72,-72,0,0,0,0,0,0,0,0,0,-71,-73,-62,-61,-55,-60
0,0,0,0,0,-84,-83,-76,-85,-85,0,0,-76,-77,-77,0,0,0,0,-75,-76,-77,-74,-74,-65,-64,0,0,-81,-82,-70,-67,-70,-70,-78,0,-72,-73,0,0,0,0,0,0,0,0,0,-64,-73,-61,-60,-55,-61
0,0,0,0,0,-84,-83,-76,-85,-85,0,0,-76,-77,-77,0,0,0,0,-75,-76,-77,-74,-74,-65,-64,0,0,-81,-82,-70,-67,-70,-70,-78,0,-72,-73,0,0,0,0,0,0,0,0,0,-64,-73,-61,-60,-55,-61
0,0,0,0,0,-84,-83,-76,-85,-85,0,0,-76,-77,-77,0,0,0,0,-75,-76,-77,-74,-74,-65,-64,0,0,-81,-82,-70,-67,-70,-70,-78,0,-72,-73,0,0,0,0,0,0,0,0,0,-64,-73,-61,-60,-55,-61
0,0,0,0,0,-83,-83,0,-85,-85,0,0,-75,-75,-77,0,0,0,0,-75,-75,-76,-74,-74,-64,-64,0,0,-81,-82,-70,-67,-70,-70,-78,0,-72,-73,0,0,0,0,0,0,0,0,0,-64,-73,-61,-61,-55,-60
0,0,0,0,0,-83,-83,0,-85,-85,0,0,-75,-75,-77,0,0,0,0,-75,-75,-76,-74,-74,-64,-64,0,0,-81,-82,-70,-67,-70,-70,-78,0,-72,-73,0,0,0,0,0,0,0,0,0,-64,-73,-61,-61,-55,-60
0,0,0,0,0,-83,-83,0,-85,-85,0,0,-75,-75,-77,0,0,0,0,-75,-75,-76,-74,-74,-64,-64,0,0,-81,-82,-70,-67,-70,-70,-78,0,-72,-73,0,0,0,0,0,0,0,0,0,-64,-73,-61,-61,-55,-60
0,0,0,0,0,-83,-83,0,-85,-85,0,0,-75,-75,-77,0,0,0,0,-75,-75,-76,-74,-74,-64,-64,0,0,-81,-82,-70,-67,-70,-70,-78,0,-72,-73,0,0,0,0,0,0,0,0,0,-64,-73,-61,-61,-55,-60
0,0,0,0,0,-82,-83,0,0,0,0,0,-76,-76,-77,0,0,0,0,-75,-76,-76,0,0,-67,-64,-84,-89,0,0,-69,-67,-70,-70,0,0,-71,-72,0,0,0,0,0,0,0,0,0,-65,0,-60,-61,-55,-61
0,0,0,0,0,-82,-83,0,0,0,0,0,-76,-76,-77,0,0,0,0,-75,-76,-76,0,0,-67,-64,-84,-89,0,0,-69,-67,-70,-70,0,0,-71,-72,0,0,0,0,0,0,0,0,0,-65,0,-60,-61,-55,-61
0,0,0,0,0,-82,-83,0,0,0,0,0,-76,-76,-77,0,0,0,0,-75,-76,-76,0,0,-67,-64,-84,-89,0,0,-69,-67,-70,-70,0,0,-71,-72,0,0,0,0,0,0,0,0,0,-65,0,-60,-61,-55,-61
0,0,0,0,0,-82,-83,0,0,0,0,0,-76,-76,-77,0,0,0,0,-75,-76,-76,0,0,-67,-64,-84,-89,0,0,-69,-67,-70,-70,0,0,-71,-72,0,0,0,0,0,0,0,0,0,-65,0,-60,-61,-55,-61
0,0,0,0,0,-82,-85,0,0,-84,0,0,-76,-77,0,0,0,0,0,0,-78,-78,-74,0,-65,-65,-84,-89,-83,-83,-69,-67,-69,-70,0,0,-73,-72,0,0,0,0,0,0,0,0,0,-65,-64,-61,-62,-56,-63
0,0,0,0,0,-82,-85,0,0,-84,0,0,-76,-77,0,0,0,0,0,0,-78,-78,-74,0,-65,-65,-84,-89,-83,-83,-69,-67,-69,-70,0,0,-73,-72,0,0,0,0,0,0,0,0,0,-65,-64,-61,-62,-56,-63
0,0,0,0,0,-82,-85,0,0,-84,0,0,-76,-77,0,0,0,0,0,0,-78,-78,-74,0,-65,-65,-84,-89,-83,-83,-69,-67,-69,-70,0,0,-73,-72,0,0,0,0,0,0,0,0,0,-65,-64,-61,-62,-56,-63
0,-83,0,0,0,-82,-82,0,-85,-84,-86,-83,-76,-77,0,0,0,0,0,-75,-80,-79,-74,-74,-65,-65,-84,-89,-83,-83,-69,0,-69,-69,0,0,-72,-72,0,0,-87,0,0,0,0,0,0,-70,-71,-60,-59,-57,-62
0,-83,0,0,0,-82,-82,0,-85,-84,-86,-83,-76,-77,0,0,0,0,0,-75,-80,-79,-74,-74,-65,-65,-84,-89,-83,-83,-69,0,-69,-69,0,0,-72,-72,0,0,-87,0,0,0,0,0,0,-70,-71,-60,-59,-57,-62
0,-83,0,0,0,-82,-82,0,-85,-84,-86,-83,-76,-77,0,0,0,0,0,-75,-80,-79,-74,-74,-65,-65,-84,-89,-83,-83,-69,0,-69,-69,0,0,-72,-72,0,0,-87,0,0,0,0,0,0,-70,-71,-60,-59,-57,-62
0,-83,0,0,0,-82,-82,0,-85,-84,-86,-83,-76,-77,0,0,0,0,0,-75,-80,-79,-74,-74,-65,-65,-84,-89,-83,-83,-69,0,-69,-69,0,0,-72,-72,0,0,-87,0,0,0,0,0,0,-70,-71,-60,-59,-57,-62
0,-83,0,0,-78,-82,-82,0,-62,-84,-86,-83,-77,-76,0,0,0,0,0,-75,-77,-77,-74,-74,-64,-64,-85,-89,-83,-83,-71,-68,-70,-70,0,0,-72,-72,0,0,-87,0,0,0,0,0,0,-70,-74,-60,-60,-56,-62
0,-83,0,0,-78,-82,-82,0,-62,-84,-86,-83,-77,-76,0,0,0,0,0,-75,-77,-77,-74,-74,-64,-64,-85,-89,-83,-83,-71,-68,-70,-70,0,0,-72,-72,0,0,-87,0,0,0,0,0,0,-70,-74,-60,-60,-56,-62
0,-83,0,0,-78,-82,-82,0,-62,-84,-86,-83,-77,-76,0,0,0,0,0,-75,-77,-77,-74,-74,-64,-64,-85,-89,-83,-83,-71,-68,-70,-70,0,0,-72,-72,0,0,-87,0,0,0,0,0,0,-70,-74,-60,-60,-56,-62
0,-83,0,0,-78,-83,-83,0,-64,-84,-86,-83,-76,-76,0,0,0,0,0,-75,-76,-76,-74,-73,-67,-64,-85,-89,-83,-83,-70,-68,-70,-70,-80,0,-72,-72,0,0,-87,0,0,0,0,0,0,-70,-73,-60,-60,-55,-62
0,-83,0,0,-78,-83,-83,0,-64,-84,-86,-83,-76,-76,0,0,0,0,0,-75,-76,-76,-74,-73,-67,-64,-85,-89,-83,-83,-70,-68,-70,-70,-80,0,-72,-72,0,0,-87,0,0,0,0,0,0,-70,-73,-60,-60,-55,-62
0,-83,0,0,-78,-83,-83,0,-64,-84,-86,-83,-76,-76,0,0,0,0,0,-75,-76,-76,-74,-73,-67,-64,-85,-89,-83,-83,-70,-68,-70,-70,-80,0,-72,-72,0,0,-87,0,0,0,0,0,0,-70,-73,-60,-60,-55,-62
0,-83,0,0,-78,-83,-83,0,-64,-84,-86,-83,-76,-76,0,0,0,0,0,-75,-76,-76,-74,-73,-67,-64,-85,-89,-83,-83,-70,-68,-70,-70,-80,0,-72,-72,0,0,-87,0,0,0,0,0,0,-70,-73,-60,-60,-55,-62
0,0,0,0,-78,-83,-83,0,-84,-84,0,0,-76,-78,0,0,0,0,0,-76,-76,-76,0,-73,-66,-66,-85,-88,-83,-83,-70,-68,-69,-69,-80,0,-72,-72,0,0,0,0,0,0,0,0,0,-70,-62,-60,-60,-55,-59
0,0,0,0,-78,-83,-83,0,-84,-84,0,0,-76,-78,0,0,0,0,0,-76,-76,-76,0,-73,-66,-66,-85,-88,-83,-83,-70,-68,-69,-69,-80,0,-72,-72,0,0,0,0,0,0,0,0,0,-70,-62,-60,-60,-55,-59
0,0,0,0,-78,-83,-83,0,-84,-84,0,0,-76,-78,0,0,0,0,0,-76,-76,-76,0,-73,-66,-66,-85,-88,-83,-83,-70,-68,-69,-69,-80,0,-72,-72,0,0,0,0,0,0,0,0,0,-70,-62,-60,-60,-55,-59
0,0,0,0,0,-83,-82,0,-83,-85,-82,-83,-76,-76,0,0,0,0,0,-76,-73,-74,-74,-73,-63,-63,0,-88,-82,-84,-70,-68,-69,-69,-80,0,-72,-72,0,0,0,0,0,0,0,0,0,-70,-64,-60,-59,-57,-62
0,0,0,0,0,-83,-82,0,-83,-85,-82,-83,-76,-76,0,0,0,0,0,-76,-73,-74,-74,-73,-63,-63,0,-88,-82,-84,-70,-68,-69,-69,-80,0,-72,-72,0,0,0,0,0,0,0,0,0,-70,-64,-60,-59,-57,-62
0,0,0,0,0,-83,-82,0,-83,-85,-82,-83,-76,-76,0,0,0,0,0,-76,-73,-74,-74,-73,-63,-63,0,-88,-82,-84,-70,-68,-69,-69,-80,0,-72,-72,0,0,0,0,0,0,0,0,0,-70,-64,-60,-59,-57,-62
0,0,0,0,0,-83,-82,0,-83,-85,-82,-83,-76,-76,0,0,0,0,0,-76,-73,-74,-74,-73,-63,-63,0,-88,-82,-84,-70,-68,-69,-69,-80,0,-72,-72,0,0,0,0,0,0,0,0,0,-70,-64,-60,-59,-57,-62
0,0,0,0,0,-83,-82,0,-83,-85,-82,-83,-77,-76,0,-77,0,0,0,-76,-73,-74,-74,-73,-62,-62,0,-88,-82,-84,-70,-68,-69,-69,0,-73,-68,-69,0,0,0,0,0,0,0,0,0,0,-64,-60,-60,-55,-62
0,0,0,0,0,-83,-82,0,-83,-85,-82,-83,-77,-76,0,-77,0,0,0,-76,-73,-74,-74,-73,-62,-62,0,-88,-82,-84,-70,-68,-69,-69,0,-73,-68,-69,0,0,0,0,0,0,0,0,0,0,-64,-60,-60,-55,-62
0,0,0,0,0,-83,-82,0,-83,-85,-82,-83,-77,-76,0,-77,0,0,0,-76,-73,-74,-74,-73,-62,-62,0,-88,-82,-84,-70,-68,-69,-69,0,-73,-68,-69,0,0,0,0,0,0,0,0,0,0,-64,-60,-60,-55,-62
0,0,0,0,0,-82,-81,0,-84,-86,-82,-83,-76,-76,0,-77,0,0,0,0,-74,-74,-74,-72,-60,-61,0,0,-82,-84,-70,-69,-69,-69,0,-73,-72,-72,0,0,0,0,0,0,0,0,0,-71,-64,-60,-60,-56,-61
0,0,0,0,0,-82,-81,0,-84,-86,-82,-83,-76,-76,0,-77,0,0,0,0,-74,-74,-74,-72,-60,-61,0,0,-82,-84,-70,-69,-69,-69,0,-73,-72,-72,0,0,0,0,0,0,0,0,0,-71,-64,-60,-60,-56,-61
0,0,0,0,0,-82,-81,0,-84,-86,-82,-83,-76,-76,0,-77,0,0,0,0,-74,-74,-74,-72,-60,-61,0,0,-82,-84,-70,-69,-69,-69,0,-73,-72,-72,0,0,0,0,0,0,0,0,0,-71,-64,-60,-60,-56,-61
0,-84,0,0,0,-84,-84,0,-84,-84,0,0,-75,-76,0,-77,0,0,0,0,-81,-83,-73,-74,-61,-61,0,0,-85,0,-71,-70,-78,-79,0,-76,-72,-72,0,0,-86,0,0,0,0,0,0,-64,-62,-59,-60,-57,-61
0,-84,0,0,0,-84,-84,0,-84,-84,0,0,-75,-76,0,-77,0,0,0,0,-81,-83,-73,-74,-61,-61,0,0,-85,0,-71,-70,-78,-79,0,-76,-72,-72,0,0,-86,0,0,0,0,0,0,-64,-62,-59,-60,-57,-61
