0,0,-80,-80,0,-77,-77,0,-79,-80,0,0,-80,-79,0,0,-76,-76,0,0,-80,-80,-67,-60,-58,-59,0,0,-69,-69,-70,0,-71,-72,0,0,-72,-71,0,0,0,-72,-73,0,0,-86,0,0,0,-80,-80,-44,-48
0,0,-80,-80,0,-77,-77,0,-79,-80,0,0,-80,-79,0,0,-76,-76,0,0,-80,-80,-67,-60,-60,-59,0,0,-69,-69,-70,0,-71,-72,0,0,-72,-71,0,0,0,-72,-73,0,0,-86,0,0,0,-80,-80,-44,-48
0,0,-80,-80,0,-77,-77,0,-79,-80,0,0,-80,-79,0,0,-76,-76,0,0,-80,-80,-67,-60,-60,-59,0,0,-69,-69,-70,0,-71,-72,0,0,-72,-71,0,0,0,-72,-73,0,0,-86,0,0,0,-80,-80,-44,-48
0,0,-80,-80,0,-77,-77,0,-79,-80,0,0,-80,-79,0,0,-76,-76,0,0,-80,-80,-67,-60,-60,-59,0,0,-69,-69,-70,0,-71,-72,0,0,-72,-71,0,0,0,-72,-73,0,0,-86,0,0,0,-80,-80,-44,-48
0,0,-80,-80,0,-77,-77,0,-79,-80,0,0,-80,-79,0,0,-76,-76,0,0,-80,-80,-67,-60,-61,-59,0,0,-69,-69,-70,0,-71,-72,0,0,-72,-71,0,0,0,-72,-73,0,0,-86,0,0,0,-80,-80,-44,-48
0,0,-73,-73,0,-77,-77,0,-78,-79,0,0,-69,-70,0,0,-72,-73,0,0,-72,-80,-67,0,-59,-59,0,0,-65,-69,-65,-57,-66,-66,0,0,-72,-72,0,-68,-67,-72,-74,-81,-80,-82,-81,0,0,-82,-81,-45,-64
0,0,-73,-73,0,-77,-77,0,-78,-79,0,0,-69,-70,0,0,-72,-73,0,0,-72,-80,-67,0,-59,-59,0,0,-65,-69,-65,-57,-66,-66,0,0,-72,-72,0,-68,-67,-72,-74,-81,-80,-82,-81,0,0,-82,-81,-45,-64
0,0,-73,-73,0,-77,-77,0,-78,-79,0,0,-69,-70,0,0,-72,-73,0,0,-72,-80,-67,0,-61,-59,0,0,-65,-69,-65,-57,-66,-66,0,0,-72,-72,0,-68,-67,-72,-74,-81,-80,-82,-81,0,0,-82,-81,-45,-64
0,0,-73,-73,0,-77,-77,0,-78,-79,0,0,-69,-70,0,0,-72,-73,0,0,-72,-80,-67,0,-61,-59,0,0,-65,-69,-65,-57,-66,-66,0,0,-72,-72,0,-68,-67,-72,-74,-81,-80,-82,-81,0,0,-82,-81,-45,-64
0,0,-73,-73,0,-77,-77,0,-78,-79,0,0,-69,-70,0,0,-72,-73,0,0,-72,-80,-67,0,-62,-59,0,0,-65,-69,-65,-57,-66,-66,0,0,-72,-72,0,-68,-67,-72,-74,-81,-80,-82,-81,0,0,-82,-81,-45,-64
0,0,-72,-72,0,0,0,0,-80,-80,-71,-69,-68,-67,0,0,-72,-72,0,0,-71,-71,0,0,-62,-62,0,0,-65,-66,-65,-57,-66,-66,0,0,-74,-74,0,-68,-67,-73,-74,-82,-81,-82,-81,0,0,-81,-81,-49,-53
0,0,-72,-72,0,0,0,0,-80,-80,-71,-69,-68,-67,0,0,-72,-72,0,0,-71,-71,0,0,-62,-62,0,0,-65,-66,-65,-57,-66,-66,0,0,-74,-74,0,-68,-67,-73,-74,-82,-81,-82,-81,0,0,-81,-81,-49,-53
0,0,-72,-72,0,0,0,0,-80,-80,-71,-69,-68,-67,0,0,-72,-72,0,0,-71,-71,0,0,-62,-62,0,0,-65,-66,-65,-57,-66,-66,0,0,-74,-74,0,-68,-67,-73,-74,-82,-81,-82,-81,0,0,-81,-81,-49,-53
0,0,-72,-72,0,0,0,0,-80,-80,-71,-69,-68,-67,0,0,-72,-72,0,0,-71,-71,0,0,-62,-62,0,0,-65,-66,-65,-57,-66,-66,0,0,-74,-74,0,-68,-67,-73,-74,-82,-81,-82,-81,0,0,-81,-81,-49,-53
0,0,-72,-72,0,0,0,0,-80,-80,-71,-69,-68,-67,0,0,-72,-72,0,0,-71,-71,0,0,-62,-62,0,0,-65,-66,-65,-57,-66,-66,0,0,-74,-74,0,-68,-67,-73,-74,-82,-81,-82,-81,0,0,-81,-81,-49,-53
0,-66,-72,-73,-72,0,0,0,-80,-80,-71,-69,-68,-68,0,0,-71,-71,0,0,-71,-71,0,0,-62,-62,-65,0,-64,-65,-65,0,-65,-65,0,0,-75,-75,0,0,-68,-74,-74,-81,-81,-83,-82,0,0,-82,-81,-53,-51
0,-66,-72,-73,-72,0,0,0,-80,-80,-71,-69,-68,-68,0,0,-71,-71,0,0,-71,-71,0,0,-62,-62,-65,0,-64,-65,-65,0,-65,-65,0,0,-75,-75,0,0,-68,-74,-74,-81,-81,-83,-82,0,0,-82,-81,-53,-51
0,-66,-72,-73,-72,0,0,0,-80,-80,-71,-69,-68,-68,0,0,-71,-71,0,0,-71,-71,0,0,-63,-62,-65,0,-64,-65,-65,0,-65,-65,0,0,-75,-75,0,0,-68,-74,-74,-81,-81,-83,-82,0,0,-82,-81,-53,-51
0,-66,-72,-73,-72,0,0,0,-80,-80,-71,-69,-68,-68,0,0,-71,-71,0,0,-71,-71,0,0,-63,-62,-65,0,-64,-65,-65,0,-65,-65,0,0,-75,-75,0,0,-68,-74,-74,-81,-81,-83,-82,0,0,-82,-81,-53,-51
0,-66,-72,-73,-72,0,0,0,-80,-80,-71,-69,-68,-68,0,0,-71,-71,0,0,-71,-71,0,0,-63,-62,-65,0,-64,-65,-65,0,-65,-65,0,0,-75,-75,0,0,-68,-74,-74,-81,-81,-83,-82,0,0,-82,-81,-53,-51
0,-66,-72,-73,-76,0,0,0,-80,-80,0,0,-67,-67,0,0,-71,-71,0,0,0,0,0,0,-63,-63,-65,0,-66,-66,-64,-58,-65,-65,0,0,-77,-75,0,0,-68,-78,-78,-81,-81,-81,-81,0,-72,-82,-82,-48,-51
0,-66,-72,-73,-76,0,0,0,-80,-80,0,0,-67,-67,0,0,-71,-71,0,0,0,0,0,0,-63,-63,-65,0,-66,-66,-64,-58,-65,-65,0,0,-77,-75,0,0,-68,-78,-78,-81,-81,-81,-81,0,-72,-82,-82,-48,-51
0,-66,-72,-73,-76,0,0,0,-80,-80,0,0,-67,-67,0,0,-71,-71,0,0,0,0,0,0,-63,-63,-65,0,-66,-66,-64,-58,-65,-65,0,0,-77,-75,0,0,-68,-78,-78,-81,-81,-81,-81,0,-72,-82,-82,-48,-51
0,-66,-72,-73,-76,0,0,0,-80,-80,0,0,-67,-67,0,0,-71,-71,0,0,0,0,0,0,-63,-63,-65,0,-66,-66,-64,-58,-65,-65,0,0,-77,-75,0,0,-68,-78,-78,-81,-81,-81,-81,0,-72,-82,-82,-48,-51
0,-66,-72,-73,-76,0,0,0,-80,-80,0,0,-67,-67,0,0,-71,-71,0,0,0,0,0,0,-63,-63,-65,0,-66,-66,-64,-58,-65,-65,0,0,-77,-75,0,0,-68,-78,-78,-81,-81,-81,-81,0,-72,-82,-82,-48,-51
-68,0,-72,-72,-76,0,0,0,-80,-81,0,0,-67,-67,-71,-68,-79,-81,0,0,0,0,-72,-69,-63,-63,-64,-64,-66,-66,-64,-58,-67,-68,0,0,-74,-74,0,0,0,-78,-78,-82,-82,-80,-81,0,-76,-82,-81,-51,-54
-68,0,-72,-72,-76,0,0,0,-80,-81,0,0,-67,-67,-71,-68,-79,-81,0,0,0,0,-72,-69,-63,-63,-64,-64,-66,-66,-64,-58,-67,-68,0,0,-74,-74,0,0,0,-78,-78,-82,-82,-80,-81,0,-76,-82,-81,-51,-54
-68,0,-72,-72,-76,0,0,0,-80,-81,0,0,-67,-67,-71,-68,-79,-81,0,0,0,0,-72,-69,-63,-63,-64,-64,-66,-66,-64,-58,-67,-68,0,0,-74,-74,0,0,0,-78,-78,-82,-82,-80,-81,0,-76,-82,-81,-51,-54
-68,0,-72,-72,-76,0,0,0,-80,-81,0,0,-67,-67,-71,-68,-79,-81,0,0,0,0,-72,-69,-63,-63,-64,-64,-66,-66,-64,-58,-67,-68,0,0,-74,-74,0,0,0,-78,-78,-82,-82,-80,-81,0,-76,-82,-81,-51,-54
-68,0,-72,-72,-76,0,0,0,-80,-81,0,0,-67,-67,-71,-68,-79,-81,0,0,0,0,-72,-69,-63,-63,-64,-64,-66,-66,-64,-58,-67,-68,0,0,-74,-74,0,0,0,-78,-78,-82,-82,-80,-81,0,-76,-82,-81,-51,-54
-68,-64,-72,-72,0,0,0,0,-80,-80,-73,-70,-66,-67,-71,-68,-75,-75,0,0,0,0,-72,-69,-62,-63,-64,-64,-66,-66,-64,-57,-67,-67,0,0,-77,-76,0,0,0,-78,-79,-82,-82,-82,-83,0,-76,-80,-80,-49,-52
-68,-64,-72,-72,0,0,0,0,-80,-80,-73,-70,-66,-67,-71,-68,-75,-75,0,0,0,0,-72,-69,-63,-63,-64,-64,-66,-66,-64,-57,-67,-67,0,0,-77,-76,0,0,0,-78,-79,-82,-82,-82,-83,0,-76,-80,-80,-49,-52
-68,-64,-72,-72,0,0,0,0,-80,-80,-73,-70,-66,-67,-71,-68,-75,-75,0,0,0,0,-72,-69,-63,-63,-64,-64,-66,-66,-64,-57,-67,-67,0,0,-77,-76,0,0,0,-78,-79,-82,-82,-82,-83,0,-76,-80,-80,-49,-52
-68,-64,-72,-72,0,0,0,0,-80,-80,-73,-70,-66,-67,-71,-68,-75,-75,0,0,0,0,-72,-69,-63,-63,-64,-64,-66,-66,-64,-57,-67,-67,0,0,-77,-76,0,0,0,-78,-79,-82,-82,-82,-83,0,-76,-80,-80,-49,-52
-68,-64,-72,-72,0,0,0,0,-80,-80,-73,-70,-66,-67,-71,-68,-75,-75,0,0,0,0,-72,-69,-63,-63,-64,-64,-66,-66,-64,-57,-67,-67,0,0,-77,-76,0,0,0,-78,-79,-82,-82,-82,-83,0,-76,-80,-80,-49,-52
-68,-63,-72,-72,0,0,0,-71,-79,-79,-72,-70,-66,-67,-71,-67,-74,-75,0,0,-72,-71,-71,-67,-62,-63,-66,0,-65,-65,-65,-58,-66,-67,-80,0,-74,-75,0,0,0,-76,-75,-82,-81,-80,-80,0,-76,-80,-80,-50,-52
-68,-63,-72,-72,0,0,0,-71,-79,-79,-72,-70,-66,-67,-71,-67,-74,-75,0,0,-72,-71,-71,-67,-63,-63,-66,0,-65,-65,-65,-58,-66,-67,-80,0,-74,-75,0,0,0,-76,-75,-82,-81,-80,-80,0,-76,-80,-80,-50,-52
-68,-63,-72,-72,0,0,0,-71,-79,-79,-72,-70,-66,-67,-71,-67,-74,-75,0,0,-72,-71,-71,-67,-63,-63,-66,0,-65,-65,-65,-58,-66,-67,-80,0,-74,-75,0,0,0,-76,-75,-82,-81,-80,-80,0,-76,-80,-80,-50,-52
-68,-63,-72,-72,0,0,0,-71,-79,-79,-72,-70,-66,-67,-71,-67,-74,-75,0,0,-72,-71,-71,-67,-63,-63,-66,0,-65,-65,-65,-58,-66,-67,-80,0,-74,-75,0,0,0,-76,-75,-82,-81,-80,-80,0,-76,-80,-80,-50,-52
-68,-63,-72,-72,0,0,0,-71,-79,-79,-72,-70,-66,-67,-71,-67,-74,-75,0,0,-72,-71,-71,-67,-63,-63,-66,0,-65,-65,-65,-58,-66,-67,-80,0,-74,-75,0,0,0,-76,-75,-82,-81,-80,-80,0,-76,-80,-80,-50,-52
0,-63,-73,-72,-70,0,0,-71,-79,-80,-72,-69,-66,-68,-71,-67,-71,-71,0,0,-72,-72,-71,-67,-62,-63,-66,0,-66,-66,-65,-58,-68,-68,-80,0,-77,-76,0,0,0,-75,-75,-80,-80,-81,-81,0,0,-80,-80,-48,-52
0,-63,-73,-72,-70,0,0,-71,-79,-80,-72,-69,-66,-68,-71,-67,-71,-71,0,0,-72,-72,-71,-67,-62,-63,-66,0,-66,-66,-65,-58,-68,-68,-80,0,-77,-76,0,0,0,-75,-75,-80,-80,-81,-81,0,0,-80,-80,-48,-52
0,-63,-73,-72,-70,0,0,-71,-79,-80,-72,-69,-66,-68,-71,-67,-71,-71,0,0,-72,-72,-71,-67,-62,-63,-66,0,-66,-66,-65,-58,-68,-68,-80,0,-77,-76,0,0,0,-75,-75,-80,-80,-81,-81,0,0,-80,-80,-48,-52
0,-63,-73,-72,-70,0,0,-71,-79,-80,-72,-69,-66,-68,-71,-67,-71,-71,0,0,-72,-72,-71,-67,-62,-63,-66,0,-66,-66,-65,-58,-68,-68,-80,0,-77,-76,0,0,0,-75,-75,-80,-80,-81,-81,0,0,-80,-80,-48,-52
0,-63,-73,-72,-70,0,0,-71,-79,-80,-72,-69,-66,-68,-71,-67,-71,-71,0,0,-72,-72,-71,-67,-63,-63,-66,0,-66,-66,-65,-58,-68,-68,-80,0,-77,-76,0,0,0,-75,-75,-80,-80,-81,-81,0,0,-80,-80,-48,-52
-66,-62,-73,-73,-70,0,0,0,-75,-76,-72,-69,-69,-71,0,0,-76,-76,0,0,-68,-68,0,-76,-62,-61,-62,-57,-65,-64,-64,0,-68,-68,0,0,-71,-72,0,0,0,-71,-71,-83,-83,-82,-81,-81,-73,-81,-80,-49,-51
-66,-62,-73,-73,-70,0,0,0,-75,-76,-72,-69,-69,-71,0,0,-76,-76,0,0,-68,-68,0,-76,-62,-61,-62,-57,-65,-64,-64,0,-68,-68,0,0,-71,-72,0,0,0,-71,-71,-83,-83,-82,-81,-81,-73,-81,-80,-49,-51
-66,-62,-73,-73,-70,0,0,0,-75,-76,-72,-69,-69,-71,0,0,-76,-76,0,0,-68,-68,0,-76,-61,-61,-62,-57,-65,-64,-64,0,-68,-68,0,0,-71,-72,0,0,0,-71,-71,-83,-83,-82,-81,-81,-73,-81,-80,-49,-51
-66,-62,-73,-73,-70,0,0,0,-75,-76,-72,-69,-69,-71,0,0,-76,-76,0,0,-68,-68,0,-76,-61,-61,-62,-57,-65,-64,-64,0,-68,-68,0,0,-71,-72,0,0,0,-71,-71,-83,-83,-82,-81,-81,-73,-81,-80,-49,-51
-66,-62,-73,-73,-70,0,0,0,-75,-76,-72,-69,-69,-71,0,0,-76,-76,0,0,-68,-68,0,-76,-61,-61,-62,-57,-65,-64,-64,0,-68,-68,0,0,-71,-72,0,0,0,-71,-71,-83,-83,-82,-81,-81,-73,-81,-80,-49,-51
-66,-62,-71,-71,-70,0,0,-70,-75,-78,0,0,-67,-67,0,0,-74,-73,0,0,-71,-72,0,-70,-61,-61,-63,-60,-62,-63,-64,-57,-65,-65,0,0,-73,-74,0,0,0,-71,-71,-80,-80,-83,-83,-79,-72,-82,-80,-53,-57
-66,-62,-71,-71,-70,0,0,-70,-75,-78,0,0,-67,-67,0,0,-74,-73,0,0,-71,-72,0,-70,-61,-61,-63,-60,-62,-63,-64,-57,-65,-65,0,0,-73,-74,0,0,0,-71,-71,-80,-80,-83,-83,-79,-72,-82,-80,-53,-57
-66,-62,-71,-71,-70,0,0,-70,-75,-78,0,0,-67,-67,0,0,-74,-73,0,0,-71,-72,0,-70,-61,-61,-63,-60,-62,-63,-64,-57,-65,-65,0,0,-73,-74,0,0,0,-71,-71,-80,-80,-83,-83,-79,-72,-82,-80,-53,-57
-66,-62,-71,-71,-70,0,0,-70,-75,-78,0,0,-67,-67,0,0,-74,-73,0,0,-71,-72,0,-70,-61,-61,-63,-60,-62,-63,-64,-57,-65,-65,0,0,-73,-74,0,0,0,-71,-71,-80,-80,-83,-83,-79,-72,-82,-80,-53,-57
-66,-62,-71,-71,-70,0,0,-70,-75,-78,0,0,-67,-67,0,0,-74,-73,0,0,-71,-72,0,-70,-61,-61,-63,-60,-62,-63,-64,-57,-65,-65,0,0,-73,-74,0,0,0,-71,-71,-80,-80,-83,-83,-79,-72,-82,-80,-53,-57
0,0,-71,-71,0,0,0,-71,-81,-78,0,0,-67,-67,0,-77,-79,-73,0,0,-75,-72,0,-70,-61,-61,-63,-67,-61,-62,-63,-56,-65,-66,0,0,-73,-74,0,0,-65,-71,-71,-79,-79,-81,-79,-79,-72,-82,-82,-53,-59
0,0,-71,-71,0,0,0,-71,-81,-78,0,0,-67,-67,0,-77,-79,-73,0,0,-75,-72,0,-70,-61,-61,-63,-67,-61,-62,-63,-56,-65,-66,0,0,-73,-74,0,0,-65,-71,-71,-79,-79,-81,-79,-79,-72,-82,-82,-53,-59
0,0,-71,-71,0,0,0,-71,-81,-78,0,0,-67,-67,0,-77,-79,-73,0,0,-75,-72,0,-70,-61,-61,-63,-67,-61,-62,-63,-56,-65,-66,0,0,-73,-74,0,0,-65,-71,-71,-79,-79,-81,-79,-79,-72,-82,-82,-53,-59
0,0,-71,-71,0,0,0,-71,-81,-78,0,0,-67,-67,0,-77,-79,-73,0,0,-75,-72,0,-70,-62,-61,-63,-67,-61,-62,-63,-56,-65,-66,0,0,-73,-74,0,0,-65,-71,-71,-79,-79,-81,-79,-79,-72,-82,-82,-53,-59
0,0,-71,-71,0,0,0,-71,-81,-78,0,0,-67,-67,0,-77,-79,-73,0,0,-75,-72,0,-70,-62,-61,-63,-67,-61,-62,-63,-56,-65,-66,0,0,-73,-74,0,0,-65,-71,-71,-79,-79,-81,-79,-79,-72,-82,-82,-53,-59
0,0,-71,-71,-72,0,0,-72,-78,-78,0,0,-68,-69,0,-77,-75,-75,0,0,-72,-72,0,-69,-64,-62,0,-67,-62,-63,-63,-56,-67,-68,0,0,-78,-78,0,0,-65,-71,-71,-79,-79,-80,-79,0,0,-84,-83,-55,-59
0,0,-71,-71,-72,0,0,-72,-78,-78,0,0,-68,-69,0,-77,-75,-75,0,0,-72,-72,0,-69,-64,-62,0,-67,-62,-63,-63,-56,-67,-68,0,0,-78,-78,0,0,-65,-71,-71,-79,-79,-80,-79,0,0,-84,-83,-55,-59
0,0,-71,-71,-72,0,0,-72,-78,-78,0,0,-68,-69,0,-77,-75,-75,0,0,-72,-72,0,-69,-59,-62,0,-67,-62,-63,-63,-56,-67,-68,0,0,-78,-78,0,0,-65,-71,-71,-79,-79,-80,-79,0,0,-84,-83,-55,-59
0,0,-71,-71,-72,0,0,-72,-78,-78,0,0,-68,-69,0,-77,-75,-75,0,0,-72,-72,0,-69,-59,-62,0,-67,-62,-63,-63,-56,-67,-68,0,0,-78,-78,0,0,-65,-71,-71,-79,-79,-80,-79,0,0,-84,-83,-55,-59
0,0,-71,-71,-72,0,0,-72,-78,-78,0,0,-68,-69,0,-77,-75,-75,0,0,-72,-72,0,-69,-59,-62,0,-67,-62,-63,-63,-56,-67,-68,0,0,-78,-78,0,0,-65,-71,-71,-79,-79,-80,-79,0,0,-84,-83,-55,-59
0,0,-70,-69,-72,0,0,-72,-78,-79,0,0,-66,-66,0,0,-74,-74,0,0,-71,-71,-65,-65,-59,-59,0,-74,-66,-66,-63,-56,-70,-70,0,0,-73,-74,0,-64,-62,-63,-63,-75,-74,-72,-72,-77,-69,-76,-77,-44,-55
0,0,-70,-69,-72,0,0,-72,-78,-79,0,0,-66,-66,0,0,-74,-74,0,0,-71,-71,-65,-65,-59,-59,0,-74,-66,-66,-63,-56,-70,-70,0,0,-73,-74,0,-64,-62,-63,-63,-75,-74,-72,-72,-77,-69,-76,-77,-44,-55
0,0,-70,-69,-72,0,0,-72,-78,-79,0,0,-66,-66,0,0,-74,-74,0,0,-71,-71,-65,-65,-57,-59,0,-74,-66,-66,-63,-56,-70,-70,0,0,-73,-74,0,-64,-62,-63,-63,-75,-74,-72,-72,-77,-69,-76,-77,-44,-55
0,0,-70,-69,-72,0,0,-72,-78,-79,0,0,-66,-66,0,0,-74,-74,0,0,-71,-71,-65,-65,-57,-59,0,-74,-66,-66,-63,-56,-70,-70,0,0,-73,-74,0,-64,-62,-63,-63,-75,-74,-72,-72,-77,-69,-76,-77,-44,-55
0,0,-70,-69,-72,0,0,-72,-78,-79,0,0,-66,-66,0,0,-74,-74,0,0,-71,-71,-65,-65,-57,-59,0,-74,-66,-66,-63,-56,-70,-70,0,0,-73,-74,0,-64,-62,-63,-63,-75,-74,-72,-72,-77,-69,-76,-77,-44,-55
0,0,-69,-69,-69,0,0,0,-80,-79,0,0,-68,-67,0,0,-72,-73,0,-70,-70,-71,-65,-60,-56,-55,0,-74,-74,-74,0,-63,-68,-69,0,0,-67,-67,0,-64,-62,-59,-59,-81,-74,-80,-72,-77,-69,-79,-80,-51,-54
0,0,-69,-69,-69,0,0,0,-80,-79,0,0,-68,-67,0,0,-72,-73,0,-70,-70,-71,-65,-60,-56,-55,0,-74,-74,-74,0,-63,-68,-69,0,0,-67,-67,0,-64,-62,-59,-59,-81,-74,-80,-72,-77,-69,-79,-80,-51,-54
0,0,-69,-69,-69,0,0,0,-80,-79,0,0,-68,-67,0,0,-72,-73,0,-70,-70,-71,-65,-60,-56,-55,0,-74,-74,-74,0,-63,-68,-69,0,0,-67,-67,0,-64,-62,-59,-59,-81,-74,-80,-72,-77,-69,-79,-80,-51,-54
0,0,-69,-69,-69,0,0,0,-80,-79,0,0,-68,-67,0,0,-72,-73,0,-70,-70,-71,-65,-60,-57,-55,0,-74,-74,-74,0,-63,-68,-69,0,0,-67,-67,0,-64,-62,-59,-59,-81,-74,-80,-72,-77,-69,-79,-80,-51,-54
0,0,-69,-69,-69,0,0,0,-80,-79,0,0,-68,-67,0,0,-72,-73,0,-70,-70,-71,-65,-60,-57,-55,0,-74,-74,-74,0,-63,-68,-69,0,0,-67,-67,0,-64,-62,-59,-59,-81,-74,-80,-72,-77,-69,-79,-80,-51,-54
0,0,-69,-69,-67,0,0,0,-80,-80,0,0,-68,-67,0,0,-72,-73,0,-70,-70,-71,-62,-60,-57,-58,0,0,-68,-74,0,-61,-65,-65,0,0,-67,-67,0,-62,-59,-59,-59,-81,0,-76,-77,0,0,-78,-79,-47,-58
0,0,-69,-69,-67,0,0,0,-80,-80,0,0,-68,-67,0,0,-72,-73,0,-70,-70,-71,-62,-60,-57,-58,0,0,-68,-74,0,-61,-65,-65,0,0,-67,-67,0,-62,-59,-59,-59,-81,0,-76,-77,0,0,-78,-79,-47,-58
0,0,-69,-69,-67,0,0,0,-80,-80,0,0,-68,-67,0,0,-72,-73,0,-70,-70,-71,-62,-60,-57,-58,0,0,-68,-74,0,-61,-65,-65,0,0,-67,-67,0,-62,-59,-59,-59,-81,0,-76,-77,0,0,-78,-79,-47,-58
0,0,-69,-69,-67,0,0,0,-80,-80,0,0,-68,-67,0,0,-72,-73,0,-70,-70,-71,-62,-60,-55,-58,0,0,-68,-74,0,-61,-65,-65,0,0,-67,-67,0,-62,-59,-59,-59,-81,0,-76,-77,0,0,-78,-79,-47,-58
0,0,-69,-69,-67,0,0,0,-80,-80,0,0,-68,-67,0,0,-72,-73,0,-70,-70,-71,-62,-60,-55,-58,0,0,-68,-74,0,-61,-65,-65,0,0,-67,-67,0,-62,-59,-59,-59,-81,0,-76,-77,0,0,-78,-79,-47,-58
0,0,-67,-69,-67,0,0,0,-79,-78,-75,-69,-69,-68,0,0,-72,-72,0,0,0,-71,-62,-60,-56,-56,0,0,-65,-65,0,-61,-65,-65,0,0,-67,-68,0,-62,-59,-59,-60,-78,-77,-75,-74,0,0,-77,-78,-43,-58
0,0,-67,-69,-67,0,0,0,-79,-78,-75,-69,-69,-68,0,0,-72,-72,0,0,0,-71,-62,-60,-56,-56,0,0,-65,-65,0,-61,-65,-65,0,0,-67,-68,0,-62,-59,-59,-60,-78,-77,-75,-74,0,0,-77,-78,-43,-58
0,0,-67,-69,-67,0,0,0,-79,-78,-75,-69,-69,-68,0,0,-72,-72,0,0,0,-71,-62,-60,-56,-56,0,0,-65,-65,0,-61,-65,-65,0,0,-67,-68,0,-62,-59,-59,-60,-78,-77,-75,-74,0,0,-77,-78,-43,-58
0,0,-67,-69,-67,0,0,0,-79,-78,-75,-69,-69,-68,0,0,-72,-72,0,0,0,-71,-62,-60,-56,-56,0,0,-65,-65,0,-61,-65,-65,0,0,-67,-68,0,-62,-59,-59,-60,-78,-77,-75,-74,0,0,-77,-78,-43,-58
0,0,-67,-69,-67,0,0,0,-79,-78,-75,-69,-69,-68,0,0,-72,-72,0,0,0,-71,-62,-60,-56,-56,0,0,-65,-65,0,-61,-65,-65,0,0,-67,-68,0,-62,-59,-59,-60,-78,-77,-75,-74,0,0,-77,-78,-43,-58
0,0,-70,-70,0,0,0,0,-79,-82,-75,-69,-67,-67,0,0,-73,-74,0,0,-69,-69,-62,-60,-56,-56,0,0,-65,-65,0,-61,-67,-68,0,0,-67,-68,0,0,-59,-59,-59,-77,-77,-74,-74,-78,-69,-77,-77,-47,-58
0,0,-70,-70,0,0,0,0,-79,-82,-75,-69,-67,-67,0,0,-73,-74,0,0,-69,-69,-62,-60,-57,-56,0,0,-65,-65,0,-61,-67,-68,0,0,-67,-68,0,0,-59,-59,-59,-77,-77,-74,-74,-78,-69,-77,-77,-47,-58
0,0,-70,-70,0,0,0,0,-79,-82,-75,-69,-67,-67,0,0,-73,-74,0,0,-69,-69,-62,-60,-57,-56,0,0,-65,-65,0,-61,-67,-68,0,0,-67,-68,0,0,-59,-59,-59,-77,-77,-74,-74,-78,-69,-77,-77,-47,-58
0,0,-70,-70,0,0,0,0,-79,-82,-75,-69,-67,-67,0,0,-73,-74,0,0,-69,-69,-62,-60,-57,-56,0,0,-65,-65,0,-61,-67,-68,0,0,-67,-68,0,0,-59,-59,-59,-77,-77,-74,-74,-78,-69,-77,-77,-47,-58
0,0,-70,-70,0,0,0,0,-79,-82,-75,-69,-67,-67,0,0,-73,-74,0,0,-69,-69,-62,-60,-57,-56,0,0,-65,-65,0,-61,-67,-68,0,0,-67,-68,0,0,-59,-59,-59,-77,-77,-74,-74,-78,-69,-77,-77,-47,-58
0,-66,-72,-72,0,0,0,-65,-79,-80,0,0,-70,-70,-81,0,-76,-75,0,0,-70,-69,-62,-59,-57,-58,0,0,-68,-65,0,0,-70,-70,0,0,-67,-67,0,0,-59,-62,-61,-76,-77,-72,-73,-78,-69,-76,-77,-43,-57
0,-66,-72,-72,0,0,0,-65,-79,-80,0,0,-70,-70,-81,0,-76,-75,0,0,-70,-69,-62,-59,-57,-58,0,0,-68,-65,0,0,-70,-70,0,0,-67,-67,0,0,-59,-62,-61,-76,-77,-72,-73,-78,-69,-76,-77,-43,-57
0,-66,-72,-72,0,0,0,-65,-79,-80,0,0,-70,-70,-81,0,-76,-75,0,0,-70,-69,-62,-59,-57,-58,0,0,-68,-65,0,0,-70,-70,0,0,-67,-67,0,0,-59,-62,-61,-76,-77,-72,-73,-78,-69,-76,-77,-43,-57
0,-66,-72,-72,0,0,0,-65,-79,-80,0,0,-70,-70,-81,0,-76,-75,0,0,-70,-69,-62,-59,-57,-58,0,0,-68,-65,0,0,-70,-70,0,0,-67,-67,0,0,-59,-62,-61,-76,-77,-72,-73,-78,-69,-76,-77,-43,-57
0,-66,-72,-72,0,0,0,-65,-79,-80,0,0,-70,-70,-81,0,-76,-75,0,0,-70,-69,-62,-59,-57,-58,0,0,-68,-65,0,0,-70,-70,0,0,-67,-67,0,0,-59,-62,-61,-76,-77,-72,-73,-78,-69,-76,-77,-43,-57
0,-66,-72,-73,-69,0,0,-65,-79,-80,0,0,-70,-70,-76,-73,-76,-76,0,0,-70,-71,-60,-55,-56,-56,0,0,-69,-70,0,0,-70,-70,0,0,-67,-67,0,0,-57,-65,-65,-76,-76,-72,-72,-76,-69,-77,-77,-43,-57
0,-66,-72,-73,-69,0,0,-65,-79,-80,0,0,-70,-70,-76,-73,-76,-76,0,0,-70,-71,-60,-55,-56,-56,0,0,-69,-70,0,0,-70,-70,0,0,-67,-67,0,0,-57,-65,-65,-76,-76,-72,-72,-76,-69,-77,-77,-43,-57
0,-66,-72,-73,-69,0,0,-65,-79,-80,0,0,-70,-70,-76,-73,-76,-76,0,0,-70,-71,-60,-55,-58,-56,0,0,-69,-70,0,0,-70,-70,0,0,-67,-67,0,0,-57,-65,-65,-76,-76,-72,-72,-76,-69,-77,-77,-43,-57
0,-66,-72,-73,-69,0,0,-65,-79,-80,0,0,-70,-70,-76,-73,-76,-76,0,0,-70,-71,-60,-55,-58,-56,0,0,-69,-70,0,0,-70,-70,0,0,-67,-67,0,0,-57,-65,-65,-76,-76,-72,-72,-76,-69,-77,-77,-43,-57
0,-66,-72,-73,-69,0,0,-65,-79,-80,0,0,-70,-70,-76,-73,-76,-76,0,0,-70,-71,-60,-55,-58,-56,0,0,-69,-70,0,0,-70,-70,0,0,-67,-67,0,0,-57,-65,-65,-76,-76,-72,-72,-76,-69,-77,-77,-43,-57
0,0,-71,-70,-69,0,0,0,-79,-80,-77,0,-69,-69,-76,-73,-78,-80,0,0,-72,-71,-60,-57,-57,-58,0,0,-68,-68,0,-58,-69,-69,0,0,-67,-67,0,-64,-61,-60,-61,-76,-77,-75,-76,-76,-68,-77,-77,-45,-57
0,0,-71,-70,-69,0,0,0,-79,-80,-77,0,-69,-69,-76,-73,-78,-80,0,0,-72,-71,-60,-57,-57,-58,0,0,-68,-68,0,-58,-69,-69,0,0,-67,-67,0,-64,-61,-60,-61,-76,-77,-75,-76,-76,-68,-77,-77,-45,-57
0,0,-71,-70,-69,0,0,0,-79,-80,-77,0,-69,-69,-76,-73,-78,-80,0,0,-72,-71,-60,-57,-59,-58,0,0,-68,-68,0,-58,-69,-69,0,0,-67,-67,0,-64,-61,-60,-61,-76,-77,-75,-76,-76,-68,-77,-77,-45,-57
0,0,-71,-70,-69,0,0,0,-79,-80,-77,0,-69,-69,-76,-73,-78,-80,0,0,-72,-71,-60,-57,-59,-58,0,0,-68,-68,0,-58,-69,-69,0,0,-67,-67,0,-64,-61,-60,-61,-76,-77,-75,-76,-76,-68,-77,-77,-45,-57
0,0,-71,-70,-69,0,0,0,-79,-80,-77,0,-69,-69,-76,-73,-78,-80,0,0,-72,-71,-60,-57,-59,-58,0,0,-68,-68,0,-58,-69,-69,0,0,-67,-67,0,-64,-61,-60,-61,-76,-77,-75,-76,-76,-68,-77,-77,-45,-57
0,0,-70,-70,-70,0,0,0,-80,-80,-77,0,-68,-67,0,0,-74,-75,0,0,-71,-71,-60,-59,-59,-59,0,0,-66,-68,-62,-60,-65,-66,-73,0,-65,-65,0,-64,-61,-60,-61,-75,-75,-72,-75,0,-68,-75,-75,-47,-55
0,0,-70,-70,-70,0,0,0,-80,-80,-77,0,-68,-67,0,0,-74,-75,0,0,-71,-71,-60,-59,-59,-59,0,0,-66,-68,-62,-60,-65,-66,-73,0,-65,-65,0,-64,-61,-60,-61,-75,-75,-72,-75,0,-68,-75,-75,-47,-55
0,0,-70,-70,-70,0,0,0,-80,-80,-77,0,-68,-67,0,0,-74,-75,0,0,-71,-71,-60,-59,-59,-59,0,0,-66,-68,-62,-60,-65,-66,-73,0,-65,-65,0,-64,-61,-60,-61,-75,-75,-72,-75,0,-68,-75,-75,-47,-55
0,0,-70,-70,-70,0,0,0,-80,-80,-77,0,-68,-67,0,0,-74,-75,0,0,-71,-71,-60,-59,-59,-59,0,0,-66,-68,-62,-60,-65,-66,-73,0,-65,-65,0,-64,-61,-60,-61,-75,-75,-72,-75,0,-68,-75,-75,-47,-55
0,0,-70,-70,-70,0,0,0,-80,-80,-77,0,-68,-67,0,0,-74,-75,0,0,-71,-71,-60,-59,-59,-59,0,0,-66,-68,-62,-60,-65,-66,-73,0,-65,-65,0,-64,-61,-60,-61,-75,-75,-72,-75,0,-68,-75,-75,-47,-55
0,0,-68,-68,-66,0,0,0,-81,-82,0,0,-67,-67,-74,-70,-74,-75,0,0,-71,-70,-61,-59,-59,-59,0,-63,-66,-67,-62,-60,-67,-67,-73,0,-66,-67,0,0,-63,-61,-61,-75,-75,-75,-72,0,0,-75,-75,-49,-53
0,0,-68,-68,-66,0,0,0,-81,-82,0,0,-67,-67,-74,-70,-74,-75,0,0,-71,-70,-61,-59,-59,-59,0,-63,-66,-67,-62,-60,-67,-67,-73,0,-66,-67,0,0,-63,-61,-61,-75,-75,-75,-72,0,0,-75,-75,-49,-53
0,0,-68,-68,-66,0,0,0,-81,-82,0,0,-67,-67,-74,-70,-74,-75,0,0,-71,-70,-61,-59,-59,-59,0,-63,-66,-67,-62,-60,-67,-67,-73,0,-66,-67,0,0,-63,-61,-61,-75,-75,-75,-72,0,0,-75,-75,-49,-53
0,0,-68,-68,-66,0,0,0,-81,-82,0,0,-67,-67,-74,-70,-74,-75,0,0,-71,-70,-61,-59,-59,-59,0,-63,-66,-67,-62,-60,-67,-67,-73,0,-66,-67,0,0,-63,-61,-61,-75,-75,-75,-72,0,0,-75,-75,-49,-53
0,0,-68,-68,-66,0,0,0,-81,-82,0,0,-67,-67,-74,-70,-74,-75,0,0,-71,-70,-61,-59,-59,-59,0,-63,-66,-67,-62,-60,-67,-67,-73,0,-66,-67,0,0,-63,-61,-61,-75,-75,-75,-72,0,0,-75,-75,-49,-53
0,0,-68,-68,-69,0,0,-64,-81,-82,0,0,-68,-68,-74,-70,-74,-74,0,0,-73,-71,-62,-58,-59,-59,0,-63,-66,-66,-64,-61,-67,-67,0,0,-67,-67,0,0,-63,-60,-61,-74,-74,-74,-74,0,0,-76,-75,-47,-53
0,0,-68,-68,-69,0,0,-64,-81,-82,0,0,-68,-68,-74,-70,-74,-74,0,0,-73,-71,-62,-58,-59,-59,0,-63,-66,-66,-64,-61,-67,-67,0,0,-67,-67,0,0,-63,-60,-61,-74,-74,-74,-74,0,0,-76,-75,-47,-53
0,0,-68,-68,-69,0,0,-64,-81,-82,0,0,-68,-68,-74,-70,-74,-74,0,0,-73,-71,-62,-58,-59,-59,0,-63,-66,-66,-64,-61,-67,-67,0,0,-67,-67,0,0,-63,-60,-61,-74,-74,-74,-74,0,0,-76,-75,-47,-53
0,0,-68,-68,-69,0,0,-64,-81,-82,0,0,-68,-68,-74,-70,-74,-74,0,0,-73,-71,-62,-58,-60,-59,0,-63,-66,-66,-64,-61,-67,-67,0,0,-67,-67,0,0,-63,-60,-61,-74,-74,-74,-74,0,0,-76,-75,-47,-53
0,0,-68,-68,-69,0,0,-64,-81,-82,0,0,-68,-68,-74,-70,-74,-74,0,0,-73,-71,-62,-58,-60,-59,0,-63,-66,-66,-64,-61,-67,-67,0,0,-67,-67,0,0,-63,-60,-61,-74,-74,-74,-74,0,0,-76,-75,-47,-53
0,0,-68,-68,-69,0,0,-65,-80,0,0,0,-69,-68,-73,-68,-74,-74,0,0,-73,-71,-61,-59,-60,-60,-66,0,-66,-66,-64,-61,-66,-66,0,0,-67,-67,0,0,0,-60,-61,-74,-74,-73,-73,0,0,-75,-76,-48,-53
0,0,-68,-68,-69,0,0,-65,-80,0,0,0,-69,-68,-73,-68,-74,-74,0,0,-73,-71,-61,-59,-60,-60,-66,0,-66,-66,-64,-61,-66,-66,0,0,-67,-67,0,0,0,-60,-61,-74,-74,-73,-73,0,0,-75,-76,-48,-53
0,0,-68,-68,-69,0,0,-65,-80,0,0,0,-69,-68,-73,-68,-74,-74,0,0,-73,-71,-61,-59,-60,-60,-66,0,-66,-66,-64,-61,-66,-66,0,0,-67,-67,0,0,0,-60,-61,-74,-74,-73,-73,0,0,-75,-76,-48,-53
0,0,-68,-68,-65,0,0,-67,-81,-81,0,0,-67,-66,-73,-70,-74,-74,0,0,-71,-71,-59,-58,-60,-60,-66,0,-69,-66,-63,-60,-69,-69,0,0,-67,-68,0,0,0,-61,-61,-74,-73,-73,-71,0,0,-77,-78,-49,-54
0,0,-68,-68,-65,0,0,-67,-81,-81,0,0,-67,-66,-73,-70,-74,-74,0,0,-71,-71,-59,-58,-61,-60,-66,0,-69,-66,-63,-60,-69,-69,0,0,-67,-68,0,0,0,-61,-61,-74,-73,-73,-71,0,0,-77,-78,-49,-54
0,0,-68,-68,-65,0,0,-67,-81,-81,0,0,-67,-66,-73,-70,-74,-74,0,0,-71,-71,-59,-58,-61,-60,-66,0,-69,-66,-63,-60,-69,-69,0,0,-67,-68,0,0,0,-61,-61,-74,-73,-73,-71,0,0,-77,-78,-49,-54
0,0,-68,-68,-65,0,0,-67,-81,-81,0,0,-67,-66,-73,-70,-74,-74,0,0,-71,-71,-59,-58,-61,-60,-66,0,-69,-66,-63,-60,-69,-69,0,0,-67,-68,0,0,0,-61,-61,-74,-73,-73,-71,0,0,-77,-78,-49,-54
0,0,-68,-68,-65,0,0,-67,-81,-81,0,0,-67,-66,-73,-70,-74,-74,0,0,-71,-71,-59,-58,-60,-60,-66,0,-69,-66,-63,-60,-69,-69,0,0,-67,-68,0,0,0,-61,-61,-74,-73,-73,-71,0,0,-77,-78,-49,-54
0,-70,-67,-68,-63,0,0,-67,-80,-80,0,0,-68,-66,-73,-70,-74,-74,0,0,-74,-74,-59,-58,-60,-60,0,0,-67,0,-65,-60,-66,-66,0,0,-68,-69,0,0,0,-69,-72,-82,-83,-76,-75,0,0,-77,-77,-42,-55
0,-70,-67,-68,-63,0,0,-67,-80,-80,0,0,-68,-66,-73,-70,-74,-74,0,0,-74,-74,-59,-58,-60,-60,0,0,-67,0,-65,-60,-66,-66,0,0,-68,-69,0,0,0,-69,-72,-82,-83,-76,-75,0,0,-77,-77,-42,-55
0,-70,-67,-68,-63,0,0,-67,-80,-80,0,0,-68,-66,-73,-70,-74,-74,0,0,-74,-74,-59,-58,-60,-60,0,0,-67,0,-65,-60,-66,-66,0,0,-68,-69,0,0,0,-69,-72,-82,-83,-76,-75,0,0,-77,-77,-42,-55
0,-70,-67,-68,-63,0,0,-67,-80,-80,0,0,-68,-66,-73,-70,-74,-74,0,0,-74,-74,-59,-58,-60,-60,0,0,-67,0,-65,-60,-66,-66,0,0,-68,-69,0,0,0,-69,-72,-82,-83,-76,-75,0,0,-77,-77,-42,-55
0,-70,-67,-68,-63,0,0,-67,-80,-80,0,0,-68,-66,-73,-70,-74,-74,0,0,-74,-74,-59,-58,-59,-60,0,0,-67,0,-65,-60,-66,-66,0,0,-68,-69,0,0,0,-69,-72,-82,-83,-76,-75,0,0,-77,-77,-42,-55
0,-70,-67,-68,-63,0,0,0,-78,-79,0,0,-65,-66,0,0,-78,-79,0,0,-74,-74,-64,-61,-58,-58,-61,-60,-67,-67,-65,0,-68,-69,0,0,-68,-69,0,0,0,-76,-77,-82,-83,-80,-80,0,0,-73,-74,-43,-56
0,-70,-67,-68,-63,0,0,0,-78,-79,0,0,-65,-66,0,0,-78,-79,0,0,-74,-74,-64,-61,-58,-58,-61,-60,-67,-67,-65,0,-68,-69,0,0,-68,-69,0,0,0,-76,-77,-82,-83,-80,-80,0,0,-73,-74,-43,-56
0,-70,-67,-68,-63,0,0,0,-78,-79,0,0,-65,-66,0,0,-78,-79,0,0,-74,-74,-64,-61,-60,-58,-61,-60,-67,-67,-65,0,-68,-69,0,0,-68,-69,0,0,0,-76,-77,-82,-83,-80,-80,0,0,-73,-74,-43,-56
0,-70,-67,-68,-63,0,0,0,-78,-79,0,0,-65,-66,0,0,-78,-79,0,0,-74,-74,-64,-61,-60,-58,-61,-60,-67,-67,-65,0,-68,-69,0,0,-68,-69,0,0,0,-76,-77,-82,-83,-80,-80,0,0,-73,-74,-43,-56
0,-70,-67,-68,-63,0,0,0,-78,-79,0,0,-65,-66,0,0,-78,-79,0,0,-74,-74,-64,-61,-61,-58,-61,-60,-67,-67,-65,0,-68,-69,0,0,-68,-69,0,0,0,-76,-77,-82,-83,-80,-80,0,0,-73,-74,-43,-56
0,0,-69,-69,-73,0,0,0,-78,-79,-78,-75,-65,-65,-74,-70,-78,-79,0,0,0,-75,-63,-61,-60,-60,-61,-63,-68,-68,0,0,-67,-67,0,0,-72,-72,0,0,0,-76,-74,-83,-82,-81,-82,0,0,-77,-75,-42,-59
0,0,-69,-69,-73,0,0,0,-78,-79,-78,-75,-65,-65,-74,-70,-78,-79,0,0,0,-75,-63,-61,-60,-60,-61,-63,-68,-68,0,0,-67,-67,0,0,-72,-72,0,0,0,-76,-74,-83,-82,-81,-82,0,0,-77,-75,-42,-59
0,0,-69,-69,-73,0,0,0,-78,-79,-78,-75,-65,-65,-74,-70,-78,-79,0,0,0,-75,-63,-61,-59,-60,-61,-63,-68,-68,0,0,-67,-67,0,0,-72,-72,0,0,0,-76,-74,-83,-82,-81,-82,0,0,-77,-75,-42,-59
0,0,-69,-69,-73,0,0,0,-78,-79,-78,-75,-65,-65,-74,-70,-78,-79,0,0,0,-75,-63,-61,-59,-60,-61,-63,-68,-68,0,0,-67,-67,0,0,-72,-72,0,0,0,-76,-74,-83,-82,-81,-82,0,0,-77,-75,-42,-59
0,0,-69,-69,-73,0,0,0,-78,-79,-78,-75,-65,-65,-74,-70,-78,-79,0,0,0,-75,-63,-61,-60,-60,-61,-63,-68,-68,0,0,-67,-67,0,0,-72,-72,0,0,0,-76,-74,-83,-82,-81,-82,0,0,-77,-75,-42,-59
0,0,-71,-69,-73,0,0,0,-78,-78,-78,-75,-64,-65,-72,-67,-79,-79,0,0,0,-75,-64,-61,-60,-60,-63,-63,-68,-68,-64,0,-68,-69,0,0,-72,-72,0,0,0,-73,-74,-83,-82,-81,-82,0,0,-77,-77,-41,-55
0,0,-71,-69,-73,0,0,0,-78,-78,-78,-75,-64,-65,-72,-67,-79,-79,0,0,0,-75,-64,-61,-60,-60,-63,-63,-68,-68,-64,0,-68,-69,0,0,-72,-72,0,0,0,-73,-74,-83,-82,-81,-82,0,0,-77,-77,-41,-55
0,0,-71,-69,-73,0,0,0,-78,-78,-78,-75,-64,-65,-72,-67,-79,-79,0,0,0,-75,-64,-61,-59,-60,-63,-63,-68,-68,-64,0,-68,-69,0,0,-72,-72,0,0,0,-73,-74,-83,-82,-81,-82,0,0,-77,-77,-41,-55
0,0,-71,-69,-73,0,0,0,-78,-78,-78,-75,-64,-65,-72,-67,-79,-79,0,0,0,-75,-64,-61,-59,-60,-63,-63,-68,-68,-64,0,-68,-69,0,0,-72,-72,0,0,0,-73,-74,-83,-82,-81,-82,0,0,-77,-77,-41,-55
0,0,-71,-69,-73,0,0,0,-78,-78,-78,-75,-64,-65,-72,-67,-79,-79,0,0,0,-75,-64,-61,-59,-60,-63,-63,-68,-68,-64,0,-68,-69,0,0,-72,-72,0,0,0,-73,-74,-83,-82,-81,-82,0,0,-77,-77,-41,-55
0,0,-70,-70,-59,0,0,-68,-78,-78,0,0,-64,-63,-72,-67,-79,-79,0,0,0,0,-64,-60,-59,-58,-63,0,-68,-68,-64,-60,-67,-67,0,0,-70,-71,0,0,0,-75,-75,-83,-82,-81,-82,0,0,-76,-75,-42,-56
0,0,-70,-70,-59,0,0,-68,-78,-78,0,0,-64,-63,-72,-67,-79,-79,0,0,0,0,-64,-60,-59,-58,-63,0,-68,-68,-64,-60,-67,-67,0,0,-70,-71,0,0,0,-75,-75,-83,-82,-81,-82,0,0,-76,-75,-42,-56
0,0,-70,-70,-59,0,0,-68,-78,-78,0,0,-64,-63,-72,-67,-79,-79,0,0,0,0,-64,-60,-59,-58,-63,0,-68,-68,-64,-60,-67,-67,0,0,-70,-71,0,0,0,-75,-75,-83,-82,-81,-82,0,0,-76,-75,-42,-56
0,0,-70,-70,-59,0,0,-68,-78,-78,0,0,-64,-63,-72,-67,-79,-79,0,0,0,0,-64,-60,-59,-58,-63,0,-68,-68,-64,-60,-67,-67,0,0,-70,-71,0,0,0,-75,-75,-83,-82,-81,-82,0,0,-76,-75,-42,-56
0,0,-70,-70,-59,0,0,-68,-78,-78,0,0,-64,-63,-72,-67,-79,-79,0,0,0,0,-64,-60,-59,-58,-63,0,-68,-68,-64,-60,-67,-67,0,0,-70,-71,0,0,0,-75,-75,-83,-82,-81,-82,0,0,-76,-75,-42,-56
0,0,-71,-73,-61,0,0,-68,-78,-78,0,0,-65,-65,0,0,-79,-79,0,0,-77,-77,-64,-62,-58,-59,0,0,-66,-67,-65,-63,-71,-71,0,0,-72,-74,0,0,0,-77,-76,-86,-85,-81,-80,0,0,-76,-75,-42,-58
0,0,-71,-73,-61,0,0,-68,-78,-78,0,0,-65,-65,0,0,-79,-79,0,0,-77,-77,-64,-62,-58,-59,0,0,-66,-67,-65,-63,-71,-71,0,0,-72,-74,0,0,0,-77,-76,-86,-85,-81,-80,0,0,-76,-75,-42,-58
0,0,-71,-73,-61,0,0,-68,-78,-78,0,0,-65,-65,0,0,-79,-79,0,0,-77,-77,-64,-62,-58,-59,0,0,-66,-67,-65,-63,-71,-71,0,0,-72,-74,0,0,0,-77,-76,-86,-85,-81,-80,0,0,-76,-75,-42,-58
0,0,-71,-73,-61,0,0,-68,-78,-78,0,0,-65,-65,0,0,-79,-79,0,0,-77,-77,-64,-62,-59,-59,0,0,-66,-67,-65,-63,-71,-71,0,0,-72,-74,0,0,0,-77,-76,-86,-85,-81,-80,0,0,-76,-75,-42,-58
0,0,-71,-73,-61,0,0,-68,-78,-78,0,0,-65,-65,0,0,-79,-79,0,0,-77,-77,-64,-62,-59,-59,0,0,-66,-67,-65,-63,-71,-71,0,0,-72,-74,0,0,0,-77,-76,-86,-85,-81,-80,0,0,-76,-75,-42,-58
0,0,-69,-70,-62,-75,-76,-69,-78,-78,0,0,-65,-66,-75,-71,-79,-79,0,0,-77,-77,-62,-60,-60,-60,0,0,-67,-67,-63,-59,-71,-71,-75,0,-72,-72,0,0,0,-77,-76,-84,-85,-83,-83,0,0,-77,-77,-45,-58
0,0,-69,-70,-62,-75,-76,-69,-78,-78,0,0,-65,-66,-75,-71,-79,-79,0,0,-77,-77,-62,-60,-58,-60,0,0,-67,-67,-63,-59,-71,-71,-75,0,-72,-72,0,0,0,-77,-76,-84,-85,-83,-83,0,0,-77,-77,-45,-58
0,0,-69,-70,-62,-75,-76,-69,-78,-78,0,0,-65,-66,-75,-71,-79,-79,0,0,-77,-77,-62,-60,-58,-60,0,0,-67,-67,-63,-59,-71,-71,-75,0,-72,-72,0,0,0,-77,-76,-84,-85,-83,-83,0,0,-77,-77,-45,-58
0,0,-69,-70,-62,-75,-76,-69,-78,-78,0,0,-65,-66,-75,-71,-79,-79,0,0,-77,-77,-62,-60,-56,-60,0,0,-67,-67,-63,-59,-71,-71,-75,0,-72,-72,0,0,0,-77,-76,-84,-85,-83,-83,0,0,-77,-77,-45,-58
0,0,-69,-70,-62,-75,-76,-69,-78,-78,0,0,-65,-66,-75,-71,-79,-79,0,0,-77,-77,-62,-60,-56,-60,0,0,-67,-67,-63,-59,-71,-71,-75,0,-72,-72,0,0,0,-77,-76,-84,-85,-83,-83,0,0,-77,-77,-45,-58
-66,-60,-69,-70,-62,-75,-76,-69,-78,-78,0,0,-63,-65,-75,-71,-80,-80,0,0,0,0,-63,-61,-56,-57,-62,0,-67,-67,-64,-59,-72,-71,-75,0,-72,-72,0,-62,0,-75,-75,-82,-83,-83,-82,0,0,-77,-76,-41,-57
-66,-60,-69,-70,-62,-75,-76,-69,-78,-78,0,0,-63,-65,-75,-71,-80,-80,0,0,0,0,-63,-61,-58,-57,-62,0,-67,-67,-64,-59,-72,-71,-75,0,-72,-72,0,-62,0,-75,-75,-82,-83,-83,-82,0,0,-77,-76,-41,-57
-66,-60,-69,-70,-62,-75,-76,-69,-78,-78,0,0,-63,-65,-75,-71,-80,-80,0,0,0,0,-63,-61,-58,-57,-62,0,-67,-67,-64,-59,-72,-71,-75,0,-72,-72,0,-62,0,-75,-75,-82,-83,-83,-82,0,0,-77,-76,-41,-57
-66,-60,-69,-70,-62,-75,-76,-69,-78,-78,0,0,-63,-65,-75,-71,-80,-80,0,0,0,0,-63,-61,-58,-57,-62,0,-67,-67,-64,-59,-72,-71,-75,0,-72,-72,0,-62,0,-75,-75,-82,-83,-83,-82,0,0,-77,-76,-41,-57
-66,-60,-69,-70,-62,-75,-76,-69,-78,-78,0,0,-63,-65,-75,-71,-80,-80,0,0,0,0,-63,-61,-58,-57,-62,0,-67,-67,-64,-59,-72,-71,-75,0,-72,-72,0,-62,0,-75,-75,-82,-83,-83,-82,0,0,-77,-76,-41,-57
-66,-60,-69,-70,-64,0,0,0,-78,-78,0,0,-65,-65,-75,-71,-81,-80,0,0,0,0,-63,-61,-58,-57,-61,-64,-67,-67,-64,0,-71,-71,0,0,-68,-68,0,-62,0,-75,-74,-82,-83,-81,-82,0,0,-77,-77,-41,-57
-66,-60,-69,-70,-64,0,0,0,-78,-78,0,0,-65,-65,-75,-71,-81,-80,0,0,0,0,-63,-61,-59,-57,-61,-64,-67,-67,-64,0,-71,-71,0,0,-68,-68,0,-62,0,-75,-74,-82,-83,-81,-82,0,0,-77,-77,-41,-57
-66,-60,-69,-70,-64,0,0,0,-78,-78,0,0,-65,-65,-75,-71,-81,-80,0,0,0,0,-63,-61,-59,-57,-61,-64,-67,-67,-64,0,-71,-71,0,0,-68,-68,0,-62,0,-75,-74,-82,-83,-81,-82,0,0,-77,-77,-41,-57
-66,-60,-69,-70,-64,0,0,0,-78,-78,0,0,-65,-65,-75,-71,-81,-80,0,0,0,0,-63,-61,-59,-57,-61,-64,-67,-67,-64,0,-71,-71,0,0,-68,-68,0,-62,0,-75,-74,-82,-83,-81,-82,0,0,-77,-77,-41,-57
-66,-60,-69,-70,-64,0,0,0,-78,-78,0,0,-65,-65,-75,-71,-81,-80,0,0,0,0,-63,-61,-59,-57,-61,-64,-67,-67,-64,0,-71,-71,0,0,-68,-68,0,-62,0,-75,-74,-82,-83,-81,-82,0,0,-77,-77,-41,-57
0,-61,-69,-70,-64,0,0,0,-78,-77,0,0,-66,-65,-75,-72,-78,-79,0,0,0,0,-63,-62,-57,-56,-61,-64,-67,-67,-64,0,-71,-71,0,0,-69,-70,0,0,0,-75,-75,-83,-82,-81,-82,0,0,-79,-78,-43,-57
0,-61,-69,-70,-64,0,0,0,-78,-77,0,0,-66,-65,-75,-72,-78,-79,0,0,0,0,-63,-62,-57,-56,-61,-64,-67,-67,-64,0,-71,-71,0,0,-69,-70,0,0,0,-75,-75,-83,-82,-81,-82,0,0,-79,-78,-43,-57
0,-61,-69,-70,-64,0,0,0,-78,-77,0,0,-66,-65,-75,-72,-78,-79,0,0,0,0,-63,-62,-57,-56,-61,-64,-67,-67,-64,0,-71,-71,0,0,-69,-70,0,0,0,-75,-75,-83,-82,-81,-82,0,0,-79,-78,-43,-57
0,-61,-69,-70,-64,0,0,0,-78,-77,0,0,-66,-65,-75,-72,-78,-79,0,0,0,0,-63,-62,-57,-56,-61,-64,-67,-67,-64,0,-71,-71,0,0,-69,-70,0,0,0,-75,-75,-83,-82,-81,-82,0,0,-79,-78,-43,-57
0,-61,-69,-70,-64,0,0,0,-78,-77,0,0,-66,-65,-75,-72,-78,-79,0,0,0,0,-63,-62,-60,-56,-61,-64,-67,-67,-64,0,-71,-71,0,0,-69,-70,0,0,0,-75,-75,-83,-82,-81,-82,0,0,-79,-78,-43,-57
0,-61,-70,-70,-71,0,0,0,-76,-77,-76,-74,-64,-65,-75,-72,-78,-79,0,0,-73,-75,-63,-62,-55,-55,0,0,-66,-66,0,0,-69,-68,0,0,-71,-72,0,0,0,-73,-71,-83,-82,-82,-81,0,0,-76,-77,-42,-56
0,-61,-70,-70,-71,0,0,0,-76,-77,-76,-74,-64,-65,-75,-72,-78,-79,0,0,-73,-75,-63,-62,-55,-55,0,0,-66,-66,0,0,-69,-68,0,0,-71,-72,0,0,0,-73,-71,-83,-82,-82,-81,0,0,-76,-77,-42,-56
-67,-66,-71,-72,-71,0,0,0,-78,-79,-76,-74,-67,-66,-75,-71,-79,-79,0,0,-73,-74,-63,-59,-59,-60,-68,-66,-70,-66,-66,0,-70,-70,0,0,-71,-72,0,0,0,-70,-71,0,0,-82,-81,0,-72,-75,-75,-40,-58
-67,-66,-71,-72,-71,0,0,0,-78,-79,-76,-74,-67,-66,-75,-71,-79,-79,0,0,-73,-74,-63,-59,-59,-60,-68,-66,-70,-66,-66,0,-70,-70,0,0,-71,-72,0,0,0,-70,-71,0,0,-82,-81,0,-72,-75,-75,-40,-58
-67,-66,-71,-72,-71,0,0,0,-78,-79,-76,-74,-67,-66,-75,-71,-79,-79,0,0,-73,-74,-63,-59,-59,-60,-68,-66,-70,-66,-66,0,-70,-70,0,0,-71,-72,0,0,0,-70,-71,0,0,-82,-81,0,-72,-75,-75,-40,-58
-67,-66,-71,-72,-71,0,0,0,-78,-79,-76,-74,-67,-66,-75,-71,-79,-79,0,0,-73,-74,-63,-59,-59,-60,-68,-66,-70,-66,-66,0,-70,-70,0,0,-71,-72,0,0,0,-70,-71,0,0,-82,-81,0,-72,-75,-75,-40,-58
-67,-66,-71,-72,-71,0,0,0,-78,-79,-76,-74,-67,-66,-75,-71,-79,-79,0,0,-73,-74,-63,-59,-59,-60,-68,-66,-70,-66,-66,0,-70,-70,0,0,-71,-72,0,0,0,-70,-71,0,0,-82,-81,0,-72,-75,-75,-40,-58
-67,-66,-78,-78,-72,0,0,0,-79,-79,0,0,-78,-76,-71,-66,-75,-75,0,0,0,-74,-63,-62,-59,-59,-68,-62,-63,0,-66,0,-72,-73,0,0,-73,-74,0,0,0,-72,-71,0,0,-82,-85,0,-72,-74,-74,-41,-53
-67,-66,-78,-78,-72,0,0,0,-79,-79,0,0,-78,-76,-71,-66,-75,-75,0,0,0,-74,-63,-62,-59,-59,-68,-62,-63,0,-66,0,-72,-73,0,0,-73,-74,0,0,0,-72,-71,0,0,-82,-85,0,-72,-74,-74,-41,-53
-67,-66,-78,-78,-72,0,0,0,-79,-79,0,0,-78,-76,-71,-66,-75,-75,0,0,0,-74,-63,-62,-59,-59,-68,-62,-63,0,-66,0,-72,-73,0,0,-73,-74,0,0,0,-72,-71,0,0,-82,-85,0,-72,-74,-74,-41,-53
-67,-66,-78,-78,-72,0,0,0,-79,-79,0,0,-78,-76,-71,-66,-75,-75,0,0,0,-74,-63,-62,-59,-59,-68,-62,-63,0,-66,0,-72,-73,0,0,-73,-74,0,0,0,-72,-71,0,0,-82,-85,0,-72,-74,-74,-41,-53
-67,-66,-78,-78,-72,0,0,0,-79,-79,0,0,-78,-76,-71,-66,-75,-75,0,0,0,-74,-63,-62,-60,-59,-68,-62,-63,0,-66,0,-72,-73,0,0,-73,-74,0,0,0,-72,-71,0,0,-82,-85,0,-72,-74,-74,-41,-53
0,0,-76,-76,-72,0,0,0,-80,-80,0,0,-79,-80,-67,-64,-73,-73,0,0,0,0,0,-62,-59,-59,0,-62,-64,-65,0,0,-71,-71,0,0,-73,-74,0,0,0,-72,-72,0,0,-82,-85,0,0,-78,-78,-44,-53
0,0,-76,-76,-72,0,0,0,-80,-80,0,0,-79,-80,-67,-64,-73,-73,0,0,0,0,0,-62,-59,-59,0,-62,-64,-65,0,0,-71,-71,0,0,-73,-74,0,0,0,-72,-72,0,0,-82,-85,0,0,-78,-78,-44,-53
0,0,-76,-76,-72,0,0,0,-80,-80,0,0,-79,-80,-67,-64,-73,-73,0,0,0,0,0,-62,-59,-59,0,-62,-64,-65,0,0,-71,-71,0,0,-73,-74,0,0,0,-72,-72,0,0,-82,-85,0,0,-78,-78,-44,-53
0,0,-76,-76,-72,0,0,0,-80,-80,0,0,-79,-80,-67,-64,-73,-73,0,0,0,0,0,-62,-59,-59,0,-62,-64,-65,0,0,-71,-71,0,0,-73,-74,0,0,0,-72,-72,0,0,-82,-85,0,0,-78,-78,-44,-53
0,0,-76,-76,-72,0,0,0,-80,-80,0,0,-79,-80,-67,-64,-73,-73,0,0,0,0,0,-62,-59,-59,0,-62,-64,-65,0,0,-71,-71,0,0,-73,-74,0,0,0,-72,-72,0,0,-82,-85,0,0,-78,-78,-44,-53
0,0,-80,-81,0,0,0,0,-80,-80,0,0,-78,-78,-67,-64,-75,-76,0,0,0,0,0,-64,-59,-59,0,0,-64,-65,-73,0,-71,-71,0,0,-73,-74,0,0,0,-76,-75,0,0,-83,-84,0,0,-79,-79,-44,-54
0,0,-80,-81,0,0,0,0,-80,-80,0,0,-78,-78,-67,-64,-75,-76,0,0,0,0,0,-64,-59,-59,0,0,-64,-65,-73,0,-71,-71,0,0,-73,-74,0,0,0,-76,-75,0,0,-83,-84,0,0,-79,-79,-44,-54
0,0,-80,-81,0,0,0,0,-80,-80,0,0,-78,-78,-67,-64,-75,-76,0,0,0,0,0,-64,-60,-59,0,0,-64,-65,-73,0,-71,-71,0,0,-73,-74,0,0,0,-76,-75,0,0,-83,-84,0,0,-79,-79,-44,-54
0,0,-80,-81,0,0,0,0,-80,-80,0,0,-78,-78,-67,-64,-75,-76,0,0,0,0,0,-64,-60,-59,0,0,-64,-65,-73,0,-71,-71,0,0,-73,-74,0,0,0,-76,-75,0,0,-83,-84,0,0,-79,-79,-44,-54
0,0,-80,-81,0,0,0,0,-80,-80,0,0,-78,-78,-67,-64,-75,-76,0,0,0,0,0,-64,-60,-59,0,0,-64,-65,-73,0,-71,-71,0,0,-73,-74,0,0,0,-76,-75,0,0,-83,-84,0,0,-79,-79,-44,-54
-76,0,-79,-81,-66,0,0,0,-80,-81,0,0,-78,-78,-74,-73,-77,-76,0,0,-82,-80,0,-64,-59,-58,0,0,-64,-65,-73,0,-73,-71,0,0,-71,-72,0,0,0,-75,-75,0,0,-83,-84,0,0,-81,-81,-44,-59
-76,0,-79,-81,-66,0,0,0,-80,-81,0,0,-78,-78,-74,-73,-77,-76,0,0,-82,-80,0,-64,-59,-58,0,0,-64,-65,-73,0,-73,-71,0,0,-71,-72,0,0,0,-75,-75,0,0,-83,-84,0,0,-81,-81,-44,-59
-76,0,-79,-81,-66,0,0,0,-80,-81,0,0,-78,-78,-74,-73,-77,-76,0,0,-82,-80,0,-64,-58,-58,0,0,-64,-65,-73,0,-73,-71,0,0,-71,-72,0,0,0,-75,-75,0,0,-83,-84,0,0,-81,-81,-44,-59
-76,0,-79,-81,-66,0,0,0,-80,-81,0,0,-78,-78,-74,-73,-77,-76,0,0,-82,-80,0,-64,-58,-58,0,0,-64,-65,-73,0,-73,-71,0,0,-71,-72,0,0,0,-75,-75,0,0,-83,-84,0,0,-81,-81,-44,-59
-76,0,-79,-81,-66,0,0,0,-80,-81,0,0,-78,-78,-74,-73,-77,-76,0,0,-82,-80,0,-64,-58,-58,0,0,-64,-65,-73,0,-73,-71,0,0,-71,-72,0,0,0,-75,-75,0,0,-83,-84,0,0,-81,-81,-44,-59
-76,0,-79,-80,-67,0,0,-72,-80,-80,0,0,-78,-77,-74,-71,-78,-78,0,0,-79,-79,-69,-65,-57,-58,-63,-60,-64,-63,-73,-73,-73,-75,-72,0,-73,-73,0,0,0,-74,-75,0,0,0,0,0,0,-82,-82,-40,-62
-76,0,-79,-80,-67,0,0,-72,-80,-80,0,0,-78,-77,-74,-71,-78,-78,0,0,-79,-79,-69,-65,-57,-58,-63,-60,-64,-63,-73,-73,-73,-75,-72,0,-73,-73,0,0,0,-74,-75,0,0,0,0,0,0,-82,-82,-40,-62
-76,0,-79,-80,-67,0,0,-72,-80,-80,0,0,-78,-77,-74,-71,-78,-78,0,0,-79,-79,-69,-65,-61,-58,-63,-60,-64,-63,-73,-73,-73,-75,-72,0,-73,-73,0,0,0,-74,-75,0,0,0,0,0,0,-82,-82,-40,-62
-76,0,-79,-80,-67,0,0,-72,-80,-80,0,0,-78,-77,-74,-71,-78,-78,0,0,-79,-79,-69,-65,-61,-58,-63,-60,-64,-63,-73,-73,-73,-75,-72,0,-73,-73,0,0,0,-74,-75,0,0,0,0,0,0,-82,-82,-40,-62
-76,0,-79,-80,-67,0,0,-72,-80,-80,0,0,-78,-77,-74,-71,-78,-78,0,0,-79,-79,-69,-65,-61,-58,-63,-60,-64,-63,-73,-73,-73,-75,-72,0,-73,-73,0,0,0,-74,-75,0,0,0,0,0,0,-82,-82,-40,-62
0,0,-80,-80,-67,0,0,-72,-84,-81,0,0,-76,-77,-70,-66,-77,-76,0,0,-79,-79,-66,-64,-61,-62,-63,-59,-65,-65,-73,-73,-70,-71,-72,0,-74,-74,0,0,0,-72,-74,0,0,-84,-85,0,0,-83,-82,-41,-59
0,0,-80,-80,-67,0,0,-72,-84,-81,0,0,-76,-77,-70,-66,-77,-76,0,0,-79,-79,-66,-64,-61,-62,-63,-59,-65,-65,-73,-73,-70,-71,-72,0,-74,-74,0,0,0,-72,-74,0,0,-84,-85,0,0,-83,-82,-41,-59
0,0,-80,-80,-67,0,0,-72,-84,-81,0,0,-76,-77,-70,-66,-77,-76,0,0,-79,-79,-66,-64,-61,-62,-63,-59,-65,-65,-73,-73,-70,-71,-72,0,-74,-74,0,0,0,-72,-74,0,0,-84,-85,0,0,-83,-82,-41,-59
0,0,-80,-80,-67,0,0,-72,-84,-81,0,0,-76,-77,-70,-66,-77,-76,0,0,-79,-79,-66,-64,-60,-62,-63,-59,-65,-65,-73,-73,-70,-71,-72,0,-74,-74,0,0,0,-72,-74,0,0,-84,-85,0,0,-83,-82,-41,-59
0,0,-80,-80,-67,0,0,-72,-84,-81,0,0,-76,-77,-70,-66,-77,-76,0,0,-79,-79,-66,-64,-60,-62,-63,-59,-65,-65,-73,-73,-70,-71,-72,0,-74,-74,0,0,0,-72,-74,0,0,-84,-85,0,0,-83,-82,-41,-59
0,0,-80,-78,-67,0,0,-71,-83,-82,0,0,-80,-80,-70,-66,-75,-75,0,0,0,0,-65,-62,-60,-60,0,-59,-64,-64,0,0,-73,-73,0,0,-72,-72,0,0,0,-74,-75,0,0,-84,-83,0,0,-82,-82,-41,-60
0,0,-80,-78,-67,0,0,-71,-83,-82,0,0,-80,-80,-70,-66,-75,-75,0,0,0,0,-65,-62,-60,-60,0,-59,-64,-64,0,0,-73,-73,0,0,-72,-72,0,0,0,-74,-75,0,0,-84,-83,0,0,-82,-82,-41,-60
0,0,-80,-78,-67,0,0,-71,-83,-82,0,0,-80,-80,-70,-66,-75,-75,0,0,0,0,-65,-62,-60,-60,0,-59,-64,-64,0,0,-73,-73,0,0,-72,-72,0,0,0,-74,-75,0,0,-84,-83,0,0,-82,-82,-41,-60
0,0,-80,-78,-67,0,0,-71,-83,-82,0,0,-80,-80,-70,-66,-75,-75,0,0,0,0,-65,-62,-61,-60,0,-59,-64,-64,0,0,-73,-73,0,0,-72,-72,0,0,0,-74,-75,0,0,-84,-83,0,0,-82,-82,-41,-60
0,0,-80,-78,-67,0,0,-71,-83,-82,0,0,-80,-80,-70,-66,-75,-75,0,0,0,0,-65,-62,-61,-60,0,-59,-64,-64,0,0,-73,-73,0,0,-72,-72,0,0,0,-74,-75,0,0,-84,-83,0,0,-82,-82,-41,-60
0,0,-80,-80,-67,0,0,-71,-83,-82,0,0,-77,-77,-68,-64,-75,-75,0,0,0,0,-65,-63,-60,-60,-63,-64,-64,-64,-71,0,-73,-73,-72,0,-74,-74,0,0,0,-76,-75,0,0,-83,-83,0,0,-83,-82,-41,-60
0,0,-80,-80,-67,0,0,-71,-83,-82,0,0,-77,-77,-68,-64,-75,-75,0,0,0,0,-65,-63,-61,-60,-63,-64,-64,-64,-71,0,-73,-73,-72,0,-74,-74,0,0,0,-76,-75,0,0,-83,-83,0,0,-83,-82,-41,-60
0,0,-80,-80,-67,0,0,-71,-83,-82,0,0,-77,-77,-68,-64,-75,-75,0,0,0,0,-65,-63,-61,-60,-63,-64,-64,-64,-71,0,-73,-73,-72,0,-74,-74,0,0,0,-76,-75,0,0,-83,-83,0,0,-83,-82,-41,-60
0,0,-80,-80,-67,0,0,-71,-83,-82,0,0,-77,-77,-68,-64,-75,-75,0,0,0,0,-65,-63,-59,-60,-63,-64,-64,-64,-71,0,-73,-73,-72,0,-74,-74,0,0,0,-76,-75,0,0,-83,-83,0,0,-83,-82,-41,-60
0,0,-80,-80,-67,0,0,-71,-83,-82,0,0,-77,-77,-68,-64,-75,-75,0,0,0,0,-65,-63,-59,-60,-63,-64,-64,-64,-71,0,-73,-73,-72,0,-74,-74,0,0,0,-76,-75,0,0,-83,-83,0,0,-83,-82,-41,-60
0,0,-80,-81,0,-79,-79,0,-80,-80,0,0,-75,-74,-66,-64,-73,-73,0,0,0,0,-64,-63,-61,-62,-63,-67,-67,-67,-69,0,-76,-77,-72,0,-72,-72,0,0,0,-76,-75,0,0,-83,-83,0,0,-83,-82,-41,-60
0,0,-80,-81,0,-79,-79,0,-80,-80,0,0,-75,-74,-66,-64,-73,-73,0,0,0,0,-64,-63,-61,-62,-63,-67,-67,-67,-69,0,-76,-77,-72,0,-72,-72,0,0,0,-76,-75,0,0,-83,-83,0,0,-83,-82,-41,-60
0,0,-80,-81,0,-79,-79,0,-80,-80,0,0,-75,-74,-66,-64,-73,-73,0,0,0,0,-64,-63,-61,-62,-63,-67,-67,-67,-69,0,-76,-77,-72,0,-72,-72,0,0,0,-76,-75,0,0,-83,-83,0,0,-83,-82,-41,-60
0,0,-80,-81,0,-79,-79,0,-80,-80,0,0,-75,-74,-66,-64,-73,-73,0,0,0,0,-64,-63,-61,-62,-63,-67,-67,-67,-69,0,-76,-77,-72,0,-72,-72,0,0,0,-76,-75,0,0,-83,-83,0,0,-83,-82,-41,-60
0,0,-80,-81,0,-79,-79,0,-80,-80,0,0,-75,-74,-66,-64,-73,-73,0,0,0,0,-64,-63,-61,-62,-63,-67,-67,-67,-69,0,-76,-77,-72,0,-72,-72,0,0,0,-76,-75,0,0,-83,-83,0,0,-83,-82,-41,-60
0,0,-78,-77,-67,-79,-79,0,-81,-82,0,0,-76,-76,-66,-64,-78,-79,0,0,0,0,-64,-67,-61,-60,0,-67,-67,-67,-69,0,-72,-73,0,0,-72,-72,0,0,0,-75,-75,0,-84,-84,-84,0,0,-80,-80,-43,-57
0,0,-78,-77,-67,-79,-79,0,-81,-82,0,0,-76,-76,-66,-64,-78,-79,0,0,0,0,-64,-67,-61,-60,0,-67,-67,-67,-69,0,-72,-73,0,0,-72,-72,0,0,0,-75,-75,0,-84,-84,-84,0,0,-80,-80,-43,-57
0,0,-78,-77,-67,-79,-79,0,-81,-82,0,0,-76,-76,-66,-64,-78,-79,0,0,0,0,-64,-67,-61,-60,0,-67,-67,-67,-69,0,-72,-73,0,0,-72,-72,0,0,0,-75,-75,0,-84,-84,-84,0,0,-80,-80,-43,-57
0,0,-78,-77,-67,-79,-79,0,-81,-82,0,0,-76,-76,-66,-64,-78,-79,0,0,0,0,-64,-67,-61,-60,0,-67,-67,-67,-69,0,-72,-73,0,0,-72,-72,0,0,0,-75,-75,0,-84,-84,-84,0,0,-80,-80,-43,-57
0,0,-78,-77,-67,-79,-79,0,-81,-82,0,0,-76,-76,-66,-64,-78,-79,0,0,0,0,-64,-67,-62,-60,0,-67,-67,-67,-69,0,-72,-73,0,0,-72,-72,0,0,0,-75,-75,0,-84,-84,-84,0,0,-80,-80,-43,-57
0,0,-77,-77,-69,0,0,0,-81,-82,0,0,-76,-77,-66,-64,-78,-79,0,0,0,-78,0,-67,-61,-60,0,0,-64,-64,0,0,-72,-71,-73,0,-74,-74,0,0,0,-73,-74,-85,-84,-84,-84,0,0,-80,-80,-47,-53
0,0,-77,-77,-69,0,0,0,-81,-82,0,0,-76,-77,-66,-64,-78,-79,0,0,0,-78,0,-67,-61,-60,0,0,-64,-64,0,0,-72,-71,-73,0,-74,-74,0,0,0,-73,-74,-85,-84,-84,-84,0,0,-80,-80,-47,-53
0,0,-77,-77,-69,0,0,0,-81,-82,0,0,-76,-77,-66,-64,-78,-79,0,0,0,-78,0,-67,-60,-60,0,0,-64,-64,0,0,-72,-71,-73,0,-74,-74,0,0,0,-73,-74,-85,-84,-84,-84,0,0,-80,-80,-47,-53
0,0,-77,-77,-69,0,0,0,-81,-82,0,0,-76,-77,-66,-64,-78,-79,0,0,0,-78,0,-67,-60,-60,0,0,-64,-64,0,0,-72,-71,-73,0,-74,-74,0,0,0,-73,-74,-85,-84,-84,-84,0,0,-80,-80,-47,-53
0,0,-77,-77,-69,0,0,0,-81,-82,0,0,-76,-77,-66,-64,-78,-79,0,0,0,-78,0,-67,-60,-60,0,0,-64,-64,0,0,-72,-71,-73,0,-74,-74,0,0,0,-73,-74,-85,-84,-84,-84,0,0,-80,-80,-47,-53
0,0,-79,-79,-69,0,0,0,-82,-82,0,0,-78,-78,-73,-73,-78,-78,0,0,-78,-78,-66,-63,-59,-59,0,0,-65,-65,-72,0,-76,-75,-73,0,-71,-71,-80,0,0,-76,-76,-85,-84,-85,0,0,0,-83,-83,-44,-57
0,0,-79,-79,-69,0,0,0,-82,-82,0,0,-78,-78,-73,-73,-78,-78,0,0,-78,-78,-66,-63,-59,-59,0,0,-65,-65,-72,0,-76,-75,-73,0,-71,-71,-80,0,0,-76,-76,-85,-84,-85,0,0,0,-83,-83,-44,-57
