0,0,-74,-74,0,0,0,0,-81,-80,0,0,-77,-76,0,0,-78,-79,0,0,-69,-69,-65,-61,-57,-57,0,0,-72,-71,0,0,-75,-75,-65,-61,-60,-61,0,0,0,-78,-77,0,0,0,0,0,0,-83,-82,-43,-53
0,0,-74,-74,0,0,0,0,-81,-80,0,0,-77,-76,0,0,-78,-79,0,0,-69,-69,-65,-61,-59,-57,0,0,-72,-71,0,0,-75,-75,-65,-61,-60,-61,0,0,0,-78,-77,0,0,0,0,0,0,-83,-82,-43,-53
0,0,-74,-74,0,0,0,0,-81,-80,0,0,-77,-76,0,0,-78,-79,0,0,-69,-69,-65,-61,-59,-57,0,0,-72,-71,0,0,-75,-75,-65,-61,-60,-61,0,0,0,-78,-77,0,0,0,0,0,0,-83,-82,-43,-53
0,0,-74,-74,0,0,0,0,-81,-80,0,0,-77,-76,0,0,-78,-79,0,0,-69,-69,-65,-61,-59,-57,0,0,-72,-71,0,0,-75,-75,-65,-61,-60,-61,0,0,0,-78,-77,0,0,0,0,0,0,-83,-82,-43,-53
0,0,-74,-74,0,0,0,0,-81,-80,0,0,-77,-76,0,0,-78,-79,0,0,-69,-69,-65,-61,-59,-57,0,0,-72,-71,0,0,-75,-75,-65,-61,-60,-61,0,0,0,-78,-77,0,0,0,0,0,0,-83,-82,-43,-53
0,-72,-67,-68,-69,0,0,0,-79,-79,0,0,-69,-68,0,0,-76,-77,0,-67,-68,-69,-68,-65,-61,-61,-67,-62,-72,-73,0,0,-66,-66,-61,0,-60,-62,0,0,-64,-74,-74,0,0,-83,0,0,0,-79,-80,-43,-53
0,-72,-67,-68,-69,0,0,0,-79,-79,0,0,-69,-68,0,0,-76,-77,0,-67,-68,-69,-68,-65,-58,-61,-67,-62,-72,-73,0,0,-66,-66,-61,0,-60,-62,0,0,-64,-74,-74,0,0,-83,0,0,0,-79,-80,-43,-53
0,-72,-67,-68,-69,0,0,0,-79,-79,0,0,-69,-68,0,0,-76,-77,0,-67,-68,-69,-68,-65,-58,-61,-67,-62,-72,-73,0,0,-66,-66,-61,0,-60,-62,0,0,-64,-74,-74,0,0,-83,0,0,0,-79,-80,-43,-53
0,-72,-67,-68,-69,0,0,0,-79,-79,0,0,-69,-68,0,0,-76,-77,0,-67,-68,-69,-68,-65,-58,-61,-67,-62,-72,-73,0,0,-66,-66,-61,0,-60,-62,0,0,-64,-74,-74,0,0,-83,0,0,0,-79,-80,-43,-53
0,-72,-67,-68,-69,0,0,0,-79,-79,0,0,-69,-68,0,0,-76,-77,0,-67,-68,-69,-68,-65,-57,-61,-67,-62,-72,-73,0,0,-66,-66,-61,0,-60,-62,0,0,-64,-74,-74,0,0,-83,0,0,0,-79,-80,-43,-53
0,-72,-67,-68,-68,0,0,0,-77,-78,0,0,-69,-68,0,0,-76,-77,0,-67,-68,-68,-66,-65,-57,-57,-67,-62,-72,-73,-61,-58,-68,-69,-61,0,0,-66,0,0,-64,-75,-75,0,0,-83,0,0,0,-80,-82,-41,-55
0,-72,-67,-68,-68,0,0,0,-77,-78,0,0,-69,-68,0,0,-76,-77,0,-67,-68,-68,-66,-65,-57,-57,-67,-62,-72,-73,-61,-58,-68,-69,-61,0,0,-66,0,0,-64,-75,-75,0,0,-83,0,0,0,-80,-82,-41,-55
0,-72,-67,-68,-68,0,0,0,-77,-78,0,0,-69,-68,0,0,-76,-77,0,-67,-68,-68,-66,-65,-57,-57,-67,-62,-72,-73,-61,-58,-68,-69,-61,0,0,-66,0,0,-64,-75,-75,0,0,-83,0,0,0,-80,-82,-41,-55
0,-72,-67,-68,-68,0,0,0,-77,-78,0,0,-69,-68,0,0,-76,-77,0,-67,-68,-68,-66,-65,-57,-57,-67,-62,-72,-73,-61,-58,-68,-69,-61,0,0,-66,0,0,-64,-75,-75,0,0,-83,0,0,0,-80,-82,-41,-55
0,-72,-67,-68,-68,0,0,0,-77,-78,0,0,-69,-68,0,0,-76,-77,0,-67,-68,-68,-66,-65,-58,-57,-67,-62,-72,-73,-61,-58,-68,-69,-61,0,0,-66,0,0,-64,-75,-75,0,0,-83,0,0,0,-80,-82,-41,-55
0,0,-67,-68,-68,-81,-82,-70,-79,-79,0,0,-66,-68,0,0,-76,-77,0,0,-64,-64,-68,-65,-58,-59,0,0,-71,-71,-60,-58,-70,-71,0,0,0,-63,0,0,0,-76,-76,0,0,-85,-84,-80,-76,-81,-83,-43,-56
0,0,-67,-68,-68,-81,-82,-70,-79,-79,0,0,-66,-68,0,0,-76,-77,0,0,-64,-64,-68,-65,-58,-59,0,0,-71,-71,-60,-58,-70,-71,0,0,0,-63,0,0,0,-76,-76,0,0,-85,-84,-80,-76,-81,-83,-43,-56
0,0,-67,-68,-68,-81,-82,-70,-79,-79,0,0,-66,-68,0,0,-76,-77,0,0,-64,-64,-68,-65,-56,-59,0,0,-71,-71,-60,-58,-70,-71,0,0,0,-63,0,0,0,-76,-76,0,0,-85,-84,-80,-76,-81,-83,-43,-56
0,0,-67,-68,-68,-81,-82,-70,-79,-79,0,0,-66,-68,0,0,-76,-77,0,0,-64,-64,-68,-65,-56,-59,0,0,-71,-71,-60,-58,-70,-71,0,0,0,-63,0,0,0,-76,-76,0,0,-85,-84,-80,-76,-81,-83,-43,-56
0,0,-67,-68,-68,-81,-82,-70,-79,-79,0,0,-66,-68,0,0,-76,-77,0,0,-64,-64,-68,-65,-56,-59,0,0,-71,-71,-60,-58,-70,-71,0,0,0,-63,0,0,0,-76,-76,0,0,-85,-84,-80,-76,-81,-83,-43,-56
0,0,-66,-67,-67,-81,-82,-72,-79,-79,0,0,-66,-67,0,0,-81,-81,-68,0,-65,-66,-68,-64,-57,-56,0,0,-70,-69,-60,-61,-69,-69,-68,0,-65,-64,0,0,0,-74,-73,0,0,-85,-84,-80,-76,-81,-83,-43,-55
0,0,-66,-67,-67,-81,-82,-72,-79,-79,0,0,-66,-67,0,0,-81,-81,-68,0,-65,-66,-68,-64,-57,-56,0,0,-70,-69,-60,-61,-69,-69,-68,0,-65,-64,0,0,0,-74,-73,0,0,-85,-84,-80,-76,-81,-83,-43,-55
0,0,-66,-67,-67,-81,-82,-72,-79,-79,0,0,-66,-67,0,0,-81,-81,-68,0,-65,-66,-68,-64,-57,-56,0,0,-70,-69,-60,-61,-69,-69,-68,0,-65,-64,0,0,0,-74,-73,0,0,-85,-84,-80,-76,-81,-83,-43,-55
0,0,-66,-67,-67,-81,-82,-72,-79,-79,0,0,-66,-67,0,0,-81,-81,-68,0,-65,-66,-68,-64,-57,-56,0,0,-70,-69,-60,-61,-69,-69,-68,0,-65,-64,0,0,0,-74,-73,0,0,-85,-84,-80,-76,-81,-83,-43,-55
0,0,-66,-67,-67,-81,-82,-72,-79,-79,0,0,-66,-67,0,0,-81,-81,-68,0,-65,-66,-68,-64,-57,-56,0,0,-70,-69,-60,-61,-69,-69,-68,0,-65,-64,0,0,0,-74,-73,0,0,-85,-84,-80,-76,-81,-83,-43,-55
0,0,-67,-68,-67,0,0,-72,-79,-78,0,0,-66,-67,0,0,-77,-77,-68,-66,-67,-68,-62,-60,-57,-56,0,-64,-69,-69,-61,-57,-67,-68,-68,-69,-65,-64,0,0,0,-75,-76,0,0,-85,-84,0,0,-81,-82,-45,-52
0,0,-67,-68,-67,0,0,-72,-79,-78,0,0,-66,-67,0,0,-77,-77,-68,-66,-67,-68,-62,-60,-57,-56,0,-64,-69,-69,-61,-57,-67,-68,-68,-69,-65,-64,0,0,0,-75,-76,0,0,-85,-84,0,0,-81,-82,-45,-52
0,0,-67,-68,-67,0,0,-72,-79,-78,0,0,-66,-67,0,0,-77,-77,-68,-66,-67,-68,-62,-60,-57,-56,0,-64,-69,-69,-61,-57,-67,-68,-68,-69,-65,-64,0,0,0,-75,-76,0,0,-85,-84,0,0,-81,-82,-45,-52
0,0,-67,-68,-67,0,0,-72,-79,-78,0,0,-66,-67,0,0,-77,-77,-68,-66,-67,-68,-62,-60,-59,-56,0,-64,-69,-69,-61,-57,-67,-68,-68,-69,-65,-64,0,0,0,-75,-76,0,0,-85,-84,0,0,-81,-82,-45,-52
0,0,-67,-68,-67,0,0,-72,-79,-78,0,0,-66,-67,0,0,-77,-77,-68,-66,-67,-68,-62,-60,-59,-56,0,-64,-69,-69,-61,-57,-67,-68,-68,-69,-65,-64,0,0,0,-75,-76,0,0,-85,-84,0,0,-81,-82,-45,-52
-68,0,-65,-65,-67,0,0,0,-78,-78,0,0,-64,-64,0,0,-77,-77,0,-63,-67,-68,-62,-60,-61,-60,0,-64,-69,-69,-61,-57,-68,-68,-68,-69,-59,-59,0,0,0,-78,-78,0,0,-82,-84,0,0,-82,-82,-42,-56
-68,0,-65,-65,-67,0,0,0,-78,-78,0,0,-64,-64,0,0,-77,-77,0,-63,-67,-68,-62,-60,-61,-60,0,-64,-69,-69,-61,-57,-68,-68,-68,-69,-59,-59,0,0,0,-78,-78,0,0,-82,-84,0,0,-82,-82,-42,-56
-68,0,-65,-65,-67,0,0,0,-78,-78,0,0,-64,-64,0,0,-77,-77,0,-63,-67,-68,-62,-60,-61,-60,0,-64,-69,-69,-61,-57,-68,-68,-68,-69,-59,-59,0,0,0,-78,-78,0,0,-82,-84,0,0,-82,-82,-42,-56
-68,0,-65,-65,-67,0,0,0,-78,-78,0,0,-64,-64,0,0,-77,-77,0,-63,-67,-68,-62,-60,-59,-60,0,-64,-69,-69,-61,-57,-68,-68,-68,-69,-59,-59,0,0,0,-78,-78,0,0,-82,-84,0,0,-82,-82,-42,-56
-68,0,-65,-65,-67,0,0,0,-78,-78,0,0,-64,-64,0,0,-77,-77,0,-63,-67,-68,-62,-60,-59,-60,0,-64,-69,-69,-61,-57,-68,-68,-68,-69,-59,-59,0,0,0,-78,-78,0,0,-82,-84,0,0,-82,-82,-42,-56
-68,-61,-65,-65,-67,0,0,0,-79,-78,0,0,-67,-68,0,0,-75,-76,0,-63,-66,-64,-69,-65,-58,-58,-68,0,-70,-70,0,0,-69,-69,0,0,-63,-64,0,0,0,-78,-78,0,0,-82,-84,0,0,-82,-82,-42,-60
-68,-61,-65,-65,-67,0,0,0,-79,-78,0,0,-67,-68,0,0,-75,-76,0,-63,-66,-64,-69,-65,-59,-58,-68,0,-70,-70,0,0,-69,-69,0,0,-63,-64,0,0,0,-78,-78,0,0,-82,-84,0,0,-82,-82,-42,-60
-68,-61,-65,-65,-67,0,0,0,-79,-78,0,0,-67,-68,0,0,-75,-76,0,-63,-66,-64,-69,-65,-59,-58,-68,0,-70,-70,0,0,-69,-69,0,0,-63,-64,0,0,0,-78,-78,0,0,-82,-84,0,0,-82,-82,-42,-60
-68,-61,-65,-65,-67,0,0,0,-79,-78,0,0,-67,-68,0,0,-75,-76,0,-63,-66,-64,-69,-65,-59,-58,-68,0,-70,-70,0,0,-69,-69,0,0,-63,-64,0,0,0,-78,-78,0,0,-82,-84,0,0,-82,-82,-42,-60
-68,-61,-65,-65,-67,0,0,0,-79,-78,0,0,-67,-68,0,0,-75,-76,0,-63,-66,-64,-69,-65,-59,-58,-68,0,-70,-70,0,0,-69,-69,0,0,-63,-64,0,0,0,-78,-78,0,0,-82,-84,0,0,-82,-82,-42,-60
0,-61,-68,-67,0,0,0,0,-78,-78,0,0,-67,-67,0,0,-79,-78,0,0,-71,-71,-69,-65,-58,-59,-68,0,-68,-69,-60,-59,-69,-69,-69,0,-67,-68,0,0,0,-78,-77,0,0,-82,-85,0,-77,-80,-82,-45,-56
0,-61,-68,-67,0,0,0,0,-78,-78,0,0,-67,-67,0,0,-79,-78,0,0,-71,-71,-69,-65,-59,-59,-68,0,-68,-69,-60,-59,-69,-69,-69,0,-67,-68,0,0,0,-78,-77,0,0,-82,-85,0,-77,-80,-82,-45,-56
0,-61,-68,-67,0,0,0,0,-78,-78,0,0,-67,-67,0,0,-79,-78,0,0,-71,-71,-69,-65,-59,-59,-68,0,-68,-69,-60,-59,-69,-69,-69,0,-67,-68,0,0,0,-78,-77,0,0,-82,-85,0,-77,-80,-82,-45,-56
0,-61,-68,-67,0,0,0,0,-78,-78,0,0,-67,-67,0,0,-79,-78,0,0,-71,-71,-69,-65,-59,-59,-68,0,-68,-69,-60,-59,-69,-69,-69,0,-67,-68,0,0,0,-78,-77,0,0,-82,-85,0,-77,-80,-82,-45,-56
0,-61,-68,-67,0,0,0,0,-78,-78,0,0,-67,-67,0,0,-79,-78,0,0,-71,-71,-69,-65,-58,-59,-68,0,-68,-69,-60,-59,-69,-69,-69,0,-67,-68,0,0,0,-78,-77,0,0,-82,-85,0,-77,-80,-82,-45,-56
0,0,-67,-67,0,0,0,0,-78,-78,0,0,-67,-67,0,0,-77,-77,0,0,-64,-64,0,0,-58,-58,0,0,-72,-73,-60,-59,-69,-70,-69,0,-67,-68,0,0,0,-78,-77,0,0,0,-85,0,-77,-81,-83,-42,-58
0,0,-67,-67,0,0,0,0,-78,-78,0,0,-67,-67,0,0,-77,-77,0,0,-64,-64,0,0,-59,-58,0,0,-72,-73,-60,-59,-69,-70,-69,0,-67,-68,0,0,0,-78,-77,0,0,0,-85,0,-77,-81,-83,-42,-58
0,0,-67,-67,0,0,0,0,-78,-78,0,0,-67,-67,0,0,-77,-77,0,0,-64,-64,0,0,-59,-58,0,0,-72,-73,-60,-59,-69,-70,-69,0,-67,-68,0,0,0,-78,-77,0,0,0,-85,0,-77,-81,-83,-42,-58
0,0,-67,-67,0,0,0,0,-78,-78,0,0,-67,-67,0,0,-77,-77,0,0,-64,-64,0,0,-59,-58,0,0,-72,-73,-60,-59,-69,-70,-69,0,-67,-68,0,0,0,-78,-77,0,0,0,-85,0,-77,-81,-83,-42,-58
0,0,-67,-67,0,0,0,0,-78,-78,0,0,-67,-67,0,0,-77,-77,0,0,-64,-64,0,0,-59,-58,0,0,-72,-73,-60,-59,-69,-70,-69,0,-67,-68,0,0,0,-78,-77,0,0,0,-85,0,-77,-81,-83,-42,-58
-67,-62,-67,-67,0,0,0,0,-78,-80,0,0,-64,-64,0,0,-81,-81,0,-64,-66,-68,0,0,-58,-58,0,0,-72,-73,0,-62,-68,-70,0,0,-67,-60,0,0,0,-77,-77,0,0,-84,-84,0,0,-81,-82,-43,-57
-67,-62,-67,-67,0,0,0,0,-78,-80,0,0,-64,-64,0,0,-81,-81,0,-64,-66,-68,0,0,-58,-58,0,0,-72,-73,0,-62,-68,-70,0,0,-67,-60,0,0,0,-77,-77,0,0,-84,-84,0,0,-81,-82,-43,-57
-67,-62,-67,-67,0,0,0,0,-78,-80,0,0,-64,-64,0,0,-81,-81,0,-64,-66,-68,0,0,-59,-58,0,0,-72,-73,0,-62,-68,-70,0,0,-67,-60,0,0,0,-77,-77,0,0,-84,-84,0,0,-81,-82,-43,-57
-67,-62,-67,-67,0,0,0,0,-78,-80,0,0,-64,-64,0,0,-81,-81,0,-64,-66,-68,0,0,-59,-58,0,0,-72,-73,0,-62,-68,-70,0,0,-67,-60,0,0,0,-77,-77,0,0,-84,-84,0,0,-81,-82,-43,-57
-67,-62,-67,-67,0,0,0,0,-78,-80,0,0,-64,-64,0,0,-81,-81,0,-64,-66,-68,0,0,-59,-58,0,0,-72,-73,0,-62,-68,-70,0,0,-67,-60,0,0,0,-77,-77,0,0,-84,-84,0,0,-81,-82,-43,-57
-67,-62,-67,-67,0,0,0,0,-78,-80,0,0,-64,-64,0,0,-80,-81,0,-64,-66,-66,0,0,-58,-57,0,0,-73,-72,0,-62,-68,0,-69,-66,0,-66,0,0,0,-76,-77,0,0,-84,-84,0,0,-83,-83,-42,-58
-67,-62,-67,-67,0,0,0,0,-78,-80,0,0,-64,-64,0,0,-80,-81,0,-64,-66,-66,0,0,-58,-57,0,0,-73,-72,0,-62,-68,0,-69,-66,0,-66,0,0,0,-76,-77,0,0,-84,-84,0,0,-83,-83,-42,-58
-64,-60,-68,-68,-68,0,0,0,-78,-79,0,-69,-66,-66,0,0,-80,-81,0,0,-66,-66,0,0,-58,-60,0,0,-71,-71,0,0,-67,0,-69,-66,-65,-66,0,0,0,-76,-77,0,0,0,0,0,0,-82,-83,-44,-59
-64,-60,-68,-68,-68,0,0,0,-78,-79,0,-69,-66,-66,0,0,-80,-81,0,0,-66,-66,0,0,-58,-60,0,0,-71,-71,0,0,-67,0,-69,-66,-65,-66,0,0,0,-76,-77,0,0,0,0,0,0,-82,-83,-44,-59
-64,-60,-68,-68,-68,0,0,0,-78,-79,0,-69,-66,-66,0,0,-80,-81,0,0,-66,-66,0,0,-59,-60,0,0,-71,-71,0,0,-67,0,-69,-66,-65,-66,0,0,0,-76,-77,0,0,0,0,0,0,-82,-83,-44,-59
-64,-60,-68,-68,-68,0,0,0,-78,-79,0,-69,-66,-66,0,0,-80,-81,0,0,-66,-66,0,0,-59,-60,0,0,-71,-71,0,0,-67,0,-69,-66,-65,-66,0,0,0,-76,-77,0,0,0,0,0,0,-82,-83,-44,-59
-64,-60,-68,-68,-68,0,0,0,-78,-79,0,-69,-66,-66,0,0,-80,-81,0,0,-66,-66,0,0,-59,-60,0,0,-71,-71,0,0,-67,0,-69,-66,-65,-66,0,0,0,-76,-77,0,0,0,0,0,0,-82,-83,-44,-59
-64,-60,-74,-73,-70,0,-83,0,-82,-79,0,-69,-74,-74,0,0,-80,-81,0,-66,-67,-66,-57,-54,-59,-60,0,0,-78,-78,0,0,-73,-75,-71,0,-65,-72,0,0,0,-80,-80,0,0,0,0,0,0,-82,-83,-43,-61
-64,-60,-74,-73,-70,0,-83,0,-82,-79,0,-69,-74,-74,0,0,-80,-81,0,-66,-67,-66,-57,-54,-59,-60,0,0,-78,-78,0,0,-73,-75,-71,0,-65,-72,0,0,0,-80,-80,0,0,0,0,0,0,-82,-83,-43,-61
-64,-60,-74,-73,-70,0,-83,0,-82,-79,0,-69,-74,-74,0,0,-80,-81,0,-66,-67,-66,-57,-54,-59,-60,0,0,-78,-78,0,0,-73,-75,-71,0,-65,-72,0,0,0,-80,-80,0,0,0,0,0,0,-82,-83,-43,-61
-64,-60,-74,-73,-70,0,-83,0,-82,-79,0,-69,-74,-74,0,0,-80,-81,0,-66,-67,-66,-57,-54,-56,-60,0,0,-78,-78,0,0,-73,-75,-71,0,-65,-72,0,0,0,-80,-80,0,0,0,0,0,0,-82,-83,-43,-61
-64,-60,-74,-73,-70,0,-83,0,-82,-79,0,-69,-74,-74,0,0,-80,-81,0,-66,-67,-66,-57,-54,-56,-60,0,0,-78,-78,0,0,-73,-75,-71,0,-65,-72,0,0,0,-80,-80,0,0,0,0,0,0,-82,-83,-43,-61
0,0,-67,-68,-70,0,-83,0,-78,-78,0,0,-70,-70,0,0,-76,-77,0,-69,-67,-67,-61,-58,-53,-55,0,0,-73,-78,-68,0,-71,-71,-71,0,0,-68,0,0,0,-78,-78,-80,-79,-80,-80,0,0,-80,-80,-39,-55
0,0,-67,-68,-70,0,-83,0,-78,-78,0,0,-70,-70,0,0,-76,-77,0,-69,-67,-67,-61,-58,-53,-55,0,0,-73,-78,-68,0,-71,-71,-71,0,0,-68,0,0,0,-78,-78,-80,-79,-80,-80,0,0,-80,-80,-39,-55
0,0,-67,-68,-70,0,-83,0,-78,-78,0,0,-70,-70,0,0,-76,-77,0,-69,-67,-67,-61,-58,-53,-55,0,0,-73,-78,-68,0,-71,-71,-71,0,0,-68,0,0,0,-78,-78,-80,-79,-80,-80,0,0,-80,-80,-39,-55
0,0,-67,-68,-70,0,-83,0,-78,-78,0,0,-70,-70,0,0,-76,-77,0,-69,-67,-67,-61,-58,-53,-55,0,0,-73,-78,-68,0,-71,-71,-71,0,0,-68,0,0,0,-78,-78,-80,-79,-80,-80,0,0,-80,-80,-39,-55
0,0,-67,-68,-70,0,-83,0,-78,-78,0,0,-70,-70,0,0,-76,-77,0,-69,-67,-67,-61,-58,-53,-55,0,0,-73,-78,-68,0,-71,-71,-71,0,0,-68,0,0,0,-78,-78,-80,-79,-80,-80,0,0,-80,-80,-39,-55
0,0,-69,-69,0,0,0,0,-77,-78,0,0,-70,-70,0,0,-78,-78,0,-69,-67,-68,-61,-60,-53,-53,0,0,-74,-75,-68,-62,-69,-70,-71,-69,0,-67,0,0,0,-80,-78,-83,-82,-80,-80,0,0,-79,-79,-40,-50
0,0,-69,-69,0,0,0,0,-77,-78,0,0,-70,-70,0,0,-78,-78,0,-69,-67,-68,-61,-60,-53,-53,0,0,-74,-75,-68,-62,-69,-70,-71,-69,0,-67,0,0,0,-80,-78,-83,-82,-80,-80,0,0,-79,-79,-40,-50
0,0,-69,-69,0,0,0,0,-77,-78,0,0,-70,-70,0,0,-78,-78,0,-69,-67,-68,-61,-60,-53,-53,0,0,-74,-75,-68,-62,-69,-70,-71,-69,0,-67,0,0,0,-80,-78,-83,-82,-80,-80,0,0,-79,-79,-40,-50
0,0,-69,-69,0,0,0,0,-77,-78,0,0,-70,-70,0,0,-78,-78,0,-69,-67,-68,-61,-60,-53,-53,0,0,-74,-75,-68,-62,-69,-70,-71,-69,0,-67,0,0,0,-80,-78,-83,-82,-80,-80,0,0,-79,-79,-40,-50
0,0,-69,-69,0,0,0,0,-77,-78,0,0,-70,-70,0,0,-78,-78,0,-69,-67,-68,-61,-60,-53,-53,0,0,-74,-75,-68,-62,-69,-70,-71,-69,0,-67,0,0,0,-80,-78,-83,-82,-80,-80,0,0,-79,-79,-40,-50
0,0,-69,-70,-79,0,0,0,-78,-79,0,0,-68,-69,0,0,-78,-78,0,-70,-67,-68,-63,-61,-53,-53,0,0,-74,-75,0,-62,-69,-69,-71,-69,0,-67,0,0,0,-78,-78,-83,-82,-81,-80,0,0,-80,-79,-41,-51
0,0,-69,-70,-79,0,0,0,-78,-79,0,0,-68,-69,0,0,-78,-78,0,-70,-67,-68,-63,-61,-54,-53,0,0,-74,-75,0,-62,-69,-69,-71,-69,0,-67,0,0,0,-78,-78,-83,-82,-81,-80,0,0,-80,-79,-41,-51
0,0,-69,-70,-79,0,0,0,-78,-79,0,0,-68,-69,0,0,-78,-78,0,-70,-67,-68,-63,-61,-54,-53,0,0,-74,-75,0,-62,-69,-69,-71,-69,0,-67,0,0,0,-78,-78,-83,-82,-81,-80,0,0,-80,-79,-41,-51
0,0,-69,-70,-79,0,0,0,-78,-79,0,0,-68,-69,0,0,-78,-78,0,-70,-67,-68,-63,-61,-54,-53,0,0,-74,-75,0,-62,-69,-69,-71,-69,0,-67,0,0,0,-78,-78,-83,-82,-81,-80,0,0,-80,-79,-41,-51
0,0,-69,-70,-79,0,0,0,-78,-79,0,0,-68,-69,0,0,-78,-78,0,-70,-67,-68,-63,-61,-54,-53,0,0,-74,-75,0,-62,-69,-69,-71,-69,0,-67,0,0,0,-78,-78,-83,-82,-81,-80,0,0,-80,-79,-41,-51
0,0,-68,-68,-72,0,0,0,-81,-80,-75,-69,-68,-69,0,0,-79,-79,-70,-68,-70,-68,-62,-60,-53,-53,0,0,-74,-74,0,0,-69,-69,0,0,-66,-67,0,0,0,-77,-78,-82,-84,-80,-79,-76,-69,-79,-79,-41,-49
0,0,-68,-68,-72,0,0,0,-81,-80,-75,-69,-68,-69,0,0,-79,-79,-70,-68,-70,-68,-62,-60,-53,-53,0,0,-74,-74,0,0,-69,-69,0,0,-66,-67,0,0,0,-77,-78,-82,-84,-80,-79,-76,-69,-79,-79,-41,-49
0,0,-68,-68,-72,0,0,0,-81,-80,-75,-69,-68,-69,0,0,-79,-79,-70,-68,-70,-68,-62,-60,-53,-53,0,0,-74,-74,0,0,-69,-69,0,0,-66,-67,0,0,0,-77,-78,-82,-84,-80,-79,-76,-69,-79,-79,-41,-49
0,0,-68,-68,-72,0,0,0,-81,-80,-75,-69,-68,-69,0,0,-79,-79,-70,-68,-70,-68,-62,-60,-53,-53,0,0,-74,-74,0,0,-69,-69,0,0,-66,-67,0,0,0,-77,-78,-82,-84,-80,-79,-76,-69,-79,-79,-41,-49
0,0,-68,-68,-72,0,0,0,-81,-80,-75,-69,-68,-69,0,0,-79,-79,-70,-68,-70,-68,-62,-60,-53,-53,0,0,-74,-74,0,0,-69,-69,0,0,-66,-67,0,0,0,-77,-78,-82,-84,-80,-79,-76,-69,-79,-79,-41,-49
0,0,-68,-68,-72,0,0,0,-77,-77,-75,-69,-69,-69,0,0,-77,-78,-70,-68,-70,-67,-59,-58,-52,-53,0,0,-74,-74,0,0,-69,-69,0,0,-66,-67,0,0,0,-80,-78,-82,-82,-80,-79,-76,-69,-79,-79,-40,-50
0,0,-68,-68,-72,0,0,0,-77,-77,-75,-69,-69,-69,0,0,-77,-78,-70,-68,-70,-67,-59,-58,-52,-53,0,0,-74,-74,0,0,-69,-69,0,0,-66,-67,0,0,0,-80,-78,-82,-82,-80,-79,-76,-69,-79,-79,-40,-50
0,0,-68,-68,-72,0,0,0,-77,-77,-75,-69,-69,-69,0,0,-77,-78,-70,-68,-70,-67,-59,-58,-52,-53,0,0,-74,-74,0,0,-69,-69,0,0,-66,-67,0,0,0,-80,-78,-82,-82,-80,-79,-76,-69,-79,-79,-40,-50
0,0,-68,-68,-72,0,0,0,-77,-77,-75,-69,-69,-69,0,0,-77,-78,-70,-68,-70,-67,-59,-58,-52,-53,0,0,-74,-74,0,0,-69,-69,0,0,-66,-67,0,0,0,-80,-78,-82,-82,-80,-79,-76,-69,-79,-79,-40,-50
0,0,-68,-68,-72,0,0,0,-77,-77,-75,-69,-69,-69,0,0,-77,-78,-70,-68,-70,-67,-59,-58,-53,-53,0,0,-74,-74,0,0,-69,-69,0,0,-66,-67,0,0,0,-80,-78,-82,-82,-80,-79,-76,-69,-79,-79,-40,-50
0,0,-72,-72,-71,0,0,0,-77,-77,0,0,-70,-70,0,0,-77,-78,0,0,-68,-67,-59,-58,-54,-53,0,-79,-74,0,0,0,-72,-73,0,0,0,-67,0,0,0,-76,-77,-82,-82,-80,-79,0,0,-79,-78,-40,-49
0,0,-72,-72,-71,0,0,0,-77,-77,0,0,-70,-70,0,0,-77,-78,0,0,-68,-67,-59,-58,-54,-53,0,-79,-74,0,0,0,-72,-73,0,0,0,-67,0,0,0,-76,-77,-82,-82,-80,-79,0,0,-79,-78,-40,-49
0,0,-72,-72,-71,0,0,0,-77,-77,0,0,-70,-70,0,0,-77,-78,0,0,-68,-67,-59,-58,-56,-53,0,-79,-74,0,0,0,-72,-73,0,0,0,-67,0,0,0,-76,-77,-82,-82,-80,-79,0,0,-79,-78,-40,-49
0,0,-72,-72,-71,0,0,0,-77,-77,0,0,-70,-70,0,0,-77,-78,0,0,-68,-67,-59,-58,-56,-53,0,-79,-74,0,0,0,-72,-73,0,0,0,-67,0,0,0,-76,-77,-82,-82,-80,-79,0,0,-79,-78,-40,-49
0,0,-72,-72,-71,0,0,0,-77,-77,0,0,-70,-70,0,0,-77,-78,0,0,-68,-67,-59,-58,-56,-53,0,-79,-74,0,0,0,-72,-73,0,0,0,-67,0,0,0,-76,-77,-82,-82,-80,-79,0,0,-79,-78,-40,-49
0,0,-78,-78,-71,0,0,0,-82,-77,-70,-68,-76,-76,0,0,-77,-78,0,0,-75,-77,-59,-56,-62,-62,0,-79,-76,0,0,0,-72,-73,0,0,0,-71,0,0,0,-76,-77,-83,-84,0,-83,0,0,-79,-78,-40,-52
0,0,-78,-78,-71,0,0,0,-82,-77,-70,-68,-76,-76,0,0,-77,-78,0,0,-75,-77,-59,-56,-62,-62,0,-79,-76,0,0,0,-72,-73,0,0,0,-71,0,0,0,-76,-77,-83,-84,0,-83,0,0,-79,-78,-40,-52
0,0,-78,-78,-71,0,0,0,-82,-77,-70,-68,-76,-76,0,0,-77,-78,0,0,-75,-77,-59,-56,-62,-62,0,-79,-76,0,0,0,-72,-73,0,0,0,-71,0,0,0,-76,-77,-83,-84,0,-83,0,0,-79,-78,-40,-52
0,0,-78,-78,-71,0,0,0,-82,-77,-70,-68,-76,-76,0,0,-77,-78,0,0,-75,-77,-59,-56,-62,-62,0,-79,-76,0,0,0,-72,-73,0,0,0,-71,0,0,0,-76,-77,-83,-84,0,-83,0,0,-79,-78,-40,-52
0,0,-78,-78,-71,0,0,0,-82,-77,-70,-68,-76,-76,0,0,-77,-78,0,0,-75,-77,-59,-56,-62,-62,0,-79,-76,0,0,0,-72,-73,0,0,0,-71,0,0,0,-76,-77,-83,-84,0,-83,0,0,-79,-78,-40,-52
0,0,-77,-75,0,0,0,-77,-80,-81,-70,-68,-78,-76,0,0,-83,0,0,0,-77,-77,-62,-59,-62,-62,0,0,-80,-84,0,-65,-73,-73,-74,0,0,-71,0,0,0,0,0,-83,-84,0,-83,0,-75,-82,-82,-44,-60
0,0,-77,-75,0,0,0,-77,-80,-81,-70,-68,-78,-76,0,0,-83,0,0,0,-77,-77,-62,-59,-62,-62,0,0,-80,-84,0,-65,-73,-73,-74,0,0,-71,0,0,0,0,0,-83,-84,0,-83,0,-75,-82,-82,-44,-60
0,0,-77,-75,0,0,0,-77,-80,-81,-70,-68,-78,-76,0,0,-83,0,0,0,-77,-77,-62,-59,-63,-62,0,0,-80,-84,0,-65,-73,-73,-74,0,0,-71,0,0,0,0,0,-83,-84,0,-83,0,-75,-82,-82,-44,-60
0,0,-77,-75,0,0,0,-77,-80,-81,-70,-68,-78,-76,0,0,-83,0,0,0,-77,-77,-62,-59,-63,-62,0,0,-80,-84,0,-65,-73,-73,-74,0,0,-71,0,0,0,0,0,-83,-84,0,-83,0,-75,-82,-82,-44,-60
0,0,-77,-75,0,0,0,-77,-80,-81,-70,-68,-78,-76,0,0,-83,0,0,0,-77,-77,-62,-59,-63,-62,0,0,-80,-84,0,-65,-73,-73,-74,0,0,-71,0,0,0,0,0,-83,-84,0,-83,0,-75,-82,-82,-44,-60
0,0,-76,-75,0,0,0,-77,-82,-82,0,0,-78,-78,0,0,-83,0,0,-78,-77,-77,-62,-60,-63,-62,0,0,-83,-83,0,-65,-74,-74,-74,-68,-73,-74,0,0,0,0,0,0,0,0,0,0,-75,-82,-82,-48,-63
0,0,-76,-75,0,0,0,-77,-82,-82,0,0,-78,-78,0,0,-83,0,0,-78,-77,-77,-62,-60,-63,-62,0,0,-83,-83,0,-65,-74,-74,-74,-68,-73,-74,0,0,0,0,0,0,0,0,0,0,-75,-82,-82,-48,-63
0,0,-76,-75,0,0,0,-77,-82,-82,0,0,-78,-78,0,0,-83,0,0,-78,-77,-77,-62,-60,-63,-62,0,0,-83,-83,0,-65,-74,-74,-74,-68,-73,-74,0,0,0,0,0,0,0,0,0,0,-75,-82,-82,-48,-63
0,0,-76,-75,0,0,0,-77,-82,-82,0,0,-78,-78,0,0,-83,0,0,-78,-77,-77,-62,-60,-63,-62,0,0,-83,-83,0,-65,-74,-74,-74,-68,-73,-74,0,0,0,0,0,0,0,0,0,0,-75,-82,-82,-48,-63
0,0,-76,-75,0,0,0,-77,-82,-82,0,0,-78,-78,0,0,-83,0,0,-78,-77,-77,-62,-60,-63,-62,0,0,-83,-83,0,-65,-74,-74,-74,-68,-73,-74,0,0,0,0,0,0,0,0,0,0,-75,-82,-82,-48,-63
0,0,-76,-76,0,0,0,0,-82,-81,0,0,-78,-78,0,0,0,0,0,-78,-73,-74,-62,-60,-63,-63,0,0,-83,-83,0,-66,-70,-74,0,-69,-73,-74,0,0,0,0,0,0,0,0,0,0,0,-83,-82,-45,-63
0,0,-76,-76,0,0,0,0,-82,-81,0,0,-78,-78,0,0,0,0,0,-78,-73,-74,-62,-60,-62,-63,0,0,-83,-83,0,-66,-70,-74,0,-69,-73,-74,0,0,0,0,0,0,0,0,0,0,0,-83,-82,-45,-63
0,0,-74,-74,-75,0,0,0,-82,-82,0,0,-72,-72,0,0,-78,-79,0,0,-69,-69,-65,-62,-54,-59,0,-78,-80,-82,-72,-67,-72,-73,0,-69,-69,-69,0,0,0,-77,-76,0,0,0,0,0,-78,-83,-84,-53,-59
0,0,-74,-74,-75,0,0,0,-82,-82,0,0,-72,-72,0,0,-78,-79,0,0,-69,-69,-65,-62,-54,-59,0,-78,-80,-82,-72,-67,-72,-73,0,-69,-69,-69,0,0,0,-77,-76,0,0,0,0,0,-78,-83,-84,-53,-59
0,0,-74,-74,-75,0,0,0,-82,-82,0,0,-72,-72,0,0,-78,-79,0,0,-69,-69,-65,-62,-54,-59,0,-78,-80,-82,-72,-67,-72,-73,0,-69,-69,-69,0,0,0,-77,-76,0,0,0,0,0,-78,-83,-84,-53,-59
0,0,-74,-74,-75,0,0,0,-82,-82,0,0,-72,-72,0,0,-78,-79,0,0,-69,-69,-65,-62,-59,-59,0,-78,-80,-82,-72,-67,-72,-73,0,-69,-69,-69,0,0,0,-77,-76,0,0,0,0,0,-78,-83,-84,-53,-59
0,0,-74,-74,-75,0,0,0,-82,-82,0,0,-72,-72,0,0,-78,-79,0,0,-69,-69,-65,-62,-59,-59,0,-78,-80,-82,-72,-67,-72,-73,0,-69,-69,-69,0,0,0,-77,-76,0,0,0,0,0,-78,-83,-84,-53,-59
0,0,-76,-76,-75,0,0,0,-82,-82,-73,-71,-70,-70,0,0,-78,-79,0,0,-69,-69,-63,-61,-62,-62,0,-78,-76,-77,-72,-67,-68,-69,-72,0,-61,-61,0,0,0,-78,-77,0,0,0,0,0,-78,-84,-84,-46,-60
0,0,-76,-76,-75,0,0,0,-82,-82,-73,-71,-70,-70,0,0,-78,-79,0,0,-69,-69,-63,-61,-58,-62,0,-78,-76,-77,-72,-67,-68,-69,-72,0,-61,-61,0,0,0,-78,-77,0,0,0,0,0,-78,-84,-84,-46,-60
0,0,-76,-76,-75,0,0,0,-82,-82,-73,-71,-70,-70,0,0,-78,-79,0,0,-69,-69,-63,-61,-58,-62,0,-78,-76,-77,-72,-67,-68,-69,-72,0,-61,-61,0,0,0,-78,-77,0,0,0,0,0,-78,-84,-84,-46,-60
0,0,-76,-76,-75,0,0,0,-82,-82,-73,-71,-70,-70,0,0,-78,-79,0,0,-69,-69,-63,-61,-64,-62,0,-78,-76,-77,-72,-67,-68,-69,-72,0,-61,-61,0,0,0,-78,-77,0,0,0,0,0,-78,-84,-84,-46,-60
0,0,-76,-76,-75,0,0,0,-82,-82,-73,-71,-70,-70,0,0,-78,-79,0,0,-69,-69,-63,-61,-64,-62,0,-78,-76,-77,-72,-67,-68,-69,-72,0,-61,-61,0,0,0,-78,-77,0,0,0,0,0,-78,-84,-84,-46,-60
0,0,-80,-80,0,0,0,0,0,0,-76,-75,-76,-76,0,0,0,0,0,0,0,0,-66,-63,-68,-69,0,0,-84,-82,0,0,-79,-78,-72,-71,-68,-68,0,0,0,-78,-77,0,0,0,0,0,0,-84,-84,-45,-66
0,0,-80,-80,0,0,0,0,0,0,-76,-75,-76,-76,0,0,0,0,0,0,0,0,-66,-63,-68,-69,0,0,-84,-82,0,0,-79,-78,-72,-71,-68,-68,0,0,0,-78,-77,0,0,0,0,0,0,-84,-84,-45,-66
0,0,-80,-80,0,0,0,0,0,0,-76,-75,-76,-76,0,0,0,0,0,0,0,0,-66,-63,-68,-69,0,0,-84,-82,0,0,-79,-78,-72,-71,-68,-68,0,0,0,-78,-77,0,0,0,0,0,0,-84,-84,-45,-66
0,0,-80,-80,0,0,0,0,0,0,-76,-75,-76,-76,0,0,0,0,0,0,0,0,-66,-63,-68,-69,0,0,-84,-82,0,0,-79,-78,-72,-71,-68,-68,0,0,0,-78,-77,0,0,0,0,0,0,-84,-84,-45,-66
0,0,-80,-80,0,0,0,0,0,0,-76,-75,-76,-76,0,0,0,0,0,0,0,0,-66,-63,-61,-69,0,0,-84,-82,0,0,-79,-78,-72,-71,-68,-68,0,0,0,-78,-77,0,0,0,0,0,0,-84,-84,-45,-66
0,0,-70,-70,-71,0,0,0,-79,-78,-72,-75,-64,-66,0,0,-81,0,0,0,-79,-81,-64,-61,-57,-58,-76,0,-72,-73,0,0,-70,-70,-64,-71,-57,-58,0,0,0,-80,-82,0,0,0,0,0,-73,-79,-79,-34,-62
0,0,-70,-70,-71,0,0,0,-79,-78,-72,-75,-64,-66,0,0,-81,0,0,0,-79,-81,-64,-61,-56,-58,-76,0,-72,-73,0,0,-70,-70,-64,-71,-57,-58,0,0,0,-80,-82,0,0,0,0,0,-73,-79,-79,-34,-62
0,0,-70,-70,-71,0,0,0,-79,-78,-72,-75,-64,-66,0,0,-81,0,0,0,-79,-81,-64,-61,-56,-58,-76,0,-72,-73,0,0,-70,-70,-64,-71,-57,-58,0,0,0,-80,-82,0,0,0,0,0,-73,-79,-79,-34,-62
0,0,-70,-70,-71,0,0,0,-79,-78,-72,-75,-64,-66,0,0,-81,0,0,0,-79,-81,-64,-61,-56,-58,-76,0,-72,-73,0,0,-70,-70,-64,-71,-57,-58,0,0,0,-80,-82,0,0,0,0,0,-73,-79,-79,-34,-62
0,0,-70,-70,-71,0,0,0,-79,-78,-72,-75,-64,-66,0,0,-81,0,0,0,-79,-81,-64,-61,-57,-58,-76,0,-72,-73,0,0,-70,-70,-64,-71,-57,-58,0,0,0,-80,-82,0,0,0,0,0,-73,-79,-79,-34,-62
0,0,-68,-68,-71,0,0,0,-78,-78,-72,0,-64,-64,0,0,-82,-82,0,0,-75,-76,-64,-62,-57,-64,-76,0,-72,-73,0,0,-68,-68,-64,0,-55,-55,0,0,0,-76,-78,0,0,0,0,0,-73,-79,-79,-38,-60
0,0,-68,-68,-71,0,0,0,-78,-78,-72,0,-64,-64,0,0,-82,-82,0,0,-75,-76,-64,-62,-57,-64,-76,0,-72,-73,0,0,-68,-68,-64,0,-55,-55,0,0,0,-76,-78,0,0,0,0,0,-73,-79,-79,-38,-60
0,0,-68,-68,-71,0,0,0,-78,-78,-72,0,-64,-64,0,0,-82,-82,0,0,-75,-76,-64,-62,-55,-64,-76,0,-72,-73,0,0,-68,-68,-64,0,-55,-55,0,0,0,-76,-78,0,0,0,0,0,-73,-79,-79,-38,-60
0,0,-68,-68,-71,0,0,0,-78,-78,-72,0,-64,-64,0,0,-82,-82,0,0,-75,-76,-64,-62,-55,-64,-76,0,-72,-73,0,0,-68,-68,-64,0,-55,-55,0,0,0,-76,-78,0,0,0,0,0,-73,-79,-79,-38,-60
0,0,-68,-68,-71,0,0,0,-78,-78,-72,0,-64,-64,0,0,-82,-82,0,0,-75,-76,-64,-62,-53,-64,-76,0,-72,-73,0,0,-68,-68,-64,0,-55,-55,0,0,0,-76,-78,0,0,0,0,0,-73,-79,-79,-38,-60
0,-67,-64,-64,-70,0,0,0,-78,-79,0,0,-65,-64,0,0,-80,-80,0,0,-75,-76,-66,-64,-54,-55,0,0,-72,-73,-67,0,-68,-68,-63,0,-55,-55,0,0,0,-76,-76,0,0,0,0,-79,-74,-78,-79,-37,-63
0,-67,-64,-64,-70,0,0,0,-78,-79,0,0,-65,-64,0,0,-80,-80,0,0,-75,-76,-66,-64,-54,-55,0,0,-72,-73,-67,0,-68,-68,-63,0,-55,-55,0,0,0,-76,-76,0,0,0,0,-79,-74,-78,-79,-37,-63
0,-67,-64,-64,-70,0,0,0,-78,-79,0,0,-65,-64,0,0,-80,-80,0,0,-75,-76,-66,-64,-54,-55,0,0,-72,-73,-67,0,-68,-68,-63,0,-55,-55,0,0,0,-76,-76,0,0,0,0,-79,-74,-78,-79,-37,-63
0,-67,-64,-64,-70,0,0,0,-78,-79,0,0,-65,-64,0,0,-80,-80,0,0,-75,-76,-66,-64,-54,-55,0,0,-72,-73,-67,0,-68,-68,-63,0,-55,-55,0,0,0,-76,-76,0,0,0,0,-79,-74,-78,-79,-37,-63
0,-67,-64,-64,-70,0,0,0,-78,-79,0,0,-65,-64,0,0,-80,-80,0,0,-75,-76,-66,-64,-54,-55,0,0,-72,-73,-67,0,-68,-68,-63,0,-55,-55,0,0,0,-76,-76,0,0,0,0,-79,-74,-78,-79,-37,-63
0,-67,-64,-64,-70,0,0,0,-78,-79,0,0,-65,-64,0,0,-80,-80,0,0,-75,-76,-66,-64,-55,-55,0,0,-72,-73,-67,0,-68,-68,-63,0,-55,-55,0,0,0,-76,-76,0,0,0,0,-79,-74,-78,-79,-37,-63
0,-67,-70,-70,-71,0,0,0,-79,-80,0,0,-65,-66,0,0,-80,-80,0,0,0,0,-68,-68,-55,-55,0,0,-74,-74,-67,-62,-68,-68,-61,-60,-55,-55,0,0,0,-79,-78,0,0,0,0,-79,-74,-82,-81,-33,-61
0,-67,-70,-70,-71,0,0,0,-79,-80,0,0,-65,-66,0,0,-80,-80,0,0,0,0,-68,-68,-55,-55,0,0,-74,-74,-67,-62,-68,-68,-61,-60,-55,-55,0,0,0,-79,-78,0,0,0,0,-79,-74,-82,-81,-33,-61
0,-67,-70,-70,-71,0,0,0,-79,-80,0,0,-65,-66,0,0,-80,-80,0,0,0,0,-68,-68,-55,-55,0,0,-74,-74,-67,-62,-68,-68,-61,-60,-55,-55,0,0,0,-79,-78,0,0,0,0,-79,-74,-82,-81,-33,-61
0,-67,-70,-70,-71,0,0,0,-79,-80,0,0,-65,-66,0,0,-80,-80,0,0,0,0,-68,-68,-55,-55,0,0,-74,-74,-67,-62,-68,-68,-61,-60,-55,-55,0,0,0,-79,-78,0,0,0,0,-79,-74,-82,-81,-33,-61
0,-67,-70,-70,-71,0,0,0,-79,-80,0,0,-65,-66,0,0,-80,-80,0,0,0,0,-68,-68,-55,-55,0,0,-74,-74,-67,-62,-68,-68,-61,-60,-55,-55,0,0,0,-79,-78,0,0,0,0,-79,-74,-82,-81,-33,-61
0,-65,-71,-71,-71,0,0,0,-82,-80,0,0,-66,-67,0,0,-82,-82,0,0,-78,-77,-68,-68,-55,-55,0,0,-74,-74,0,-68,-68,-68,-61,-61,-55,-55,0,0,0,-78,-77,0,0,0,0,0,0,-82,-81,-32,-61
0,-65,-71,-71,-71,0,0,0,-82,-80,0,0,-66,-67,0,0,-82,-82,0,0,-78,-77,-68,-68,-55,-55,0,0,-74,-74,0,-68,-68,-68,-61,-61,-55,-55,0,0,0,-78,-77,0,0,0,0,0,0,-82,-81,-32,-61
0,-65,-71,-71,-71,0,0,0,-82,-80,0,0,-66,-67,0,0,-82,-82,0,0,-78,-77,-68,-68,-55,-55,0,0,-74,-74,0,-68,-68,-68,-61,-61,-55,-55,0,0,0,-78,-77,0,0,0,0,0,0,-82,-81,-32,-61
0,-65,-71,-71,-71,0,0,0,-82,-80,0,0,-66,-67,0,0,-82,-82,0,0,-78,-77,-68,-68,-55,-55,0,0,-74,-74,0,-68,-68,-68,-61,-61,-55,-55,0,0,0,-78,-77,0,0,0,0,0,0,-82,-81,-32,-61
0,-65,-71,-71,-71,0,0,0,-82,-80,0,0,-66,-67,0,0,-82,-82,0,0,-78,-77,-68,-68,-55,-55,0,0,-74,-74,0,-68,-68,-68,-61,-61,-55,-55,0,0,0,-78,-77,0,0,0,0,0,0,-82,-81,-32,-61
0,-66,-71,-71,-71,0,0,0,-79,-80,0,0,-68,-68,0,0,-82,-82,0,0,-77,-76,-62,-60,-53,-54,0,0,-74,-74,0,-68,-68,-68,-61,-61,-55,-56,0,0,0,-80,-80,0,0,0,0,0,0,-80,-80,-28,-61
0,-66,-71,-71,-71,0,0,0,-79,-80,0,0,-68,-68,0,0,-82,-82,0,0,-77,-76,-62,-60,-53,-54,0,0,-74,-74,0,-68,-68,-68,-61,-61,-55,-56,0,0,0,-80,-80,0,0,0,0,0,0,-80,-80,-28,-61
0,-66,-71,-71,-71,0,0,0,-79,-80,0,0,-68,-68,0,0,-82,-82,0,0,-77,-76,-62,-60,-54,-54,0,0,-74,-74,0,-68,-68,-68,-61,-61,-55,-56,0,0,0,-80,-80,0,0,0,0,0,0,-80,-80,-28,-61
0,-66,-71,-71,-71,0,0,0,-79,-80,0,0,-68,-68,0,0,-82,-82,0,0,-77,-76,-62,-60,-54,-54,0,0,-74,-74,0,-68,-68,-68,-61,-61,-55,-56,0,0,0,-80,-80,0,0,0,0,0,0,-80,-80,-28,-61
0,-66,-71,-71,-71,0,0,0,-79,-80,0,0,-68,-68,0,0,-82,-82,0,0,-77,-76,-62,-60,-54,-54,0,0,-74,-74,0,-68,-68,-68,-61,-61,-55,-56,0,0,0,-80,-80,0,0,0,0,0,0,-80,-80,-28,-61
0,-66,-69,-70,-70,0,-81,0,-79,-80,0,0,-66,-65,0,0,-82,-82,0,0,-76,-76,-62,-61,-55,-54,-73,-75,-74,-74,0,0,-68,-68,-61,-61,-55,-56,0,0,0,-80,-79,0,0,0,0,0,0,-80,-81,-28,-62
0,-66,-69,-70,-70,0,-81,0,-79,-80,0,0,-66,-65,0,0,-82,-82,0,0,-76,-76,-62,-61,-55,-54,-73,-75,-74,-74,0,0,-68,-68,-61,-61,-55,-56,0,0,0,-80,-79,0,0,0,0,0,0,-80,-81,-28,-62
0,-66,-69,-70,-70,0,-81,0,-79,-80,0,0,-66,-65,0,0,-82,-82,0,0,-76,-76,-62,-61,-55,-54,-73,-75,-74,-74,0,0,-68,-68,-61,-61,-55,-56,0,0,0,-80,-79,0,0,0,0,0,0,-80,-81,-28,-62
0,-66,-69,-70,-70,0,-81,0,-79,-80,0,0,-66,-65,0,0,-82,-82,0,0,-76,-76,-62,-61,-56,-54,-73,-75,-74,-74,0,0,-68,-68,-61,-61,-55,-56,0,0,0,-80,-79,0,0,0,0,0,0,-80,-81,-28,-62
0,-66,-69,-70,-70,0,-81,0,-79,-80,0,0,-66,-65,0,0,-82,-82,0,0,-76,-76,-62,-61,-56,-54,-73,-75,-74,-74,0,0,-68,-68,-61,-61,-55,-56,0,0,0,-80,-79,0,0,0,0,0,0,-80,-81,-28,-62
0,0,-70,-70,-70,-83,-81,0,-78,-78,-79,-76,-66,-66,0,0,-80,-80,0,0,-77,-77,-62,-61,-55,-55,-73,-75,-74,-74,0,-67,-69,-68,-61,-61,-55,-56,0,0,0,-80,-79,0,0,0,0,0,0,-78,-80,-28,-59
0,0,-70,-70,-70,-83,-81,0,-78,-78,-79,-76,-66,-66,0,0,-80,-80,0,0,-77,-77,-62,-61,-55,-55,-73,-75,-74,-74,0,-67,-69,-68,-61,-61,-55,-56,0,0,0,-80,-79,0,0,0,0,0,0,-78,-80,-28,-59
0,0,-70,-70,-70,-83,-81,0,-78,-78,-79,-76,-66,-66,0,0,-80,-80,0,0,-77,-77,-62,-61,-55,-55,-73,-75,-74,-74,0,-67,-69,-68,-61,-61,-55,-56,0,0,0,-80,-79,0,0,0,0,0,0,-78,-80,-28,-59
0,0,-70,-70,-70,-83,-81,0,-78,-78,-79,-76,-66,-66,0,0,-80,-80,0,0,-77,-77,-62,-61,-54,-55,-73,-75,-74,-74,0,-67,-69,-68,-61,-61,-55,-56,0,0,0,-80,-79,0,0,0,0,0,0,-78,-80,-28,-59
0,0,-70,-70,-70,-83,-81,0,-78,-78,-79,-76,-66,-66,0,0,-80,-80,0,0,-77,-77,-62,-61,-54,-55,-73,-75,-74,-74,0,-67,-69,-68,-61,-61,-55,-56,0,0,0,-80,-79,0,0,0,0,0,0,-78,-80,-28,-59
0,0,-70,-70,0,-83,0,0,-80,-80,-75,-72,-66,-66,0,0,-84,-84,0,0,-76,-77,0,-61,-52,-54,0,0,-74,-74,0,-64,-69,-68,-61,0,-56,-56,0,0,0,-79,-79,0,0,0,0,0,0,-79,-81,-32,-59
0,0,-70,-70,0,-83,0,0,-80,-80,-75,-72,-66,-66,0,0,-84,-84,0,0,-76,-77,0,-61,-53,-54,0,0,-74,-74,0,-64,-69,-68,-61,0,-56,-56,0,0,0,-79,-79,0,0,0,0,0,0,-79,-81,-32,-59
0,0,-70,-70,0,-83,0,0,-80,-80,-75,-72,-66,-66,0,0,-84,-84,0,0,-76,-77,0,-61,-53,-54,0,0,-74,-74,0,-64,-69,-68,-61,0,-56,-56,0,0,0,-79,-79,0,0,0,0,0,0,-79,-81,-32,-59
0,0,-77,-76,0,0,0,0,-80,-79,-75,-72,-68,-70,0,0,-84,-83,0,0,-72,-73,-62,-57,-55,-58,0,0,-74,-74,0,-64,-69,-68,-61,-62,-57,-57,0,0,0,-79,-79,0,0,0,0,0,0,-79,-81,-31,-55
0,0,-77,-76,0,0,0,0,-80,-79,-75,-72,-68,-70,0,0,-84,-83,0,0,-72,-73,-62,-57,-55,-58,0,0,-74,-74,0,-64,-69,-68,-61,-62,-57,-57,0,0,0,-79,-79,0,0,0,0,0,0,-79,-81,-31,-55
0,0,-77,-76,0,0,0,0,-80,-79,-75,-72,-68,-70,0,0,-84,-83,0,0,-72,-73,-62,-57,-56,-58,0,0,-74,-74,0,-64,-69,-68,-61,-62,-57,-57,0,0,0,-79,-79,0,0,0,0,0,0,-79,-81,-31,-55
0,0,-77,-76,0,0,0,0,-80,-79,-75,-72,-68,-70,0,0,-84,-83,0,0,-72,-73,-62,-57,-56,-58,0,0,-74,-74,0,-64,-69,-68,-61,-62,-57,-57,0,0,0,-79,-79,0,0,0,0,0,0,-79,-81,-31,-55
0,0,-77,-76,0,0,0,0,-80,-79,-75,-72,-68,-70,0,0,-84,-83,0,0,-72,-73,-62,-57,-56,-58,0,0,-74,-74,0,-64,-69,-68,-61,-62,-57,-57,0,0,0,-79,-79,0,0,0,0,0,0,-79,-81,-31,-55
0,0,-73,-72,0,0,0,0,-80,-79,0,0,-74,-75,0,0,-77,-78,0,-69,-72,-73,-62,-61,-56,-56,0,0,-70,-70,0,0,-73,-72,-61,-62,-61,-62,-80,0,0,-78,-79,0,0,-85,-85,0,-75,-81,-80,-33,-55
0,0,-73,-72,0,0,0,0,-80,-79,0,0,-74,-75,0,0,-77,-78,0,-69,-72,-73,-62,-61,-56,-56,0,0,-70,-70,0,0,-73,-72,-61,-62,-61,-62,-80,0,0,-78,-79,0,0,-85,-85,0,-75,-81,-80,-33,-55
0,0,-73,-72,0,0,0,0,-80,-79,0,0,-74,-75,0,0,-77,-78,0,-69,-72,-73,-62,-61,-56,-56,0,0,-70,-70,0,0,-73,-72,-61,-62,-61,-62,-80,0,0,-78,-79,0,0,-85,-85,0,-75,-81,-80,-33,-55
0,0,-73,-72,0,0,0,0,-80,-79,0,0,-74,-75,0,0,-77,-78,0,-69,-72,-73,-62,-61,-57,-56,0,0,-70,-70,0,0,-73,-72,-61,-62,-61,-62,-80,0,0,-78,-79,0,0,-85,-85,0,-75,-81,-80,-33,-55
0,0,-73,-72,0,0,0,0,-80,-79,0,0,-74,-75,0,0,-77,-78,0,-69,-72,-73,-62,-61,-57,-56,0,0,-70,-70,0,0,-73,-72,-61,-62,-61,-62,-80,0,0,-78,-79,0,0,-85,-85,0,-75,-81,-80,-33,-55
0,0,-77,-78,0,0,0,0,-80,-80,0,0,-74,-75,0,0,-77,-78,0,-69,-73,-73,-63,-61,-58,-56,-67,-64,-73,-73,-70,0,-73,-74,-65,0,-58,-58,-80,0,0,-76,-76,0,0,-83,-83,0,-75,-81,-81,-37,-54
0,0,-77,-78,0,0,0,0,-80,-80,0,0,-74,-75,0,0,-77,-78,0,-69,-73,-73,-63,-61,-58,-56,-67,-64,-73,-73,-70,0,-73,-74,-65,0,-58,-58,-80,0,0,-76,-76,0,0,-83,-83,0,-75,-81,-81,-37,-54
0,0,-77,-78,0,0,0,0,-80,-80,0,0,-74,-75,0,0,-77,-78,0,-69,-73,-73,-63,-61,-58,-56,-67,-64,-73,-73,-70,0,-73,-74,-65,0,-58,-58,-80,0,0,-76,-76,0,0,-83,-83,0,-75,-81,-81,-37,-54
0,0,-77,-78,0,0,0,0,-80,-80,0,0,-74,-75,0,0,-77,-78,0,-69,-73,-73,-63,-61,-59,-56,-67,-64,-73,-73,-70,0,-73,-74,-65,0,-58,-58,-80,0,0,-76,-76,0,0,-83,-83,0,-75,-81,-81,-37,-54
0,0,-77,-78,0,0,0,0,-80,-80,0,0,-74,-75,0,0,-77,-78,0,-69,-73,-73,-63,-61,-59,-56,-67,-64,-73,-73,-70,0,-73,-74,-65,0,-58,-58,-80,0,0,-76,-76,0,0,-83,-83,0,-75,-81,-81,-37,-54
0,0,-73,-73,-69,0,0,0,-79,-78,0,0,-72,-72,0,0,-77,-78,0,0,-71,-71,-64,-60,-57,-58,-67,-64,-74,-73,-70,0,-73,-74,-61,0,-58,-58,0,0,0,-75,-76,0,0,-83,-83,0,0,-78,-78,-41,-54
0,0,-73,-73,-69,0,0,0,-79,-78,0,0,-72,-72,0,0,-77,-78,0,0,-71,-71,-64,-60,-58,-58,-67,-64,-74,-73,-70,0,-73,-74,-61,0,-58,-58,0,0,0,-75,-76,0,0,-83,-83,0,0,-78,-78,-41,-54
0,0,-73,-73,-69,0,0,0,-79,-78,0,0,-72,-72,0,0,-77,-78,0,0,-71,-71,-64,-60,-58,-58,-67,-64,-74,-73,-70,0,-73,-74,-61,0,-58,-58,0,0,0,-75,-76,0,0,-83,-83,0,0,-78,-78,-41,-54
0,0,-73,-73,-69,0,0,0,-79,-78,0,0,-72,-72,0,0,-77,-78,0,0,-71,-71,-64,-60,-58,-58,-67,-64,-74,-73,-70,0,-73,-74,-61,0,-58,-58,0,0,0,-75,-76,0,0,-83,-83,0,0,-78,-78,-41,-54
0,0,-73,-73,-69,0,0,0,-79,-78,0,0,-72,-72,0,0,-77,-78,0,0,-71,-71,-64,-60,-57,-58,-67,-64,-74,-73,-70,0,-73,-74,-61,0,-58,-58,0,0,0,-75,-76,0,0,-83,-83,0,0,-78,-78,-41,-54
0,0,-74,-74,-69,0,0,0,-79,-78,0,0,-76,-76,0,-76,-78,-78,0,-69,-71,-71,-64,-60,-57,-57,0,-64,-74,-74,0,0,-75,-76,-61,-59,-57,-58,0,0,0,-79,-78,0,0,-83,-85,0,0,-78,-78,-41,-62
0,0,-74,-74,-69,0,0,0,-79,-78,0,0,-76,-76,0,-76,-78,-78,0,-69,-71,-71,-64,-60,-57,-57,0,-64,-74,-74,0,0,-75,-76,-61,-59,-57,-58,0,0,0,-79,-78,0,0,-83,-85,0,0,-78,-78,-41,-62
0,0,-74,-74,-69,0,0,0,-79,-78,0,0,-76,-76,0,-76,-78,-78,0,-69,-71,-71,-64,-60,-57,-57,0,-64,-74,-74,0,0,-75,-76,-61,-59,-57,-58,0,0,0,-79,-78,0,0,-83,-85,0,0,-78,-78,-41,-62
0,0,-74,-74,-69,0,0,0,-79,-78,0,0,-76,-76,0,-76,-78,-78,0,-69,-71,-71,-64,-60,-57,-57,0,-64,-74,-74,0,0,-75,-76,-61,-59,-57,-58,0,0,0,-79,-78,0,0,-83,-85,0,0,-78,-78,-41,-62
0,0,-74,-74,-69,0,0,0,-79,-78,0,0,-76,-76,0,-76,-78,-78,0,-69,-71,-71,-64,-60,-55,-57,0,-64,-74,-74,0,0,-75,-76,-61,-59,-57,-58,0,0,0,-79,-78,0,0,-83,-85,0,0,-78,-78,-41,-62
0,0,-74,-75,0,0,0,0,-79,-79,0,0,-72,-73,0,-76,-78,-79,0,-69,-69,-69,0,-62,-54,-54,0,0,-74,-74,0,0,-75,-75,-64,-59,-59,-59,0,0,0,-73,-72,0,0,-84,-84,-76,-69,-78,-78,-39,-55
0,0,-74,-75,0,0,0,0,-79,-79,0,0,-72,-73,0,-76,-78,-79,0,-69,-69,-69,0,-62,-54,-54,0,0,-74,-74,0,0,-75,-75,-64,-59,-59,-59,0,0,0,-73,-72,0,0,-84,-84,-76,-69,-78,-78,-39,-55
0,0,-74,-75,0,0,0,0,-79,-79,0,0,-72,-73,0,-76,-78,-79,0,-69,-69,-69,0,-62,-55,-54,0,0,-74,-74,0,0,-75,-75,-64,-59,-59,-59,0,0,0,-73,-72,0,0,-84,-84,-76,-69,-78,-78,-39,-55
0,0,-74,-75,0,0,0,0,-79,-79,0,0,-72,-73,0,-76,-78,-79,0,-69,-69,-69,0,-62,-55,-54,0,0,-74,-74,0,0,-75,-75,-64,-59,-59,-59,0,0,0,-73,-72,0,0,-84,-84,-76,-69,-78,-78,-39,-55
0,0,-74,-75,0,0,0,0,-79,-79,0,0,-72,-73,0,-76,-78,-79,0,-69,-69,-69,0,-62,-57,-54,0,0,-74,-74,0,0,-75,-75,-64,-59,-59,-59,0,0,0,-73,-72,0,0,-84,-84,-76,-69,-78,-78,-39,-55
0,0,-73,-73,-65,0,0,0,-78,-79,0,0,-72,-72,0,0,-79,-79,0,0,-69,-71,0,-58,-61,-60,0,0,-71,-71,0,0,-75,-75,-64,-59,-60,-60,0,0,0,-76,-77,0,0,-84,-84,-76,-69,-80,-79,-36,-54
0,0,-73,-73,-65,0,0,0,-78,-79,0,0,-72,-72,0,0,-79,-79,0,0,-69,-71,0,-58,-61,-60,0,0,-71,-71,0,0,-75,-75,-64,-59,-60,-60,0,0,0,-76,-77,0,0,-84,-84,-76,-69,-80,-79,-36,-54
0,0,-73,-73,-65,0,0,0,-78,-79,0,0,-72,-72,0,0,-79,-79,0,0,-69,-71,0,-58,-59,-60,0,0,-71,-71,0,0,-75,-75,-64,-59,-60,-60,0,0,0,-76,-77,0,0,-84,-84,-76,-69,-80,-79,-36,-54
0,0,-73,-73,-65,0,0,0,-78,-79,0,0,-72,-72,0,0,-79,-79,0,0,-69,-71,0,-58,-59,-60,0,0,-71,-71,0,0,-75,-75,-64,-59,-60,-60,0,0,0,-76,-77,0,0,-84,-84,-76,-69,-80,-79,-36,-54
0,0,-73,-73,-65,0,0,0,-78,-79,0,0,-72,-72,0,0,-79,-79,0,0,-69,-71,0,-58,-59,-60,0,0,-71,-71,0,0,-75,-75,-64,-59,-60,-60,0,0,0,-76,-77,0,0,-84,-84,-76,-69,-80,-79,-36,-54
0,0,-75,-75,-65,0,0,0,-78,-78,0,0,-72,-72,0,0,-80,-80,0,0,-72,-71,-61,-58,-57,-57,0,0,-72,-73,0,0,-74,-74,-64,-62,-58,-58,0,0,0,-73,-74,0,0,0,0,0,0,-81,-81,-41,-54
0,0,-75,-75,-65,0,0,0,-78,-78,0,0,-72,-72,0,0,-80,-80,0,0,-72,-71,-61,-58,-57,-57,0,0,-72,-73,0,0,-74,-74,-64,-62,-58,-58,0,0,0,-73,-74,0,0,0,0,0,0,-81,-81,-41,-54
0,0,-75,-75,-65,0,0,0,-78,-78,0,0,-72,-72,0,0,-80,-80,0,0,-72,-71,-61,-58,-57,-57,0,0,-72,-73,0,0,-74,-74,-64,-62,-58,-58,0,0,0,-73,-74,0,0,0,0,0,0,-81,-81,-41,-54
0,0,-75,-75,-65,0,0,0,-78,-78,0,0,-72,-72,0,0,-80,-80,0,0,-72,-71,-61,-58,-57,-57,0,0,-72,-73,0,0,-74,-74,-64,-62,-58,-58,0,0,0,-73,-74,0,0,0,0,0,0,-81,-81,-41,-54
0,0,-75,-75,-65,0,0,0,-78,-78,0,0,-72,-72,0,0,-80,-80,0,0,-72,-71,-61,-58,-57,-57,0,0,-72,-73,0,0,-74,-74,-64,-62,-58,-58,0,0,0,-73,-74,0,0,0,0,0,0,-81,-81,-41,-54
0,0,-74,-74,0,0,0,0,-77,-77,0,0,-72,-72,0,0,-82,-82,0,0,-72,-71,-62,-58,-55,-55,0,0,-73,-73,0,0,-73,-73,-64,-62,-61,-61,0,0,0,-74,-75,0,0,0,0,0,0,-82,-83,-44,-54
0,0,-74,-74,0,0,0,0,-77,-77,0,0,-72,-72,0,0,-82,-82,0,0,-72,-71,-62,-58,-55,-55,0,0,-73,-73,0,0,-73,-73,-64,-62,-61,-61,0,0,0,-74,-75,0,0,0,0,0,0,-82,-83,-44,-54
0,0,-74,-74,0,0,0,0,-77,-77,0,0,-72,-72,0,0,-82,-82,0,0,-72,-71,-62,-58,-55,-55,0,0,-73,-73,0,0,-73,-73,-64,-62,-61,-61,0,0,0,-74,-75,0,0,0,0,0,0,-82,-83,-44,-54
0,0,-74,-74,0,0,0,0,-77,-77,0,0,-72,-72,0,0,-82,-82,0,0,-72,-71,-62,-58,-57,-55,0,0,-73,-73,0,0,-73,-73,-64,-62,-61,-61,0,0,0,-74,-75,0,0,0,0,0,0,-82,-83,-44,-54
0,0,-74,-74,0,0,0,0,-77,-77,0,0,-72,-72,0,0,-82,-82,0,0,-72,-71,-62,-58,-57,-55,0,0,-73,-73,0,0,-73,-73,-64,-62,-61,-61,0,0,0,-74,-75,0,0,0,0,0,0,-82,-83,-44,-54
0,0,-74,-74,0,0,0,0,-79,-77,0,0,-72,-72,0,0,-79,-78,0,0,-72,-72,-61,-58,-57,-55,0,0,-74,0,0,0,-74,-75,-66,0,-60,-60,0,0,0,-75,-75,0,0,0,-84,0,0,-82,-83,-44,-54
0,0,-74,-74,0,0,0,0,-79,-77,0,0,-72,-72,0,0,-79,-78,0,0,-72,-72,-61,-58,-57,-55,0,0,-74,0,0,0,-74,-75,-66,0,-60,-60,0,0,0,-75,-75,0,0,0,-84,0,0,-82,-83,-44,-54
0,0,-74,-74,0,0,0,0,-79,-77,0,0,-72,-72,0,0,-79,-78,0,0,-72,-72,-61,-58,-57,-55,0,0,-74,0,0,0,-74,-75,-66,0,-60,-60,0,0,0,-75,-75,0,0,0,-84,0,0,-82,-83,-44,-54
0,0,-74,-74,0,0,0,0,-79,-77,0,0,-72,-72,0,0,-79,-78,0,0,-72,-72,-61,-58,-55,-55,0,0,-74,0,0,0,-74,-75,-66,0,-60,-60,0,0,0,-75,-75,0,0,0,-84,0,0,-82,-83,-44,-54
0,0,-74,-74,0,0,0,0,-79,-77,0,0,-72,-72,0,0,-79,-78,0,0,-72,-72,-61,-58,-55,-55,0,0,-74,0,0,0,-74,-75,-66,0,-60,-60,0,0,0,-75,-75,0,0,0,-84,0,0,-82,-83,-44,-54
0,0,-76,-76,-71,0,0,0,-78,-77,0,0,-76,-77,0,0,-79,-78,0,0,-72,-72,-59,-57,-55,-55,0,0,-71,-71,0,0,-75,-76,-66,-60,-57,-58,0,0,0,-76,-75,0,-85,0,-84,0,0,-79,-79,-40,-57
0,0,-76,-76,-71,0,0,0,-78,-77,0,0,-76,-77,0,0,-79,-78,0,0,-72,-72,-59,-57,-56,-55,0,0,-71,-71,0,0,-75,-76,-66,-60,-57,-58,0,0,0,-76,-75,0,-85,0,-84,0,0,-79,-79,-40,-57
0,0,-76,-76,-71,0,0,0,-78,-77,0,0,-76,-77,0,0,-79,-78,0,0,-72,-72,-59,-57,-56,-55,0,0,-71,-71,0,0,-75,-76,-66,-60,-57,-58,0,0,0,-76,-75,0,-85,0,-84,0,0,-79,-79,-40,-57
0,0,-76,-76,-71,0,0,0,-78,-77,0,0,-76,-77,0,0,-79,-78,0,0,-72,-72,-59,-57,-57,-55,0,0,-71,-71,0,0,-75,-76,-66,-60,-57,-58,0,0,0,-76,-75,0,-85,0,-84,0,0,-79,-79,-40,-57
0,0,-76,-76,-71,0,0,0,-78,-77,0,0,-76,-77,0,0,-79,-78,0,0,-72,-72,-59,-57,-57,-55,0,0,-71,-71,0,0,-75,-76,-66,-60,-57,-58,0,0,0,-76,-75,0,-85,0,-84,0,0,-79,-79,-40,-57
0,0,-73,-72,-71,0,0,0,-78,-77,-80,-78,-72,-73,0,0,-78,-78,0,0,-76,-73,-67,-65,-56,-57,-66,0,-71,-71,0,0,-74,-75,0,-60,-55,-55,0,0,0,-77,-78,0,-85,0,0,0,0,-79,-79,-39,-54
0,0,-73,-72,-71,0,0,0,-78,-77,-80,-78,-72,-73,0,0,-78,-78,0,0,-76,-73,-67,-65,-58,-57,-66,0,-71,-71,0,0,-74,-75,0,-60,-55,-55,0,0,0,-77,-78,0,-85,0,0,0,0,-79,-79,-39,-54
