0,0,-76,-78,-74,0,0,0,-78,-79,-64,0,-58,-58,0,0,-76,-76,0,0,-68,-69,-66,-54,-57,-57,0,0,-77,-77,-57,-58,-66,-66,0,0,-70,-70,0,0,0,0,0,0,0,0,0,0,0,-75,-75,-53,-46
0,0,-76,-78,-74,0,0,0,-78,-79,-64,0,-58,-58,0,0,-76,-76,0,0,-68,-69,-66,-54,-57,-57,0,0,-77,-77,-57,-58,-66,-66,0,0,-70,-70,0,0,0,0,0,0,0,0,0,0,0,-75,-75,-53,-46
0,0,-76,-78,-74,0,0,0,-78,-79,-64,0,-58,-58,0,0,-76,-76,0,0,-68,-69,-66,-54,-57,-57,0,0,-77,-77,-57,-58,-66,-66,0,0,-70,-70,0,0,0,0,0,0,0,0,0,0,0,-75,-75,-53,-46
0,0,-76,-78,-74,0,0,0,-78,-79,-64,0,-58,-58,0,0,-76,-76,0,0,-68,-69,-66,-54,-57,-57,0,0,-77,-77,-57,-58,-66,-66,0,0,-70,-70,0,0,0,0,0,0,0,0,0,0,0,-75,-75,-53,-46
0,0,-76,-78,-74,0,0,0,-78,-79,-64,0,-58,-58,0,0,-76,-76,0,0,-68,-69,-66,-54,-57,-57,0,0,-77,-77,-57,-58,-66,-66,0,0,-70,-70,0,0,0,0,0,0,0,0,0,0,0,-75,-75,-53,-46
0,0,-75,-77,-74,0,0,-73,-74,-74,0,0,-59,-60,0,-67,-76,-76,0,0,-65,-65,-64,-59,-60,-60,0,0,-77,-77,-59,-58,-64,-64,0,-72,-75,-74,0,0,0,-79,-79,0,0,0,0,0,0,-76,-75,-53,-51
0,0,-75,-77,-74,0,0,-73,-74,-74,0,0,-59,-60,0,-67,-76,-76,0,0,-65,-65,-65,-59,-60,-60,0,0,-77,-77,-59,-58,-64,-64,0,-72,-75,-74,0,0,0,-79,-79,0,0,0,0,0,0,-76,-75,-53,-51
0,0,-75,-77,-74,0,0,-73,-74,-74,0,0,-59,-60,0,-67,-76,-76,0,0,-65,-65,-65,-59,-60,-60,0,0,-77,-77,-59,-58,-64,-64,0,-72,-75,-74,0,0,0,-79,-79,0,0,0,0,0,0,-76,-75,-53,-51
0,0,-75,-77,-74,0,0,-73,-74,-74,0,0,-59,-60,0,-67,-76,-76,0,0,-65,-65,-67,-59,-60,-60,0,0,-77,-77,-59,-58,-64,-64,0,-72,-75,-74,0,0,0,-79,-79,0,0,0,0,0,0,-76,-75,-53,-51
0,0,-75,-77,-74,0,0,-73,-74,-74,0,0,-59,-60,0,-67,-76,-76,0,0,-65,-65,-67,-59,-60,-60,0,0,-77,-77,-59,-58,-64,-64,0,-72,-75,-74,0,0,0,-79,-79,0,0,0,0,0,0,-76,-75,-53,-51
0,-68,-76,-77,0,0,0,-73,-77,-76,0,0,-59,-60,-74,-67,-75,-75,0,0,-70,-70,-66,-59,-60,-62,0,0,0,0,-57,-57,-64,-64,0,-72,-75,-75,0,0,0,-79,-81,0,0,-81,-80,-76,-73,-77,-78,-73,-53
0,-68,-76,-77,0,0,0,-73,-77,-76,0,0,-59,-60,-74,-67,-75,-75,0,0,-70,-70,-66,-59,-60,-62,0,0,0,0,-57,-57,-64,-64,0,-72,-75,-75,0,0,0,-79,-81,0,0,-81,-80,-76,-73,-77,-78,-73,-53
0,-68,-76,-77,0,0,0,-73,-77,-76,0,0,-59,-60,-74,-67,-75,-75,0,0,-70,-70,-66,-59,-60,-62,0,0,0,0,-57,-57,-64,-64,0,-72,-75,-75,0,0,0,-79,-81,0,0,-81,-80,-76,-73,-77,-78,-73,-53
0,-68,-76,-77,0,0,0,-73,-77,-76,0,0,-59,-60,-74,-67,-75,-75,0,0,-70,-70,-66,-59,-60,-62,0,0,0,0,-57,-57,-64,-64,0,-72,-75,-75,0,0,0,-79,-81,0,0,-81,-80,-76,-73,-77,-78,-73,-53
0,-68,-76,-77,0,0,0,-73,-77,-76,0,0,-59,-60,-74,-67,-75,-75,0,0,-70,-70,-67,-59,-60,-62,0,0,0,0,-57,-57,-64,-64,0,-72,-75,-75,0,0,0,-79,-81,0,0,-81,-80,-76,-73,-77,-78,-73,-53
0,-68,-76,-75,-73,0,0,-70,-77,-78,0,0,-56,-56,-73,-71,-76,-75,-69,-67,-67,-68,-67,0,-61,-62,0,-77,-76,0,-57,-60,-60,-60,0,0,-76,-76,0,0,0,-79,-80,0,0,-81,-80,-76,-73,-79,-78,-57,-54
0,-68,-76,-75,-73,0,0,-70,-77,-78,0,0,-56,-56,-73,-71,-76,-75,-69,-67,-67,-68,-67,0,-61,-62,0,-77,-76,0,-57,-60,-60,-60,0,0,-76,-76,0,0,0,-79,-80,0,0,-81,-80,-76,-73,-79,-78,-57,-54
0,-68,-76,-75,-73,0,0,-70,-77,-78,0,0,-56,-56,-73,-71,-76,-75,-69,-67,-67,-68,-67,0,-61,-62,0,-77,-76,0,-57,-60,-60,-60,0,0,-76,-76,0,0,0,-79,-80,0,0,-81,-80,-76,-73,-79,-78,-57,-54
0,-68,-76,-75,-73,0,0,-70,-77,-78,0,0,-56,-56,-73,-71,-76,-75,-69,-67,-67,-68,-67,0,-61,-62,0,-77,-76,0,-57,-60,-60,-60,0,0,-76,-76,0,0,0,-79,-80,0,0,-81,-80,-76,-73,-79,-78,-57,-54
0,-68,-76,-75,-73,0,0,-70,-77,-78,0,0,-56,-56,-73,-71,-76,-75,-69,-67,-67,-68,-67,0,-61,-62,0,-77,-76,0,-57,-60,-60,-60,0,0,-76,-76,0,0,0,-79,-80,0,0,-81,-80,-76,-73,-79,-78,-57,-54
0,0,-76,-76,-73,0,0,-74,-75,-75,-59,0,-56,-56,-73,-71,-78,-78,-69,-67,-68,-68,-68,0,-59,-59,-78,-77,-74,0,-60,-64,-65,-65,0,0,-79,-79,0,0,0,-79,-80,0,0,0,0,0,0,-79,-78,-54,-57
0,0,-76,-76,-73,0,0,-74,-75,-75,-59,0,-56,-56,-73,-71,-78,-78,-69,-67,-68,-68,-68,0,-59,-59,-78,-77,-74,0,-60,-64,-65,-65,0,0,-79,-79,0,0,0,-79,-80,0,0,0,0,0,0,-79,-78,-54,-57
0,0,-76,-76,-73,0,0,-74,-75,-75,-59,0,-56,-56,-73,-71,-78,-78,-69,-67,-68,-68,-68,0,-59,-59,-78,-77,-74,0,-60,-64,-65,-65,0,0,-79,-79,0,0,0,-79,-80,0,0,0,0,0,0,-79,-78,-54,-57
0,0,-76,-76,-73,0,0,-74,-75,-75,-59,0,-56,-56,-73,-71,-78,-78,-69,-67,-68,-68,-68,0,-59,-59,-78,-77,-74,0,-60,-64,-65,-65,0,0,-79,-79,0,0,0,-79,-80,0,0,0,0,0,0,-79,-78,-54,-57
0,0,-76,-76,-73,0,0,-74,-75,-75,-59,0,-56,-56,-73,-71,-78,-78,-69,-67,-68,-68,-68,0,-59,-59,-78,-77,-74,0,-60,-64,-65,-65,0,0,-79,-79,0,0,0,-79,-80,0,0,0,0,0,0,-79,-78,-54,-57
-71,-67,-76,-75,0,0,0,-72,-75,-75,-59,-56,-56,-56,-74,-72,-78,-78,0,0,-72,-72,-70,-73,-62,-62,-78,0,-74,0,-60,-59,-65,-65,0,-74,-78,-78,0,0,0,-80,-80,0,0,0,0,0,0,-76,-77,-53,-52
-71,-67,-76,-75,0,0,0,-72,-75,-75,-59,-56,-56,-56,-74,-72,-78,-78,0,0,-72,-72,-70,-73,-62,-62,-78,0,-74,0,-60,-59,-65,-65,0,-74,-78,-78,0,0,0,-80,-80,0,0,0,0,0,0,-76,-77,-53,-52
-71,-67,-76,-75,0,0,0,-72,-75,-75,-59,-56,-56,-56,-74,-72,-78,-78,0,0,-72,-72,-68,-73,-62,-62,-78,0,-74,0,-60,-59,-65,-65,0,-74,-78,-78,0,0,0,-80,-80,0,0,0,0,0,0,-76,-77,-53,-52
-71,-67,-76,-75,0,0,0,-72,-75,-75,-59,-56,-56,-56,-74,-72,-78,-78,0,0,-72,-72,-68,-73,-62,-62,-78,0,-74,0,-60,-59,-65,-65,0,-74,-78,-78,0,0,0,-80,-80,0,0,0,0,0,0,-76,-77,-53,-52
-71,-67,-76,-75,0,0,0,-72,-75,-75,-59,-56,-56,-56,-74,-72,-78,-78,0,0,-72,-72,-68,-73,-62,-62,-78,0,-74,0,-60,-59,-65,-65,0,-74,-78,-78,0,0,0,-80,-80,0,0,0,0,0,0,-76,-77,-53,-52
-71,-67,-76,-76,0,0,0,-71,-75,-75,0,-56,-56,-56,-75,-71,-80,-81,0,0,-72,-71,-68,-66,-62,-62,0,0,-74,-75,-60,-59,-62,-62,0,-74,-77,-77,0,0,0,-80,-80,0,0,0,0,0,0,-75,-76,-53,-54
-71,-67,-76,-76,0,0,0,-71,-75,-75,0,-56,-56,-56,-75,-71,-80,-81,0,0,-72,-71,-68,-66,-62,-62,0,0,-74,-75,-60,-59,-62,-62,0,-74,-77,-77,0,0,0,-80,-80,0,0,0,0,0,0,-75,-76,-53,-54
-71,-67,-76,-76,0,0,0,-71,-75,-75,0,-56,-56,-56,-75,-71,-80,-81,0,0,-72,-71,-67,-66,-62,-62,0,0,-74,-75,-60,-59,-62,-62,0,-74,-77,-77,0,0,0,-80,-80,0,0,0,0,0,0,-75,-76,-53,-54
-71,-67,-76,-76,0,0,0,-71,-75,-75,0,-56,-56,-56,-75,-71,-80,-81,0,0,-72,-71,-67,-66,-62,-62,0,0,-74,-75,-60,-59,-62,-62,0,-74,-77,-77,0,0,0,-80,-80,0,0,0,0,0,0,-75,-76,-53,-54
-71,-67,-76,-76,0,0,0,-71,-75,-75,0,-56,-56,-56,-75,-71,-80,-81,0,0,-72,-71,-67,-66,-62,-62,0,0,-74,-75,-60,-59,-62,-62,0,-74,-77,-77,0,0,0,-80,-80,0,0,0,0,0,0,-75,-76,-53,-54
0,0,-76,-76,0,0,0,-71,-77,-76,0,-53,-56,-56,-73,-70,-76,-77,0,0,-71,-71,-67,-66,-62,-62,0,0,-73,-75,-62,-59,-62,-62,0,0,-77,-77,0,0,0,-80,-80,0,0,0,0,0,0,-75,-76,-53,-53
0,0,-76,-76,0,0,0,-71,-77,-76,0,-53,-56,-56,-73,-70,-76,-77,0,0,-71,-71,-67,-66,-62,-62,0,0,-73,-75,-62,-59,-62,-62,0,0,-77,-77,0,0,0,-80,-80,0,0,0,0,0,0,-75,-76,-53,-53
0,0,-76,-76,0,0,0,-71,-77,-76,0,-53,-56,-56,-73,-70,-76,-77,0,0,-71,-71,-67,-66,-62,-62,0,0,-73,-75,-62,-59,-62,-62,0,0,-77,-77,0,0,0,-80,-80,0,0,0,0,0,0,-75,-76,-53,-53
0,0,-76,-76,0,0,0,-71,-77,-76,0,-53,-56,-56,-73,-70,-76,-77,0,0,-71,-71,-68,-66,-62,-62,0,0,-73,-75,-62,-59,-62,-62,0,0,-77,-77,0,0,0,-80,-80,0,0,0,0,0,0,-75,-76,-53,-53
0,0,-76,-76,0,0,0,-71,-77,-76,0,-53,-56,-56,-73,-70,-76,-77,0,0,-71,-71,-68,-66,-62,-62,0,0,-73,-75,-62,-59,-62,-62,0,0,-77,-77,0,0,0,-80,-80,0,0,0,0,0,0,-75,-76,-53,-53
0,0,-76,-76,0,0,0,-72,-78,-78,-57,-53,-55,-56,-73,-70,-80,-81,0,0,-69,-67,-70,-65,-62,-62,0,0,-77,0,-62,-59,-63,-63,0,-74,-73,-73,0,0,0,-80,-81,0,0,0,0,0,0,-78,-78,-54,-54
0,0,-76,-76,0,0,0,-72,-78,-78,-57,-53,-55,-56,-73,-70,-80,-81,0,0,-69,-67,-70,-65,-62,-62,0,0,-77,0,-62,-59,-63,-63,0,-74,-73,-73,0,0,0,-80,-81,0,0,0,0,0,0,-78,-78,-54,-54
0,0,-76,-76,0,0,0,-72,-78,-78,-57,-53,-55,-56,-73,-70,-80,-81,0,0,-69,-67,-70,-65,-62,-62,0,0,-77,0,-62,-59,-63,-63,0,-74,-73,-73,0,0,0,-80,-81,0,0,0,0,0,0,-78,-78,-54,-54
0,0,-76,-76,0,0,0,-72,-78,-78,-57,-53,-55,-56,-73,-70,-80,-81,0,0,-69,-67,-70,-65,-62,-62,0,0,-77,0,-62,-59,-63,-63,0,-74,-73,-73,0,0,0,-80,-81,0,0,0,0,0,0,-78,-78,-54,-54
0,0,-76,-76,0,0,0,-72,-78,-78,-57,-53,-55,-56,-73,-70,-80,-81,0,0,-69,-67,-70,-65,-62,-62,0,0,-77,0,-62,-59,-63,-63,0,-74,-73,-73,0,0,0,-80,-81,0,0,0,0,0,0,-78,-78,-54,-54
0,0,-76,-76,0,0,0,-72,-80,-78,-57,-56,-55,-55,0,0,-80,-81,0,0,-70,-70,-69,-65,-63,-64,0,0,-77,0,0,-60,-59,-59,-77,-74,-78,-78,0,0,0,-80,-81,0,0,-80,-80,0,0,-80,-79,-56,-54
0,0,-76,-76,0,0,0,-72,-80,-78,-57,-56,-55,-55,0,0,-80,-81,0,0,-70,-70,-69,-65,-63,-64,0,0,-77,0,0,-60,-59,-59,-77,-74,-78,-78,0,0,0,-80,-81,0,0,-80,-80,0,0,-80,-79,-56,-54
0,0,-76,-76,0,0,0,-72,-80,-78,-57,-56,-55,-55,0,0,-80,-81,0,0,-70,-70,-69,-65,-63,-64,0,0,-77,0,0,-60,-59,-59,-77,-74,-78,-78,0,0,0,-80,-81,0,0,-80,-80,0,0,-80,-79,-56,-54
0,0,-76,-76,0,0,0,-72,-80,-78,-57,-56,-55,-55,0,0,-80,-81,0,0,-70,-70,-67,-65,-63,-64,0,0,-77,0,0,-60,-59,-59,-77,-74,-78,-78,0,0,0,-80,-81,0,0,-80,-80,0,0,-80,-79,-56,-54
0,0,-76,-76,0,0,0,-72,-80,-78,-57,-56,-55,-55,0,0,-80,-81,0,0,-70,-70,-67,-65,-63,-64,0,0,-77,0,0,-60,-59,-59,-77,-74,-78,-78,0,0,0,-80,-81,0,0,-80,-80,0,0,-80,-79,-56,-54
0,0,-75,-76,0,0,0,-72,-76,-75,-56,-54,-56,-57,0,-69,0,-83,0,0,-78,-73,-70,-65,-61,-61,-80,-79,-71,-74,0,-58,-57,-58,-77,-74,-78,-80,0,0,0,-81,-80,0,0,-80,-80,0,0,-76,-76,-56,-54
0,0,-75,-76,0,0,0,-72,-76,-75,-56,-54,-56,-57,0,-69,0,-83,0,0,-78,-73,-70,-65,-61,-61,-80,-79,-71,-74,0,-58,-57,-58,-77,-74,-78,-80,0,0,0,-81,-80,0,0,-80,-80,0,0,-76,-76,-56,-54
0,0,-75,-76,0,0,0,-72,-76,-75,-56,-54,-56,-57,0,-69,0,-83,0,0,-78,-73,-70,-65,-61,-61,-80,-79,-71,-74,0,-58,-57,-58,-77,-74,-78,-80,0,0,0,-81,-80,0,0,-80,-80,0,0,-76,-76,-56,-54
0,0,-75,-76,0,0,0,-72,-76,-75,-56,-54,-56,-57,0,-69,0,-83,0,0,-78,-73,-68,-65,-61,-61,-80,-79,-71,-74,0,-58,-57,-58,-77,-74,-78,-80,0,0,0,-81,-80,0,0,-80,-80,0,0,-76,-76,-56,-54
0,0,-75,-76,0,0,0,-72,-76,-75,-56,-54,-56,-57,0,-69,0,-83,0,0,-78,-73,-68,-65,-61,-61,-80,-79,-71,-74,0,-58,-57,-58,-77,-74,-78,-80,0,0,0,-81,-80,0,0,-80,-80,0,0,-76,-76,-56,-54
-74,-68,-79,-78,0,0,0,-72,-76,-76,-54,-52,-53,-53,-74,-69,-79,-79,-68,0,-73,-73,-66,-65,-59,-60,-80,-79,-74,-74,-59,-58,-59,-58,-77,0,-78,-80,0,0,0,-81,-80,0,0,0,0,0,0,-76,-76,-55,-54
-74,-68,-79,-78,0,0,0,-72,-76,-76,-54,-52,-53,-53,-74,-69,-79,-79,-68,0,-73,-73,-66,-65,-59,-60,-80,-79,-74,-74,-59,-58,-59,-58,-77,0,-78,-80,0,0,0,-81,-80,0,0,0,0,0,0,-76,-76,-55,-54
-74,-68,-79,-78,0,0,0,-72,-76,-76,-54,-52,-53,-53,-74,-69,-79,-79,-68,0,-73,-73,-66,-65,-59,-60,-80,-79,-74,-74,-59,-58,-59,-58,-77,0,-78,-80,0,0,0,-81,-80,0,0,0,0,0,0,-76,-76,-55,-54
-74,-68,-79,-78,0,0,0,-72,-76,-76,-54,-52,-53,-53,-74,-69,-79,-79,-68,0,-73,-73,-66,-65,-59,-60,-80,-79,-74,-74,-59,-58,-59,-58,-77,0,-78,-80,0,0,0,-81,-80,0,0,0,0,0,0,-76,-76,-55,-54
-74,-68,-79,-78,0,0,0,-72,-76,-76,-54,-52,-53,-53,-74,-69,-79,-79,-68,0,-73,-73,-66,-65,-59,-60,-80,-79,-74,-74,-59,-58,-59,-58,-77,0,-78,-80,0,0,0,-81,-80,0,0,0,0,0,0,-76,-76,-55,-54
-74,-68,-79,-81,0,0,0,0,-76,-75,-55,-51,-51,-52,-72,0,-81,-80,-68,0,-74,-74,-64,-63,-59,-58,0,0,-77,0,-59,-58,-58,-58,0,0,-76,-76,0,0,0,-81,0,0,0,0,0,0,0,-76,-76,-57,-54
-74,-68,-79,-81,0,0,0,0,-76,-75,-55,-51,-51,-52,-72,0,-81,-80,-68,0,-74,-74,-64,-63,-59,-58,0,0,-77,0,-59,-58,-58,-58,0,0,-76,-76,0,0,0,-81,0,0,0,0,0,0,0,-76,-76,-57,-54
-74,-68,-79,-81,0,0,0,0,-76,-75,-55,-51,-51,-52,-72,0,-81,-80,-68,0,-74,-74,-64,-63,-59,-58,0,0,-77,0,-59,-58,-58,-58,0,0,-76,-76,0,0,0,-81,0,0,0,0,0,0,0,-76,-76,-57,-54
-74,0,-80,-81,0,0,0,0,-77,-77,-55,-51,-56,-56,-72,-71,-81,-80,0,-59,-66,-66,-64,-63,-59,-58,0,0,-79,0,-59,-57,-61,-61,0,-77,-76,-76,0,0,0,0,0,0,0,0,0,0,0,-76,-76,-55,-56
-74,0,-80,-81,0,0,0,0,-77,-77,-55,-51,-56,-56,-72,-71,-81,-80,0,-59,-66,-66,-64,-63,-59,-58,0,0,-79,0,-59,-57,-61,-61,0,-77,-76,-76,0,0,0,0,0,0,0,0,0,0,0,-76,-76,-55,-56
-74,0,-80,-81,0,0,0,0,-77,-77,-55,-51,-56,-56,-72,-71,-81,-80,0,-59,-66,-66,-64,-63,-59,-58,0,0,-79,0,-59,-57,-61,-61,0,-77,-76,-76,0,0,0,0,0,0,0,0,0,0,0,-76,-76,-55,-56
-74,0,-80,-81,0,0,0,0,-77,-77,-55,-51,-56,-56,-72,-71,-81,-80,0,-59,-66,-66,-64,-63,-59,-58,0,0,-79,0,-59,-57,-61,-61,0,-77,-76,-76,0,0,0,0,0,0,0,0,0,0,0,-76,-76,-55,-56
-74,0,-80,-81,0,0,0,0,-77,-77,-55,-51,-56,-56,-72,-71,-81,-80,0,-59,-66,-66,-64,-63,-59,-58,0,0,-79,0,-59,-57,-61,-61,0,-77,-76,-76,0,0,0,0,0,0,0,0,0,0,0,-76,-76,-55,-56
-73,-70,-77,-77,0,0,0,-69,-77,-78,0,-51,-58,-58,-70,-67,-76,-77,0,-59,-66,-66,-64,0,-60,-60,0,0,-79,0,-59,-57,-59,-60,0,-77,-79,-79,0,0,0,0,0,0,0,0,0,0,0,-74,-74,-55,-56
-73,-70,-77,-77,0,0,0,-69,-77,-78,0,-51,-58,-58,-70,-67,-76,-77,0,-59,-66,-66,-64,0,-60,-60,0,0,-79,0,-59,-57,-59,-60,0,-77,-79,-79,0,0,0,0,0,0,0,0,0,0,0,-74,-74,-55,-56
-73,-70,-77,-77,0,0,0,-69,-77,-78,0,-51,-58,-58,-70,-67,-76,-77,0,-59,-66,-66,-64,0,-60,-60,0,0,-79,0,-59,-57,-59,-60,0,-77,-79,-79,0,0,0,0,0,0,0,0,0,0,0,-74,-74,-55,-56
-73,-70,-77,-77,0,0,0,-69,-77,-78,0,-51,-58,-58,-70,-67,-76,-77,0,-59,-66,-66,-64,0,-60,-60,0,0,-79,0,-59,-57,-59,-60,0,-77,-79,-79,0,0,0,0,0,0,0,0,0,0,0,-74,-74,-55,-56
-73,-70,-77,-77,0,0,0,-69,-77,-78,0,-51,-58,-58,-70,-67,-76,-77,0,-59,-66,-66,-64,0,-60,-60,0,0,-79,0,-59,-57,-59,-60,0,-77,-79,-79,0,0,0,0,0,0,0,0,0,0,0,-74,-74,-55,-56
-73,-70,-76,-77,-82,0,0,-64,-77,-77,0,0,-58,-58,-70,-67,-76,-76,0,0,-66,-66,-64,-61,-61,-61,0,0,-75,0,-57,-59,-59,-58,0,0,-75,-76,0,0,0,0,0,0,0,0,0,0,0,-71,-70,-55,-51
-73,-70,-76,-77,-82,0,0,-64,-77,-77,0,0,-58,-58,-70,-67,-76,-76,0,0,-66,-66,-65,-61,-61,-61,0,0,-75,0,-57,-59,-59,-58,0,0,-75,-76,0,0,0,0,0,0,0,0,0,0,0,-71,-70,-55,-51
-73,-70,-76,-77,-82,0,0,-64,-77,-77,0,0,-58,-58,-70,-67,-76,-76,0,0,-66,-66,-65,-61,-61,-61,0,0,-75,0,-57,-59,-59,-58,0,0,-75,-76,0,0,0,0,0,0,0,0,0,0,0,-71,-70,-55,-51
-73,-70,-76,-77,-82,0,0,-64,-77,-77,0,0,-58,-58,-70,-67,-76,-76,0,0,-66,-66,-65,-61,-61,-61,0,0,-75,0,-57,-59,-59,-58,0,0,-75,-76,0,0,0,0,0,0,0,0,0,0,0,-71,-70,-55,-51
-73,-70,-76,-77,-82,0,0,-64,-77,-77,0,0,-58,-58,-70,-67,-76,-76,0,0,-66,-66,-66,-61,-61,-61,0,0,-75,0,-57,-59,-59,-58,0,0,-75,-76,0,0,0,0,0,0,0,0,0,0,0,-71,-70,-55,-51
0,0,-76,-77,-82,0,0,-64,-77,-77,0,-56,-58,-58,0,0,-74,-74,0,0,-66,-77,-67,-63,-65,-65,0,0,-79,0,-57,-58,-62,-62,0,0,-75,-76,0,0,0,0,0,0,0,0,0,0,0,-71,-70,-59,-52
0,0,-76,-77,-82,0,0,-64,-77,-77,0,-56,-58,-58,0,0,-74,-74,0,0,-66,-77,-68,-63,-65,-65,0,0,-79,0,-57,-58,-62,-62,0,0,-75,-76,0,0,0,0,0,0,0,0,0,0,0,-71,-70,-59,-52
0,0,-76,-77,-82,0,0,-64,-77,-77,0,-56,-58,-58,0,0,-74,-74,0,0,-66,-77,-68,-63,-65,-65,0,0,-79,0,-57,-58,-62,-62,0,0,-75,-76,0,0,0,0,0,0,0,0,0,0,0,-71,-70,-59,-52
0,0,-76,-77,-82,0,0,-64,-77,-77,0,-56,-58,-58,0,0,-74,-74,0,0,-66,-77,-68,-63,-65,-65,0,0,-79,0,-57,-58,-62,-62,0,0,-75,-76,0,0,0,0,0,0,0,0,0,0,0,-71,-70,-59,-52
0,0,-76,-77,-82,0,0,-64,-77,-77,0,-56,-58,-58,0,0,-74,-74,0,0,-66,-77,-68,-63,-65,-65,0,0,-79,0,-57,-58,-62,-62,0,0,-75,-76,0,0,0,0,0,0,0,0,0,0,0,-71,-70,-59,-52
0,0,-78,-77,0,0,0,-65,-78,-79,0,-56,-57,-57,-69,-67,-74,-75,0,0,-68,-69,-67,-62,-62,-62,0,0,-76,0,-57,-58,-62,-61,0,-77,-76,-76,0,0,0,0,0,0,0,0,0,0,0,-70,-70,-59,-54
0,0,-78,-77,0,0,0,-65,-78,-79,0,-56,-57,-57,-69,-67,-74,-75,0,0,-68,-69,-67,-62,-62,-62,0,0,-76,0,-57,-58,-62,-61,0,-77,-76,-76,0,0,0,0,0,0,0,0,0,0,0,-70,-70,-59,-54
0,0,-78,-77,0,0,0,-65,-78,-79,0,-56,-57,-57,-69,-67,-74,-75,0,0,-68,-69,-68,-62,-62,-62,0,0,-76,0,-57,-58,-62,-61,0,-77,-76,-76,0,0,0,0,0,0,0,0,0,0,0,-70,-70,-59,-54
0,0,-78,-77,0,0,0,-65,-78,-79,0,-56,-57,-57,-69,-67,-74,-75,0,0,-68,-69,-68,-62,-62,-62,0,0,-76,0,-57,-58,-62,-61,0,-77,-76,-76,0,0,0,0,0,0,0,0,0,0,0,-70,-70,-59,-54
0,0,-78,-77,0,0,0,-65,-78,-79,0,-56,-57,-57,-69,-67,-74,-75,0,0,-68,-69,-68,-62,-62,-62,0,0,-76,0,-57,-58,-62,-61,0,-77,-76,-76,0,0,0,0,0,0,0,0,0,0,0,-70,-70,-59,-54
0,0,-77,-77,-72,0,0,-65,-78,-79,-64,-61,-57,-58,-69,-66,-74,-75,0,0,-67,-67,-67,-62,-63,-62,0,-81,-76,-76,-57,-58,-64,-64,-79,-77,-76,-76,0,0,0,0,-82,0,0,0,0,0,0,-70,-70,-57,-50
0,0,-77,-77,-72,0,0,-65,-78,-79,-64,-61,-57,-58,-69,-66,-74,-75,0,0,-67,-67,-67,-62,-63,-62,0,-81,-76,-76,-57,-58,-64,-64,-79,-77,-76,-76,0,0,0,0,-82,0,0,0,0,0,0,-70,-70,-57,-50
0,0,-77,-77,-72,0,0,-65,-78,-79,-64,-61,-57,-58,-69,-66,-74,-75,0,0,-67,-67,-66,-62,-63,-62,0,-81,-76,-76,-57,-58,-64,-64,-79,-77,-76,-76,0,0,0,0,-82,0,0,0,0,0,0,-70,-70,-57,-50
0,0,-77,-77,-72,0,0,-65,-78,-79,-64,-61,-57,-58,-69,-66,-74,-75,0,0,-67,-67,-66,-62,-63,-62,0,-81,-76,-76,-57,-58,-64,-64,-79,-77,-76,-76,0,0,0,0,-82,0,0,0,0,0,0,-70,-70,-57,-50
0,0,-77,-77,-72,0,0,-65,-78,-79,-64,-61,-57,-58,-69,-66,-74,-75,0,0,-67,-67,-66,-62,-63,-62,0,-81,-76,-76,-57,-58,-64,-64,-79,-77,-76,-76,0,0,0,0,-82,0,0,0,0,0,0,-70,-70,-57,-50
0,0,-76,-75,-72,0,0,-69,-78,-79,-64,-61,-54,-55,0,-65,-74,-75,-69,-66,-68,-69,-65,0,-63,-62,0,-81,-77,-76,-56,-55,-64,-64,-79,-77,-78,-77,0,0,0,0,-82,0,0,0,0,0,0,-72,-72,-56,-53
0,0,-76,-75,-72,0,0,-69,-78,-79,-64,-61,-54,-55,0,-65,-74,-75,-69,-66,-68,-69,-65,0,-63,-62,0,-81,-77,-76,-56,-55,-64,-64,-79,-77,-78,-77,0,0,0,0,-82,0,0,0,0,0,0,-72,-72,-56,-53
0,0,-76,-75,-72,0,0,-69,-78,-79,-64,-61,-54,-55,0,-65,-74,-75,-69,-66,-68,-69,-65,0,-63,-62,0,-81,-77,-76,-56,-55,-64,-64,-79,-77,-78,-77,0,0,0,0,-82,0,0,0,0,0,0,-72,-72,-56,-53
0,0,-76,-75,-72,0,0,-69,-78,-79,-64,-61,-54,-55,0,-65,-74,-75,-69,-66,-68,-69,-65,0,-63,-62,0,-81,-77,-76,-56,-55,-64,-64,-79,-77,-78,-77,0,0,0,0,-82,0,0,0,0,0,0,-72,-72,-56,-53
0,0,-76,-75,-72,0,0,-69,-78,-79,-64,-61,-54,-55,0,-65,-74,-75,-69,-66,-68,-69,-65,0,-63,-62,0,-81,-77,-76,-56,-55,-64,-64,-79,-77,-78,-77,0,0,0,0,-82,0,0,0,0,0,0,-72,-72,-56,-53
0,0,-78,-78,0,0,0,-69,-79,-79,-61,-59,-54,-55,-71,-65,-74,-75,-69,-73,-71,-70,-65,-62,-63,-62,-75,0,-76,0,-57,-55,-61,-61,-79,0,-78,-77,0,0,0,0,0,0,0,0,0,0,0,-72,-72,-56,-56
0,0,-78,-78,0,0,0,-69,-79,-79,-61,-59,-54,-55,-71,-65,-74,-75,-69,-73,-71,-70,-65,-62,-63,-62,-75,0,-76,0,-57,-55,-61,-61,-79,0,-78,-77,0,0,0,0,0,0,0,0,0,0,0,-72,-72,-56,-56
0,0,-78,-78,0,0,0,-69,-79,-79,-61,-59,-54,-55,-71,-65,-74,-75,-69,-73,-71,-70,-65,-62,-63,-62,-75,0,-76,0,-57,-55,-61,-61,-79,0,-78,-77,0,0,0,0,0,0,0,0,0,0,0,-72,-72,-56,-56
0,0,-78,-78,0,0,0,-69,-79,-79,-61,-59,-54,-55,-71,-65,-74,-75,-69,-73,-71,-70,-65,-62,-63,-62,-75,0,-76,0,-57,-55,-61,-61,-79,0,-78,-77,0,0,0,0,0,0,0,0,0,0,0,-72,-72,-56,-56
0,0,-78,-78,0,0,0,-69,-79,-79,-61,-59,-54,-55,-71,-65,-74,-75,-69,-73,-71,-70,-65,-62,-63,-62,-75,0,-76,0,-57,-55,-61,-61,-79,0,-78,-77,0,0,0,0,0,0,0,0,0,0,0,-72,-72,-56,-56
0,0,-74,-74,0,0,0,-69,-79,-78,-62,-59,-55,-55,-71,-73,-74,-75,-70,-67,-76,-71,-64,-61,-60,-61,-75,0,-76,0,-57,-57,-62,-62,-79,0,-76,-76,0,0,0,0,0,0,0,0,0,-67,-64,-73,-72,-52,-57
0,0,-74,-74,0,0,0,-69,-79,-78,-62,-59,-55,-55,-71,-73,-74,-75,-70,-67,-76,-71,-64,-61,-60,-61,-75,0,-76,0,-57,-57,-62,-62,-79,0,-76,-76,0,0,0,0,0,0,0,0,0,-67,-64,-73,-72,-52,-57
0,0,-74,-74,0,0,0,-69,-79,-78,-62,-59,-55,-55,-71,-73,-74,-75,-70,-67,-76,-71,-64,-61,-60,-61,-75,0,-76,0,-57,-57,-62,-62,-79,0,-76,-76,0,0,0,0,0,0,0,0,0,-67,-64,-73,-72,-52,-57
0,0,-74,-74,0,0,0,-69,-79,-78,-62,-59,-55,-55,-71,-73,-74,-75,-70,-67,-76,-71,-65,-61,-60,-61,-75,0,-76,0,-57,-57,-62,-62,-79,0,-76,-76,0,0,0,0,0,0,0,0,0,-67,-64,-73,-72,-52,-57
0,0,-74,-74,0,0,0,-69,-79,-78,-62,-59,-55,-55,-71,-73,-74,-75,-70,-67,-76,-71,-65,-61,-60,-61,-75,0,-76,0,-57,-57,-62,-62,-79,0,-76,-76,0,0,0,0,0,0,0,0,0,-67,-64,-73,-72,-52,-57
0,0,-75,-75,0,0,0,-66,-79,-78,-62,-59,-58,-57,0,-73,-74,-75,-70,-66,-70,-68,-64,-61,-59,-60,-78,-78,-76,0,-57,-53,-59,-60,0,0,-77,-77,0,0,0,0,0,0,0,-80,-81,-67,-64,-71,-70,-57,-56
0,0,-75,-75,0,0,0,-66,-79,-78,-62,-59,-58,-57,0,-73,-74,-75,-70,-66,-70,-68,-65,-61,-59,-60,-78,-78,-76,0,-57,-53,-59,-60,0,0,-77,-77,0,0,0,0,0,0,0,-80,-81,-67,-64,-71,-70,-57,-56
0,0,-75,-75,0,0,0,-66,-79,-78,-62,-59,-58,-57,0,-73,-74,-75,-70,-66,-70,-68,-65,-61,-59,-60,-78,-78,-76,0,-57,-53,-59,-60,0,0,-77,-77,0,0,0,0,0,0,0,-80,-81,-67,-64,-71,-70,-57,-56
0,0,-75,-75,0,0,0,-66,-79,-78,-62,-59,-58,-57,0,-73,-74,-75,-70,-66,-70,-68,-64,-61,-59,-60,-78,-78,-76,0,-57,-53,-59,-60,0,0,-77,-77,0,0,0,0,0,0,0,-80,-81,-67,-64,-71,-70,-57,-56
0,0,-75,-75,0,0,0,-66,-79,-78,-62,-59,-58,-57,0,-73,-74,-75,-70,-66,-70,-68,-64,-61,-59,-60,-78,-78,-76,0,-57,-53,-59,-60,0,0,-77,-77,0,0,0,0,0,0,0,-80,-81,-67,-64,-71,-70,-57,-56
0,0,-75,-74,0,0,0,-74,-79,-78,-59,0,-55,-55,-70,-67,-74,-75,-70,-66,-69,-69,-64,-61,-63,-63,-78,-78,-78,0,-57,-53,-58,-58,0,-75,-76,-76,0,0,0,0,0,0,0,-80,-81,0,0,-73,-72,-57,-58
0,0,-75,-74,0,0,0,-74,-79,-78,-59,0,-55,-55,-70,-67,-74,-75,-70,-66,-69,-69,-63,-61,-63,-63,-78,-78,-78,0,-57,-53,-58,-58,0,-75,-76,-76,0,0,0,0,0,0,0,-80,-81,0,0,-73,-72,-57,-58
0,0,-75,-74,0,0,0,-74,-79,-78,-59,0,-55,-55,-70,-67,-74,-75,-70,-66,-69,-69,-63,-61,-63,-63,-78,-78,-78,0,-57,-53,-58,-58,0,-75,-76,-76,0,0,0,0,0,0,0,-80,-81,0,0,-73,-72,-57,-58
0,0,-75,-74,0,0,0,-74,-79,-78,-59,0,-55,-55,-70,-67,-74,-75,-70,-66,-69,-69,-63,-61,-63,-63,-78,-78,-78,0,-57,-53,-58,-58,0,-75,-76,-76,0,0,0,0,0,0,0,-80,-81,0,0,-73,-72,-57,-58
0,0,-75,-74,0,0,0,-74,-79,-78,-59,0,-55,-55,-70,-67,-74,-75,-70,-66,-69,-69,-64,-61,-63,-63,-78,-78,-78,0,-57,-53,-58,-58,0,-75,-76,-76,0,0,0,0,0,0,0,-80,-81,0,0,-73,-72,-57,-58
0,0,-75,-75,0,0,0,-71,-79,-78,-59,0,-57,-57,-70,-67,-74,-75,0,0,-68,-69,-66,-60,-63,-63,0,0,-78,0,-57,-54,-61,-61,0,-75,-76,-76,0,0,0,0,0,0,0,0,0,0,0,-71,-72,-55,-58
0,0,-75,-75,0,0,0,-71,-79,-78,-59,0,-57,-57,-70,-67,-74,-75,0,0,-68,-69,-66,-60,-63,-63,0,0,-78,0,-57,-54,-61,-61,0,-75,-76,-76,0,0,0,0,0,0,0,0,0,0,0,-71,-72,-55,-58
0,0,-75,-75,0,0,0,-71,-79,-78,-59,0,-57,-57,-70,-67,-74,-75,0,0,-68,-69,-66,-60,-63,-63,0,0,-78,0,-57,-54,-61,-61,0,-75,-76,-76,0,0,0,0,0,0,0,0,0,0,0,-71,-72,-55,-58
0,0,-75,-75,0,0,0,-71,-79,-78,-59,0,-57,-57,-70,-67,-74,-75,0,0,-68,-69,-66,-60,-63,-63,0,0,-78,0,-57,-54,-61,-61,0,-75,-76,-76,0,0,0,0,0,0,0,0,0,0,0,-71,-72,-55,-58
0,0,-75,-75,0,0,0,-71,-79,-78,-59,0,-57,-57,-70,-67,-74,-75,0,0,-68,-69,-66,-60,-63,-63,0,0,-78,0,-57,-54,-61,-61,0,-75,-76,-76,0,0,0,0,0,0,0,0,0,0,0,-71,-72,-55,-58
0,0,-75,-75,-74,0,0,-67,-77,-78,0,0,-57,-57,0,0,-73,-73,0,0,-68,-68,-65,-60,-64,-65,-78,-79,-78,0,-57,-54,-63,-63,0,-75,-76,-76,0,0,0,0,0,0,0,0,0,-65,0,-72,-72,-57,-57
0,0,-75,-75,-74,0,0,-67,-77,-78,0,0,-57,-57,0,0,-73,-73,0,0,-68,-68,-65,-60,-64,-65,-78,-79,-78,0,-57,-54,-63,-63,0,-75,-76,-76,0,0,0,0,0,0,0,0,0,-65,0,-72,-72,-57,-57
0,0,-75,-75,-74,0,0,-67,-77,-78,0,0,-57,-57,0,0,-73,-73,0,0,-68,-68,-65,-60,-64,-65,-78,-79,-78,0,-57,-54,-63,-63,0,-75,-76,-76,0,0,0,0,0,0,0,0,0,-65,0,-72,-72,-57,-57
0,0,-75,-75,-74,0,0,-67,-77,-78,0,0,-57,-57,0,0,-73,-73,0,0,-68,-68,-65,-60,-64,-65,-78,-79,-78,0,-57,-54,-63,-63,0,-75,-76,-76,0,0,0,0,0,0,0,0,0,-65,0,-72,-72,-57,-57
0,0,-74,-75,-74,0,0,-66,-77,-78,0,-59,-64,-64,-69,-64,-74,-74,0,0,-69,-69,-71,0,-64,-65,-78,-79,-81,0,-57,0,-62,-65,0,-75,-77,-77,0,0,0,0,0,0,0,-80,-81,-65,-63,-70,-72,-56,-55
0,0,-74,-75,-74,0,0,-66,-77,-78,0,-59,-64,-64,-69,-64,-74,-74,0,0,-69,-69,-71,0,-64,-65,-78,-79,-81,0,-57,0,-62,-65,0,-75,-77,-77,0,0,0,0,0,0,0,-80,-81,-65,-63,-70,-72,-56,-55
0,0,-74,-75,-74,0,0,-66,-77,-78,0,-59,-64,-64,-69,-64,-74,-74,0,0,-69,-69,-71,0,-64,-65,-78,-79,-81,0,-57,0,-62,-65,0,-75,-77,-77,0,0,0,0,0,0,0,-80,-81,-65,-63,-70,-72,-56,-55
0,0,-74,-75,-74,0,0,-66,-77,-78,0,-59,-64,-64,-69,-64,-74,-74,0,0,-69,-69,-70,0,-64,-65,-78,-79,-81,0,-57,0,-62,-65,0,-75,-77,-77,0,0,0,0,0,0,0,-80,-81,-65,-63,-70,-72,-56,-55
0,0,-74,-75,-74,0,0,-66,-77,-78,0,-59,-64,-64,-69,-64,-74,-74,0,0,-69,-69,-70,0,-64,-65,-78,-79,-81,0,-57,0,-62,-65,0,-75,-77,-77,0,0,0,0,0,0,0,-80,-81,-65,-63,-70,-72,-56,-55
0,0,-80,-79,0,0,0,-66,-78,-79,-60,-56,-61,-61,-69,-64,-82,-74,-79,0,-75,-76,-66,-61,-56,-56,0,0,-78,0,-57,-55,-66,-67,-78,0,-68,-69,0,0,0,0,0,0,0,-80,-81,0,-63,-70,-70,-53,-53
0,0,-80,-79,0,0,0,-66,-78,-79,-60,-56,-61,-61,-69,-64,-82,-74,-79,0,-75,-76,-66,-61,-56,-56,0,0,-78,0,-57,-55,-66,-67,-78,0,-68,-69,0,0,0,0,0,0,0,-80,-81,0,-63,-70,-70,-53,-53
0,0,-80,-79,0,0,0,-66,-78,-79,-60,-56,-61,-61,-69,-64,-82,-74,-79,0,-75,-76,-66,-61,-56,-56,0,0,-78,0,-57,-55,-66,-67,-78,0,-68,-69,0,0,0,0,0,0,0,-80,-81,0,-63,-70,-70,-53,-53
0,0,-80,-79,0,0,0,-66,-78,-79,-60,-56,-61,-61,-69,-64,-82,-74,-79,0,-75,-76,-66,-61,-56,-56,0,0,-78,0,-57,-55,-66,-67,-78,0,-68,-69,0,0,0,0,0,0,0,-80,-81,0,-63,-70,-70,-53,-53
0,0,-80,-79,0,0,0,-66,-78,-79,-60,-56,-61,-61,-69,-64,-82,-74,-79,0,-75,-76,-66,-61,-56,-56,0,0,-78,0,-57,-55,-66,-67,-78,0,-68,-69,0,0,0,0,0,0,0,-80,-81,0,-63,-70,-70,-53,-53
0,0,-80,-78,0,0,0,-69,-76,-75,-60,-56,-59,-60,0,0,-79,-79,-79,0,-74,-76,-64,-65,-59,-59,-79,-80,-77,0,-57,-55,-65,-65,-78,0,-68,-68,0,0,0,0,0,0,0,0,0,-67,-64,-66,-66,-54,-59
0,0,-80,-78,0,0,0,-69,-76,-75,-60,-56,-59,-60,0,0,-79,-79,-79,0,-74,-76,-64,-65,-59,-59,-79,-80,-77,0,-57,-55,-65,-65,-78,0,-68,-68,0,0,0,0,0,0,0,0,0,-67,-64,-66,-66,-54,-59
0,0,-80,-78,0,0,0,-69,-76,-75,-60,-56,-59,-60,0,0,-79,-79,-79,0,-74,-76,-64,-65,-59,-59,-79,-80,-77,0,-57,-55,-65,-65,-78,0,-68,-68,0,0,0,0,0,0,0,0,0,-67,-64,-66,-66,-54,-59
0,0,-80,-78,0,0,0,-69,-76,-75,-60,-56,-59,-60,0,0,-79,-79,-79,0,-74,-76,-65,-65,-59,-59,-79,-80,-77,0,-57,-55,-65,-65,-78,0,-68,-68,0,0,0,0,0,0,0,0,0,-67,-64,-66,-66,-54,-59
0,0,-80,-78,0,0,0,-69,-76,-75,-60,-56,-59,-60,0,0,-79,-79,-79,0,-74,-76,-65,-65,-59,-59,-79,-80,-77,0,-57,-55,-65,-65,-78,0,-68,-68,0,0,0,0,0,0,0,0,0,-67,-64,-66,-66,-54,-59
0,0,-82,-81,0,0,0,-68,-79,-79,0,-54,-60,-61,0,0,-79,-80,0,0,-75,-76,-63,-61,-61,-61,-79,-80,-77,-77,-55,-55,-66,-66,0,-76,-69,-68,0,0,0,0,0,0,0,0,0,-67,-64,-69,-68,-51,-59
0,0,-82,-81,0,0,0,-68,-79,-79,0,-54,-60,-61,0,0,-79,-80,0,0,-75,-76,-64,-61,-61,-61,-79,-80,-77,-77,-55,-55,-66,-66,0,-76,-69,-68,0,0,0,0,0,0,0,0,0,-67,-64,-69,-68,-51,-59
0,0,-82,-81,0,0,0,-68,-79,-79,0,-54,-60,-61,0,0,-79,-80,0,0,-75,-76,-64,-61,-61,-61,-79,-80,-77,-77,-55,-55,-66,-66,0,-76,-69,-68,0,0,0,0,0,0,0,0,0,-67,-64,-69,-68,-51,-59
0,0,-82,-81,0,0,0,-68,-79,-79,0,-54,-60,-61,0,0,-79,-80,0,0,-75,-76,-64,-61,-61,-61,-79,-80,-77,-77,-55,-55,-66,-66,0,-76,-69,-68,0,0,0,0,0,0,0,0,0,-67,-64,-69,-68,-51,-59
0,0,-82,-81,0,0,0,-68,-79,-79,0,-54,-60,-61,0,0,-79,-80,0,0,-75,-76,-64,-61,-61,-61,-79,-80,-77,-77,-55,-55,-66,-66,0,-76,-69,-68,0,0,0,0,0,0,0,0,0,-67,-64,-69,-68,-51,-59
0,0,-80,-81,0,0,0,-68,-79,-79,0,-54,-61,-61,-72,0,-79,-83,0,0,-73,-74,-65,-61,-61,-61,0,0,-80,-77,-56,-55,-67,-67,0,-76,-71,-72,0,0,0,0,0,0,0,0,0,0,0,-67,-68,-51,-56
0,0,-80,-81,0,0,0,-68,-79,-79,0,-54,-61,-61,-72,0,-79,-83,0,0,-73,-74,-65,-61,-61,-61,0,0,-80,-77,-56,-55,-67,-67,0,-76,-71,-72,0,0,0,0,0,0,0,0,0,0,0,-67,-68,-51,-56
0,0,-80,-81,0,0,0,-68,-79,-79,0,-54,-61,-61,-72,0,-79,-83,0,0,-73,-74,-65,-61,-61,-61,0,0,-80,-77,-56,-55,-67,-67,0,-76,-71,-72,0,0,0,0,0,0,0,0,0,0,0,-67,-68,-51,-56
0,0,-80,-81,0,0,0,-68,-79,-79,0,-54,-61,-61,-72,0,-79,-83,0,0,-73,-74,-65,-61,-61,-61,0,0,-80,-77,-56,-55,-67,-67,0,-76,-71,-72,0,0,0,0,0,0,0,0,0,0,0,-67,-68,-51,-56
0,0,-80,-81,0,0,0,-68,-79,-79,0,-54,-61,-61,-72,0,-79,-83,0,0,-73,-74,-66,-61,-61,-61,0,0,-80,-77,-56,-55,-67,-67,0,-76,-71,-72,0,0,0,0,0,0,0,0,0,0,0,-67,-68,-51,-56
0,0,-80,-81,0,0,0,-66,-82,-81,0,0,-61,-61,-72,0,-81,-81,0,0,-74,-75,-65,-61,-60,-61,0,0,-76,-76,-56,-52,-64,-65,0,0,-70,-70,0,0,0,0,0,0,0,0,0,0,0,-67,-66,-52,-58
0,0,-80,-81,0,0,0,-66,-82,-81,0,0,-61,-61,-72,0,-81,-81,0,0,-74,-75,-65,-61,-60,-61,0,0,-76,-76,-56,-52,-64,-65,0,0,-70,-70,0,0,0,0,0,0,0,0,0,0,0,-67,-66,-52,-58
0,0,-80,-81,0,0,0,-66,-82,-81,0,0,-61,-61,-72,0,-81,-81,0,0,-74,-75,-66,-61,-60,-61,0,0,-76,-76,-56,-52,-64,-65,0,0,-70,-70,0,0,0,0,0,0,0,0,0,0,0,-67,-66,-52,-58
0,0,-80,-81,0,0,0,-66,-82,-81,0,0,-61,-61,-72,0,-81,-81,0,0,-74,-75,-66,-61,-60,-61,0,0,-76,-76,-56,-52,-64,-65,0,0,-70,-70,0,0,0,0,0,0,0,0,0,0,0,-67,-66,-52,-58
0,0,-80,-81,0,0,0,-66,-82,-81,0,0,-61,-61,-72,0,-81,-81,0,0,-74,-75,-66,-61,-60,-61,0,0,-76,-76,-56,-52,-64,-65,0,0,-70,-70,0,0,0,0,0,0,0,0,0,0,0,-67,-66,-52,-58
0,0,-82,-81,-71,0,0,-66,-78,-78,-60,-58,-58,-58,-72,0,-81,-81,0,0,-78,-78,-66,-61,-55,-56,0,0,-76,-75,-55,-52,-61,-61,0,0,-68,-68,0,0,0,0,0,0,0,0,0,0,0,-68,-68,-52,-57
0,0,-82,-81,-71,0,0,-66,-78,-78,-60,-58,-58,-58,-72,0,-81,-81,0,0,-78,-78,-66,-61,-55,-56,0,0,-76,-75,-55,-52,-61,-61,0,0,-68,-68,0,0,0,0,0,0,0,0,0,0,0,-68,-68,-52,-57
0,0,-82,-81,-71,0,0,-66,-78,-78,-60,-58,-58,-58,-72,0,-81,-81,0,0,-78,-78,-67,-61,-55,-56,0,0,-76,-75,-55,-52,-61,-61,0,0,-68,-68,0,0,0,0,0,0,0,0,0,0,0,-68,-68,-52,-57
0,0,-82,-81,-71,0,0,-66,-78,-78,-60,-58,-58,-58,-72,0,-81,-81,0,0,-78,-78,-67,-61,-55,-56,0,0,-76,-75,-55,-52,-61,-61,0,0,-68,-68,0,0,0,0,0,0,0,0,0,0,0,-68,-68,-52,-57
0,0,-82,-81,-71,0,0,-66,-78,-78,-60,-58,-58,-58,-72,0,-81,-81,0,0,-78,-78,-67,-61,-55,-56,0,0,-76,-75,-55,-52,-61,-61,0,0,-68,-68,0,0,0,0,0,0,0,0,0,0,0,-68,-68,-52,-57
0,0,-81,-81,-71,-79,-79,-66,-78,-78,-60,-58,-58,-58,-72,0,-81,-80,0,0,-76,-76,-66,0,-56,-56,0,0,-75,-75,-55,-52,-61,-61,0,0,-68,-68,0,0,0,0,0,0,0,0,0,0,-64,-68,-70,-54,-57
0,0,-81,-81,-71,-79,-79,-66,-78,-78,-60,-58,-58,-58,-72,0,-81,-80,0,0,-76,-76,-66,0,-56,-56,0,0,-75,-75,-55,-52,-61,-61,0,0,-68,-68,0,0,0,0,0,0,0,0,0,0,-64,-68,-70,-54,-57
0,0,-81,-81,-71,-79,-79,-66,-78,-78,-60,-58,-58,-58,-72,0,-81,-80,0,0,-76,-76,-65,0,-56,-56,0,0,-75,-75,-55,-52,-61,-61,0,0,-68,-68,0,0,0,0,0,0,0,0,0,0,-64,-68,-70,-54,-57
0,0,-81,-81,-71,-79,-79,-66,-78,-78,-60,-58,-58,-58,-72,0,-81,-80,0,0,-76,-76,-65,0,-56,-56,0,0,-75,-75,-55,-52,-61,-61,0,0,-68,-68,0,0,0,0,0,0,0,0,0,0,-64,-68,-70,-54,-57
0,0,-81,-81,-71,-79,-79,-66,-78,-78,-60,-58,-58,-58,-72,0,-81,-80,0,0,-76,-76,-65,0,-56,-56,0,0,-75,-75,-55,-52,-61,-61,0,0,-68,-68,0,0,0,0,0,0,0,0,0,0,-64,-68,-70,-54,-57
0,0,-81,-81,0,-79,-79,-66,-77,-78,0,0,-56,-57,-68,-65,-79,-79,0,0,-77,-77,-66,-64,-60,-60,0,0,-76,0,-55,-55,-65,-65,0,0,-66,-66,0,0,0,0,0,0,0,0,0,0,-64,-69,-70,-50,-50
0,0,-81,-81,0,-79,-79,-66,-77,-78,0,0,-56,-57,-68,-65,-79,-79,0,0,-77,-77,-66,-64,-60,-60,0,0,-76,0,-55,-55,-65,-65,0,0,-66,-66,0,0,0,0,0,0,0,0,0,0,-64,-69,-70,-50,-50
0,0,-81,-81,0,-79,-79,-66,-77,-78,0,0,-56,-57,-68,-65,-79,-79,0,0,-77,-77,-66,-64,-60,-60,0,0,-76,0,-55,-55,-65,-65,0,0,-66,-66,0,0,0,0,0,0,0,0,0,0,-64,-69,-70,-50,-50
0,0,-81,-81,0,-79,-79,-66,-77,-78,0,0,-56,-57,-68,-65,-79,-79,0,0,-77,-77,-66,-64,-60,-60,0,0,-76,0,-55,-55,-65,-65,0,0,-66,-66,0,0,0,0,0,0,0,0,0,0,-64,-69,-70,-50,-50
0,0,-81,-81,0,-79,-79,-66,-77,-78,0,0,-56,-57,-68,-65,-79,-79,0,0,-77,-77,-66,-64,-60,-60,0,0,-76,0,-55,-55,-65,-65,0,0,-66,-66,0,0,0,0,0,0,0,0,0,0,-64,-69,-70,-50,-50
0,0,-80,-81,0,-78,-79,-66,-77,-77,-58,0,-58,-58,-68,-66,-79,-79,0,0,-78,-78,-66,-63,-58,-58,0,0,-76,0,-56,-54,-62,-61,0,0,-70,-70,0,0,0,0,0,0,0,0,0,0,0,-68,-68,-50,-50
0,0,-80,-81,0,-78,-79,-66,-77,-77,-58,0,-58,-58,-68,-66,-79,-79,0,0,-78,-78,-66,-63,-58,-58,0,0,-76,0,-56,-54,-62,-61,0,0,-70,-70,0,0,0,0,0,0,0,0,0,0,0,-68,-68,-50,-50
0,0,-80,-81,0,-78,-79,-66,-77,-77,-58,0,-58,-58,-68,-66,-79,-79,0,0,-78,-78,-66,-63,-58,-58,0,0,-76,0,-56,-54,-62,-61,0,0,-70,-70,0,0,0,0,0,0,0,0,0,0,0,-68,-68,-50,-50
0,0,-80,-81,0,-78,-79,-66,-77,-77,-58,0,-58,-58,-68,-66,-79,-79,0,0,-78,-78,-66,-63,-58,-58,0,0,-76,0,-56,-54,-62,-61,0,0,-70,-70,0,0,0,0,0,0,0,0,0,0,0,-68,-68,-50,-50
0,0,-80,-81,0,-78,-79,-66,-77,-77,-58,0,-58,-58,-68,-66,-79,-79,0,0,-78,-78,-66,-63,-58,-58,0,0,-76,0,-56,-54,-62,-61,0,0,-70,-70,0,0,0,0,0,0,0,0,0,0,0,-68,-68,-50,-50
0,0,-79,-79,0,-80,-79,-67,-78,-78,-58,-56,-62,-60,-74,-69,-80,-82,0,0,-78,-78,-66,-63,-59,-59,0,0,-76,-78,-58,-56,-67,-67,0,0,-69,-69,0,0,0,0,0,0,0,0,0,0,0,-68,-68,-50,-55
0,0,-79,-79,0,-80,-79,-67,-78,-78,-58,-56,-62,-60,-74,-69,-80,-82,0,0,-78,-78,-66,-63,-59,-59,0,0,-76,-78,-58,-56,-67,-67,0,0,-69,-69,0,0,0,0,0,0,0,0,0,0,0,-68,-68,-50,-55
0,0,-79,-79,0,-80,-79,-67,-78,-78,-58,-56,-62,-60,-74,-69,-80,-82,0,0,-78,-78,-66,-63,-59,-59,0,0,-76,-78,-58,-56,-67,-67,0,0,-69,-69,0,0,0,0,0,0,0,0,0,0,0,-68,-68,-50,-55
0,0,-79,-79,0,-80,-79,-67,-78,-78,-58,-56,-62,-60,-74,-69,-80,-82,0,0,-78,-78,-64,-63,-59,-59,0,0,-76,-78,-58,-56,-67,-67,0,0,-69,-69,0,0,0,0,0,0,0,0,0,0,0,-68,-68,-50,-55
0,0,-79,-79,0,-80,-79,-67,-78,-78,-58,-56,-62,-60,-74,-69,-80,-82,0,0,-78,-78,-64,-63,-59,-59,0,0,-76,-78,-58,-56,-67,-67,0,0,-69,-69,0,0,0,0,0,0,0,0,0,0,0,-68,-68,-50,-55
0,0,-81,-80,0,-80,-79,-67,-74,-75,-58,-56,-62,-60,-74,-69,-80,-82,-75,-70,-76,-76,-64,-65,-56,-56,-75,-71,-76,-78,-57,-54,-67,-67,0,0,-69,-69,0,0,0,0,0,0,0,0,0,0,0,-68,-68,-52,-52
0,0,-81,-80,0,-80,-79,-67,-74,-75,-58,-56,-62,-60,-74,-69,-80,-82,-75,-70,-76,-76,-64,-65,-56,-56,-75,-71,-76,-78,-57,-54,-67,-67,0,0,-69,-69,0,0,0,0,0,0,0,0,0,0,0,-68,-68,-52,-52
0,0,-81,-80,0,-80,-79,-67,-74,-75,-58,-56,-62,-60,-74,-69,-80,-82,-75,-70,-76,-76,-64,-65,-56,-56,-75,-71,-76,-78,-57,-54,-67,-67,0,0,-69,-69,0,0,0,0,0,0,0,0,0,0,0,-68,-68,-52,-52
0,0,-81,-80,0,-80,-79,-67,-74,-75,-58,-56,-62,-60,-74,-69,-80,-82,-75,-70,-76,-76,-65,-65,-56,-56,-75,-71,-76,-78,-57,-54,-67,-67,0,0,-69,-69,0,0,0,0,0,0,0,0,0,0,0,-68,-68,-52,-52
0,0,-81,-80,0,-80,-79,-67,-74,-75,-58,-56,-62,-60,-74,-69,-80,-82,-75,-70,-76,-76,-65,-65,-56,-56,-75,-71,-76,-78,-57,-54,-67,-67,0,0,-69,-69,0,0,0,0,0,0,0,0,0,0,0,-68,-68,-52,-52
0,0,-81,-81,-75,0,0,-67,-76,-76,0,-57,-62,-61,0,-60,-79,-79,-75,-70,-76,-76,-63,-65,-56,-56,-75,-72,-75,0,-57,-54,-61,-61,0,0,-71,-72,0,0,0,0,0,0,0,0,0,0,0,-72,-72,-52,-52
0,0,-81,-81,-75,0,0,-67,-76,-76,0,-57,-62,-61,0,-60,-79,-79,-75,-70,-76,-76,-64,-65,-56,-56,-75,-72,-75,0,-57,-54,-61,-61,0,0,-71,-72,0,0,0,0,0,0,0,0,0,0,0,-72,-72,-52,-52
0,0,-81,-81,-75,0,0,-67,-76,-76,0,-57,-62,-61,0,-60,-79,-79,-75,-70,-76,-76,-64,-65,-56,-56,-75,-72,-75,0,-57,-54,-61,-61,0,0,-71,-72,0,0,0,0,0,0,0,0,0,0,0,-72,-72,-52,-52
0,0,-81,-81,-75,0,0,-67,-76,-76,0,-57,-62,-61,0,-60,-79,-79,-75,-70,-76,-76,-64,-65,-56,-56,-75,-72,-75,0,-57,-54,-61,-61,0,0,-71,-72,0,0,0,0,0,0,0,0,0,0,0,-72,-72,-52,-52
0,0,-81,-81,-75,0,0,-67,-76,-76,0,-57,-62,-61,0,-60,-79,-79,-75,-70,-76,-76,-63,-65,-56,-56,-75,-72,-75,0,-57,-54,-61,-61,0,0,-71,-72,0,0,0,0,0,0,0,0,0,0,0,-72,-72,-52,-52
0,0,-78,-78,-75,0,-81,0,-76,-76,0,-57,-62,-61,-77,-72,-79,-79,0,0,-77,-76,-66,-61,-53,-54,-75,-72,-73,-73,0,-54,-64,-64,0,0,-67,-67,0,0,0,0,0,0,0,0,0,0,0,-68,-67,-50,-49
0,0,-78,-78,-75,0,-81,0,-76,-76,0,-57,-62,-61,-77,-72,-79,-79,0,0,-77,-76,-66,-61,-53,-54,-75,-72,-73,-73,0,-54,-64,-64,0,0,-67,-67,0,0,0,0,0,0,0,0,0,0,0,-68,-67,-50,-49
0,0,-78,-78,-75,0,-81,0,-76,-76,0,-57,-62,-61,-77,-72,-79,-79,0,0,-77,-76,-66,-61,-53,-54,-75,-72,-73,-73,0,-54,-64,-64,0,0,-67,-67,0,0,0,0,0,0,0,0,0,0,0,-68,-67,-50,-49
0,0,-78,-78,-75,0,-81,0,-76,-76,0,-57,-62,-61,-77,-72,-79,-79,0,0,-77,-76,-66,-61,-53,-54,-75,-72,-73,-73,0,-54,-64,-64,0,0,-67,-67,0,0,0,0,0,0,0,0,0,0,0,-68,-67,-50,-49
0,0,-78,-78,-75,0,-81,0,-76,-76,0,-57,-62,-61,-77,-72,-79,-79,0,0,-77,-76,-65,-61,-53,-54,-75,-72,-73,-73,0,-54,-64,-64,0,0,-67,-67,0,0,0,0,0,0,0,0,0,0,0,-68,-67,-50,-49
0,0,-82,-82,0,0,-81,-66,-76,-78,-59,-57,-64,-64,-75,-75,-79,-79,0,0,-74,-74,-65,-61,-55,-55,0,0,-71,-71,-56,-54,-67,-67,0,0,-67,-67,0,0,0,0,0,0,0,0,0,0,0,-68,-69,-53,-49
0,0,-82,-82,0,0,-81,-66,-76,-78,-59,-57,-64,-64,-75,-75,-79,-79,0,0,-74,-74,-65,-61,-55,-55,0,0,-71,-71,-56,-54,-67,-67,0,0,-67,-67,0,0,0,0,0,0,0,0,0,0,0,-68,-69,-53,-49
0,0,-82,-82,0,0,-81,-66,-76,-78,-59,-57,-64,-64,-75,-75,-79,-79,0,0,-74,-74,-65,-61,-55,-55,0,0,-71,-71,-56,-54,-67,-67,0,0,-67,-67,0,0,0,0,0,0,0,0,0,0,0,-68,-69,-53,-49
0,0,-82,-82,0,0,-81,-66,-76,-78,-59,-57,-64,-64,-75,-75,-79,-79,0,0,-74,-74,-65,-61,-55,-55,0,0,-71,-71,-56,-54,-67,-67,0,0,-67,-67,0,0,0,0,0,0,0,0,0,0,0,-68,-69,-53,-49
0,0,-82,-82,0,0,-81,-66,-76,-78,-59,-57,-64,-64,-75,-75,-79,-79,0,0,-74,-74,-66,-61,-55,-55,0,0,-71,-71,-56,-54,-67,-67,0,0,-67,-67,0,0,0,0,0,0,0,0,0,0,0,-68,-69,-53,-49
0,0,-82,-81,0,0,0,-66,-79,-80,-59,-58,-63,-63,-75,-75,-76,-77,0,0,-74,-75,-64,0,-59,-59,0,-75,-76,-71,-57,-52,-67,-67,0,0,-67,-68,0,0,0,0,0,0,0,0,0,0,0,-68,-69,-50,-51
0,0,-82,-81,0,0,0,-66,-79,-80,-59,-58,-63,-63,-75,-75,-76,-77,0,0,-74,-75,-64,0,-59,-59,0,-75,-76,-71,-57,-52,-67,-67,0,0,-67,-68,0,0,0,0,0,0,0,0,0,0,0,-68,-69,-50,-51
0,0,-82,-81,0,0,0,-66,-79,-80,-59,-58,-63,-63,-75,-75,-76,-77,0,0,-74,-75,-64,0,-59,-59,0,-75,-76,-71,-57,-52,-67,-67,0,0,-67,-68,0,0,0,0,0,0,0,0,0,0,0,-68,-69,-50,-51
0,0,-82,-81,0,0,0,-66,-79,-80,-59,-58,-63,-63,-75,-75,-76,-77,0,0,-74,-75,-64,0,-59,-59,0,-75,-76,-71,-57,-52,-67,-67,0,0,-67,-68,0,0,0,0,0,0,0,0,0,0,0,-68,-69,-50,-51
0,0,-82,-81,0,0,0,-66,-79,-80,-59,-58,-63,-63,-75,-75,-76,-77,0,0,-74,-75,-64,0,-59,-59,0,-75,-76,-71,-57,-52,-67,-67,0,0,-67,-68,0,0,0,0,0,0,0,0,0,0,0,-68,-69,-50,-51
0,0,-82,-81,0,0,0,-67,-80,-80,-59,-58,-62,-62,0,0,-76,-76,-73,0,-75,-75,-66,0,-58,-59,-77,-76,-74,0,-57,-53,-66,-67,0,0,-70,-70,0,0,0,0,0,0,0,0,0,0,0,-69,-69,-52,-53
0,0,-82,-81,0,0,0,-67,-80,-80,-59,-58,-62,-62,0,0,-76,-76,-73,0,-75,-75,-66,0,-58,-59,-77,-76,-74,0,-57,-53,-66,-67,0,0,-70,-70,0,0,0,0,0,0,0,0,0,0,0,-69,-69,-52,-53
0,0,-82,-81,0,0,0,-67,-80,-80,-59,-58,-62,-62,0,0,-76,-76,-73,0,-75,-75,-66,0,-58,-59,-77,-76,-74,0,-57,-53,-66,-67,0,0,-70,-70,0,0,0,0,0,0,0,0,0,0,0,-69,-69,-52,-53
0,0,-82,-81,0,0,0,-67,-80,-80,-59,-58,-62,-62,0,0,-76,-76,-73,0,-75,-75,-66,0,-58,-59,-77,-76,-74,0,-57,-53,-66,-67,0,0,-70,-70,0,0,0,0,0,0,0,0,0,0,0,-69,-69,-52,-53
0,0,-82,-81,0,0,0,-67,-80,-80,-59,-58,-62,-62,0,0,-76,-76,-73,0,-75,-75,-66,0,-58,-59,-77,-76,-74,0,-57,-53,-66,-67,0,0,-70,-70,0,0,0,0,0,0,0,0,0,0,0,-69,-69,-52,-53
0,0,-82,-81,0,-81,-83,-67,-79,-79,0,0,-61,-62,0,0,-76,-76,-73,0,-75,-73,-66,0,-59,-59,-77,-76,-74,0,-57,-52,-62,-63,0,0,-71,-70,0,-79,-80,0,0,0,0,-81,-82,0,0,-69,-68,-50,-54
0,0,-75,-76,0,-81,-83,-68,-79,-78,0,0,-61,-62,0,0,-77,-76,0,-66,-71,-70,-65,0,-57,-57,-81,0,-73,0,-56,-54,-62,-62,0,0,-71,-71,0,-79,-80,0,0,0,0,-81,-82,-66,0,-67,-68,-60,-54
0,0,-75,-76,0,-81,-83,-68,-79,-78,0,0,-61,-62,0,0,-77,-76,0,-66,-71,-70,-65,0,-57,-57,-81,0,-73,0,-56,-54,-62,-62,0,0,-71,-71,0,-79,-80,0,0,0,0,-81,-82,-66,0,-67,-68,-60,-54
0,0,-75,-76,0,-81,-83,-68,-79,-78,0,0,-61,-62,0,0,-77,-76,0,-66,-71,-70,-67,0,-57,-57,-81,0,-73,0,-56,-54,-62,-62,0,0,-71,-71,0,-79,-80,0,0,0,0,-81,-82,-66,0,-67,-68,-60,-54
0,0,-75,-76,0,-81,-83,-68,-79,-78,0,0,-61,-62,0,0,-77,-76,0,-66,-71,-70,-67,0,-57,-57,-81,0,-73,0,-56,-54,-62,-62,0,0,-71,-71,0,-79,-80,0,0,0,0,-81,-82,-66,0,-67,-68,-60,-54
0,0,-75,-76,0,-81,-83,-68,-79,-78,0,0,-61,-62,0,0,-77,-76,0,-66,-71,-70,-67,0,-57,-57,-81,0,-73,0,-56,-54,-62,-62,0,0,-71,-71,0,-79,-80,0,0,0,0,-81,-82,-66,0,-67,-68,-60,-54
0,0,-78,-78,-74,0,0,-68,-78,-77,0,-59,-72,-71,0,0,-77,-76,-70,-66,-75,-74,-65,0,-59,-59,-81,0,-73,0,-55,-52,-62,-62,0,0,-67,-67,0,0,0,0,0,0,0,-81,-83,-66,0,-67,-68,-56,-50
0,0,-78,-78,-74,0,0,-68,-78,-77,0,-59,-72,-71,0,0,-77,-76,-70,-66,-75,-74,-65,0,-59,-59,-81,0,-73,0,-55,-52,-62,-62,0,0,-67,-67,0,0,0,0,0,0,0,-81,-83,-66,0,-67,-68,-56,-50
0,0,-78,-78,-74,0,0,-68,-78,-77,0,-59,-72,-71,0,0,-77,-76,-70,-66,-75,-74,-68,0,-59,-59,-81,0,-73,0,-55,-52,-62,-62,0,0,-67,-67,0,0,0,0,0,0,0,-81,-83,-66,0,-67,-68,-56,-50
0,0,-78,-78,-74,0,0,-68,-78,-77,0,-59,-72,-71,0,0,-77,-76,-70,-66,-75,-74,-68,0,-59,-59,-81,0,-73,0,-55,-52,-62,-62,0,0,-67,-67,0,0,0,0,0,0,0,-81,-83,-66,0,-67,-68,-56,-50
0,0,-78,-78,-74,0,0,-68,-78,-77,0,-59,-72,-71,0,0,-77,-76,-70,-66,-75,-74,-68,0,-59,-59,-81,0,-73,0,-55,-52,-62,-62,0,0,-67,-67,0,0,0,0,0,0,0,-81,-83,-66,0,-67,-68,-56,-50
0,0,-83,-82,-74,0,0,-67,-76,-76,0,-59,-72,-71,-72,-68,-77,-77,-70,0,-75,-74,-71,-65,-60,-60,0,0,-76,-77,-57,-54,-64,-64,0,0,-69,-69,0,0,0,0,0,0,0,-81,-83,0,0,-69,-68,-54,-45
0,0,-83,-82,-74,0,0,-67,-76,-76,0,-59,-72,-71,-72,-68,-77,-77,-70,0,-75,-74,-71,-65,-60,-60,0,0,-76,-77,-57,-54,-64,-64,0,0,-69,-69,0,0,0,0,0,0,0,-81,-83,0,0,-69,-68,-54,-45
0,0,-83,-82,-74,0,0,-67,-76,-76,0,-59,-72,-71,-72,-68,-77,-77,-70,0,-75,-74,-71,-65,-60,-60,0,0,-76,-77,-57,-54,-64,-64,0,0,-69,-69,0,0,0,0,0,0,0,-81,-83,0,0,-69,-68,-54,-45
0,0,-83,-82,-74,0,0,-67,-76,-76,0,-59,-72,-71,-72,-68,-77,-77,-70,0,-75,-74,-69,-65,-60,-60,0,0,-76,-77,-57,-54,-64,-64,0,0,-69,-69,0,0,0,0,0,0,0,-81,-83,0,0,-69,-68,-54,-45
0,0,-83,-82,-74,0,0,-67,-76,-76,0,-59,-72,-71,-72,-68,-77,-77,-70,0,-75,-74,-69,-65,-60,-60,0,0,-76,-77,-57,-54,-64,-64,0,0,-69,-69,0,0,0,0,0,0,0,-81,-83,0,0,-69,-68,-54,-45
0,0,-83,-82,-71,0,0,-67,-75,-76,0,0,-72,-70,-71,-68,-77,-77,0,0,-75,-74,-68,-65,-62,-63,0,0,-76,-75,-57,-55,-64,-65,0,0,-69,-69,0,0,0,0,0,0,0,0,0,0,0,-68,-68,-55,-43
0,0,-83,-82,-71,0,0,-67,-75,-76,0,0,-72,-70,-71,-68,-77,-77,0,0,-75,-74,-68,-65,-62,-63,0,0,-76,-75,-57,-55,-64,-65,0,0,-69,-69,0,0,0,0,0,0,0,0,0,0,0,-68,-68,-55,-43
0,0,-83,-82,-71,0,0,-67,-75,-76,0,0,-72,-70,-71,-68,-77,-77,0,0,-75,-74,-68,-65,-62,-63,0,0,-76,-75,-57,-55,-64,-65,0,0,-69,-69,0,0,0,0,0,0,0,0,0,0,0,-68,-68,-55,-43
0,0,-83,-82,-71,0,0,-67,-75,-76,0,0,-72,-70,-71,-68,-77,-77,0,0,-75,-74,-68,-65,-62,-63,0,0,-76,-75,-57,-55,-64,-65,0,0,-69,-69,0,0,0,0,0,0,0,0,0,0,0,-68,-68,-55,-43
0,0,-83,-82,-71,0,0,-67,-75,-76,0,0,-72,-70,-71,-68,-77,-77,0,0,-75,-74,-68,-65,-62,-63,0,0,-76,-75,-57,-55,-64,-65,0,0,-69,-69,0,0,0,0,0,0,0,0,0,0,0,-68,-68,-55,-43
0,0,-83,-82,-70,0,0,0,-75,-76,0,0,-72,-71,-71,-68,-77,-77,0,0,-74,-73,-68,-65,-62,-63,0,0,-77,-75,-57,-55,-65,-65,0,0,-69,-69,0,0,0,0,0,0,0,0,0,0,0,-68,-69,-55,-43
0,0,-83,-82,-70,0,0,0,-75,-76,0,0,-72,-71,-71,-68,-77,-77,0,0,-74,-73,-68,-65,-62,-63,0,0,-77,-75,-57,-55,-65,-65,0,0,-69,-69,0,0,0,0,0,0,0,0,0,0,0,-68,-69,-55,-43
0,0,-83,-82,-70,0,0,0,-75,-76,0,0,-72,-71,-71,-68,-77,-77,0,0,-74,-73,-68,-65,-62,-63,0,0,-77,-75,-57,-55,-65,-65,0,0,-69,-69,0,0,0,0,0,0,0,0,0,0,0,-68,-69,-55,-43
0,0,-83,-82,-70,0,0,0,-75,-76,0,0,-72,-71,-71,-68,-77,-77,0,0,-74,-73,-69,-65,-62,-63,0,0,-77,-75,-57,-55,-65,-65,0,0,-69,-69,0,0,0,0,0,0,0,0,0,0,0,-68,-69,-55,-43
0,0,-83,-82,-70,0,0,0,-75,-76,0,0,-72,-71,-71,-68,-77,-77,0,0,-74,-73,-69,-65,-62,-63,0,0,-77,-75,-57,-55,-65,-65,0,0,-69,-69,0,0,0,0,0,0,0,0,0,0,0,-68,-69,-55,-43
0,0,-82,-82,-70,0,0,-70,-75,-75,0,-74,-70,-67,-71,-67,-77,-77,0,0,-74,-73,-68,-65,-64,-63,0,0,-77,-78,-57,-56,-67,-66,-77,0,-69,-70,0,0,0,0,0,0,0,0,0,0,0,-68,-69,-54,-46
0,0,-82,-82,-70,0,0,-70,-75,-75,0,-74,-70,-67,-71,-67,-77,-77,0,0,-74,-73,-68,-65,-64,-63,0,0,-77,-78,-57,-56,-67,-66,-77,0,-69,-70,0,0,0,0,0,0,0,0,0,0,0,-68,-69,-54,-46
0,0,-82,-82,-70,0,0,-70,-75,-75,0,-74,-70,-67,-71,-67,-77,-77,0,0,-74,-73,-68,-65,-64,-63,0,0,-77,-78,-57,-56,-67,-66,-77,0,-69,-70,0,0,0,0,0,0,0,0,0,0,0,-68,-69,-54,-46
0,0,-82,-82,-70,0,0,-70,-75,-75,0,-74,-70,-67,-71,-67,-77,-77,0,0,-74,-73,-68,-65,-64,-63,0,0,-77,-78,-57,-56,-67,-66,-77,0,-69,-70,0,0,0,0,0,0,0,0,0,0,0,-68,-69,-54,-46
0,0,-82,-82,-70,0,0,-70,-75,-75,0,-74,-70,-67,-71,-67,-77,-77,0,0,-74,-73,-68,-65,-64,-63,0,0,-77,-78,-57,-56,-67,-66,-77,0,-69,-70,0,0,0,0,0,0,0,0,0,0,0,-68,-69,-54,-46
0,0,-79,-79,-71,0,0,-70,-75,-76,0,-74,-70,-70,-71,-67,-79,-80,-69,-64,-74,-73,-68,0,-64,-63,0,0,-72,-73,-57,-56,-69,-69,-77,0,-70,-70,0,0,0,0,0,0,0,0,0,0,0,-68,-69,-54,-46
0,0,-79,-79,-71,0,0,-70,-75,-76,0,-74,-70,-70,-71,-67,-79,-80,-69,-64,-74,-73,-68,0,-64,-63,0,0,-72,-73,-57,-56,-69,-69,-77,0,-70,-70,0,0,0,0,0,0,0,0,0,0,0,-68,-69,-54,-46
0,0,-79,-79,-71,0,0,-70,-75,-76,0,-74,-70,-70,-71,-67,-79,-80,-69,-64,-74,-73,-68,0,-64,-63,0,0,-72,-73,-57,-56,-69,-69,-77,0,-70,-70,0,0,0,0,0,0,0,0,0,0,0,-68,-69,-54,-46
0,0,-79,-79,-71,0,0,-70,-75,-76,0,-74,-70,-70,-71,-67,-79,-80,-69,-64,-74,-73,-68,0,-64,-63,0,0,-72,-73,-57,-56,-69,-69,-77,0,-70,-70,0,0,0,0,0,0,0,0,0,0,0,-68,-69,-54,-46
0,0,-79,-79,-71,0,0,-70,-75,-76,0,-74,-70,-70,-71,-67,-79,-80,-69,-64,-74,-73,-66,0,-64,-63,0,0,-72,-73,-57,-56,-69,-69,-77,0,-70,-70,0,0,0,0,0,0,0,0,0,0,0,-68,-69,-54,-46
0,0,-79,-80,-71,0,0,0,-75,-76,0,0,-70,-70,-71,0,-78,-77,-69,-64,-74,-73,-67,0,-64,-64,0,0,-75,-74,-57,-58,-70,-70,0,0,-69,-69,0,0,0,0,0,0,0,0,0,0,0,-70,-69,-55,-45
0,0,-79,-80,-71,0,0,0,-75,-76,0,0,-70,-70,-71,0,-78,-77,-69,-64,-74,-73,-67,0,-64,-64,0,0,-75,-74,-57,-58,-70,-70,0,0,-69,-69,0,0,0,0,0,0,0,0,0,0,0,-70,-69,-55,-45
0,0,-79,-80,-71,0,0,0,-75,-76,0,0,-70,-70,-71,0,-78,-77,-69,-64,-74,-73,-67,0,-64,-64,0,0,-75,-74,-57,-58,-70,-70,0,0,-69,-69,0,0,0,0,0,0,0,0,0,0,0,-70,-69,-55,-45
0,0,-79,-80,-71,0,0,0,-75,-76,0,0,-70,-70,-71,0,-78,-77,-69,-64,-74,-73,-67,0,-64,-64,0,0,-75,-74,-57,-58,-70,-70,0,0,-69,-69,0,0,0,0,0,0,0,0,0,0,0,-70,-69,-55,-45
0,0,-79,-80,-71,0,0,0,-75,-76,0,0,-70,-70,-71,0,-78,-77,-69,-64,-74,-73,-67,0,-64,-64,0,0,-75,-74,-57,-58,-70,-70,0,0,-69,-69,0,0,0,0,0,0,0,0,0,0,0,-70,-69,-55,-45
0,0,-79,-82,0,0,0,-71,-75,-76,0,0,-71,-70,-71,0,-78,-78,0,0,-74,-73,-66,-62,-64,-64,0,0,-76,-77,-59,-58,-67,-68,0,-82,-69,-69,0,0,0,0,0,0,0,0,0,0,0,-69,-69,-55,-44
0,0,-79,-82,0,0,0,-71,-75,-76,0,0,-71,-70,-71,0,-78,-78,0,0,-74,-73,-66,-62,-64,-64,0,0,-76,-77,-59,-58,-67,-68,0,-82,-69,-69,0,0,0,0,0,0,0,0,0,0,0,-69,-69,-55,-44
0,0,-79,-82,0,0,0,-71,-75,-76,0,0,-71,-70,-71,0,-78,-78,0,0,-74,-73,-66,-62,-64,-64,0,0,-76,-77,-59,-58,-67,-68,0,-82,-69,-69,0,0,0,0,0,0,0,0,0,0,0,-69,-69,-55,-44
0,0,-79,-82,0,0,0,-71,-75,-76,0,0,-71,-70,-71,0,-78,-78,0,0,-74,-73,-66,-62,-64,-64,0,0,-76,-77,-59,-58,-67,-68,0,-82,-69,-69,0,0,0,0,0,0,0,0,0,0,0,-69,-69,-55,-44
0,0,-79,-82,0,0,0,-71,-75,-76,0,0,-71,-70,-71,0,-78,-78,0,0,-74,-73,-66,-62,-64,-64,0,0,-76,-77,-59,-58,-67,-68,0,-82,-69,-69,0,0,0,0,0,0,0,0,0,0,0,-69,-69,-55,-44
0,0,-82,-82,0,0,0,-68,-79,-79,0,0,-71,-71,-72,-69,-79,-79,0,0,-75,-73,-68,-62,-64,-63,0,0,-77,-77,-57,-64,-67,-67,0,-82,-68,-69,0,0,0,0,0,0,0,0,0,0,0,-69,-69,-54,-45
0,0,-82,-82,0,0,0,-68,-79,-79,0,0,-71,-71,-72,-69,-79,-79,0,0,-75,-73,-68,-62,-64,-63,0,0,-77,-77,-57,-64,-67,-67,0,-82,-68,-69,0,0,0,0,0,0,0,0,0,0,0,-69,-69,-54,-45
0,0,-82,-82,0,0,0,-68,-79,-79,0,0,-71,-71,-72,-69,-79,-79,0,0,-75,-73,-67,-62,-64,-63,0,0,-77,-77,-57,-64,-67,-67,0,-82,-68,-69,0,0,0,0,0,0,0,0,0,0,0,-69,-69,-54,-45
0,0,-82,-82,0,0,0,-68,-79,-79,0,0,-71,-71,-72,-69,-79,-79,0,0,-75,-73,-67,-62,-64,-63,0,0,-77,-77,-57,-64,-67,-67,0,-82,-68,-69,0,0,0,0,0,0,0,0,0,0,0,-69,-69,-54,-45
