-71,-68,-72,-72,-76,-74,-74,0,-79,-80,0,0,-61,-60,-72,0,-77,-76,0,-67,-69,-66,-72,-68,-59,-61,-79,-77,-70,-70,0,-67,-61,-61,-80,-85,-66,-66,0,0,0,-77,-81,0,0,-85,-85,0,0,-79,-78,-70,-53
-71,-68,-72,-72,-76,-74,-74,0,-79,-80,0,0,-61,-60,-72,0,-77,-76,0,-67,-69,-66,-72,-68,-59,-61,-79,-77,-70,-70,0,-67,-61,-61,-80,-85,-66,-66,0,0,0,-77,-81,0,0,-85,-85,0,0,-79,-78,-70,-53
-71,-68,-72,-72,-76,-74,-74,0,-79,-80,0,0,-61,-60,-72,0,-77,-76,0,-67,-69,-66,-72,-68,-59,-61,-79,-77,-70,-70,0,-67,-61,-61,-80,-85,-66,-66,0,0,0,-77,-81,0,0,-85,-85,0,0,-79,-78,-70,-53
-71,-68,-72,-72,-76,-74,-74,0,-79,-80,0,0,-61,-60,-72,0,-77,-76,0,-67,-69,-66,-72,-68,-59,-61,-79,-77,-70,-70,0,-67,-61,-61,-80,-85,-66,-66,0,0,0,-77,-81,0,0,-85,-85,0,0,-79,-78,-70,-53
-74,-70,-71,-70,-76,-78,-78,0,-79,-78,0,0,-64,-64,-72,0,-70,-70,0,-67,-66,-66,-72,0,-67,-67,-79,-77,-76,-75,0,-67,-71,-72,0,0,-66,-70,0,0,0,0,-81,0,0,-85,-85,0,0,-80,-80,-62,-56
-74,-70,-71,-70,-76,-78,-78,0,-79,-78,0,0,-64,-64,-72,0,-70,-70,0,-67,-66,-66,-72,0,-67,-67,-79,-77,-76,-75,0,-67,-71,-72,0,0,-66,-70,0,0,0,0,-81,0,0,-85,-85,0,0,-80,-80,-62,-56
-74,-70,-71,-70,-76,-78,-78,0,-79,-78,0,0,-64,-64,-72,0,-70,-70,0,-67,-66,-66,-72,0,-67,-67,-79,-77,-76,-75,0,-67,-71,-72,0,0,-66,-70,0,0,0,0,-81,0,0,-85,-85,0,0,-80,-80,-62,-56
-74,-70,-71,-70,-76,-78,-78,0,-79,-78,0,0,-64,-64,-72,0,-70,-70,0,-67,-66,-66,-72,0,-67,-67,-79,-77,-76,-75,0,-67,-71,-72,0,0,-66,-70,0,0,0,0,-81,0,0,-85,-85,0,0,-80,-80,-62,-56
-74,-68,-71,-69,-79,-80,-78,-74,-79,-80,0,0,-63,-62,0,-74,-70,-70,-72,0,-66,-66,0,0,-64,-64,-78,-85,-72,-73,0,-79,-67,-66,-79,-81,-70,-71,0,0,0,0,-84,0,0,-85,-84,0,0,-79,-81,-75,-58
-74,-68,-71,-69,-79,-80,-78,-74,-79,-80,0,0,-63,-62,0,-74,-70,-70,-72,0,-66,-66,0,0,-64,-64,-78,-85,-72,-73,0,-79,-67,-66,-79,-81,-70,-71,0,0,0,0,-84,0,0,-85,-84,0,0,-79,-81,-75,-58
-74,-68,-71,-69,-79,-80,-78,-74,-79,-80,0,0,-63,-62,0,-74,-70,-70,-72,0,-66,-66,0,0,-64,-64,-78,-85,-72,-73,0,-79,-67,-66,-79,-81,-70,-71,0,0,0,0,-84,0,0,-85,-84,0,0,-79,-81,-75,-58
-74,-68,-71,-69,-79,-80,-78,-74,-79,-80,0,0,-63,-62,0,-74,-70,-70,-72,0,-66,-66,0,0,-64,-64,-78,-85,-72,-73,0,-79,-67,-66,-79,-81,-70,-71,0,0,0,0,-84,0,0,-85,-84,0,0,-79,-81,-75,-58
-74,-70,-71,-68,-82,-78,-78,-74,-81,-79,0,0,-62,-63,-77,-76,-70,-69,-72,0,-64,-66,-72,-73,-65,-65,-78,-85,-71,-71,0,-79,-68,-68,-79,-81,-71,-72,0,0,0,-81,-84,0,0,-85,-84,0,0,-83,-82,-65,-56
-74,-70,-71,-68,-82,-78,-78,-74,-81,-79,0,0,-62,-63,-77,-76,-70,-69,-72,0,-64,-66,-72,-73,-65,-65,-78,-85,-71,-71,0,-79,-68,-68,-79,-81,-71,-72,0,0,0,-81,-84,0,0,-85,-84,0,0,-83,-82,-65,-56
-74,-70,-71,-68,-82,-78,-78,-74,-81,-79,0,0,-62,-63,-77,-76,-70,-69,-72,0,-64,-66,-72,-73,-65,-65,-78,-85,-71,-71,0,-79,-68,-68,-79,-81,-71,-72,0,0,0,-81,-84,0,0,-85,-84,0,0,-83,-82,-65,-56
0,-73,-70,-68,-82,-78,-78,-74,-82,-82,0,0,-65,-65,-77,-76,-70,-75,-72,0,-69,-68,-72,-72,-64,-63,-79,-85,-73,-73,0,-79,-73,-73,-77,-78,-71,-71,0,0,0,-81,-84,0,0,-85,-84,0,0,-82,-82,-69,-57
0,-73,-70,-68,-82,-78,-78,-74,-82,-82,0,0,-65,-65,-77,-76,-70,-75,-72,0,-69,-68,-72,-72,-64,-63,-79,-85,-73,-73,0,-79,-73,-73,-77,-78,-71,-71,0,0,0,-81,-84,0,0,-85,-84,0,0,-82,-82,-69,-57
0,-73,-70,-68,-82,-78,-78,-74,-82,-82,0,0,-65,-65,-77,-76,-70,-75,-72,0,-69,-68,-72,-72,-64,-63,-79,-85,-73,-73,0,-79,-73,-73,-77,-78,-71,-71,0,0,0,-81,-84,0,0,-85,-84,0,0,-82,-82,-69,-57
0,-73,-70,-68,-82,-78,-78,-74,-82,-82,0,0,-65,-65,-77,-76,-70,-75,-72,0,-69,-68,-72,-72,-64,-63,-79,-85,-73,-73,0,-79,-73,-73,-77,-78,-71,-71,0,0,0,-81,-84,0,0,-85,-84,0,0,-82,-82,-69,-57
0,-73,-69,-68,-79,-78,-77,0,-82,-82,0,0,-63,-64,-80,-79,-70,-75,0,0,-67,-67,-72,-72,-63,-64,-79,-80,-77,-77,-73,-77,-67,-67,-75,-78,-70,-70,0,0,0,-81,-84,0,0,0,0,0,0,-83,-83,-70,-62
0,-73,-69,-68,-79,-78,-77,0,-82,-82,0,0,-63,-64,-80,-79,-70,-75,0,0,-67,-67,-72,-72,-63,-64,-79,-80,-77,-77,-73,-77,-67,-67,-75,-78,-70,-70,0,0,0,-81,-84,0,0,0,0,0,0,-83,-83,-70,-62
0,-73,-69,-68,-79,-78,-77,0,-82,-82,0,0,-63,-64,-80,-79,-70,-75,0,0,-67,-67,-72,-72,-63,-64,-79,-80,-77,-77,-73,-77,-67,-67,-75,-78,-70,-70,0,0,0,-81,-84,0,0,0,0,0,0,-83,-83,-70,-62
0,-73,-69,-68,-79,-78,-77,0,-82,-82,0,0,-63,-64,-80,-79,-70,-75,0,0,-67,-67,-72,-72,-63,-64,-79,-80,-77,-77,-73,-77,-67,-67,-75,-78,-70,-70,0,0,0,-81,-84,0,0,0,0,0,0,-83,-83,-70,-62
0,-73,-69,-69,-79,-78,-77,0,-82,-83,0,0,-63,-63,-79,-78,-74,-74,0,0,-66,-67,0,-69,-64,-64,-79,-80,-79,-79,-73,-77,-66,-66,-75,-78,-74,-75,0,0,0,0,0,0,0,0,0,0,0,-83,-84,-65,-67
0,-73,-69,-69,-79,-78,-77,0,-82,-83,0,0,-63,-63,-79,-78,-74,-74,0,0,-66,-67,0,-69,-64,-64,-79,-80,-79,-79,-73,-77,-66,-66,-75,-78,-74,-75,0,0,0,0,0,0,0,0,0,0,0,-83,-84,-65,-67
0,-73,-69,-69,-79,-78,-77,0,-82,-83,0,0,-63,-63,-79,-78,-74,-74,0,0,-66,-67,0,-69,-64,-64,-79,-80,-79,-79,-73,-77,-66,-66,-75,-78,-74,-75,0,0,0,0,0,0,0,0,0,0,0,-83,-84,-65,-67
0,-73,-69,-69,-79,-78,-77,0,-82,-83,0,0,-63,-63,-79,-78,-74,-74,0,0,-66,-67,0,-69,-64,-64,-79,-80,-79,-79,-73,-77,-66,-66,-75,-78,-74,-75,0,0,0,0,0,0,0,0,0,0,0,-83,-84,-65,-67
-77,-74,-67,-67,-79,-76,-77,-75,-83,-80,0,0,-57,-56,-79,-78,-77,-77,0,-68,-67,-67,0,-69,-64,-64,0,-80,-77,-77,-73,-77,-66,-66,-75,-78,-75,-74,0,-85,-86,0,0,0,0,0,0,0,0,-83,-82,-64,-63
-77,-74,-67,-67,-79,-76,-77,-75,-83,-80,0,0,-57,-56,-79,-78,-77,-77,0,-68,-67,-67,0,-69,-64,-64,0,-80,-77,-77,-73,-77,-66,-66,-75,-78,-75,-74,0,-85,-86,0,0,0,0,0,0,0,0,-83,-82,-64,-63
-77,-74,-67,-67,-79,-76,-77,-75,-83,-80,0,0,-57,-56,-79,-78,-77,-77,0,-68,-67,-67,0,-69,-64,-64,0,-80,-77,-77,-73,-77,-66,-66,-75,-78,-75,-74,0,-85,-86,0,0,0,0,0,0,0,0,-83,-82,-64,-63
-77,-74,-67,-67,-79,-76,-77,-75,-83,-80,0,0,-57,-56,-79,-78,-77,-77,0,-68,-67,-67,0,-69,-64,-64,0,-80,-77,-77,-73,-77,-66,-66,-75,-78,-75,-74,0,-85,-86,0,0,0,0,0,0,0,0,-83,-82,-64,-63
-77,-74,-67,-70,0,-78,-79,-74,-82,-80,-72,-71,-64,-64,-79,-78,-75,-77,0,-68,-71,-72,0,-69,-73,-74,-78,0,-76,-75,0,-74,-63,-63,0,0,-74,-75,0,-85,-85,-83,0,0,0,0,0,0,0,-83,-82,-63,-59
-77,-74,-67,-70,0,-78,-79,-74,-82,-80,-72,-71,-64,-64,-79,-78,-75,-77,0,-68,-71,-72,0,-69,-73,-74,-78,0,-76,-75,0,-74,-63,-63,0,0,-74,-75,0,-85,-85,-83,0,0,0,0,0,0,0,-83,-82,-63,-59
-77,-74,-67,-70,0,-78,-79,-74,-82,-80,-72,-71,-64,-64,-79,-78,-75,-77,0,-68,-71,-72,0,-69,-73,-74,-78,0,-76,-75,0,-74,-63,-63,0,0,-74,-75,0,-85,-85,-83,0,0,0,0,0,0,0,-83,-82,-63,-59
-77,-74,-67,-70,0,-78,-79,-74,-82,-80,-72,-71,-64,-64,-79,-78,-75,-77,0,-68,-71,-72,0,-69,-73,-74,-78,0,-76,-75,0,-74,-63,-63,0,0,-74,-75,0,-85,-85,-83,0,0,0,0,0,0,0,-83,-82,-63,-59
-77,-74,-67,-70,-82,-78,-80,-74,-79,-81,-72,-71,-59,-59,0,0,-75,-73,0,-68,-69,-69,0,0,-66,-66,-77,0,-70,-69,0,-74,-69,-69,0,0,-68,-68,0,-85,-85,-83,-84,0,0,0,0,0,0,-80,-80,-66,-60
-77,-74,-67,-70,-82,-78,-80,-74,-79,-81,-72,-71,-59,-59,0,0,-75,-73,0,-68,-69,-69,0,0,-66,-66,-77,0,-70,-69,0,-74,-69,-69,0,0,-68,-68,0,-85,-85,-83,-84,0,0,0,0,0,0,-80,-80,-66,-60
-77,-74,-67,-70,-82,-78,-80,-74,-79,-81,-72,-71,-59,-59,0,0,-75,-73,0,-68,-69,-69,0,0,-66,-66,-77,0,-70,-69,0,-74,-69,-69,0,0,-68,-68,0,-85,-85,-83,-84,0,0,0,0,0,0,-80,-80,-66,-60
-78,-76,-70,-70,-82,-78,-80,-74,-79,-80,-72,-70,-57,-58,0,0,-75,-73,0,0,-69,-70,-69,-66,-70,-68,-77,0,-78,-78,0,-74,-67,-67,0,0,-75,-75,0,0,-85,-80,-81,0,0,0,0,0,0,-83,-81,-64,-65
-78,-76,-70,-70,-82,-78,-80,-74,-79,-80,-72,-70,-57,-58,0,0,-75,-73,0,0,-69,-70,-69,-66,-70,-68,-77,0,-78,-78,0,-74,-67,-67,0,0,-75,-75,0,0,-85,-80,-81,0,0,0,0,0,0,-83,-81,-64,-65
-78,-76,-70,-70,-82,-78,-80,-74,-79,-80,-72,-70,-57,-58,0,0,-75,-73,0,0,-69,-70,-69,-66,-70,-68,-77,0,-78,-78,0,-74,-67,-67,0,0,-75,-75,0,0,-85,-80,-81,0,0,0,0,0,0,-83,-81,-64,-65
-78,-76,-70,-70,-82,-78,-80,-74,-79,-80,-72,-70,-57,-58,0,0,-75,-73,0,0,-69,-70,-69,-66,-70,-68,-77,0,-78,-78,0,-74,-67,-67,0,0,-75,-75,0,0,-85,-80,-81,0,0,0,0,0,0,-83,-81,-64,-65
-78,-76,-70,-70,-82,-79,-79,-83,-78,-77,-72,-70,-58,-59,0,0,-71,-71,0,0,-70,-69,-68,-69,-69,-68,-77,0,-74,-74,0,-74,-71,-70,0,0,-74,-73,-88,-85,-86,-84,-83,0,0,0,0,0,0,-79,-80,-61,-61
-78,-76,-70,-70,-82,-79,-79,-83,-78,-77,-72,-70,-58,-59,0,0,-71,-71,0,0,-70,-69,-68,-69,-69,-68,-77,0,-74,-74,0,-74,-71,-70,0,0,-74,-73,-88,-85,-86,-84,-83,0,0,0,0,0,0,-79,-80,-61,-61
-78,-76,-70,-70,-82,-79,-79,-83,-78,-77,-72,-70,-58,-59,0,0,-71,-71,0,0,-70,-69,-68,-69,-69,-68,-77,0,-74,-74,0,-74,-71,-70,0,0,-74,-73,-88,-85,-86,-84,-83,0,0,0,0,0,0,-79,-80,-61,-61
-78,-76,-70,-70,-82,-79,-79,-83,-78,-77,-72,-70,-58,-59,0,0,-71,-71,0,0,-70,-69,-68,-69,-69,-68,-77,0,-74,-74,0,-74,-71,-70,0,0,-74,-73,-88,-85,-86,-84,-83,0,0,0,0,0,0,-79,-80,-61,-61
-76,-72,-70,-70,0,-77,-76,-83,-79,-78,-72,-70,-57,-58,0,0,-73,-74,0,0,-67,-68,-68,-70,-67,-67,0,0,-74,-74,0,0,-66,-66,0,0,-74,-74,-88,-85,-86,-84,-83,0,0,0,0,0,0,-79,-80,-61,-60
-76,-72,-70,-70,0,-77,-76,-83,-79,-78,-72,-70,-57,-58,0,0,-73,-74,0,0,-67,-68,-68,-70,-67,-67,0,0,-74,-74,0,0,-66,-66,0,0,-74,-74,-88,-85,-86,-84,-83,0,0,0,0,0,0,-79,-80,-61,-60
-76,-72,-70,-70,0,-77,-76,-83,-79,-78,-72,-70,-57,-58,0,0,-73,-74,0,0,-67,-68,-68,-70,-67,-67,0,0,-74,-74,0,0,-66,-66,0,0,-74,-74,-88,-85,-86,-84,-83,0,0,0,0,0,0,-79,-80,-61,-60
-76,-72,-70,-70,0,-77,-76,-83,-79,-78,-72,-70,-57,-58,0,0,-73,-74,0,0,-67,-68,-68,-70,-67,-67,0,0,-74,-74,0,0,-66,-66,0,0,-74,-74,-88,-85,-86,-84,-83,0,0,0,0,0,0,-79,-80,-61,-60
-76,-71,0,-70,0,-79,-78,-74,-77,-77,0,0,-58,-60,-73,-71,-75,-76,0,0,-69,-71,-68,-70,-67,-68,-82,-88,-75,-75,-70,0,-69,-69,0,0,-73,-73,-88,-85,-86,-84,-83,0,0,0,0,0,0,-79,-79,-62,-60
-76,-71,0,-70,0,-79,-78,-74,-77,-77,0,0,-58,-60,-73,-71,-75,-76,0,0,-69,-71,-68,-70,-67,-68,-82,-88,-75,-75,-70,0,-69,-69,0,0,-73,-73,-88,-85,-86,-84,-83,0,0,0,0,0,0,-79,-79,-62,-60
-76,-71,0,-70,0,-79,-78,-74,-77,-77,0,0,-58,-60,-73,-71,-75,-76,0,0,-69,-71,-68,-70,-67,-68,-82,-88,-75,-75,-70,0,-69,-69,0,0,-73,-73,-88,-85,-86,-84,-83,0,0,0,0,0,0,-79,-79,-62,-60
-76,-71,0,-69,0,-79,-80,-74,-78,-77,-71,-72,-60,-61,-73,-74,-74,-74,0,0,-68,-68,-68,-69,-69,-68,-82,-88,-73,-73,-70,0,-68,-68,0,0,-73,-73,0,-86,-87,-84,-83,0,0,0,0,0,0,-79,-81,-62,-63
-76,-71,0,-69,0,-79,-80,-74,-78,-77,-71,-72,-60,-61,-73,-74,-74,-74,0,0,-68,-68,-68,-69,-69,-68,-82,-88,-73,-73,-70,0,-68,-68,0,0,-73,-73,0,-86,-87,-84,-83,0,0,0,0,0,0,-79,-81,-62,-63
-76,-71,0,-69,0,-79,-80,-74,-78,-77,-71,-72,-60,-61,-73,-74,-74,-74,0,0,-68,-68,-68,-69,-69,-68,-82,-88,-73,-73,-70,0,-68,-68,0,0,-73,-73,0,-86,-87,-84,-83,0,0,0,0,0,0,-79,-81,-62,-63
-76,-71,0,-69,0,-79,-80,-74,-78,-77,-71,-72,-60,-61,-73,-74,-74,-74,0,0,-68,-68,-68,-69,-69,-68,-82,-88,-73,-73,-70,0,-68,-68,0,0,-73,-73,0,-86,-87,-84,-83,0,0,0,0,0,0,-79,-81,-62,-63
-77,-75,0,-70,0,-77,-78,-76,-79,-79,-71,-72,-60,-58,-73,-74,-77,-77,0,0,-68,-68,0,-69,-70,-69,-82,-88,-75,-76,-70,-83,-67,-67,-77,0,-72,-72,0,-86,-87,-84,-83,0,0,0,0,0,0,-80,-81,-61,-62
-77,-75,0,-70,0,-77,-78,-76,-79,-79,-71,-72,-60,-58,-73,-74,-77,-77,0,0,-68,-68,0,-69,-70,-69,-82,-88,-75,-76,-70,-83,-67,-67,-77,0,-72,-72,0,-86,-87,-84,-83,0,0,0,0,0,0,-80,-81,-61,-62
-77,-75,0,-70,0,-77,-78,-76,-79,-79,-71,-72,-60,-58,-73,-74,-77,-77,0,0,-68,-68,0,-69,-70,-69,-82,-88,-75,-76,-70,-83,-67,-67,-77,0,-72,-72,0,-86,-87,-84,-83,0,0,0,0,0,0,-80,-81,-61,-62
-77,-75,0,-70,0,-77,-78,-76,-79,-79,-71,-72,-60,-58,-73,-74,-77,-77,0,0,-68,-68,0,-69,-70,-69,-82,-88,-75,-76,-70,-83,-67,-67,-77,0,-72,-72,0,-86,-87,-84,-83,0,0,0,0,0,0,-80,-81,-61,-62
-72,-71,0,-73,0,-77,-77,-76,-78,-79,-78,-79,-60,-58,0,-74,-73,-73,0,0,-71,-69,0,-70,-68,-68,0,0,-75,-76,-70,-83,-67,-67,-77,0,-74,-74,0,-86,-84,0,-84,0,0,-82,-81,0,0,-79,-81,-61,-64
-72,-71,-74,-73,-77,-78,-78,-88,-79,-79,-71,-72,-59,-60,0,-75,-75,-76,0,0,-68,-68,-68,-69,-64,-64,0,0,-70,-70,-78,0,-67,-68,0,-82,-74,-75,0,-81,-80,-82,-84,0,0,-82,-81,0,0,-78,-79,-71,-54
-72,-71,-74,-73,-77,-78,-78,-88,-79,-79,-71,-72,-59,-60,0,-75,-75,-76,0,0,-68,-68,-68,-69,-64,-64,0,0,-70,-70,-78,0,-67,-68,0,-82,-74,-75,0,-81,-80,-82,-84,0,0,-82,-81,0,0,-78,-79,-71,-54
-72,-71,-74,-73,-77,-78,-78,-88,-79,-79,-71,-72,-59,-60,0,-75,-75,-76,0,0,-68,-68,-68,-69,-64,-64,0,0,-70,-70,-78,0,-67,-68,0,-82,-74,-75,0,-81,-80,-82,-84,0,0,-82,-81,0,0,-78,-79,-71,-54
-72,-71,-74,-73,-77,-78,-78,-88,-79,-79,-71,-72,-59,-60,0,-75,-75,-76,0,0,-68,-68,-68,-69,-64,-64,0,0,-70,-70,-78,0,-67,-68,0,-82,-74,-75,0,-81,-80,-82,-84,0,0,-82,-81,0,0,-78,-79,-71,-54
-70,-66,-74,-68,-83,-78,-78,-88,-79,-78,-67,-72,-59,-58,0,-75,-66,-66,0,0,-68,-68,-68,-69,-68,-68,-85,0,-75,-75,-70,-76,-66,-68,0,-82,-78,-78,0,-81,-80,-82,-84,0,0,0,0,0,0,-78,-78,-75,-49
-70,-66,-74,-68,-83,-78,-78,-88,-79,-78,-67,-72,-59,-58,0,-75,-66,-66,0,0,-68,-68,-68,-69,-68,-68,-85,0,-75,-75,-70,-76,-66,-68,0,-82,-78,-78,0,-81,-80,-82,-84,0,0,0,0,0,0,-78,-78,-75,-49
-70,-66,-74,-68,-83,-78,-78,-88,-79,-78,-67,-72,-59,-58,0,-75,-66,-66,0,0,-68,-68,-68,-69,-68,-68,-85,0,-75,-75,-70,-76,-66,-68,0,-82,-78,-78,0,-81,-80,-82,-84,0,0,0,0,0,0,-78,-78,-75,-49
-70,-66,-74,-68,-83,-78,-78,-88,-79,-78,-67,-72,-59,-58,0,-75,-66,-66,0,0,-68,-68,-68,-69,-68,-68,-85,0,-75,-75,-70,-76,-66,-68,0,-82,-78,-78,0,-81,-80,-82,-84,0,0,0,0,0,0,-78,-78,-75,-49
-71,-69,0,-73,-83,0,0,0,-79,-78,-67,0,-59,-59,-67,-64,-69,-69,-63,-61,-73,-73,0,0,-66,-65,-85,-84,-76,-76,-72,-76,-65,-65,0,0,-83,-82,0,0,0,0,0,0,0,-84,-83,0,-80,-81,-80,-71,-48
-71,-69,0,-73,-83,0,0,0,-79,-78,-67,0,-59,-59,-67,-64,-69,-69,-63,-61,-73,-73,0,0,-66,-65,-85,-84,-76,-76,-72,-76,-65,-65,0,0,-83,-82,0,0,0,0,0,0,0,-84,-83,0,-80,-81,-80,-71,-48
-71,-69,0,-73,-83,0,0,0,-79,-78,-67,0,-59,-59,-67,-64,-69,-69,-63,-61,-73,-73,0,0,-66,-65,-85,-84,-76,-76,-72,-76,-65,-65,0,0,-83,-82,0,0,0,0,0,0,0,-84,-83,0,-80,-81,-80,-71,-48
-71,-69,0,-73,-83,0,0,0,-79,-78,-67,0,-59,-59,-67,-64,-69,-69,-63,-61,-73,-73,0,0,-66,-65,-85,-84,-76,-76,-72,-76,-65,-65,0,0,-83,-82,0,0,0,0,0,0,0,-84,-83,0,-80,-81,-80,-71,-48
-71,-73,0,-71,-83,0,0,0,-79,-78,-67,0,-63,-63,-68,-65,-69,-69,-61,-60,-73,-73,0,0,-64,-65,-85,-84,-74,-74,-70,-76,-69,-68,0,0,-83,-84,0,-87,-88,0,-84,0,0,-83,-82,0,-80,-80,-80,-69,-48
-71,-73,0,-71,-83,0,0,0,-79,-78,-67,0,-63,-63,-68,-65,-69,-69,-61,-60,-73,-73,0,0,-64,-65,-85,-84,-74,-74,-70,-76,-69,-68,0,0,-83,-84,0,-87,-88,0,-84,0,0,-83,-82,0,-80,-80,-80,-69,-48
-71,-73,0,-71,-83,0,0,0,-79,-78,-67,0,-63,-63,-68,-65,-69,-69,-61,-60,-73,-73,0,0,-64,-65,-85,-84,-74,-74,-70,-76,-69,-68,0,0,-83,-84,0,-87,-88,0,-84,0,0,-83,-82,0,-80,-80,-80,-69,-48
-71,-73,0,-71,-83,0,0,0,-79,-78,-67,0,-63,-63,-68,-65,-69,-69,-61,-60,-73,-73,0,0,-64,-65,-85,-84,-74,-74,-70,-76,-69,-68,0,0,-83,-84,0,-87,-88,0,-84,0,0,-83,-82,0,-80,-80,-80,-69,-48
-71,-73,0,-71,-83,0,0,0,-79,-78,-67,0,-63,-63,-68,-65,-69,-69,-61,-60,-73,-73,0,0,-64,-65,-85,-84,-74,-74,-70,-76,-69,-68,0,0,-83,-84,0,-87,-88,0,-84,0,0,-83,-82,0,-80,-80,-80,-69,-48
-71,-67,0,-69,0,-79,-80,0,-80,-80,0,0,-65,-65,-72,-72,-65,-65,-65,-64,-66,-66,-76,-75,-65,-65,0,-85,-77,-77,-70,-70,-72,-71,0,0,-80,-80,0,-87,-88,0,-84,0,0,-83,-82,0,-80,-79,-80,-78,-52
-71,-67,0,-69,0,-79,-80,0,-80,-80,0,0,-65,-65,-72,-72,-65,-65,-65,-64,-66,-66,-76,-75,-65,-65,0,-85,-77,-77,-70,-70,-72,-71,0,0,-80,-80,0,-87,-88,0,-84,0,0,-83,-82,0,-80,-79,-80,-78,-52
-71,-67,0,-69,0,-79,-80,0,-80,-80,0,0,-65,-65,-72,-72,-65,-65,-65,-64,-66,-66,-76,-75,-65,-65,0,-85,-77,-77,-70,-70,-72,-71,0,0,-80,-80,0,-87,-88,0,-84,0,0,-83,-82,0,-80,-79,-80,-78,-52
-70,-70,0,-69,-89,-79,-80,-86,-86,-80,0,0,-54,-54,-75,-74,-65,-65,-65,-64,-66,-66,-72,-72,-74,-72,-80,-84,-75,-76,-70,-79,-69,-69,0,0,-77,-77,0,-87,-88,0,-84,0,0,-81,-83,0,0,-78,-78,-66,-48
-70,-70,0,-69,-89,-79,-80,-86,-86,-80,0,0,-54,-54,-75,-74,-65,-65,-65,-64,-66,-66,-72,-72,-74,-72,-80,-84,-75,-76,-70,-79,-69,-69,0,0,-77,-77,0,-87,-88,0,-84,0,0,-81,-83,0,0,-78,-78,-66,-48
-70,-70,0,-69,-89,-79,-80,-86,-86,-80,0,0,-54,-54,-75,-74,-65,-65,-65,-64,-66,-66,-72,-72,-74,-72,-80,-84,-75,-76,-70,-79,-69,-69,0,0,-77,-77,0,-87,-88,0,-84,0,0,-81,-83,0,0,-78,-78,-66,-48
-70,-70,0,-69,-89,-79,-80,-86,-86,-80,0,0,-54,-54,-75,-74,-65,-65,-65,-64,-66,-66,-72,-72,-74,-72,-80,-84,-75,-76,-70,-79,-69,-69,0,0,-77,-77,0,-87,-88,0,-84,0,0,-81,-83,0,0,-78,-78,-66,-48
-74,-73,0,-68,-89,-79,-80,-86,-77,-77,0,0,-55,-56,-75,-67,-65,-67,-65,-64,-68,-69,-72,-72,-64,-65,-80,-84,-71,-71,-71,-79,-68,-68,0,0,-84,-83,0,0,0,0,0,0,0,-81,-83,0,0,-74,-74,-74,-50
-74,-73,0,-68,-89,-79,-80,-86,-77,-77,0,0,-55,-56,-75,-67,-65,-67,-65,-64,-68,-69,-72,-72,-64,-65,-80,-84,-71,-71,-71,-79,-68,-68,0,0,-84,-83,0,0,0,0,0,0,0,-81,-83,0,0,-74,-74,-74,-50
-74,-73,0,-68,-89,-79,-80,-86,-77,-77,0,0,-55,-56,-75,-67,-65,-67,-65,-64,-68,-69,-72,-72,-64,-65,-80,-84,-71,-71,-71,-79,-68,-68,0,0,-84,-83,0,0,0,0,0,0,0,-81,-83,0,0,-74,-74,-74,-50
-74,-73,0,-68,-89,-79,-80,-86,-77,-77,0,0,-55,-56,-75,-67,-65,-67,-65,-64,-68,-69,-72,-72,-64,-65,-80,-84,-71,-71,-71,-79,-68,-68,0,0,-84,-83,0,0,0,0,0,0,0,-81,-83,0,0,-74,-74,-74,-50
-75,-70,0,-71,-89,-81,-80,-78,-80,-80,0,0,-60,-61,-70,-65,-65,-66,0,0,-69,-70,-72,-72,-66,-67,-81,-85,-71,-72,-71,-70,-68,-68,0,0,-79,-80,0,0,0,0,0,0,0,-81,-83,0,0,-77,-77,-64,-51
-75,-70,0,-71,-89,-81,-80,-78,-80,-80,0,0,-60,-61,-70,-65,-65,-66,0,0,-69,-70,-72,-72,-66,-67,-81,-85,-71,-72,-71,-70,-68,-68,0,0,-79,-80,0,0,0,0,0,0,0,-81,-83,0,0,-77,-77,-64,-51
-75,-70,0,-71,-89,-81,-80,-78,-80,-80,0,0,-60,-61,-70,-65,-65,-66,0,0,-69,-70,-72,-72,-66,-67,-81,-85,-71,-72,-71,-70,-68,-68,0,0,-79,-80,0,0,0,0,0,0,0,-81,-83,0,0,-77,-77,-64,-51
-75,-70,0,-71,-89,-81,-80,-78,-80,-80,0,0,-60,-61,-70,-65,-65,-66,0,0,-69,-70,-72,-72,-66,-67,-81,-85,-71,-72,-71,-70,-68,-68,0,0,-79,-80,0,0,0,0,0,0,0,-81,-83,0,0,-77,-77,-64,-51
-75,-70,-73,-73,0,-82,-82,-78,-80,-80,-69,-69,-59,-59,-68,-66,-67,-67,0,-62,-70,-70,0,-70,-68,-68,-81,-85,-73,-73,-71,-70,-64,-65,-84,0,-83,-83,0,0,-87,0,-82,0,0,0,-86,0,0,-78,-78,-69,-51
-75,-70,-73,-73,0,-82,-82,-78,-80,-80,-69,-69,-59,-59,-68,-66,-67,-67,0,-62,-70,-70,0,-70,-68,-68,-81,-85,-73,-73,-71,-70,-64,-65,-84,0,-83,-83,0,0,-87,0,-82,0,0,0,-86,0,0,-78,-78,-69,-51
-75,-70,-73,-73,0,-82,-82,-78,-80,-80,-69,-69,-59,-59,-68,-66,-67,-67,0,-62,-70,-70,0,-70,-68,-68,-81,-85,-73,-73,-71,-70,-64,-65,-84,0,-83,-83,0,0,-87,0,-82,0,0,0,-86,0,0,-78,-78,-69,-51
-75,-70,-73,-70,-86,-82,-82,-78,-80,-81,-69,-69,-59,-58,-70,-70,-72,-65,-66,-64,-69,-68,0,-70,-68,-68,-81,-85,-73,-73,0,-70,-67,-67,-84,0,-81,-81,0,0,-87,0,-82,0,0,-83,-82,-83,0,-78,-78,-73,-52
-75,-70,-73,-70,-86,-82,-82,-78,-80,-81,-69,-69,-59,-58,-70,-70,-72,-65,-66,-64,-69,-68,0,-70,-68,-68,-81,-85,-73,-73,0,-70,-67,-67,-84,0,-81,-81,0,0,-87,0,-82,0,0,-83,-82,-83,0,-78,-78,-73,-52
-75,-70,-73,-70,-86,-82,-82,-78,-80,-81,-69,-69,-59,-58,-70,-70,-72,-65,-66,-64,-69,-68,0,-70,-68,-68,-81,-85,-73,-73,0,-70,-67,-67,-84,0,-81,-81,0,0,-87,0,-82,0,0,-83,-82,-83,0,-78,-78,-73,-52
-75,-70,-73,-70,-86,-82,-82,-78,-80,-81,-69,-69,-59,-58,-70,-70,-72,-65,-66,-64,-69,-68,0,-70,-68,-68,-81,-85,-73,-73,0,-70,-67,-67,-84,0,-81,-81,0,0,-87,0,-82,0,0,-83,-82,-83,0,-78,-78,-73,-52
-72,0,-73,-68,-84,-81,-83,-78,-80,-81,-69,-69,-60,-59,-77,-75,-64,-64,-66,-64,-68,-69,-75,-76,-66,-66,0,-87,-73,-73,-72,0,-67,-67,-84,0,-82,-81,0,0,-87,0,-82,0,0,-83,-82,-83,0,-76,-77,-72,-50
-72,0,-73,-68,-84,-81,-83,-78,-80,-81,-69,-69,-60,-59,-77,-75,-64,-64,-66,-64,-68,-69,-75,-76,-66,-66,0,-87,-73,-73,-72,0,-67,-67,-84,0,-82,-81,0,0,-87,0,-82,0,0,-83,-82,-83,0,-76,-77,-72,-50
-72,0,-73,-68,-84,-81,-83,-78,-80,-81,-69,-69,-60,-59,-77,-75,-64,-64,-66,-64,-68,-69,-75,-76,-66,-66,0,-87,-73,-73,-72,0,-67,-67,-84,0,-82,-81,0,0,-87,0,-82,0,0,-83,-82,-83,0,-76,-77,-72,-50
-72,0,-73,-68,-84,-81,-83,-78,-80,-81,-69,-69,-60,-59,-77,-75,-64,-64,-66,-64,-68,-69,-75,-76,-66,-66,0,-87,-73,-73,-72,0,-67,-67,-84,0,-82,-81,0,0,-87,0,-82,0,0,-83,-82,-83,0,-76,-77,-72,-50
-72,-68,0,-70,-84,-82,-79,-78,-83,-84,0,0,-59,-59,-77,-75,-64,-67,-71,-68,-78,-78,-75,-76,-65,-65,0,-87,-75,-75,-69,-66,-67,-68,0,0,-77,-78,0,0,0,0,0,0,0,-83,-82,-83,0,-75,-75,-68,-50
-72,-68,0,-70,-84,-82,-79,-78,-83,-84,0,0,-59,-59,-77,-75,-64,-67,-71,-68,-78,-78,-75,-76,-65,-65,0,-87,-75,-75,-69,-66,-67,-68,0,0,-77,-78,0,0,0,0,0,0,0,-83,-82,-83,0,-75,-75,-68,-50
-72,-68,0,-70,-84,-82,-79,-78,-83,-84,0,0,-59,-59,-77,-75,-64,-67,-71,-68,-78,-78,-75,-76,-65,-65,0,-87,-75,-75,-69,-66,-67,-68,0,0,-77,-78,0,0,0,0,0,0,0,-83,-82,-83,0,-75,-75,-68,-50
-72,-68,0,-70,-84,-82,-79,-78,-83,-84,0,0,-59,-59,-77,-75,-64,-67,-71,-68,-78,-78,-75,-76,-65,-65,0,-87,-75,-75,-69,-66,-67,-68,0,0,-77,-78,0,0,0,0,0,0,0,-83,-82,-83,0,-75,-75,-68,-50
-72,-68,0,-72,-84,-82,-81,-77,-80,-80,0,0,-59,-60,-77,-75,-72,-71,-71,-68,-66,-67,-75,-76,-76,-77,0,-87,-77,-78,-71,-70,-69,-68,0,0,-82,-82,0,0,0,0,0,0,0,0,0,0,0,-75,-75,-72,-49
-72,-68,0,-72,-84,-82,-81,-77,-80,-80,0,0,-59,-60,-77,-75,-72,-71,-71,-68,-66,-67,-75,-76,-76,-77,0,-87,-77,-78,-71,-70,-69,-68,0,0,-82,-82,0,0,0,0,0,0,0,0,0,0,0,-75,-75,-72,-49
-72,-68,0,-72,-84,-82,-81,-77,-80,-80,0,0,-59,-60,-77,-75,-72,-71,-71,-68,-66,-67,-75,-76,-76,-77,0,-87,-77,-78,-71,-70,-69,-68,0,0,-82,-82,0,0,0,0,0,0,0,0,0,0,0,-75,-75,-72,-49
-72,-68,0,-71,0,-77,-79,-76,-79,-79,0,0,-59,-57,0,0,-70,-69,-71,-68,-70,-78,0,-76,-66,-67,0,0,-74,-73,-73,-77,-70,-70,0,0,-82,-83,0,0,0,0,0,0,0,0,0,0,0,-77,-77,-66,-48
-72,-68,0,-71,0,-77,-79,-76,-79,-79,0,0,-59,-57,0,0,-70,-69,-71,-68,-70,-78,0,-76,-66,-67,0,0,-74,-73,-73,-77,-70,-70,0,0,-82,-83,0,0,0,0,0,0,0,0,0,0,0,-77,-77,-66,-48
-72,-68,0,-71,0,-77,-79,-76,-79,-79,0,0,-59,-57,0,0,-70,-69,-71,-68,-70,-78,0,-76,-66,-67,0,0,-74,-73,-73,-77,-70,-70,0,0,-82,-83,0,0,0,0,0,0,0,0,0,0,0,-77,-77,-66,-48
-72,-68,0,-71,0,-77,-79,-76,-79,-79,0,0,-59,-57,0,0,-70,-69,-71,-68,-70,-78,0,-76,-66,-67,0,0,-74,-73,-73,-77,-70,-70,0,0,-82,-83,0,0,0,0,0,0,0,0,0,0,0,-77,-77,-66,-48
-72,-70,0,-70,0,-79,-80,-76,-80,-79,0,0,-59,-59,-70,-68,-69,-69,0,-67,-72,-73,-74,0,-65,-65,0,-81,-75,-75,-73,-77,-71,-71,-85,0,-81,-81,0,0,0,-83,-85,0,0,0,0,0,0,-77,-77,-70,-50
-72,-70,0,-70,0,-79,-80,-76,-80,-79,0,0,-59,-59,-70,-68,-69,-69,0,-67,-72,-73,-74,0,-65,-65,0,-81,-75,-75,-73,-77,-71,-71,-85,0,-81,-81,0,0,0,-83,-85,0,0,0,0,0,0,-77,-77,-70,-50
-72,-70,0,-70,0,-79,-80,-76,-80,-79,0,0,-59,-59,-70,-68,-69,-69,0,-67,-72,-73,-74,0,-65,-65,0,-81,-75,-75,-73,-77,-71,-71,-85,0,-81,-81,0,0,0,-83,-85,0,0,0,0,0,0,-77,-77,-70,-50
-72,-70,0,-70,0,-79,-80,-76,-80,-79,0,0,-59,-59,-70,-68,-69,-69,0,-67,-72,-73,-74,0,-65,-65,0,-81,-75,-75,-73,-77,-71,-71,-85,0,-81,-81,0,0,0,-83,-85,0,0,0,0,0,0,-77,-77,-70,-50
-73,-72,0,-71,0,-77,-77,-76,-80,-79,0,0,-59,-59,-70,-68,-65,-64,0,-67,-71,-71,-74,0,-66,-66,0,-81,-76,-76,-73,-77,-70,-70,-85,0,-83,-82,0,0,0,-83,-85,0,0,0,0,-88,0,-75,-76,-69,-48
-73,-72,0,-71,0,-77,-77,-76,-80,-79,0,0,-59,-59,-70,-68,-65,-64,0,-67,-71,-71,-74,0,-66,-66,0,-81,-76,-76,-73,-77,-70,-70,-85,0,-83,-82,0,0,0,-83,-85,0,0,0,0,-88,0,-75,-76,-69,-48
-73,-72,0,-71,0,-77,-77,-76,-80,-79,0,0,-59,-59,-70,-68,-65,-64,0,-67,-71,-71,-74,0,-66,-66,0,-81,-76,-76,-73,-77,-70,-70,-85,0,-83,-82,0,0,0,-83,-85,0,0,0,0,-88,0,-75,-76,-69,-48
-73,-72,0,-71,0,-77,-77,-76,-80,-79,0,0,-59,-59,-70,-68,-65,-64,0,-67,-71,-71,-74,0,-66,-66,0,-81,-76,-76,-73,-77,-70,-70,-85,0,-83,-82,0,0,0,-83,-85,0,0,0,0,-88,0,-75,-76,-69,-48
-73,-72,0,-70,0,-77,-78,0,-78,-79,-67,0,-58,-59,-75,-74,-64,-64,0,-67,-68,-70,-74,0,-66,-66,0,-81,-76,-76,0,0,-67,-67,-85,0,-83,-85,0,0,-86,-84,-85,0,0,0,0,-87,0,-76,-76,-71,-48
-73,-72,0,-70,0,-77,-78,0,-78,-79,-67,0,-58,-59,-75,-74,-64,-64,0,-67,-68,-70,-74,0,-66,-66,0,-81,-76,-76,0,0,-67,-67,-85,0,-83,-85,0,0,-86,-84,-85,0,0,0,0,-87,0,-76,-76,-71,-48
-72,-69,-70,-70,0,-80,-78,-77,-82,-82,-67,-71,-58,-59,-74,-70,-63,-63,-67,-64,-69,-70,0,0,-66,-65,-83,-83,-78,-78,-72,0,-69,-69,0,0,-82,-83,0,0,-86,-84,0,0,0,-83,-84,-88,-84,-76,-76,-74,-54
-72,-69,-70,-70,0,-80,-78,-77,-82,-82,-67,-71,-58,-59,-74,-70,-63,-63,-67,-64,-69,-70,0,0,-66,-65,-83,-83,-78,-78,-72,0,-69,-69,0,0,-82,-83,0,0,-86,-84,0,0,0,-83,-84,-88,-84,-76,-76,-74,-54
-72,-69,-70,-70,0,-80,-78,-77,-82,-82,-67,-71,-58,-59,-74,-70,-63,-63,-67,-64,-69,-70,0,0,-66,-65,-83,-83,-78,-78,-72,0,-69,-69,0,0,-82,-83,0,0,-86,-84,0,0,0,-83,-84,-88,-84,-76,-76,-74,-54
-72,-69,-70,-70,0,-80,-78,-77,-82,-82,-67,-71,-58,-59,-74,-70,-63,-63,-67,-64,-69,-70,0,0,-66,-65,-83,-83,-78,-78,-72,0,-69,-69,0,0,-82,-83,0,0,-86,-84,0,0,0,-83,-84,-88,-84,-76,-76,-74,-54
-72,-69,-70,-70,0,-76,-76,-77,-77,-77,0,-71,-58,-59,-74,-70,-79,-80,-77,-75,-75,-73,0,0,-67,-67,-83,-83,-72,-72,-72,0,-71,-70,0,0,-76,-76,0,-89,-88,-83,-83,0,0,-82,-84,-88,-86,-77,-76,-70,-52
-72,-69,-70,-70,0,-76,-76,-77,-77,-77,0,-71,-58,-59,-74,-70,-79,-80,-77,-75,-75,-73,0,0,-67,-67,-83,-83,-72,-72,-72,0,-71,-70,0,0,-76,-76,0,-89,-88,-83,-83,0,0,-82,-84,-88,-86,-77,-76,-70,-52
-72,-69,-70,-70,0,-76,-76,-77,-77,-77,0,-71,-58,-59,-74,-70,-79,-80,-77,-75,-75,-73,0,0,-67,-67,-83,-83,-72,-72,-72,0,-71,-70,0,0,-76,-76,0,-89,-88,-83,-83,0,0,-82,-84,-88,-86,-77,-76,-70,-52
-72,-69,-70,-70,0,-76,-76,-77,-77,-77,0,-71,-58,-59,-74,-70,-79,-80,-77,-75,-75,-73,0,0,-67,-67,-83,-83,-72,-72,-72,0,-71,-70,0,0,-76,-76,0,-89,-88,-83,-83,0,0,-82,-84,-88,-86,-77,-76,-70,-52
-72,-70,-73,-69,0,-76,-79,0,-74,-74,0,0,-57,-58,0,0,-77,-79,-75,-76,-72,-73,0,0,-63,-63,0,-82,-76,-75,0,-73,-67,-67,0,0,-69,-69,-88,-89,-88,-84,-84,0,0,-82,0,0,-86,-71,-72,-71,-58
-72,-70,-73,-69,0,-76,-79,0,-74,-74,0,0,-57,-58,0,0,-77,-79,-75,-76,-72,-73,0,0,-63,-63,0,-82,-76,-75,0,-73,-67,-67,0,0,-69,-69,-88,-89,-88,-84,-84,0,0,-82,0,0,-86,-71,-72,-71,-58
-72,-70,-73,-69,0,-76,-79,0,-74,-74,0,0,-57,-58,0,0,-77,-79,-75,-76,-72,-73,0,0,-63,-63,0,-82,-76,-75,0,-73,-67,-67,0,0,-69,-69,-88,-89,-88,-84,-84,0,0,-82,0,0,-86,-71,-72,-71,-58
-72,-70,-73,-69,0,-76,-79,0,-74,-74,0,0,-57,-58,0,0,-77,-79,-75,-76,-72,-73,0,0,-63,-63,0,-82,-76,-75,0,-73,-67,-67,0,0,-69,-69,-88,-89,-88,-84,-84,0,0,-82,0,0,-86,-71,-72,-71,-58
-72,-70,-73,-71,0,-78,-77,0,-78,-79,0,0,-61,-61,0,0,-74,-74,-75,-76,-72,-73,0,0,-66,-66,0,-82,-74,-73,0,-73,-67,-67,0,0,-69,-69,-88,-84,-85,-84,-84,0,0,-82,0,0,-86,-74,-74,-68,-54
-72,-70,-73,-71,0,-78,-77,0,-78,-79,0,0,-61,-61,0,0,-74,-74,-75,-76,-72,-73,0,0,-66,-66,0,-82,-74,-73,0,-73,-67,-67,0,0,-69,-69,-88,-84,-85,-84,-84,0,0,-82,0,0,-86,-74,-74,-68,-54
-72,-70,-73,-71,0,-78,-77,0,-78,-79,0,0,-61,-61,0,0,-74,-74,-75,-76,-72,-73,0,0,-66,-66,0,-82,-74,-73,0,-73,-67,-67,0,0,-69,-69,-88,-84,-85,-84,-84,0,0,-82,0,0,-86,-74,-74,-68,-54
-72,-75,-71,-71,0,-79,-80,0,-74,-74,0,0,-64,-64,0,0,-78,-78,-75,-76,-72,-72,-77,-76,-66,-66,0,-82,-74,-74,0,-69,-70,-71,0,0,-69,-69,-88,-84,-85,-82,-82,0,0,0,0,0,0,-77,-77,-67,-52
-72,-75,-71,-71,0,-79,-80,0,-74,-74,0,0,-64,-64,0,0,-78,-78,-75,-76,-72,-72,-77,-76,-66,-66,0,-82,-74,-74,0,-69,-70,-71,0,0,-69,-69,-88,-84,-85,-82,-82,0,0,0,0,0,0,-77,-77,-67,-52
-72,-75,-71,-71,0,-79,-80,0,-74,-74,0,0,-64,-64,0,0,-78,-78,-75,-76,-72,-72,-77,-76,-66,-66,0,-82,-74,-74,0,-69,-70,-71,0,0,-69,-69,-88,-84,-85,-82,-82,0,0,0,0,0,0,-77,-77,-67,-52
-72,-75,-71,-71,0,-79,-80,0,-74,-74,0,0,-64,-64,0,0,-78,-78,-75,-76,-72,-72,-77,-76,-66,-66,0,-82,-74,-74,0,-69,-70,-71,0,0,-69,-69,-88,-84,-85,-82,-82,0,0,0,0,0,0,-77,-77,-67,-52
-72,-71,-75,-73,0,-79,-80,0,-76,-76,0,0,-64,-63,-78,-76,-81,-80,0,0,-72,-72,-79,-78,-63,-64,0,0,-75,-75,0,-69,-66,-66,0,0,-69,-69,0,-88,-87,-82,-82,0,0,0,0,0,0,-79,-79,-68,-46
-72,-71,-75,-73,0,-79,-80,0,-76,-76,0,0,-64,-63,-78,-76,-81,-80,0,0,-72,-72,-79,-78,-63,-64,0,0,-75,-75,0,-69,-66,-66,0,0,-69,-69,0,-88,-87,-82,-82,0,0,0,0,0,0,-79,-79,-68,-46
-72,-71,-75,-73,0,-79,-80,0,-76,-76,0,0,-64,-63,-78,-76,-81,-80,0,0,-72,-72,-79,-78,-63,-64,0,0,-75,-75,0,-69,-66,-66,0,0,-69,-69,0,-88,-87,-82,-82,0,0,0,0,0,0,-79,-79,-68,-46
-72,-71,-75,-73,0,-79,-80,0,-76,-76,0,0,-64,-63,-78,-76,-81,-80,0,0,-72,-72,-79,-78,-63,-64,0,0,-75,-75,0,-69,-66,-66,0,0,-69,-69,0,-88,-87,-82,-82,0,0,0,0,0,0,-79,-79,-68,-46
-72,-71,-74,-73,0,-77,-77,-77,-78,-77,-72,-70,-64,-64,-78,-76,-77,-78,0,-76,-74,-73,-79,-78,-64,-62,0,0,-73,-74,0,-69,-69,-69,0,0,-70,-70,0,-88,-87,-82,-81,0,0,0,0,0,0,-71,-71,-73,-50
-72,-71,-74,-73,0,-77,-77,-77,-78,-77,-72,-70,-64,-64,-78,-76,-77,-78,0,-76,-74,-73,-79,-78,-64,-62,0,0,-73,-74,0,-69,-69,-69,0,0,-70,-70,0,-88,-87,-82,-81,0,0,0,0,0,0,-71,-71,-73,-50
-72,-71,-74,-73,0,-77,-77,-77,-78,-77,-72,-70,-64,-64,-78,-76,-77,-78,0,-76,-74,-73,-79,-78,-64,-62,0,0,-73,-74,0,-69,-69,-69,0,0,-70,-70,0,-88,-87,-82,-81,0,0,0,0,0,0,-71,-71,-73,-50
-72,-71,-74,-73,0,-77,-77,-77,-78,-77,-72,-70,-64,-64,-78,-76,-77,-78,0,-76,-74,-73,-79,-78,-64,-62,0,0,-73,-74,0,-69,-69,-69,0,0,-70,-70,0,-88,-87,-82,-81,0,0,0,0,0,0,-71,-71,-73,-50
-72,-71,-76,-74,0,-76,-76,-75,-80,-77,-72,-70,-68,-68,-78,-76,-79,-79,0,-76,-74,-74,-79,-82,-62,-62,0,0,-77,-77,0,0,-63,-63,0,-80,-71,-71,0,-88,-87,-83,-83,0,0,0,0,0,0,-70,-70,-72,-50
-72,-71,-76,-74,0,-76,-76,-75,-80,-77,-72,-70,-68,-68,-78,-76,-79,-79,0,-76,-74,-74,-79,-82,-62,-62,0,0,-77,-77,0,0,-63,-63,0,-80,-71,-71,0,-88,-87,-83,-83,0,0,0,0,0,0,-70,-70,-72,-50
-72,-71,-76,-74,0,-76,-76,-75,-80,-77,-72,-70,-68,-68,-78,-76,-79,-79,0,-76,-74,-74,-79,-82,-62,-62,0,0,-77,-77,0,0,-63,-63,0,-80,-71,-71,0,-88,-87,-83,-83,0,0,0,0,0,0,-70,-70,-72,-50
-77,-74,-76,-71,0,-77,-76,-75,-76,-77,-72,-70,-60,-59,0,0,-75,-75,0,-76,-74,-74,0,-82,-66,-65,0,0,-73,-74,-71,-75,-70,-69,0,-80,-72,-72,0,-87,-88,-81,-81,0,0,0,0,0,0,-74,-75,-67,-52
-77,-74,-76,-71,0,-77,-76,-75,-76,-77,-72,-70,-60,-59,0,0,-75,-75,0,-76,-74,-74,0,-82,-66,-65,0,0,-73,-74,-71,-75,-70,-69,0,-80,-72,-72,0,-87,-88,-81,-81,0,0,0,0,0,0,-74,-75,-67,-52
-77,-74,-76,-71,0,-77,-76,-75,-76,-77,-72,-70,-60,-59,0,0,-75,-75,0,-76,-74,-74,0,-82,-66,-65,0,0,-73,-74,-71,-75,-70,-69,0,-80,-72,-72,0,-87,-88,-81,-81,0,0,0,0,0,0,-74,-75,-67,-52
-77,-74,-76,-71,0,-77,-76,-75,-76,-77,-72,-70,-60,-59,0,0,-75,-75,0,-76,-74,-74,0,-82,-66,-65,0,0,-73,-74,-71,-75,-70,-69,0,-80,-72,-72,0,-87,-88,-81,-81,0,0,0,0,0,0,-74,-75,-67,-52
-77,-77,-71,-70,-85,-75,-76,-75,-74,-75,0,-88,-60,-61,-85,-83,-77,-76,-78,-76,-71,-71,0,-82,-67,-67,-77,0,-71,-74,-71,-75,-66,-66,0,-86,-71,-72,0,-87,-88,-84,-85,0,0,-82,-81,0,0,-73,-74,-68,-52
-77,-77,-71,-70,-85,-75,-76,-75,-74,-75,0,-88,-60,-61,-85,-83,-77,-76,-78,-76,-71,-71,0,-82,-67,-67,-77,0,-71,-74,-71,-75,-66,-66,0,-86,-71,-72,0,-87,-88,-84,-85,0,0,-82,-81,0,0,-73,-74,-68,-52
-77,-77,-71,-70,-85,-75,-76,-75,-74,-75,0,-88,-60,-61,-85,-83,-77,-76,-78,-76,-71,-71,0,-82,-67,-67,-77,0,-71,-74,-71,-75,-66,-66,0,-86,-71,-72,0,-87,-88,-84,-85,0,0,-82,-81,0,0,-73,-74,-68,-52
-77,-77,-71,-70,-85,-75,-76,-75,-74,-75,0,-88,-60,-61,-85,-83,-77,-76,-78,-76,-71,-71,0,-82,-67,-67,-77,0,-71,-74,-71,-75,-66,-66,0,-86,-71,-72,0,-87,-88,-84,-85,0,0,-82,-81,0,0,-73,-74,-68,-52
-77,-75,-70,-70,-85,-76,-76,-75,-78,-77,-74,-73,-62,-62,-85,-83,-76,-75,-78,-76,-71,-72,0,0,-67,-68,-77,0,-72,-72,-71,-75,-67,-67,0,-86,-68,-69,0,-87,-86,-84,-85,0,0,-82,-81,0,0,-75,-76,-67,-53
-77,-75,-70,-70,-85,-76,-76,-75,-78,-77,-74,-73,-62,-62,-85,-83,-76,-75,-78,-76,-71,-72,0,0,-67,-68,-77,0,-72,-72,-71,-75,-67,-67,0,-86,-68,-69,0,-87,-86,-84,-85,0,0,-82,-81,0,0,-75,-76,-67,-53
-77,-75,-70,-70,-85,-76,-76,-75,-78,-77,-74,-73,-62,-62,-85,-83,-76,-75,-78,-76,-71,-72,0,0,-67,-68,-77,0,-72,-72,-71,-75,-67,-67,0,-86,-68,-69,0,-87,-86,-84,-85,0,0,-82,-81,0,0,-75,-76,-67,-53
0,-75,-71,-70,-82,-76,-78,-76,-75,-76,-74,-73,-60,-62,-83,-84,-76,-76,-76,-75,-71,-72,0,0,-68,-68,-77,0,-75,-75,0,-71,-66,-66,0,-86,-71,-71,0,-87,-86,-84,-85,0,0,-82,-83,0,-79,-74,-74,-67,-51
0,-75,-71,-70,-82,-76,-78,-76,-75,-76,-74,-73,-60,-62,-83,-84,-76,-76,-76,-75,-71,-72,0,0,-68,-68,-77,0,-75,-75,0,-71,-66,-66,0,-86,-71,-71,0,-87,-86,-84,-85,0,0,-82,-83,0,-79,-74,-74,-67,-51
0,-75,-71,-70,-82,-76,-78,-76,-75,-76,-74,-73,-60,-62,-83,-84,-76,-76,-76,-75,-71,-72,0,0,-68,-68,-77,0,-75,-75,0,-71,-66,-66,0,-86,-71,-71,0,-87,-86,-84,-85,0,0,-82,-83,0,-79,-74,-74,-67,-51
0,-75,-71,-70,-82,-76,-78,-76,-75,-76,-74,-73,-60,-62,-83,-84,-76,-76,-76,-75,-71,-72,0,0,-68,-68,-77,0,-75,-75,0,-71,-66,-66,0,-86,-71,-71,0,-87,-86,-84,-85,0,0,-82,-83,0,-79,-74,-74,-67,-51
-78,-75,-71,-71,-82,-78,-76,-76,-79,-80,-74,-70,-62,-62,-83,-84,-76,-78,-76,-75,-71,-72,0,0,-64,-65,0,0,-71,-72,0,-71,-65,-65,0,0,-70,-71,0,-86,-86,-84,0,0,0,-82,-83,0,-79,-84,-74,-70,-51
-78,-75,-71,-71,-82,-78,-76,-76,-79,-80,-74,-70,-62,-62,-83,-84,-76,-78,-76,-75,-71,-72,0,0,-64,-65,0,0,-71,-72,0,-71,-65,-65,0,0,-70,-71,0,-86,-86,-84,0,0,0,-82,-83,0,-79,-84,-74,-70,-51
-78,-75,-71,-71,-82,-78,-76,-76,-79,-80,-74,-70,-62,-62,-83,-84,-76,-78,-76,-75,-71,-72,0,0,-64,-65,0,0,-71,-72,0,-71,-65,-65,0,0,-70,-71,0,-86,-86,-84,0,0,0,-82,-83,0,-79,-84,-74,-70,-51
-78,-75,-71,-71,-82,-78,-76,-76,-79,-80,-74,-70,-62,-62,-83,-84,-76,-78,-76,-75,-71,-72,0,0,-64,-65,0,0,-71,-72,0,-71,-65,-65,0,0,-70,-71,0,-86,-86,-84,0,0,0,-82,-83,0,-79,-84,-74,-70,-51
-78,-76,-71,-72,-82,-80,-79,-77,-79,-79,0,-70,-63,-63,-83,-84,-76,-76,-76,-75,-74,-74,-77,-79,-62,-62,-86,0,-72,-72,0,-71,-66,-66,0,0,-71,-71,0,-86,-86,-84,0,0,0,-82,-83,0,-79,-76,-76,-71,-51
-78,-76,-71,-72,-82,-80,-79,-77,-79,-79,0,-70,-63,-63,-83,-84,-76,-76,-76,-75,-74,-74,-77,-79,-62,-62,-86,0,-72,-72,0,-71,-66,-66,0,0,-71,-71,0,-86,-86,-84,0,0,0,-82,-83,0,-79,-76,-76,-71,-51
-78,-76,-71,-72,-82,-80,-79,-77,-79,-79,0,-70,-63,-63,-83,-84,-76,-76,-76,-75,-74,-74,-77,-79,-62,-62,-86,0,-72,-72,0,-71,-66,-66,0,0,-71,-71,0,-86,-86,-84,0,0,0,-82,-83,0,-79,-76,-76,-71,-51
-78,-76,-71,-72,-82,-80,-79,-77,-79,-79,0,-70,-63,-63,-83,-84,-76,-76,-76,-75,-74,-74,-77,-79,-62,-62,-86,0,-72,-72,0,-71,-66,-66,0,0,-71,-71,0,-86,-86,-84,0,0,0,-82,-83,0,-79,-76,-76,-71,-51
-78,-69,-74,-73,0,-80,-79,-77,-79,-79,0,-70,-62,-62,0,-77,-75,-75,0,0,-73,-72,-78,-75,-63,-63,-85,0,-74,-74,0,0,-68,-68,0,0,-74,-75,0,-86,-86,0,0,0,0,0,0,0,0,-78,-79,-69,-50
-78,-69,-74,-73,0,-80,-79,-77,-79,-79,0,-70,-62,-62,0,-77,-75,-75,0,0,-73,-72,-78,-75,-63,-63,-85,0,-74,-74,0,0,-68,-68,0,0,-74,-75,0,-86,-86,0,0,0,0,0,0,0,0,-78,-79,-69,-50
-78,-69,-74,-73,0,-80,-79,-77,-79,-79,0,-70,-62,-62,0,-77,-75,-75,0,0,-73,-72,-78,-75,-63,-63,-85,0,-74,-74,0,0,-68,-68,0,0,-74,-75,0,-86,-86,0,0,0,0,0,0,0,0,-78,-79,-69,-50
-78,-69,-74,-73,0,-80,-79,-77,-79,-79,0,-70,-62,-62,0,-77,-75,-75,0,0,-73,-72,-78,-75,-63,-63,-85,0,-74,-74,0,0,-68,-68,0,0,-74,-75,0,-86,-86,0,0,0,0,0,0,0,0,-78,-79,-69,-50
0,-69,-74,-71,0,-80,-79,-77,-80,-80,-81,-79,-64,-64,0,-77,-74,-75,0,0,-72,-72,-78,-75,-66,-67,-85,0,-71,-71,0,-78,-65,-65,0,0,-71,-71,0,0,0,0,0,0,0,0,-85,0,0,-87,-79,-68,-50
0,-69,-74,-71,0,-80,-79,-77,-80,-80,-81,-79,-64,-64,0,-77,-74,-75,0,0,-72,-72,-78,-75,-66,-67,-85,0,-71,-71,0,-78,-65,-65,0,0,-71,-71,0,0,0,0,0,0,0,0,-85,0,0,-87,-79,-68,-50
0,-69,-74,-71,0,-80,-79,-77,-80,-80,-81,-79,-64,-64,0,-77,-74,-75,0,0,-72,-72,-78,-75,-66,-67,-85,0,-71,-71,0,-78,-65,-65,0,0,-71,-71,0,0,0,0,0,0,0,0,-85,0,0,-87,-79,-68,-50
-79,-75,-74,-70,0,-80,-78,0,-77,-77,-73,-76,-64,-65,0,-77,-74,-75,0,0,-71,-72,-78,-75,-68,-67,-85,0,-72,-72,0,-78,-70,-70,0,0,-68,-68,0,0,0,0,0,0,0,0,-85,0,0,-78,-79,-69,-50
-79,-75,-74,-70,0,-80,-78,0,-77,-77,-73,-76,-64,-65,0,-77,-74,-75,0,0,-71,-72,-78,-75,-68,-67,-85,0,-72,-72,0,-78,-70,-70,0,0,-68,-68,0,0,0,0,0,0,0,0,-85,0,0,-78,-79,-69,-50
-79,-75,-74,-70,0,-80,-78,0,-77,-77,-73,-76,-64,-65,0,-77,-74,-75,0,0,-71,-72,-78,-75,-68,-67,-85,0,-72,-72,0,-78,-70,-70,0,0,-68,-68,0,0,0,0,0,0,0,0,-85,0,0,-78,-79,-69,-50
-74,-73,0,-74,0,-76,-79,0,-81,-83,-73,-68,-61,-61,0,0,-70,-70,-76,0,-69,-69,0,-75,-64,-63,0,0,-73,-73,-71,-75,-68,-68,0,0,-71,-71,0,-87,-87,-80,-83,0,0,-83,-84,0,-81,-76,-76,-68,-54
-74,-73,0,-74,0,-76,-79,0,-81,-83,-73,-68,-61,-61,0,0,-70,-70,-76,0,-69,-69,0,-75,-64,-63,0,0,-73,-73,-71,-75,-68,-68,0,0,-71,-71,0,-87,-87,-80,-83,0,0,-83,-84,0,-81,-76,-76,-68,-54
-74,-73,0,-74,0,-76,-79,0,-81,-83,-73,-68,-61,-61,0,0,-70,-70,-76,0,-69,-69,0,-75,-64,-63,0,0,-73,-73,-71,-75,-68,-68,0,0,-71,-71,0,-87,-87,-80,-83,0,0,-83,-84,0,-81,-76,-76,-68,-54
-74,-73,0,-74,0,-76,-79,0,-81,-83,-73,-68,-61,-61,0,0,-70,-70,-76,0,-69,-69,0,-75,-64,-63,0,0,-73,-73,-71,-75,-68,-68,0,0,-71,-71,0,-87,-87,-80,-83,0,0,-83,-84,0,-81,-76,-76,-68,-54
-74,-73,-77,-78,0,-76,-79,0,-74,-75,0,-68,-65,-57,-73,-71,-76,-77,-76,0,-66,-66,0,-69,-66,-66,0,0,-77,-77,-71,-70,-61,-61,0,0,-79,-79,0,-87,-87,-82,-83,0,0,-85,-83,0,-81,-77,-78,-63,-64
-74,-73,-77,-78,0,-76,-79,0,-74,-75,0,-68,-65,-57,-73,-71,-76,-77,-76,0,-66,-66,0,-69,-66,-66,0,0,-77,-77,-71,-70,-61,-61,0,0,-79,-79,0,-87,-87,-82,-83,0,0,-85,-83,0,-81,-77,-78,-63,-64
-74,-73,-77,-78,0,-76,-79,0,-74,-75,0,-68,-65,-57,-73,-71,-76,-77,-76,0,-66,-66,0,-69,-66,-66,0,0,-77,-77,-71,-70,-61,-61,0,0,-79,-79,0,-87,-87,-82,-83,0,0,-85,-83,0,-81,-77,-78,-63,-64
-74,-73,-77,-78,0,-76,-79,0,-74,-75,0,-68,-65,-57,-73,-71,-76,-77,-76,0,-66,-66,0,-69,-66,-66,0,0,-77,-77,-71,-70,-61,-61,0,0,-79,-79,0,-87,-87,-82,-83,0,0,-85,-83,0,-81,-77,-78,-63,-64
0,0,-76,-76,0,0,0,0,-77,-76,0,0,-63,-61,-84,-83,-76,-83,0,0,-64,-64,0,-75,-66,-67,0,0,-76,-75,-71,-70,-65,-65,0,0,-77,-76,0,0,0,-82,0,0,0,-85,-83,0,0,-76,-76,-67,-57
0,0,-76,-76,0,0,0,0,-77,-76,0,0,-63,-61,-84,-83,-76,-83,0,0,-64,-64,0,-75,-66,-67,0,0,-76,-75,-71,-70,-65,-65,0,0,-77,-76,0,0,0,-82,0,0,0,-85,-83,0,0,-76,-76,-67,-57
0,0,-76,-76,0,0,0,0,-77,-76,0,0,-63,-61,-84,-83,-76,-83,0,0,-64,-64,0,-75,-66,-67,0,0,-76,-75,-71,-70,-65,-65,0,0,-77,-76,0,0,0,-82,0,0,0,-85,-83,0,0,-76,-76,-67,-57
-79,-76,-77,-79,0,0,0,0,-78,-78,0,0,-61,-60,-84,-83,-77,-78,0,0,-66,-67,0,-75,-67,-66,0,0,-75,-75,-71,-73,-62,-62,0,0,-81,-81,0,0,0,-82,-82,0,0,-85,-83,0,0,-79,-79,-66,-68
-79,-76,-77,-79,0,0,0,0,-78,-78,0,0,-61,-60,-84,-83,-77,-78,0,0,-66,-67,0,-75,-67,-66,0,0,-75,-75,-71,-73,-62,-62,0,0,-81,-81,0,0,0,-82,-82,0,0,-85,-83,0,0,-79,-79,-66,-68
-79,-76,-77,-79,0,0,0,0,-78,-78,0,0,-61,-60,-84,-83,-77,-78,0,0,-66,-67,0,-75,-67,-66,0,0,-75,-75,-71,-73,-62,-62,0,0,-81,-81,0,0,0,-82,-82,0,0,-85,-83,0,0,-79,-79,-66,-68
-79,-76,-77,-79,0,0,0,0,-78,-78,0,0,-61,-60,-84,-83,-77,-78,0,0,-66,-67,0,-75,-67,-66,0,0,-75,-75,-71,-73,-62,-62,0,0,-81,-81,0,0,0,-82,-82,0,0,-85,-83,0,0,-79,-79,-66,-68
-80,-79,-77,-79,0,0,0,0,-77,-77,-64,-64,-65,-59,-73,-72,-75,-76,0,0,-63,-64,0,-75,-65,-65,0,0,-76,-76,0,-73,-62,-62,0,-82,-76,-77,0,0,0,-80,-81,0,0,0,0,-85,-90,-76,-76,-68,-61
-80,-79,-77,-79,0,0,0,0,-77,-77,-64,-64,-65,-59,-73,-72,-75,-76,0,0,-63,-64,0,-75,-65,-65,0,0,-76,-76,0,-73,-62,-62,0,-82,-76,-77,0,0,0,-80,-81,0,0,0,0,-85,-90,-76,-76,-68,-61
-80,-79,-77,-79,0,0,0,0,-77,-77,-64,-64,-65,-59,-73,-72,-75,-76,0,0,-63,-64,0,-75,-65,-65,0,0,-76,-76,0,-73,-62,-62,0,-82,-76,-77,0,0,0,-80,-81,0,0,0,0,-85,-90,-76,-76,-68,-61
-80,-79,-77,-79,0,0,0,0,-77,-77,-64,-64,-65,-59,-73,-72,-75,-76,0,0,-63,-64,0,-75,-65,-65,0,0,-76,-76,0,-73,-62,-62,0,-82,-76,-77,0,0,0,-80,-81,0,0,0,0,-85,-90,-76,-76,-68,-61
-80,-76,-74,-74,0,-77,-77,0,-77,-77,-64,-66,-62,-61,-73,-71,-75,-82,0,0,-66,-66,0,0,-66,-65,-85,-87,-73,-73,-67,-76,-65,-65,0,-82,-78,-78,0,0,0,-84,-83,0,0,0,0,-85,-90,-79,-78,-68,-54
-80,-76,-74,-74,0,-77,-77,0,-77,-77,-64,-66,-62,-61,-73,-71,-75,-82,0,0,-66,-66,0,0,-66,-65,-85,-87,-73,-73,-67,-76,-65,-65,0,-82,-78,-78,0,0,0,-84,-83,0,0,0,0,-85,-90,-79,-78,-68,-54
-80,-76,-74,-74,0,-77,-77,0,-77,-77,-64,-66,-62,-61,-73,-71,-75,-82,0,0,-66,-66,0,0,-66,-65,-85,-87,-73,-73,-67,-76,-65,-65,0,-82,-78,-78,0,0,0,-84,-83,0,0,0,0,-85,-90,-79,-78,-68,-54
-77,-74,-75,-76,0,-77,-77,-82,-78,-79,-64,-66,-69,-65,-73,-71,-77,-78,0,0,-68,-67,0,0,-65,-65,-81,-85,-75,-74,-67,-69,-65,-65,-84,-80,-78,-78,0,0,0,-82,-83,0,0,-84,-83,-85,-90,-78,-79,-73,-57
-77,-74,-75,-76,0,-77,-77,-82,-78,-79,-64,-66,-69,-65,-73,-71,-77,-78,0,0,-68,-67,0,0,-65,-65,-81,-85,-75,-74,-67,-69,-65,-65,-84,-80,-78,-78,0,0,0,-82,-83,0,0,-84,-83,-85,-90,-78,-79,-73,-57
-77,-74,-75,-76,0,-77,-77,-82,-78,-79,-64,-66,-69,-65,-73,-71,-77,-78,0,0,-68,-67,0,0,-65,-65,-81,-85,-75,-74,-67,-69,-65,-65,-84,-80,-78,-78,0,0,0,-82,-83,0,0,-84,-83,-85,-90,-78,-79,-73,-57
-77,-74,-75,-76,0,-77,-77,-82,-78,-79,-64,-66,-69,-65,-73,-71,-77,-78,0,0,-68,-67,0,0,-65,-65,-81,-85,-75,-74,-67,-69,-65,-65,-84,-80,-78,-78,0,0,0,-82,-83,0,0,-84,-83,-85,-90,-78,-79,-73,-57
-77,-73,-75,-76,0,-77,-77,-82,-77,-77,0,-75,-67,-64,-74,-73,-80,-80,0,0,-66,-65,0,0,-65,-65,-81,-85,-76,-77,-68,-70,-65,-65,-84,-80,-74,-75,0,0,0,-82,-83,0,0,-84,-83,0,0,-79,-80,-69,-56
-77,-73,-75,-76,0,-77,-77,-82,-77,-77,0,-75,-67,-64,-74,-73,-80,-80,0,0,-66,-65,0,0,-65,-65,-81,-85,-76,-77,-68,-70,-65,-65,-84,-80,-74,-75,0,0,0,-82,-83,0,0,-84,-83,0,0,-79,-80,-69,-56
-77,-73,-75,-76,0,-77,-77,-82,-77,-77,0,-75,-67,-64,-74,-73,-80,-80,0,0,-66,-65,0,0,-65,-65,-81,-85,-76,-77,-68,-70,-65,-65,-84,-80,-74,-75,0,0,0,-82,-83,0,0,-84,-83,0,0,-79,-80,-69,-56
-77,-73,-75,-76,0,-77,-77,-82,-77,-77,0,-75,-67,-64,-74,-73,-80,-80,0,0,-66,-65,0,0,-65,-65,-81,-85,-76,-77,-68,-70,-65,-65,-84,-80,-74,-75,0,0,0,-82,-83,0,0,-84,-83,0,0,-79,-80,-69,-56
-77,-73,-75,-76,0,0,-77,-82,-78,-79,-72,-75,-69,-65,-74,-78,-76,-75,0,0,-64,-63,0,0,-62,-62,-81,-85,-73,-73,-68,-69,-62,-62,-84,-80,-74,-74,0,0,0,-82,-83,0,0,-84,-83,0,0,-76,-76,-68,-64
-77,-73,-75,-76,0,0,-77,-82,-78,-79,-72,-75,-69,-65,-74,-78,-76,-75,0,0,-64,-63,0,0,-62,-62,-81,-85,-73,-73,-68,-69,-62,-62,-84,-80,-74,-74,0,0,0,-82,-83,0,0,-84,-83,0,0,-76,-76,-68,-64
-77,-73,-75,-76,0,0,-77,-82,-78,-79,-72,-75,-69,-65,-74,-78,-76,-75,0,0,-64,-63,0,0,-62,-62,-81,-85,-73,-73,-68,-69,-62,-62,-84,-80,-74,-74,0,0,0,-82,-83,0,0,-84,-83,0,0,-76,-76,-68,-64
-75,-74,-75,-76,0,0,0,-84,-77,-77,-72,-75,-68,-65,-74,-71,-77,-79,0,0,-68,-67,0,0,-62,-63,0,-84,-73,-73,-68,-69,-66,-66,0,0,-73,-73,0,0,0,-81,-82,0,0,0,0,0,0,-79,-80,-74,-62
-75,-74,-75,-76,0,0,0,-84,-77,-77,-72,-75,-68,-65,-74,-71,-77,-79,0,0,-68,-67,0,0,-62,-63,0,-84,-73,-73,-68,-69,-66,-66,0,0,-73,-73,0,0,0,-81,-82,0,0,0,0,0,0,-79,-80,-74,-62
-75,-74,-75,-76,0,0,0,-84,-77,-77,-72,-75,-68,-65,-74,-71,-77,-79,0,0,-68,-67,0,0,-62,-63,0,-84,-73,-73,-68,-69,-66,-66,0,0,-73,-73,0,0,0,-81,-82,0,0,0,0,0,0,-79,-80,-74,-62
-75,-74,-75,-76,0,0,0,-84,-77,-77,-72,-75,-68,-65,-74,-71,-77,-79,0,0,-68,-67,0,0,-62,-63,0,-84,-73,-73,-68,-69,-66,-66,0,0,-73,-73,0,0,0,-81,-82,0,0,0,0,0,0,-79,-80,-74,-62
-74,-73,-75,-76,0,0,0,-84,-78,-78,-72,-70,-68,-63,0,-71,-77,-79,-74,0,-68,-68,0,-74,-63,-64,0,-85,-75,-75,-68,-67,-61,-61,0,0,-75,-75,0,0,0,-81,-82,0,0,0,0,0,0,-82,-82,-65,-64
-74,-73,-75,-76,0,0,0,-84,-78,-78,-72,-70,-68,-63,0,-71,-77,-79,-74,0,-68,-68,0,-74,-63,-64,0,-85,-75,-75,-68,-67,-61,-61,0,0,-75,-75,0,0,0,-81,-82,0,0,0,0,0,0,-82,-82,-65,-64
-74,-73,-75,-76,0,0,0,-84,-78,-78,-72,-70,-68,-63,0,-71,-77,-79,-74,0,-68,-68,0,-74,-63,-64,0,-85,-75,-75,-68,-67,-61,-61,0,0,-75,-75,0,0,0,-81,-82,0,0,0,0,0,0,-82,-82,-65,-64
-74,-73,-75,-76,0,0,0,-84,-78,-78,-72,-70,-68,-63,0,-71,-77,-79,-74,0,-68,-68,0,-74,-63,-64,0,-85,-75,-75,-68,-67,-61,-61,0,0,-75,-75,0,0,0,-81,-82,0,0,0,0,0,0,-82,-82,-65,-64
-74,-73,-77,-76,-89,0,0,-79,-78,-78,-72,-70,-62,-61,-73,-71,-73,-74,-78,-75,-68,-68,0,-74,-76,-76,-75,-79,-68,-68,-68,-67,-63,-63,0,0,-77,-78,0,0,0,-82,-82,0,0,-85,-85,0,0,-80,-82,-63,-56
-74,-73,-77,-76,-89,0,0,-79,-78,-78,-72,-70,-62,-61,-73,-71,-73,-74,-78,-75,-68,-68,0,-74,-76,-76,-75,-79,-68,-68,-68,-67,-63,-63,0,0,-77,-78,0,0,0,-82,-82,0,0,-85,-85,0,0,-80,-82,-63,-56
-74,-73,-77,-76,-89,0,0,-79,-78,-78,-72,-70,-62,-61,-73,-71,-73,-74,-78,-75,-68,-68,0,-74,-76,-76,-75,-79,-68,-68,-68,-67,-63,-63,0,0,-77,-78,0,0,0,-82,-82,0,0,-85,-85,0,0,-80,-82,-63,-56
-76,-73,-77,-76,-80,-78,-79,-79,-76,-77,-72,-70,-69,-67,-73,-69,-75,-76,-78,-75,-69,-69,0,-74,-64,-64,-75,-79,-75,-75,-68,-70,-63,-63,0,0,-73,-73,0,0,0,-82,-81,0,0,-85,-85,0,0,-83,-83,-65,-57
-76,-73,-77,-76,-80,-78,-79,-79,-76,-77,-72,-70,-69,-67,-73,-69,-75,-76,-78,-75,-69,-69,0,-74,-64,-64,-75,-79,-75,-75,-68,-70,-63,-63,0,0,-73,-73,0,0,0,-82,-81,0,0,-85,-85,0,0,-83,-83,-65,-57
-76,-73,-77,-76,-80,-78,-79,-79,-76,-77,-72,-70,-69,-67,-73,-69,-75,-76,-78,-75,-69,-69,0,-74,-64,-64,-75,-79,-75,-75,-68,-70,-63,-63,0,0,-73,-73,0,0,0,-82,-81,0,0,-85,-85,0,0,-83,-83,-65,-57
-76,-73,-77,-76,-80,-78,-79,-79,-76,-77,-72,-70,-69,-67,-73,-69,-75,-76,-78,-75,-69,-69,0,-74,-64,-64,-75,-79,-75,-75,-68,-70,-63,-63,0,0,-73,-73,0,0,0,-82,-81,0,0,-85,-85,0,0,-83,-83,-65,-57
-76,-73,-77,-76,-80,-78,-79,-79,-66,-78,0,0,-67,-65,-70,-69,-76,-75,-78,-75,-71,-71,-72,-71,-68,-67,-75,-83,-75,-75,-68,-68,-66,-66,0,0,-69,-69,0,0,0,-82,-81,0,0,-85,-85,0,0,-83,-83,-62,-62
-76,-73,-77,-76,-80,-78,-79,-79,-66,-78,0,0,-67,-65,-70,-69,-76,-75,-78,-75,-71,-71,-72,-71,-68,-67,-75,-83,-75,-75,-68,-68,-66,-66,0,0,-69,-69,0,0,0,-82,-81,0,0,-85,-85,0,0,-83,-83,-62,-62
-76,-73,-77,-76,-80,-78,-79,-79,-66,-78,0,0,-67,-65,-70,-69,-76,-75,-78,-75,-71,-71,-72,-71,-68,-67,-75,-83,-75,-75,-68,-68,-66,-66,0,0,-69,-69,0,0,0,-82,-81,0,0,-85,-85,0,0,-83,-83,-62,-62
-76,-74,0,0,-82,-78,-79,0,-77,-77,0,0,-63,-63,-70,-69,-76,-76,0,0,-63,-61,-72,-71,-62,-63,-75,-79,-70,-70,-68,-70,-66,-66,0,0,-75,-75,0,0,0,-82,-82,0,0,0,0,0,0,-80,-80,-66,-61
-76,-74,0,0,-82,-78,-79,0,-77,-77,0,0,-63,-63,-70,-69,-76,-76,0,0,-63,-61,-72,-71,-62,-63,-75,-79,-70,-70,-68,-70,-66,-66,0,0,-75,-75,0,0,0,-82,-82,0,0,0,0,0,0,-80,-80,-66,-61
-76,-74,0,0,-82,-78,-79,0,-77,-77,0,0,-63,-63,-70,-69,-76,-76,0,0,-63,-61,-72,-71,-62,-63,-75,-79,-70,-70,-68,-70,-66,-66,0,0,-75,-75,0,0,0,-82,-82,0,0,0,0,0,0,-80,-80,-66,-61
-76,-74,0,0,-82,-78,-79,0,-77,-77,0,0,-63,-63,-70,-69,-76,-76,0,0,-63,-61,-72,-71,-62,-63,-75,-79,-70,-70,-68,-70,-66,-66,0,0,-75,-75,0,0,0,-82,-82,0,0,0,0,0,0,-80,-80,-66,-61
0,-74,0,0,-82,-73,-74,-74,-76,-78,-72,-72,-60,-60,-72,-69,-75,-74,-71,0,-61,-62,-72,-71,-64,-64,0,-79,-68,-68,0,-70,-66,-67,0,0,-79,-78,0,0,0,-82,-82,0,-86,-81,-82,0,0,-80,-80,-64,-58
0,-74,0,0,-82,-73,-74,-74,-76,-78,-72,-72,-60,-60,-72,-69,-75,-74,-71,0,-61,-62,-72,-71,-64,-64,0,-79,-68,-68,0,-70,-66,-67,0,0,-79,-78,0,0,0,-82,-82,0,-86,-81,-82,0,0,-80,-80,-64,-58
0,-74,0,0,-82,-73,-74,-74,-76,-78,-72,-72,-60,-60,-72,-69,-75,-74,-71,0,-61,-62,-72,-71,-64,-64,0,-79,-68,-68,0,-70,-66,-67,0,0,-79,-78,0,0,0,-82,-82,0,-86,-81,-82,0,0,-80,-80,-64,-58
0,-74,0,0,-82,-73,-74,-74,-76,-78,-72,-72,-60,-60,-72,-69,-75,-74,-71,0,-61,-62,-72,-71,-64,-64,0,-79,-68,-68,0,-70,-66,-67,0,0,-79,-78,0,0,0,-82,-82,0,-86,-81,-82,0,0,-80,-80,-64,-58
0,-71,0,0,-82,-73,-74,-74,-76,-77,-72,-72,-60,-58,-72,-69,-74,-75,-71,-70,-63,-64,-72,-69,-64,-63,0,-79,-70,-70,0,-70,-66,-66,0,0,-71,-72,0,0,-89,-82,-81,0,-86,-83,-81,0,0,-80,-80,-65,-60
0,-71,0,0,-82,-73,-74,-74,-76,-77,-72,-72,-60,-58,-72,-69,-74,-75,-71,-70,-63,-64,-72,-69,-64,-63,0,-79,-70,-70,0,-70,-66,-66,0,0,-71,-72,0,0,-89,-82,-81,0,-86,-83,-81,0,0,-80,-80,-65,-60
