-80,-77,0,0,-76,-83,-82,-78,-78,-78,0,0,-70,-71,-81,-79,-77,-77,-84,-81,-78,-76,-65,-76,-55,-52,-84,-88,-79,-80,-69,-63,-69,-69,-78,-72,-74,-74,0,0,0,0,0,0,0,0,0,-67,-69,-76,-76,-57,-68
-80,-77,0,0,-76,-83,-82,-78,-78,-78,0,0,-70,-71,-81,-79,-77,-77,-84,-81,-78,-76,-65,-76,-55,-52,-84,-88,-79,-80,-69,-63,-69,-69,-78,-72,-74,-74,0,0,0,0,0,0,0,0,0,-67,-69,-76,-76,-57,-68
-80,-77,0,0,-76,-83,-82,-78,-78,-78,0,0,-70,-71,-81,-79,-77,-77,-84,-81,-78,-76,-65,-76,-55,-52,-84,-88,-79,-80,-69,-63,-69,-69,-78,-72,-74,-74,0,0,0,0,0,0,0,0,0,-67,-69,-76,-76,-57,-68
-80,-77,0,0,-76,-83,-82,-78,-78,-78,0,0,-70,-71,-81,-79,-77,-77,-84,-81,-78,-76,-65,-76,-55,-52,-84,-88,-79,-80,-69,-63,-69,-69,-78,-72,-74,-74,0,0,0,0,0,0,0,0,0,-67,-69,-76,-76,-57,-68
-80,-72,0,0,-76,-78,-79,0,-80,-81,0,0,-62,-63,0,-74,-77,-77,0,0,-78,-76,-65,-76,-52,-47,0,0,-79,-80,-66,-63,-69,-69,-71,-72,-70,-71,0,0,0,0,-84,0,0,-85,-85,-84,-77,-71,-71,-57,-66
-80,-72,0,0,-76,-78,-79,0,-80,-81,0,0,-62,-63,0,-74,-77,-77,0,0,-78,-76,-65,-76,-52,-47,0,0,-79,-80,-66,-63,-69,-69,-71,-72,-70,-71,0,0,0,0,-84,0,0,-85,-85,-84,-77,-71,-71,-57,-66
-80,-72,0,0,-76,-78,-79,0,-80,-81,0,0,-62,-63,0,-74,-77,-77,0,0,-78,-76,-65,-76,-52,-47,0,0,-79,-80,-66,-63,-69,-69,-71,-72,-70,-71,0,0,0,0,-84,0,0,-85,-85,-84,-77,-71,-71,-57,-66
-80,-72,0,0,-76,-78,-79,0,-80,-81,0,0,-62,-63,0,-74,-77,-77,0,0,-78,-76,-65,-76,-52,-47,0,0,-79,-80,-66,-63,-69,-69,-71,-72,-70,-71,0,0,0,0,-84,0,0,-85,-85,-84,-77,-71,-71,-57,-66
0,-72,-77,-77,0,-83,-83,0,-78,-78,0,0,-62,-62,0,-75,0,0,0,0,-73,-73,-64,-64,-47,-46,0,-84,-77,-78,-66,-65,-73,-73,-71,-72,-72,-72,0,0,0,0,-84,0,0,-85,-85,-84,-77,-75,-75,-58,-62
0,-72,-77,-77,0,-83,-83,0,-78,-78,0,0,-62,-62,0,-75,0,0,0,0,-73,-73,-64,-64,-47,-46,0,-84,-77,-78,-66,-65,-73,-73,-71,-72,-72,-72,0,0,0,0,-84,0,0,-85,-85,-84,-77,-75,-75,-58,-62
0,-72,-77,-77,0,-83,-83,0,-78,-78,0,0,-62,-62,0,-75,0,0,0,0,-73,-73,-64,-64,-47,-46,0,-84,-77,-78,-66,-65,-73,-73,-71,-72,-72,-72,0,0,0,0,-84,0,0,-85,-85,-84,-77,-75,-75,-58,-62
-78,-77,-77,-77,0,-79,-78,0,-78,-80,0,0,-65,-66,0,-75,-78,-78,0,0,-71,-72,-64,-61,-46,-44,0,-84,-78,-78,-66,-66,-72,-72,-78,-72,-70,-70,0,0,0,-85,-84,0,0,-85,-83,-84,-77,-72,-72,-56,-66
-78,-77,-77,-77,0,-79,-78,0,-78,-80,0,0,-65,-66,0,-75,-78,-78,0,0,-71,-72,-64,-61,-46,-44,0,-84,-78,-78,-66,-66,-72,-72,-78,-72,-70,-70,0,0,0,-85,-84,0,0,-85,-83,-84,-77,-72,-72,-56,-66
-78,-77,-77,-77,0,-79,-78,0,-78,-80,0,0,-65,-66,0,-75,-78,-78,0,0,-71,-72,-64,-61,-46,-44,0,-84,-78,-78,-66,-66,-72,-72,-78,-72,-70,-70,0,0,0,-85,-84,0,0,-85,-83,-84,-77,-72,-72,-56,-66
-78,-77,-77,-77,0,-79,-78,0,-78,-80,0,0,-65,-66,0,-75,-78,-78,0,0,-71,-72,-64,-61,-46,-44,0,-84,-78,-78,-66,-66,-72,-72,-78,-72,-70,-70,0,0,0,-85,-84,0,0,-85,-83,-84,-77,-72,-72,-56,-66
-78,-77,-77,-77,0,-81,-78,0,-80,-81,0,0,-65,-66,0,-75,-78,-78,0,0,-71,-72,-62,-60,-48,-46,0,-84,-79,-79,0,-66,-73,-72,-78,0,-68,-68,0,0,0,-85,0,0,0,-82,-83,0,0,-75,-75,-59,-64
-78,-77,-77,-77,0,-81,-78,0,-80,-81,0,0,-65,-66,0,-75,-78,-78,0,0,-71,-72,-62,-60,-48,-46,0,-84,-79,-79,0,-66,-73,-72,-78,0,-68,-68,0,0,0,-85,0,0,0,-82,-83,0,0,-75,-75,-59,-64
-78,-77,-77,-77,0,-81,-78,0,-80,-81,0,0,-65,-66,0,-75,-78,-78,0,0,-71,-72,-62,-60,-48,-46,0,-84,-79,-79,0,-66,-73,-72,-78,0,-68,-68,0,0,0,-85,0,0,0,-82,-83,0,0,-75,-75,-59,-64
-78,-77,-77,-78,0,-78,-77,0,-79,-80,0,0,-66,-66,0,0,-78,-78,0,0,-71,-72,-61,-61,-47,-46,-79,-84,-79,-79,0,-66,-72,-73,-78,0,-70,-71,0,0,0,-85,-83,0,0,-82,-83,0,0,-76,-75,-59,-65
-78,-77,-77,-78,0,-78,-77,0,-79,-80,0,0,-66,-66,0,0,-78,-78,0,0,-71,-72,-61,-61,-47,-46,-79,-84,-79,-79,0,-66,-72,-73,-78,0,-70,-71,0,0,0,-85,-83,0,0,-82,-83,0,0,-76,-75,-59,-65
-78,-77,-77,-78,0,-78,-77,0,-79,-80,0,0,-66,-66,0,0,-78,-78,0,0,-71,-72,-61,-61,-47,-46,-79,-84,-79,-79,0,-66,-72,-73,-78,0,-70,-71,0,0,0,-85,-83,0,0,-82,-83,0,0,-76,-75,-59,-65
-78,-77,-77,-78,0,-78,-77,0,-79,-80,0,0,-66,-66,0,0,-78,-78,0,0,-71,-72,-61,-61,-47,-46,-79,-84,-79,-79,0,-66,-72,-73,-78,0,-70,-71,0,0,0,-85,-83,0,0,-82,-83,0,0,-76,-75,-59,-65
0,-77,-77,-78,-77,-82,-80,0,-79,-79,0,0,-65,-65,0,0,0,0,0,0,-73,-72,-61,-61,-48,-47,-79,-84,-79,-81,0,-70,-73,-73,0,0,-70,-70,0,0,0,-85,-85,0,0,-82,-83,0,0,-74,-75,-56,-63
0,-77,-77,-78,-77,-82,-80,0,-79,-79,0,0,-65,-65,0,0,0,0,0,0,-73,-72,-61,-61,-48,-47,-79,-84,-79,-81,0,-70,-73,-73,0,0,-70,-70,0,0,0,-85,-85,0,0,-82,-83,0,0,-74,-75,-56,-63
0,-77,-77,-78,-77,-82,-80,0,-79,-79,0,0,-65,-65,0,0,0,0,0,0,-73,-72,-61,-61,-48,-47,-79,-84,-79,-81,0,-70,-73,-73,0,0,-70,-70,0,0,0,-85,-85,0,0,-82,-83,0,0,-74,-75,-56,-63
0,-77,-77,-77,-77,-82,-80,0,-80,-80,0,0,-66,-65,-78,-75,0,0,0,0,-72,-73,-61,-60,-47,-46,-79,-84,-79,-79,0,-70,-70,-70,-76,-77,-68,-69,0,0,0,-85,-83,0,0,0,0,0,0,-80,-79,-62,-65
0,-77,-77,-77,-77,-82,-80,0,-80,-80,0,0,-66,-65,-78,-75,0,0,0,0,-72,-73,-61,-60,-47,-46,-79,-84,-79,-79,0,-70,-70,-70,-76,-77,-68,-69,0,0,0,-85,-83,0,0,0,0,0,0,-80,-79,-62,-65
0,-77,-77,-77,-77,-82,-80,0,-80,-80,0,0,-66,-65,-78,-75,0,0,0,0,-72,-73,-61,-60,-47,-46,-79,-84,-79,-79,0,-70,-70,-70,-76,-77,-68,-69,0,0,0,-85,-83,0,0,0,0,0,0,-80,-79,-62,-65
0,-77,-77,-77,-77,-82,-80,0,-80,-80,0,0,-66,-65,-78,-75,0,0,0,0,-72,-73,-61,-60,-47,-46,-79,-84,-79,-79,0,-70,-70,-70,-76,-77,-68,-69,0,0,0,-85,-83,0,0,0,0,0,0,-80,-79,-62,-65
0,-77,-78,-78,-77,-78,-80,0,-84,-81,0,0,-66,-66,-78,-75,0,0,0,0,-75,-75,-61,-60,-49,-49,0,0,-80,-80,0,-67,-70,-69,-76,-77,-70,-70,0,-87,0,-84,-84,0,0,-84,-82,0,0,-80,-80,-60,-64
0,-77,-78,-78,-77,-78,-80,0,-84,-81,0,0,-66,-66,-78,-75,0,0,0,0,-75,-75,-61,-60,-49,-49,0,0,-80,-80,0,-67,-70,-69,-76,-77,-70,-70,0,-87,0,-84,-84,0,0,-84,-82,0,0,-80,-80,-60,-64
0,-77,-78,-78,-77,-78,-80,0,-84,-81,0,0,-66,-66,-78,-75,0,0,0,0,-75,-75,-61,-60,-49,-49,0,0,-80,-80,0,-67,-70,-69,-76,-77,-70,-70,0,-87,0,-84,-84,0,0,-84,-82,0,0,-80,-80,-60,-64
-78,-75,-77,-77,0,-78,-80,0,-78,-78,-75,-77,-67,-67,-81,-75,0,0,0,0,-72,-73,-61,-60,-49,-47,0,0,-79,-80,0,-67,-70,-70,-75,-75,-71,-70,0,-87,0,-85,-85,0,0,-84,-82,0,0,-77,-77,-63,-65
-78,-75,-77,-77,0,-78,-80,0,-78,-78,-75,-77,-67,-67,-81,-75,0,0,0,0,-72,-73,-61,-60,-49,-47,0,0,-79,-80,0,-67,-70,-70,-75,-75,-71,-70,0,-87,0,-85,-85,0,0,-84,-82,0,0,-77,-77,-63,-65
-78,-75,-77,-77,0,-78,-80,0,-78,-78,-75,-77,-67,-67,-81,-75,0,0,0,0,-72,-73,-61,-60,-49,-47,0,0,-79,-80,0,-67,-70,-70,-75,-75,-71,-70,0,-87,0,-85,-85,0,0,-84,-82,0,0,-77,-77,-63,-65
-78,-75,-77,-77,0,-78,-80,0,-78,-78,-75,-77,-67,-67,-81,-75,0,0,0,0,-72,-73,-61,-60,-49,-47,0,0,-79,-80,0,-67,-70,-70,-75,-75,-71,-70,0,-87,0,-85,-85,0,0,-84,-82,0,0,-77,-77,-63,-65
-77,-75,-77,-77,0,-81,-80,0,-78,-80,-75,-77,-65,-64,-81,0,0,0,0,0,-75,-76,-61,-60,-50,-49,-81,-84,-80,-80,0,-74,-72,-73,-77,-75,-71,-71,0,-87,0,-83,-83,0,0,-84,-82,0,0,-72,-72,-59,-64
-77,-75,-77,-77,0,-81,-80,0,-78,-80,-75,-77,-65,-64,-81,0,0,0,0,0,-75,-76,-61,-60,-50,-49,-81,-84,-80,-80,0,-74,-72,-73,-77,-75,-71,-71,0,-87,0,-83,-83,0,0,-84,-82,0,0,-72,-72,-59,-64
-77,-75,-77,-77,0,-81,-80,0,-78,-80,-75,-77,-65,-64,-81,0,0,0,0,0,-75,-76,-61,-60,-50,-49,-81,-84,-80,-80,0,-74,-72,-73,-77,-75,-71,-71,0,-87,0,-83,-83,0,0,-84,-82,0,0,-72,-72,-59,-64
-77,-72,-77,-77,-80,-79,-80,0,-80,-80,-75,-77,-67,-68,-81,0,-76,-77,0,0,-73,-73,-61,-75,-48,-48,-83,-86,-80,-80,-74,-74,-72,-72,-76,-75,-70,-70,0,0,0,-83,-83,0,0,0,0,0,0,-75,-74,-69,-67
-77,-72,-77,-77,-80,-79,-80,0,-80,-80,-75,-77,-67,-68,-81,0,-76,-77,0,0,-73,-73,-61,-75,-48,-48,-83,-86,-80,-80,-74,-74,-72,-72,-76,-75,-70,-70,0,0,0,-83,-83,0,0,0,0,0,0,-75,-74,-69,-67
-77,-72,-77,-77,-80,-79,-80,0,-80,-80,-75,-77,-67,-68,-81,0,-76,-77,0,0,-73,-73,-61,-75,-48,-48,-83,-86,-80,-80,-74,-74,-72,-72,-76,-75,-70,-70,0,0,0,-83,-83,0,0,0,0,0,0,-75,-74,-69,-67
-77,-72,-77,-77,-80,-79,-80,0,-80,-80,-75,-77,-67,-68,-81,0,-76,-77,0,0,-73,-73,-61,-75,-48,-48,-83,-86,-80,-80,-74,-74,-72,-72,-76,-75,-70,-70,0,0,0,-83,-83,0,0,0,0,0,0,-75,-74,-69,-67
-77,-72,-77,-77,-80,-82,-83,0,-80,-80,0,0,-67,-65,0,0,-76,-75,0,0,-72,-72,-65,-62,-45,-45,-83,-86,-78,-78,-74,-74,-71,-71,-75,-76,-70,-70,0,0,0,-83,-86,0,0,-84,-82,0,0,-76,-75,-59,-60
-77,-72,-77,-77,-80,-82,-83,0,-80,-80,0,0,-67,-65,0,0,-76,-75,0,0,-72,-72,-65,-62,-45,-45,-83,-86,-78,-78,-74,-74,-71,-71,-75,-76,-70,-70,0,0,0,-83,-86,0,0,-84,-82,0,0,-76,-75,-59,-60
-77,-72,-77,-77,-80,-82,-83,0,-80,-80,0,0,-67,-65,0,0,-76,-75,0,0,-72,-72,-65,-62,-45,-45,-83,-86,-78,-78,-74,-74,-71,-71,-75,-76,-70,-70,0,0,0,-83,-86,0,0,-84,-82,0,0,-76,-75,-59,-60
0,-72,-78,0,-79,-82,-83,0,-78,-79,0,0,-65,-65,0,0,-76,-75,0,0,-72,-72,-64,-63,-46,-45,-83,-86,-80,-80,-74,0,-71,-72,-75,-76,-70,-71,0,0,0,0,-86,0,0,-84,-82,0,0,-75,-75,-56,-65
0,-72,-78,0,-79,-82,-83,0,-78,-79,0,0,-65,-65,0,0,-76,-75,0,0,-72,-72,-64,-63,-46,-45,-83,-86,-80,-80,-74,0,-71,-72,-75,-76,-70,-71,0,0,0,0,-86,0,0,-84,-82,0,0,-75,-75,-56,-65
0,-72,-78,0,-79,-82,-83,0,-78,-79,0,0,-65,-65,0,0,-76,-75,0,0,-72,-72,-64,-63,-46,-45,-83,-86,-80,-80,-74,0,-71,-72,-75,-76,-70,-71,0,0,0,0,-86,0,0,-84,-82,0,0,-75,-75,-56,-65
0,-72,-78,0,-79,-82,-83,0,-78,-79,0,0,-65,-65,0,0,-76,-75,0,0,-72,-72,-64,-63,-46,-45,-83,-86,-80,-80,-74,0,-71,-72,-75,-76,-70,-71,0,0,0,0,-86,0,0,-84,-82,0,0,-75,-75,-56,-65
0,0,-78,0,-79,-81,-81,0,-78,-82,0,0,-66,-66,0,0,-76,-75,0,0,-74,-75,-61,-61,-45,-46,0,0,-79,-79,-74,-73,-70,-70,-75,-76,-68,-68,0,0,0,0,-86,0,0,-82,-82,0,0,-75,-75,-57,-65
0,0,-78,0,-79,-81,-81,0,-78,-82,0,0,-66,-66,0,0,-76,-75,0,0,-74,-75,-61,-61,-45,-46,0,0,-79,-79,-74,-73,-70,-70,-75,-76,-68,-68,0,0,0,0,-86,0,0,-82,-82,0,0,-75,-75,-57,-65
0,0,-78,0,-79,-81,-81,0,-78,-82,0,0,-66,-66,0,0,-76,-75,0,0,-74,-75,-61,-61,-45,-46,0,0,-79,-79,-74,-73,-70,-70,-75,-76,-68,-68,0,0,0,0,-86,0,0,-82,-82,0,0,-75,-75,-57,-65
0,0,-77,-77,-79,-81,-81,0,-79,-79,0,0,-66,-66,0,0,0,0,0,0,-74,-75,-61,-61,-46,-45,0,0,-80,-80,-74,-73,-72,-73,-76,-77,-70,-71,0,0,0,0,0,0,0,-83,-84,-77,-73,-75,-75,-56,-66
0,0,-77,-77,-79,-81,-81,0,-79,-79,0,0,-66,-66,0,0,0,0,0,0,-74,-75,-61,-61,-46,-45,0,0,-80,-80,-74,-73,-72,-73,-76,-77,-70,-71,0,0,0,0,0,0,0,-83,-84,-77,-73,-75,-75,-56,-66
0,0,-77,-77,-79,-81,-81,0,-79,-79,0,0,-66,-66,0,0,0,0,0,0,-74,-75,-61,-61,-46,-45,0,0,-80,-80,-74,-73,-72,-73,-76,-77,-70,-71,0,0,0,0,0,0,0,-83,-84,-77,-73,-75,-75,-56,-66
0,0,-77,-77,-79,-81,-81,0,-79,-79,0,0,-66,-66,0,0,0,0,0,0,-74,-75,-61,-61,-46,-45,0,0,-80,-80,-74,-73,-72,-73,-76,-77,-70,-71,0,0,0,0,0,0,0,-83,-84,-77,-73,-75,-75,-56,-66
0,0,-77,-77,0,-81,-81,0,-79,-79,0,0,-71,-71,0,0,0,0,0,0,-83,-75,-61,-63,-56,-45,0,0,-80,-80,-79,-81,-77,-77,-81,-80,-76,-76,0,0,0,0,0,0,0,-83,-84,-77,-73,-80,-79,-63,-63
0,0,-77,-77,0,-81,-81,0,-79,-79,0,0,-71,-71,0,0,0,0,0,0,-83,-75,-61,-63,-56,-45,0,0,-80,-80,-79,-81,-77,-77,-81,-80,-76,-76,0,0,0,0,0,0,0,-83,-84,-77,-73,-80,-79,-63,-63
-83,-81,-74,-75,0,-75,-76,0,-77,-77,0,0,-65,-65,0,0,0,0,0,0,-70,-73,-68,-63,-46,-43,0,0,-77,-77,-75,-75,-69,-69,-74,-80,-69,-69,0,0,0,0,0,0,0,0,0,0,0,-66,-66,-56,-63
-83,-81,-74,-75,0,-75,-76,0,-77,-77,0,0,-65,-65,0,0,0,0,0,0,-70,-73,-68,-63,-46,-43,0,0,-77,-77,-75,-75,-69,-69,-74,-80,-69,-69,0,0,0,0,0,0,0,0,0,0,0,-66,-66,-56,-63
-83,-81,-74,-75,0,-75,-76,0,-77,-77,0,0,-65,-65,0,0,0,0,0,0,-70,-73,-68,-63,-46,-43,0,0,-77,-77,-75,-75,-69,-69,-74,-80,-69,-69,0,0,0,0,0,0,0,0,0,0,0,-66,-66,-56,-63
-83,-81,-74,-75,0,-75,-76,0,-77,-77,0,0,-65,-65,0,0,0,0,0,0,-70,-73,-68,-63,-46,-43,0,0,-77,-77,-75,-75,-69,-69,-74,-80,-69,-69,0,0,0,0,0,0,0,0,0,0,0,-66,-66,-56,-63
-83,-81,-77,-77,-76,-78,-79,0,-77,-77,0,0,-63,-62,0,-69,0,0,0,0,-71,-70,-68,-63,-56,-49,-76,0,-77,-77,-75,-61,-68,-68,-77,0,-74,-74,0,0,0,0,0,0,0,0,0,0,0,-73,-72,-60,-62
-83,-81,-77,-77,-76,-78,-79,0,-77,-77,0,0,-63,-62,0,-69,0,0,0,0,-71,-70,-68,-63,-56,-49,-76,0,-77,-77,-75,-61,-68,-68,-77,0,-74,-74,0,0,0,0,0,0,0,0,0,0,0,-73,-72,-60,-62
-83,-81,-77,-77,-76,-78,-79,0,-77,-77,0,0,-63,-62,0,-69,0,0,0,0,-71,-70,-68,-63,-56,-49,-76,0,-77,-77,-75,-61,-68,-68,-77,0,-74,-74,0,0,0,0,0,0,0,0,0,0,0,-73,-72,-60,-62
-83,-81,-77,-77,-76,-78,-79,0,-77,-77,0,0,-63,-62,0,-69,0,0,0,0,-71,-70,-68,-63,-56,-49,-76,0,-77,-77,-75,-61,-68,-68,-77,0,-74,-74,0,0,0,0,0,0,0,0,0,0,0,-73,-72,-60,-62
0,0,-78,-78,-82,-79,-80,0,-76,-77,0,0,-63,-63,0,-66,0,0,-71,-69,-70,-70,-72,-70,-60,-56,-77,0,-76,-76,-68,-64,-66,-66,-77,0,-75,-75,0,0,0,0,0,0,0,0,0,0,0,-69,-70,-54,-65
0,0,-78,-78,-82,-79,-80,0,-76,-77,0,0,-63,-63,0,-66,0,0,-71,-69,-70,-70,-72,-70,-60,-56,-77,0,-76,-76,-68,-64,-66,-66,-77,0,-75,-75,0,0,0,0,0,0,0,0,0,0,0,-69,-70,-54,-65
0,0,-78,-78,-82,-79,-80,0,-76,-77,0,0,-63,-63,0,-66,0,0,-71,-69,-70,-70,-72,-70,-60,-56,-77,0,-76,-76,-68,-64,-66,-66,-77,0,-75,-75,0,0,0,0,0,0,0,0,0,0,0,-69,-70,-54,-65
-81,-81,-78,-78,-82,-78,-79,0,-77,-76,0,0,-75,-76,0,-66,0,0,-71,-69,-73,-73,-71,-68,-58,-55,-77,0,-79,-81,-68,-64,-67,-67,-83,0,-75,-78,0,0,0,0,0,0,0,0,0,0,0,-70,-71,-61,-60
-81,-81,-78,-78,-82,-78,-79,0,-77,-76,0,0,-75,-76,0,-66,0,0,-71,-69,-73,-73,-71,-68,-58,-55,-77,0,-79,-81,-68,-64,-67,-67,-83,0,-75,-78,0,0,0,0,0,0,0,0,0,0,0,-70,-71,-61,-60
-81,-81,-78,-78,-82,-78,-79,0,-77,-76,0,0,-75,-76,0,-66,0,0,-71,-69,-73,-73,-71,-68,-58,-55,-77,0,-79,-81,-68,-64,-67,-67,-83,0,-75,-78,0,0,0,0,0,0,0,0,0,0,0,-70,-71,-61,-60
-81,-81,-78,-78,-82,-78,-79,0,-77,-76,0,0,-75,-76,0,-66,0,0,-71,-69,-73,-73,-71,-68,-58,-55,-77,0,-79,-81,-68,-64,-67,-67,-83,0,-75,-78,0,0,0,0,0,0,0,0,0,0,0,-70,-71,-61,-60
-81,-85,-78,-78,-82,-78,-79,0,-77,-83,-74,-73,-72,-71,0,-66,0,0,-71,-69,-76,-74,-71,-71,-55,-55,-77,0,-79,-81,-77,-81,-74,-74,-83,0,-76,-76,0,0,0,0,0,0,0,-83,-82,0,-71,-68,-68,-61,-67
-81,-85,-78,-78,-82,-78,-79,0,-77,-83,-74,-73,-72,-71,0,-66,0,0,-71,-69,-76,-74,-71,-71,-55,-55,-77,0,-79,-81,-77,-81,-74,-74,-83,0,-76,-76,0,0,0,0,0,0,0,-83,-82,0,-71,-68,-68,-61,-67
-81,-85,-78,-78,-82,-78,-79,0,-77,-83,-74,-73,-72,-71,0,-66,0,0,-71,-69,-76,-74,-71,-71,-55,-55,-77,0,-79,-81,-77,-81,-74,-74,-83,0,-76,-76,0,0,0,0,0,0,0,-83,-82,0,-71,-68,-68,-61,-67
-81,-85,0,0,0,-82,-82,0,-81,-82,-74,-73,-66,-66,0,0,0,0,0,-70,-71,-71,-71,-75,-58,-59,0,0,-81,-80,-77,-81,-71,-71,-83,0,-77,-77,0,0,0,0,0,0,0,-83,-82,0,-71,-74,-74,-60,-67
-81,-85,0,0,0,-82,-82,0,-81,-82,-74,-73,-66,-66,0,0,0,0,0,-70,-71,-71,-71,-75,-58,-59,0,0,-81,-80,-77,-81,-71,-71,-83,0,-77,-77,0,0,0,0,0,0,0,-83,-82,0,-71,-74,-74,-60,-67
-81,-85,0,0,0,-82,-82,0,-81,-82,-74,-73,-66,-66,0,0,0,0,0,-70,-71,-71,-71,-75,-58,-59,0,0,-81,-80,-77,-81,-71,-71,-83,0,-77,-77,0,0,0,0,0,0,0,-83,-82,0,-71,-74,-74,-60,-67
-81,-85,0,0,0,-82,-82,0,-81,-82,-74,-73,-66,-66,0,0,0,0,0,-70,-71,-71,-71,-75,-58,-59,0,0,-81,-80,-77,-81,-71,-71,-83,0,-77,-77,0,0,0,0,0,0,0,-83,-82,0,-71,-74,-74,-60,-67
0,-85,0,0,0,-82,-82,0,-85,-83,-74,-73,-67,-67,0,0,0,0,0,-70,-70,-70,-71,-75,-56,-56,0,0,-83,-83,-77,-71,-70,-71,-81,0,-77,-78,0,0,0,0,0,0,0,-83,-82,0,-71,-63,-63,-58,-67
0,-85,0,0,0,-82,-82,0,-85,-83,-74,-73,-67,-67,0,0,0,0,0,-70,-70,-70,-71,-75,-56,-56,0,0,-83,-83,-77,-71,-70,-71,-81,0,-77,-78,0,0,0,0,0,0,0,-83,-82,0,-71,-63,-63,-58,-67
0,-85,0,0,0,-82,-82,0,-85,-83,-74,-73,-67,-67,0,0,0,0,0,-70,-70,-70,-71,-75,-56,-56,0,0,-83,-83,-77,-71,-70,-71,-81,0,-77,-78,0,0,0,0,0,0,0,-83,-82,0,-71,-63,-63,-58,-67
0,0,0,0,0,-82,-82,-73,-85,-83,0,-77,-67,-67,-79,0,0,0,0,-70,-70,-70,0,-75,-57,-56,0,0,-83,-83,-70,-70,-70,-70,-81,0,-80,-80,0,0,0,0,0,0,0,-83,-82,0,0,-66,-66,-58,-67
0,0,0,0,0,-82,-82,-73,-85,-83,0,-77,-67,-67,-79,0,0,0,0,-70,-70,-70,0,-75,-57,-56,0,0,-83,-83,-70,-70,-70,-70,-81,0,-80,-80,0,0,0,0,0,0,0,-83,-82,0,0,-66,-66,-58,-67
0,0,0,0,0,-82,-82,-73,-85,-83,0,-77,-67,-67,-79,0,0,0,0,-70,-70,-70,0,-75,-57,-56,0,0,-83,-83,-70,-70,-70,-70,-81,0,-80,-80,0,0,0,0,0,0,0,-83,-82,0,0,-66,-66,-58,-67
0,0,0,0,0,-82,-82,-73,-85,-83,0,-77,-67,-67,-79,0,0,0,0,-70,-70,-70,0,-75,-57,-56,0,0,-83,-83,-70,-70,-70,-70,-81,0,-80,-80,0,0,0,0,0,0,0,-83,-82,0,0,-66,-66,-58,-67
0,0,-78,-78,0,-81,-82,-73,-81,-81,-74,-73,-70,-70,-79,0,0,0,0,0,-72,-72,-72,-71,-58,-57,0,0,-83,-83,-70,-70,-71,-71,-81,0,-78,-78,0,0,0,0,-86,0,0,0,-81,-71,-68,-66,-66,-58,-73
0,0,-78,-78,0,-81,-82,-73,-81,-81,-74,-73,-70,-70,-79,0,0,0,0,0,-72,-72,-72,-71,-58,-57,0,0,-83,-83,-70,-70,-71,-71,-81,0,-78,-78,0,0,0,0,-86,0,0,0,-81,-71,-68,-66,-66,-58,-73
0,0,-78,-78,0,-81,-82,-73,-81,-81,-74,-73,-70,-70,-79,0,0,0,0,0,-72,-72,-72,-71,-58,-57,0,0,-83,-83,-70,-70,-71,-71,-81,0,-78,-78,0,0,0,0,-86,0,0,0,-81,-71,-68,-66,-66,-58,-73
0,0,-78,-78,0,-81,-82,-77,-78,-78,-77,-76,-69,-68,-72,-71,0,0,0,0,-69,-68,-79,-71,-54,-55,0,0,0,0,-70,-63,-70,-70,0,0,-78,-77,0,0,0,-85,-86,0,0,0,-81,-71,-68,-70,-70,-59,-60
0,0,-78,-78,0,-81,-82,-77,-78,-78,-77,-76,-69,-68,-72,-71,0,0,0,0,-69,-68,-79,-71,-54,-55,0,0,0,0,-70,-63,-70,-70,0,0,-78,-77,0,0,0,-85,-86,0,0,0,-81,-71,-68,-70,-70,-59,-60
0,0,-78,-78,0,-81,-82,-77,-78,-78,-77,-76,-69,-68,-72,-71,0,0,0,0,-69,-68,-79,-71,-54,-55,0,0,0,0,-70,-63,-70,-70,0,0,-78,-77,0,0,0,-85,-86,0,0,0,-81,-71,-68,-70,-70,-59,-60
0,0,-78,-78,0,-81,-82,-77,-78,-78,-77,-76,-69,-68,-72,-71,0,0,0,0,-69,-68,-79,-71,-54,-55,0,0,0,0,-70,-63,-70,-70,0,0,-78,-77,0,0,0,-85,-86,0,0,0,-81,-71,-68,-70,-70,-59,-60
0,0,-78,-78,0,-80,-79,-77,-78,-78,-77,-76,-63,-65,-72,-68,-72,-72,0,0,-68,-70,-71,-72,-59,-58,-81,0,-78,-79,-68,-64,-66,-66,0,0,-80,-80,0,0,0,-85,-86,0,0,0,-81,-71,-68,-69,-70,-58,-65
0,0,-78,-78,0,-80,-79,-77,-78,-78,-77,-76,-63,-65,-72,-68,-72,-72,0,0,-68,-70,-71,-72,-59,-58,-81,0,-78,-79,-68,-64,-66,-66,0,0,-80,-80,0,0,0,-85,-86,0,0,0,-81,-71,-68,-69,-70,-58,-65
0,0,-78,-78,0,-80,-79,-77,-78,-78,-77,-76,-63,-65,-72,-68,-72,-72,0,0,-68,-70,-71,-72,-59,-58,-81,0,-78,-79,-68,-64,-66,-66,0,0,-80,-80,0,0,0,-85,-86,0,0,0,-81,-71,-68,-69,-70,-58,-65
0,0,0,0,0,-79,-80,-77,-82,-82,-77,-76,-61,-61,-72,-68,-76,-75,0,0,-68,-68,-72,-72,-56,-56,-81,0,-82,-81,-71,-67,-71,-71,-78,0,-79,-79,0,0,0,-85,-86,0,0,0,0,0,-74,-71,-71,-64,-66
0,0,0,0,0,-79,-80,-77,-82,-82,-77,-76,-61,-61,-72,-68,-76,-75,0,0,-68,-68,-72,-72,-56,-56,-81,0,-82,-81,-71,-67,-71,-71,-78,0,-79,-79,0,0,0,-85,-86,0,0,0,0,0,-74,-71,-71,-64,-66
0,0,0,0,0,-79,-80,-77,-82,-82,-77,-76,-61,-61,-72,-68,-76,-75,0,0,-68,-68,-72,-72,-56,-56,-81,0,-82,-81,-71,-67,-71,-71,-78,0,-79,-79,0,0,0,-85,-86,0,0,0,0,0,-74,-71,-71,-64,-66
0,0,0,0,0,-79,-80,-77,-82,-82,-77,-76,-61,-61,-72,-68,-76,-75,0,0,-68,-68,-72,-72,-56,-56,-81,0,-82,-81,-71,-67,-71,-71,-78,0,-79,-79,0,0,0,-85,-86,0,0,0,0,0,-74,-71,-71,-64,-66
-80,0,0,0,-74,-76,-76,-77,-82,-79,-75,0,-62,-62,-70,-67,-76,-75,0,0,-69,-69,-72,-72,-57,-53,-81,0,-80,-80,-71,-70,-68,-68,-80,0,-79,-79,0,0,0,0,0,0,0,0,0,0,-74,-71,-71,-62,-61
-80,0,0,0,-74,-76,-76,-77,-82,-79,-75,0,-62,-62,-70,-67,-76,-75,0,0,-69,-69,-72,-72,-57,-53,-81,0,-80,-80,-71,-70,-68,-68,-80,0,-79,-79,0,0,0,0,0,0,0,0,0,0,-74,-71,-71,-62,-61
-80,0,0,0,-74,-76,-76,-77,-82,-79,-75,0,-62,-62,-70,-67,-76,-75,0,0,-69,-69,-72,-72,-57,-53,-81,0,-80,-80,-71,-70,-68,-68,-80,0,-79,-79,0,0,0,0,0,0,0,0,0,0,-74,-71,-71,-62,-61
-80,0,0,0,-74,-76,-76,-77,-82,-79,-75,0,-62,-62,-70,-67,-76,-75,0,0,-69,-69,-72,-72,-57,-53,-81,0,-80,-80,-71,-70,-68,-68,-80,0,-79,-79,0,0,0,0,0,0,0,0,0,0,-74,-71,-71,-62,-61
-82,-79,0,0,-74,-79,-80,-77,-79,-80,-75,0,-60,-60,-70,-66,-76,-75,0,0,-71,-70,-72,-72,-67,-57,0,0,-79,-80,-71,-68,-66,-67,-79,-83,-79,-79,0,0,0,0,0,0,0,0,0,0,-74,-70,-69,-61,-64
-82,-79,0,0,-74,-79,-80,-77,-79,-80,-75,0,-60,-60,-70,-66,-76,-75,0,0,-71,-70,-72,-72,-67,-57,0,0,-79,-80,-71,-68,-66,-67,-79,-83,-79,-79,0,0,0,0,0,0,0,0,0,0,-74,-70,-69,-61,-64
-82,-79,0,0,-74,-79,-80,-77,-79,-80,-75,0,-60,-60,-70,-66,-76,-75,0,0,-71,-70,-72,-72,-67,-57,0,0,-79,-80,-71,-68,-66,-67,-79,-83,-79,-79,0,0,0,0,0,0,0,0,0,0,-74,-70,-69,-61,-64
-82,-79,0,0,-74,-79,-77,-77,-79,-79,-75,0,-64,-64,-69,-66,0,0,0,0,-70,-71,0,0,-56,-54,0,0,-78,-78,-70,-66,-67,-67,-83,-85,-77,-78,0,0,0,0,0,0,0,0,0,0,0,-71,-71,-61,-61
-82,-79,0,0,-74,-79,-77,-77,-79,-79,-75,0,-64,-64,-69,-66,0,0,0,0,-70,-71,0,0,-56,-54,0,0,-78,-78,-70,-66,-67,-67,-83,-85,-77,-78,0,0,0,0,0,0,0,0,0,0,0,-71,-71,-61,-61
-82,-79,0,0,-74,-79,-77,-77,-79,-79,-75,0,-64,-64,-69,-66,0,0,0,0,-70,-71,0,0,-56,-54,0,0,-78,-78,-70,-66,-67,-67,-83,-85,-77,-78,0,0,0,0,0,0,0,0,0,0,0,-71,-71,-61,-61
-82,-79,0,0,-74,-79,-77,-77,-79,-79,-75,0,-64,-64,-69,-66,0,0,0,0,-70,-71,0,0,-56,-54,0,0,-78,-78,-70,-66,-67,-67,-83,-85,-77,-78,0,0,0,0,0,0,0,0,0,0,0,-71,-71,-61,-61
-82,-79,-77,-77,0,-84,-85,-80,-79,-80,-80,0,-62,-61,-73,-66,0,0,0,0,-66,-67,0,-68,-57,-52,0,0,-79,-80,-70,-62,-67,-68,-79,-83,-77,-78,0,0,0,0,0,0,0,0,0,0,0,-69,-71,-62,-67
-82,-79,-77,-77,0,-84,-85,-80,-79,-80,-80,0,-62,-61,-73,-66,0,0,0,0,-66,-67,0,-68,-57,-52,0,0,-79,-80,-70,-62,-67,-68,-79,-83,-77,-78,0,0,0,0,0,0,0,0,0,0,0,-69,-71,-62,-67
-82,-79,-77,-77,0,-84,-85,-80,-79,-80,-80,0,-62,-61,-73,-66,0,0,0,0,-66,-67,0,-68,-57,-52,0,0,-79,-80,-70,-62,-67,-68,-79,-83,-77,-78,0,0,0,0,0,0,0,0,0,0,0,-69,-71,-62,-67
-82,-79,-77,-77,0,-84,-85,-80,-79,-80,-80,0,-62,-61,-73,-66,0,0,0,0,-66,-67,0,-68,-57,-52,0,0,-79,-80,-70,-62,-67,-68,-79,-83,-77,-78,0,0,0,0,0,0,0,0,0,0,0,-69,-71,-62,-67
0,0,-77,-77,0,-77,-78,-80,-79,-82,-74,0,-62,-61,-73,-69,-73,-75,0,0,-71,-70,0,-68,-54,-54,0,0,-79,-79,-70,-62,-68,-68,-79,-83,-78,-78,0,0,0,0,0,0,0,0,0,0,0,-71,-71,-62,-62
0,0,-77,-77,0,-77,-78,-80,-79,-82,-74,0,-62,-61,-73,-69,-73,-75,0,0,-71,-70,0,-68,-54,-54,0,0,-79,-79,-70,-62,-68,-68,-79,-83,-78,-78,0,0,0,0,0,0,0,0,0,0,0,-71,-71,-62,-62
0,0,0,0,0,-81,-80,0,-81,-81,-72,0,-70,-69,-75,-75,-73,-75,0,0,-70,-72,0,-68,-60,-57,0,0,-81,-81,-62,-61,-69,-69,-80,-81,-72,-73,0,0,0,0,0,0,0,0,0,0,0,-72,-72,-70,-72
0,0,0,0,0,-81,-80,0,-81,-81,-72,0,-70,-69,-75,-75,-73,-75,0,0,-70,-72,0,-68,-60,-57,0,0,-81,-81,-62,-61,-69,-69,-80,-81,-72,-73,0,0,0,0,0,0,0,0,0,0,0,-72,-72,-70,-72
0,0,0,0,0,-81,-80,0,-81,-81,-72,0,-70,-69,-75,-75,-73,-75,0,0,-70,-72,0,-68,-60,-57,0,0,-81,-81,-62,-61,-69,-69,-80,-81,-72,-73,0,0,0,0,0,0,0,0,0,0,0,-72,-72,-70,-72
0,0,0,0,0,-81,-80,0,-81,-81,-72,0,-70,-69,-75,-75,-73,-75,0,0,-70,-72,0,-68,-60,-57,0,0,-81,-81,-62,-61,-69,-69,-80,-81,-72,-73,0,0,0,0,0,0,0,0,0,0,0,-72,-72,-70,-72
0,0,0,0,0,-80,-79,0,-83,-81,-72,-67,-65,-65,-75,-75,0,0,0,0,-75,-75,0,0,-57,-56,-78,-83,-81,-81,-62,-61,-69,-69,-80,-81,-73,-73,0,0,0,0,0,0,0,0,0,0,0,-74,-74,-54,-67
0,0,0,0,0,-80,-79,0,-83,-81,-72,-67,-65,-65,-75,-75,0,0,0,0,-75,-75,0,0,-57,-56,-78,-83,-81,-81,-62,-61,-69,-69,-80,-81,-73,-73,0,0,0,0,0,0,0,0,0,0,0,-74,-74,-54,-67
0,0,0,0,0,-80,-79,0,-83,-81,-72,-67,-65,-65,-75,-75,0,0,0,0,-75,-75,0,0,-57,-56,-78,-83,-81,-81,-62,-61,-69,-69,-80,-81,-73,-73,0,0,0,0,0,0,0,0,0,0,0,-74,-74,-54,-67
0,-76,0,0,0,-84,-84,0,-79,-81,-72,-67,-66,-66,-75,-75,0,0,0,0,-71,-71,0,-73,-57,-56,-82,-83,-81,-80,-67,-64,-56,-56,-80,-81,-70,-70,0,0,0,0,0,0,0,0,0,0,-67,-66,-65,-61,-73
0,-76,0,0,0,-84,-84,0,-79,-81,-72,-67,-66,-66,-75,-75,0,0,0,0,-71,-71,0,-73,-57,-56,-82,-83,-81,-80,-67,-64,-56,-56,-80,-81,-70,-70,0,0,0,0,0,0,0,0,0,0,-67,-66,-65,-61,-73
0,-76,0,0,0,-84,-84,0,-79,-81,-72,-67,-66,-66,-75,-75,0,0,0,0,-71,-71,0,-73,-57,-56,-82,-83,-81,-80,-67,-64,-56,-56,-80,-81,-70,-70,0,0,0,0,0,0,0,0,0,0,-67,-66,-65,-61,-73
0,-76,0,0,0,-84,-84,0,-79,-81,-72,-67,-66,-66,-75,-75,0,0,0,0,-71,-71,0,-73,-57,-56,-82,-83,-81,-80,-67,-64,-56,-56,-80,-81,-70,-70,0,0,0,0,0,0,0,0,0,0,-67,-66,-65,-61,-73
-77,-72,0,0,0,-79,-77,0,-79,-79,-80,-67,-67,-67,-78,-76,0,0,-76,-73,-77,-77,0,-73,-58,-56,-82,-83,-74,-74,-71,-64,-63,-63,-80,-77,-73,-73,0,0,0,0,0,0,0,0,0,-74,-67,-69,-69,-58,-71
-77,-72,0,0,0,-79,-77,0,-79,-79,-80,-67,-67,-67,-78,-76,0,0,-76,-73,-77,-77,0,-73,-58,-56,-82,-83,-74,-74,-71,-64,-63,-63,-80,-77,-73,-73,0,0,0,0,0,0,0,0,0,-74,-67,-69,-69,-58,-71
-77,-72,0,0,0,-79,-77,0,-79,-79,-80,-67,-67,-67,-78,-76,0,0,-76,-73,-77,-77,0,-73,-58,-56,-82,-83,-74,-74,-71,-64,-63,-63,-80,-77,-73,-73,0,0,0,0,0,0,0,0,0,-74,-67,-69,-69,-58,-71
-77,-72,0,0,0,-80,-79,0,-79,-79,-80,-66,-64,-64,-78,-76,0,0,-76,-73,-71,-72,0,-73,-58,-58,-82,-82,-74,-74,-71,-64,-70,-70,-80,-77,-74,-75,0,0,0,0,0,0,0,0,0,-74,-67,-65,-67,-53,-63
-77,-72,0,0,0,-80,-79,0,-79,-79,-80,-66,-64,-64,-78,-76,0,0,-76,-73,-71,-72,0,-73,-58,-58,-82,-82,-74,-74,-71,-64,-70,-70,-80,-77,-74,-75,0,0,0,0,0,0,0,0,0,-74,-67,-65,-67,-53,-63
-77,-72,0,0,0,-80,-79,0,-79,-79,-80,-66,-64,-64,-78,-76,0,0,-76,-73,-71,-72,0,-73,-58,-58,-82,-82,-74,-74,-71,-64,-70,-70,-80,-77,-74,-75,0,0,0,0,0,0,0,0,0,-74,-67,-65,-67,-53,-63
-77,-72,0,0,0,-80,-79,0,-79,-79,-80,-66,-64,-64,-78,-76,0,0,-76,-73,-71,-72,0,-73,-58,-58,-82,-82,-74,-74,-71,-64,-70,-70,-80,-77,-74,-75,0,0,0,0,0,0,0,0,0,-74,-67,-65,-67,-53,-63
-77,-72,-79,-79,0,-80,-79,0,-84,-82,-80,-66,-66,-66,-78,-76,0,0,-76,-70,-70,-71,0,0,-58,-58,-83,-86,-77,-77,-71,-64,-68,-68,-80,-77,-75,-75,0,0,0,0,0,0,0,0,0,-74,0,-70,-71,-62,-62
-77,-72,-79,-79,0,-80,-79,0,-84,-82,-80,-66,-66,-66,-78,-76,0,0,-76,-70,-70,-71,0,0,-58,-58,-83,-86,-77,-77,-71,-64,-68,-68,-80,-77,-75,-75,0,0,0,0,0,0,0,0,0,-74,0,-70,-71,-62,-62
-77,-72,-79,-79,0,-80,-79,0,-84,-82,-80,-66,-66,-66,-78,-76,0,0,-76,-70,-70,-71,0,0,-58,-58,-83,-86,-77,-77,-71,-64,-68,-68,-80,-77,-75,-75,0,0,0,0,0,0,0,0,0,-74,0,-70,-71,-62,-62
-77,-72,-79,-79,0,-80,-79,0,-84,-82,-80,-66,-66,-66,-78,-76,0,0,-76,-70,-70,-71,0,0,-58,-58,-83,-86,-77,-77,-71,-64,-68,-68,-80,-77,-75,-75,0,0,0,0,0,0,0,0,0,-74,0,-70,-71,-62,-62
-79,-79,-79,-77,0,-77,-77,0,-84,-82,-72,-70,-68,-68,0,0,0,0,0,-70,-73,-72,-73,-72,-56,-56,-83,-86,-80,-80,-66,-62,-70,-70,0,0,-73,-74,0,0,0,0,0,0,0,0,0,0,-71,-67,-67,-62,-63
-79,-79,-79,-77,0,-77,-77,0,-84,-82,-72,-70,-68,-68,0,0,0,0,0,-70,-73,-72,-73,-72,-56,-56,-83,-86,-80,-80,-66,-62,-70,-70,0,0,-73,-74,0,0,0,0,0,0,0,0,0,0,-71,-67,-67,-62,-63
-79,-79,-79,-77,0,-77,-77,0,-84,-82,-72,-70,-68,-68,0,0,0,0,0,-70,-73,-72,-73,-72,-56,-56,-83,-86,-80,-80,-66,-62,-70,-70,0,0,-73,-74,0,0,0,0,0,0,0,0,0,0,-71,-67,-67,-62,-63
-79,-79,-75,-75,0,-82,-81,0,-84,-80,-72,-72,-60,-60,0,0,0,0,0,-70,-71,-71,-73,-72,-52,-52,-82,-86,-77,-77,-63,-61,-66,-66,-79,0,-71,-72,0,0,0,0,0,0,0,0,0,0,-71,-71,-70,-63,-59
-79,-79,-75,-75,0,-82,-81,0,-84,-80,-72,-72,-60,-60,0,0,0,0,0,-70,-71,-71,-73,-72,-52,-52,-82,-86,-77,-77,-63,-61,-66,-66,-79,0,-71,-72,0,0,0,0,0,0,0,0,0,0,-71,-71,-70,-63,-59
-79,-79,-75,-75,0,-82,-81,0,-84,-80,-72,-72,-60,-60,0,0,0,0,0,-70,-71,-71,-73,-72,-52,-52,-82,-86,-77,-77,-63,-61,-66,-66,-79,0,-71,-72,0,0,0,0,0,0,0,0,0,0,-71,-71,-70,-63,-59
-79,-79,-75,-75,0,-82,-81,0,-84,-80,-72,-72,-60,-60,0,0,0,0,0,-70,-71,-71,-73,-72,-52,-52,-82,-86,-77,-77,-63,-61,-66,-66,-79,0,-71,-72,0,0,0,0,0,0,0,0,0,0,-71,-71,-70,-63,-59
-77,-73,-76,-76,0,-78,-77,-77,-79,-78,-66,-66,-66,-66,-82,-80,0,0,-77,-75,-72,-72,-73,-78,-58,-58,-82,-86,-77,-78,-63,-65,-68,-68,-80,-80,-71,-72,0,0,0,0,0,0,0,0,0,0,-71,-70,-69,-60,-60
-77,-73,-76,-76,0,-78,-77,-77,-79,-78,-66,-66,-66,-66,-82,-80,0,0,-77,-75,-72,-72,-73,-78,-58,-58,-82,-86,-77,-78,-63,-65,-68,-68,-80,-80,-71,-72,0,0,0,0,0,0,0,0,0,0,-71,-70,-69,-60,-60
-77,-73,-76,-76,0,-78,-77,-77,-79,-78,-66,-66,-66,-66,-82,-80,0,0,-77,-75,-72,-72,-73,-78,-58,-58,-82,-86,-77,-78,-63,-65,-68,-68,-80,-80,-71,-72,0,0,0,0,0,0,0,0,0,0,-71,-70,-69,-60,-60
-77,-79,-76,-76,0,-80,-78,-77,-78,-77,-68,-66,-66,-67,-82,-80,0,0,-77,-75,-75,-75,-74,-72,-56,-56,-82,-86,-79,-79,-67,-63,-71,-70,-82,-80,-71,-71,0,0,0,0,0,0,0,0,0,0,0,-70,-69,-57,-67
-77,-79,-76,-76,0,-80,-78,-77,-78,-77,-68,-66,-66,-67,-82,-80,0,0,-77,-75,-75,-75,-74,-72,-56,-56,-82,-86,-79,-79,-67,-63,-71,-70,-82,-80,-71,-71,0,0,0,0,0,0,0,0,0,0,0,-70,-69,-57,-67
-77,-79,-76,-76,0,-80,-78,-77,-78,-77,-68,-66,-66,-67,-82,-80,0,0,-77,-75,-75,-75,-74,-72,-56,-56,-82,-86,-79,-79,-67,-63,-71,-70,-82,-80,-71,-71,0,0,0,0,0,0,0,0,0,0,0,-70,-69,-57,-67
-77,-79,-76,-76,0,-80,-78,-77,-78,-77,-68,-66,-66,-67,-82,-80,0,0,-77,-75,-75,-75,-74,-72,-56,-56,-82,-86,-79,-79,-67,-63,-71,-70,-82,-80,-71,-71,0,0,0,0,0,0,0,0,0,0,0,-70,-69,-57,-67
-77,-78,-76,-76,0,-82,-83,-84,-83,-82,-68,-66,-69,-70,-82,-80,0,0,-77,-75,-76,-75,-75,-75,-60,-58,0,0,-80,-81,-66,-63,-68,-68,-81,-80,-77,-77,0,0,0,0,0,0,0,0,0,0,0,-70,-70,-56,-70
-77,-78,-76,-76,0,-82,-83,-84,-83,-82,-68,-66,-69,-70,-82,-80,0,0,-77,-75,-76,-75,-75,-75,-60,-58,0,0,-80,-81,-66,-63,-68,-68,-81,-80,-77,-77,0,0,0,0,0,0,0,0,0,0,0,-70,-70,-56,-70
-77,-78,-76,-76,0,-82,-83,-84,-83,-82,-68,-66,-69,-70,-82,-80,0,0,-77,-75,-76,-75,-75,-75,-60,-58,0,0,-80,-81,-66,-63,-68,-68,-81,-80,-77,-77,0,0,0,0,0,0,0,0,0,0,0,-70,-70,-56,-70
0,-78,0,0,0,-82,-82,-84,-79,-79,-77,-78,-66,-66,0,0,0,0,0,0,-74,-73,-75,-72,-60,-57,0,0,-79,-80,-63,-60,-73,-73,-81,0,-74,-74,0,0,0,0,0,0,0,0,0,0,-72,-66,-66,-53,-73
0,-78,0,0,0,-82,-82,-84,-79,-79,-77,-78,-66,-66,0,0,0,0,0,0,-74,-73,-75,-72,-60,-57,0,0,-79,-80,-63,-60,-73,-73,-81,0,-74,-74,0,0,0,0,0,0,0,0,0,0,-72,-66,-66,-53,-73
0,-78,0,0,0,-82,-82,-84,-79,-79,-77,-78,-66,-66,0,0,0,0,0,0,-74,-73,-75,-72,-60,-57,0,0,-79,-80,-63,-60,-73,-73,-81,0,-74,-74,0,0,0,0,0,0,0,0,0,0,-72,-66,-66,-53,-73
0,-78,0,0,0,-82,-82,-84,-79,-79,-77,-78,-66,-66,0,0,0,0,0,0,-74,-73,-75,-72,-60,-57,0,0,-79,-80,-63,-60,-73,-73,-81,0,-74,-74,0,0,0,0,0,0,0,0,0,0,-72,-66,-66,-53,-73
0,-76,-78,-78,0,-81,-83,-65,-83,-84,-77,-78,-66,-65,0,0,0,0,0,-69,-74,-73,-74,-72,-61,-56,0,0,-78,-79,-64,-62,-67,-67,-80,-83,-77,-78,0,0,0,0,0,0,0,0,0,0,-72,-65,-65,-52,-70
0,-76,-78,-78,0,-81,-83,-65,-83,-84,-77,-78,-66,-65,0,0,0,0,0,-69,-74,-73,-74,-72,-61,-56,0,0,-78,-79,-64,-62,-67,-67,-80,-83,-77,-78,0,0,0,0,0,0,0,0,0,0,-72,-65,-65,-52,-70
0,-76,-78,-78,0,-81,-83,-65,-83,-84,-77,-78,-66,-65,0,0,0,0,0,-69,-74,-73,-74,-72,-61,-56,0,0,-78,-79,-64,-62,-67,-67,-80,-83,-77,-78,0,0,0,0,0,0,0,0,0,0,-72,-65,-65,-52,-70
0,-76,-78,-79,0,-79,-79,-65,-80,-79,-77,-78,-65,-65,0,-74,0,0,0,-69,-73,-73,-74,-72,-63,-56,0,0,-78,-78,-67,-59,-68,-68,-80,-83,-72,-72,0,0,0,0,0,0,0,0,0,0,-70,-76,-78,-58,-64
0,-76,-78,-79,0,-79,-79,-65,-80,-79,-77,-78,-65,-65,0,-74,0,0,0,-69,-73,-73,-74,-72,-63,-56,0,0,-78,-78,-67,-59,-68,-68,-80,-83,-72,-72,0,0,0,0,0,0,0,0,0,0,-70,-76,-78,-58,-64
0,-76,-78,-79,0,-79,-79,-65,-80,-79,-77,-78,-65,-65,0,-74,0,0,0,-69,-73,-73,-74,-72,-63,-56,0,0,-78,-78,-67,-59,-68,-68,-80,-83,-72,-72,0,0,0,0,0,0,0,0,0,0,-70,-76,-78,-58,-64
0,-76,-78,-79,0,-79,-79,-65,-80,-79,-77,-78,-65,-65,0,-74,0,0,0,-69,-73,-73,-74,-72,-63,-56,0,0,-78,-78,-67,-59,-68,-68,-80,-83,-72,-72,0,0,0,0,0,0,0,0,0,0,-70,-76,-78,-58,-64
0,-76,-78,-79,-80,-82,-81,-65,-80,-81,0,0,-66,-66,0,-74,0,0,0,-69,-75,-76,-74,-72,-57,-56,-82,-87,-81,-81,-64,-60,-70,-70,-80,-83,-74,-75,0,0,0,0,0,0,0,0,0,0,-70,-70,-69,-62,-67
0,-76,-78,-79,-80,-82,-81,-65,-80,-81,0,0,-66,-66,0,-74,0,0,0,-69,-75,-76,-74,-72,-57,-56,-82,-87,-81,-81,-64,-60,-70,-70,-80,-83,-74,-75,0,0,0,0,0,0,0,0,0,0,-70,-70,-69,-62,-67
0,-76,-78,-79,-80,-82,-81,-65,-80,-81,0,0,-66,-66,0,-74,0,0,0,-69,-75,-76,-74,-72,-57,-56,-82,-87,-81,-81,-64,-60,-70,-70,-80,-83,-74,-75,0,0,0,0,0,0,0,0,0,0,-70,-70,-69,-62,-67
0,0,-78,-79,-75,-78,-80,0,-78,-81,0,0,-66,-67,-80,-77,0,0,0,-75,-79,-79,0,0,-64,-58,-82,-87,-80,-80,-68,-60,-71,-70,-80,-82,-76,-76,0,0,0,-83,-83,0,0,0,0,-72,-70,-69,-69,-55,-68
0,0,-78,-79,-75,-78,-80,0,-78,-81,0,0,-66,-67,-80,-77,0,0,0,-75,-79,-79,0,0,-64,-58,-82,-87,-80,-80,-68,-60,-71,-70,-80,-82,-76,-76,0,0,0,-83,-83,0,0,0,0,-72,-70,-69,-69,-55,-68
0,0,-78,-79,-75,-78,-80,0,-78,-81,0,0,-66,-67,-80,-77,0,0,0,-75,-79,-79,0,0,-64,-58,-82,-87,-80,-80,-68,-60,-71,-70,-80,-82,-76,-76,0,0,0,-83,-83,0,0,0,0,-72,-70,-69,-69,-55,-68
0,0,-78,-79,-75,-78,-80,0,-78,-81,0,0,-66,-67,-80,-77,0,0,0,-75,-79,-79,0,0,-64,-58,-82,-87,-80,-80,-68,-60,-71,-70,-80,-82,-76,-76,0,0,0,-83,-83,0,0,0,0,-72,-70,-69,-69,-55,-68
0,0,-78,-79,-75,-82,-80,0,-82,-80,-76,-77,-71,-70,-80,-77,0,0,0,-75,-75,-75,-74,0,-59,-59,-82,-87,-80,-80,-68,-62,-67,-67,-80,-82,-74,-74,0,0,0,-83,-83,0,0,0,0,-72,-70,-68,-69,-53,-67
0,0,-78,-79,-75,-82,-80,0,-82,-80,-76,-77,-71,-70,-80,-77,0,0,0,-75,-75,-75,-74,0,-59,-59,-82,-87,-80,-80,-68,-62,-67,-67,-80,-82,-74,-74,0,0,0,-83,-83,0,0,0,0,-72,-70,-68,-69,-53,-67
0,0,-78,-79,-75,-82,-80,0,-82,-80,-76,-77,-71,-70,-80,-77,0,0,0,-75,-75,-75,-74,0,-59,-59,-82,-87,-80,-80,-68,-62,-67,-67,-80,-82,-74,-74,0,0,0,-83,-83,0,0,0,0,-72,-70,-68,-69,-53,-67
0,0,-79,-78,0,-85,-81,0,-84,-82,-76,-77,-71,-71,-82,0,-76,-76,-89,-75,-71,-72,-73,-74,-56,-54,0,0,-78,-79,-67,-63,-67,-67,-75,-76,-73,-73,0,0,0,0,0,0,0,0,0,-79,-73,-64,-63,-53,-66
0,0,-79,-78,0,-85,-81,0,-84,-82,-76,-77,-71,-71,-82,0,-76,-76,-89,-75,-71,-72,-73,-74,-56,-54,0,0,-78,-79,-67,-63,-67,-67,-75,-76,-73,-73,0,0,0,0,0,0,0,0,0,-79,-73,-64,-63,-53,-66
0,0,-79,-78,0,-85,-81,0,-84,-82,-76,-77,-71,-71,-82,0,-76,-76,-89,-75,-71,-72,-73,-74,-56,-54,0,0,-78,-79,-67,-63,-67,-67,-75,-76,-73,-73,0,0,0,0,0,0,0,0,0,-79,-73,-64,-63,-53,-66
0,0,-79,-78,0,-85,-81,0,-84,-82,-76,-77,-71,-71,-82,0,-76,-76,-89,-75,-71,-72,-73,-74,-56,-54,0,0,-78,-79,-67,-63,-67,-67,-75,-76,-73,-73,0,0,0,0,0,0,0,0,0,-79,-73,-64,-63,-53,-66
0,0,-79,-78,0,-85,-81,0,-79,-80,-77,-76,-72,-74,-82,0,-76,-76,-89,-75,-72,-72,-73,-71,-62,-57,0,0,-78,-78,-66,-63,-65,-65,-76,-76,-65,-65,0,0,0,0,0,0,0,0,0,-79,-73,-67,-67,-52,-79
0,0,-79,-78,0,-85,-81,0,-79,-80,-77,-76,-72,-74,-82,0,-76,-76,-89,-75,-72,-72,-73,-71,-62,-57,0,0,-78,-78,-66,-63,-65,-65,-76,-76,-65,-65,0,0,0,0,0,0,0,0,0,-79,-73,-67,-67,-52,-79
0,0,-79,-78,0,-85,-81,0,-79,-80,-77,-76,-72,-74,-82,0,-76,-76,-89,-75,-72,-72,-73,-71,-62,-57,0,0,-78,-78,-66,-63,-65,-65,-76,-76,-65,-65,0,0,0,0,0,0,0,0,0,-79,-73,-67,-67,-52,-79
0,0,-79,-78,0,-85,-81,0,-79,-80,-77,-76,-72,-74,-82,0,-76,-76,-89,-75,-72,-72,-73,-71,-62,-57,0,0,-78,-78,-66,-63,-65,-65,-76,-76,-65,-65,0,0,0,0,0,0,0,0,0,-79,-73,-67,-67,-52,-79
0,-71,0,0,-76,0,0,0,-79,-85,-77,-76,-74,-74,-82,0,-76,-76,0,0,-78,-78,-73,-71,-62,-59,-84,0,-80,-80,-66,-71,-67,-67,-76,-76,-71,-71,0,0,0,0,0,0,0,0,0,-79,-73,-69,-69,-58,-64
0,-71,0,0,-76,0,0,0,-79,-85,-77,-76,-74,-74,-82,0,-76,-76,0,0,-78,-78,-73,-71,-62,-59,-84,0,-80,-80,-66,-71,-67,-67,-76,-76,-71,-71,0,0,0,0,0,0,0,0,0,-79,-73,-69,-69,-58,-64
0,-71,0,0,-76,0,0,0,-79,-85,-77,-76,-74,-74,-82,0,-76,-76,0,0,-78,-78,-73,-71,-62,-59,-84,0,-80,-80,-66,-71,-67,-67,-76,-76,-71,-71,0,0,0,0,0,0,0,0,0,-79,-73,-69,-69,-58,-64
0,-72,0,0,-76,-84,-84,0,-79,-82,-77,-76,-75,-76,0,0,0,0,0,0,-73,-73,-67,-65,-53,-54,-84,0,-81,-83,-66,-71,-70,-70,-75,0,-69,-69,0,0,-87,0,0,0,0,0,0,0,0,-69,-69,-54,-67
0,-72,0,0,-76,-84,-84,0,-79,-82,-77,-76,-75,-76,0,0,0,0,0,0,-73,-73,-67,-65,-53,-54,-84,0,-81,-83,-66,-71,-70,-70,-75,0,-69,-69,0,0,-87,0,0,0,0,0,0,0,0,-69,-69,-54,-67
0,-72,0,0,-76,-84,-84,0,-79,-82,-77,-76,-75,-76,0,0,0,0,0,0,-73,-73,-67,-65,-53,-54,-84,0,-81,-83,-66,-71,-70,-70,-75,0,-69,-69,0,0,-87,0,0,0,0,0,0,0,0,-69,-69,-54,-67
0,-72,0,0,-76,-84,-84,0,-79,-82,-77,-76,-75,-76,0,0,0,0,0,0,-73,-73,-67,-65,-53,-54,-84,0,-81,-83,-66,-71,-70,-70,-75,0,-69,-69,0,0,-87,0,0,0,0,0,0,0,0,-69,-69,-54,-67
0,-72,0,0,-76,-84,-84,0,-82,-83,0,0,-76,-76,0,0,0,0,0,0,-72,-73,-67,-68,-58,-56,-84,0,-80,-81,0,-71,-69,-69,-72,0,-70,-70,0,0,-87,0,0,0,0,0,0,-72,0,-66,-65,-61,-77
0,-72,0,0,-76,-84,-84,0,-82,-83,0,0,-76,-76,0,0,0,0,0,0,-72,-73,-67,-68,-58,-56,-84,0,-80,-81,0,-71,-69,-69,-72,0,-70,-70,0,0,-87,0,0,0,0,0,0,-72,0,-66,-65,-61,-77
0,-72,0,0,-76,-84,-84,0,-82,-83,0,0,-76,-76,0,0,0,0,0,0,-72,-73,-67,-68,-58,-56,-84,0,-80,-81,0,-71,-69,-69,-72,0,-70,-70,0,0,-87,0,0,0,0,0,0,-72,0,-66,-65,-61,-77
0,-80,0,0,0,-82,-83,0,-80,-79,0,0,-75,-76,0,0,0,0,-80,-76,-73,-72,-71,-73,-61,-60,0,0,-80,-80,0,0,-68,-68,-72,0,-68,-69,0,0,-87,0,0,0,0,0,0,-72,0,-66,-67,-56,-63
0,-80,0,0,0,-82,-83,0,-80,-79,0,0,-75,-76,0,0,0,0,-80,-76,-73,-72,-71,-73,-61,-60,0,0,-80,-80,0,0,-68,-68,-72,0,-68,-69,0,0,-87,0,0,0,0,0,0,-72,0,-66,-67,-56,-63
0,-80,0,0,0,-82,-83,0,-80,-79,0,0,-75,-76,0,0,0,0,-80,-76,-73,-72,-71,-73,-61,-60,0,0,-80,-80,0,0,-68,-68,-72,0,-68,-69,0,0,-87,0,0,0,0,0,0,-72,0,-66,-67,-56,-63
0,-80,0,0,0,-82,-83,0,-80,-79,0,0,-75,-76,0,0,0,0,-80,-76,-73,-72,-71,-73,-61,-60,0,0,-80,-80,0,0,-68,-68,-72,0,-68,-69,0,0,-87,0,0,0,0,0,0,-72,0,-66,-67,-56,-63
0,-80,0,0,0,-85,-82,0,-84,-83,-76,-75,-74,-75,0,0,0,0,-80,-76,-77,-77,-70,-71,-60,-57,0,0,-80,-80,0,-65,-68,-69,-74,0,-68,-69,0,0,0,-83,0,0,0,0,0,-72,-67,-64,-65,-59,-71
0,-80,0,0,0,-85,-82,0,-84,-83,-76,-75,-74,-75,0,0,0,0,-80,-76,-77,-77,-70,-71,-60,-57,0,0,-80,-80,0,-65,-68,-69,-74,0,-68,-69,0,0,0,-83,0,0,0,0,0,-72,-67,-64,-65,-59,-71
0,-80,0,0,0,-85,-82,0,-84,-83,-76,-75,-74,-75,0,0,0,0,-80,-76,-77,-77,-70,-71,-60,-57,0,0,-80,-80,0,-65,-68,-69,-74,0,-68,-69,0,0,0,-83,0,0,0,0,0,-72,-67,-64,-65,-59,-71
0,-80,0,0,0,-85,-82,0,-84,-83,-76,-75,-75,-75,0,0,0,0,-80,-76,-75,-74,-70,-71,-58,-54,0,0,-81,-80,0,-65,-69,-69,-74,0,-70,-70,0,0,0,-83,0,0,0,0,0,0,-67,-67,-68,-58,-70
0,-80,0,0,0,-85,-82,0,-84,-83,-76,-75,-75,-75,0,0,0,0,-80,-76,-75,-74,-70,-71,-58,-54,0,0,-81,-80,0,-65,-69,-69,-74,0,-70,-70,0,0,0,-83,0,0,0,0,0,0,-67,-67,-68,-58,-70
0,-80,0,0,0,-85,-82,0,-84,-83,-76,-75,-75,-75,0,0,0,0,-80,-76,-75,-74,-70,-71,-58,-54,0,0,-81,-80,0,-65,-69,-69,-74,0,-70,-70,0,0,0,-83,0,0,0,0,0,0,-67,-67,-68,-58,-70
0,-80,0,0,0,-85,-82,0,-84,-83,-76,-75,-75,-75,0,0,0,0,-80,-76,-75,-74,-70,-71,-58,-54,0,0,-81,-80,0,-65,-69,-69,-74,0,-70,-70,0,0,0,-83,0,0,0,0,0,0,-67,-67,-68,-58,-70
-76,-74,-76,-77,0,-79,-80,0,-83,-83,-79,-80,-72,-73,-81,-73,0,0,-80,-76,-73,-74,-70,-71,-58,-57,0,0,-77,-78,0,-69,-68,-68,-77,-80,-73,-73,0,0,0,-83,0,0,0,0,0,-72,-66,-67,-67,-55,-64
-76,-74,-76,-77,0,-79,-80,0,-83,-83,-79,-80,-72,-73,-81,-73,0,0,-80,-76,-73,-74,-70,-71,-58,-57,0,0,-77,-78,0,-69,-68,-68,-77,-80,-73,-73,0,0,0,-83,0,0,0,0,0,-72,-66,-67,-67,-55,-64
-76,-74,-76,-77,0,-79,-80,0,-83,-83,-79,-80,-72,-73,-81,-73,0,0,-80,-76,-73,-74,-70,-71,-58,-57,0,0,-77,-78,0,-69,-68,-68,-77,-80,-73,-73,0,0,0,-83,0,0,0,0,0,-72,-66,-67,-67,-55,-64
-76,-74,-77,-77,-75,-80,-81,0,-81,-80,-79,-80,-73,-73,-75,-74,0,0,-77,-73,-74,-74,-72,0,-61,-59,0,0,-79,-79,0,-69,-68,-68,-77,-80,-75,-75,0,0,0,0,0,0,0,0,0,-72,-66,-66,-66,-60,-68
-76,-74,-77,-77,-75,-80,-81,0,-81,-80,-79,-80,-73,-73,-75,-74,0,0,-77,-73,-74,-74,-72,0,-61,-59,0,0,-79,-79,0,-69,-68,-68,-77,-80,-75,-75,0,0,0,0,0,0,0,0,0,-72,-66,-66,-66,-60,-68
-76,-74,-77,-77,-75,-80,-81,0,-81,-80,-79,-80,-73,-73,-75,-74,0,0,-77,-73,-74,-74,-72,0,-61,-59,0,0,-79,-79,0,-69,-68,-68,-77,-80,-75,-75,0,0,0,0,0,0,0,0,0,-72,-66,-66,-66,-60,-68
-76,-74,-77,-77,-75,-80,-81,0,-81,-80,-79,-80,-73,-73,-75,-74,0,0,-77,-73,-74,-74,-72,0,-61,-59,0,0,-79,-79,0,-69,-68,-68,-77,-80,-75,-75,0,0,0,0,0,0,0,0,0,-72,-66,-66,-66,-60,-68
-74,-72,-77,-77,-75,-78,-76,0,-81,-81,-79,-80,-72,-72,-75,-74,-79,-78,-77,-73,-74,-73,-70,-70,-61,-59,-82,0,-81,-80,-75,-69,-70,-71,-77,-80,-68,-68,0,0,0,0,0,0,0,0,0,-72,-66,-68,-68,-55,-72
-74,-72,-77,-77,-75,-78,-76,0,-81,-81,-79,-80,-72,-72,-75,-74,-79,-78,-77,-73,-74,-73,-70,-70,-61,-59,-82,0,-81,-80,-75,-69,-70,-71,-77,-80,-68,-68,0,0,0,0,0,0,0,0,0,-72,-66,-68,-68,-55,-72
-74,-72,-77,-77,-75,-78,-76,0,-81,-81,-79,-80,-72,-72,-75,-74,-79,-78,-77,-73,-74,-73,-70,-70,-61,-59,-82,0,-81,-80,-75,-69,-70,-71,-77,-80,-68,-68,0,0,0,0,0,0,0,0,0,-72,-66,-68,-68,-55,-72
-74,-74,-78,-79,-75,-81,-80,0,-80,-80,0,0,-73,-73,-75,-74,-79,-78,-77,-73,-75,-76,-70,-70,-56,-56,-82,0,-79,-78,-75,0,-73,-73,-76,-78,-75,-75,0,0,0,0,0,0,0,0,0,-67,-63,-68,-68,-53,-80
-74,-74,-78,-79,-75,-81,-80,0,-80,-80,0,0,-73,-73,-75,-74,-79,-78,-77,-73,-75,-76,-70,-70,-56,-56,-82,0,-79,-78,-75,0,-73,-73,-76,-78,-75,-75,0,0,0,0,0,0,0,0,0,-67,-63,-68,-68,-53,-80
-74,-74,-78,-79,-75,-81,-80,0,-80,-80,0,0,-73,-73,-75,-74,-79,-78,-77,-73,-75,-76,-70,-70,-56,-56,-82,0,-79,-78,-75,0,-73,-73,-76,-78,-75,-75,0,0,0,0,0,0,0,0,0,-67,-63,-68,-68,-53,-80
-74,-74,-78,-79,-75,-81,-80,0,-80,-80,0,0,-73,-73,-75,-74,-79,-78,-77,-73,-75,-76,-70,-70,-56,-56,-82,0,-79,-78,-75,0,-73,-73,-76,-78,-75,-75,0,0,0,0,0,0,0,0,0,-67,-63,-68,-68,-53,-80
-74,-74,-80,-81,-75,-83,-81,-78,-80,-80,0,0,-75,-74,0,0,-79,-78,-76,-75,-72,-72,-70,-70,-57,-52,-82,-86,-79,-80,-75,0,-72,-72,-76,-78,-72,-72,0,0,0,0,0,0,0,0,0,-67,-68,-69,-68,-51,-70
-74,-74,-80,-81,-75,-83,-81,-78,-80,-80,0,0,-75,-74,0,0,-79,-78,-76,-75,-72,-72,-70,-70,-57,-52,-82,-86,-79,-80,-75,0,-72,-72,-76,-78,-72,-72,0,0,0,0,0,0,0,0,0,-67,-68,-69,-68,-51,-70
-74,-74,-80,-81,-75,-83,-81,-78,-80,-80,0,0,-75,-74,0,0,-79,-78,-76,-75,-72,-72,-70,-70,-57,-52,-82,-86,-79,-80,-75,0,-72,-72,-76,-78,-72,-72,0,0,0,0,0,0,0,0,0,-67,-68,-69,-68,-51,-70
0,-74,-80,-81,0,-85,-81,-78,-80,-81,0,0,-74,-74,0,0,0,0,-76,-75,-75,-75,-65,-63,-59,-54,0,-86,-83,-84,-73,-70,-73,-72,-76,-75,-72,-72,0,0,-88,-83,-83,0,0,0,0,-67,-68,-69,-68,-51,-72
0,-74,-80,-81,0,-85,-81,-78,-80,-81,0,0,-74,-74,0,0,0,0,-76,-75,-75,-75,-65,-63,-59,-54,0,-86,-83,-84,-73,-70,-73,-72,-76,-75,-72,-72,0,0,-88,-83,-83,0,0,0,0,-67,-68,-69,-68,-51,-72
0,-74,-80,-81,0,-85,-81,-78,-80,-81,0,0,-74,-74,0,0,0,0,-76,-75,-75,-75,-65,-63,-59,-54,0,-86,-83,-84,-73,-70,-73,-72,-76,-75,-72,-72,0,0,-88,-83,-83,0,0,0,0,-67,-68,-69,-68,-51,-72
0,-74,-80,-81,0,-85,-81,-78,-80,-81,0,0,-74,-74,0,0,0,0,-76,-75,-75,-75,-65,-63,-59,-54,0,-86,-83,-84,-73,-70,-73,-72,-76,-75,-72,-72,0,0,-88,-83,-83,0,0,0,0,-67,-68,-69,-68,-51,-72
0,0,-76,-76,0,-85,-81,-78,-80,-80,0,0,-73,-74,0,0,0,0,-76,-75,-73,-73,-71,-69,-57,-55,0,-86,-81,-82,-73,-62,-71,-71,0,-75,-73,-73,0,0,-88,-83,-83,0,0,0,0,0,-68,-71,-71,-54,-67
0,0,-76,-76,0,-85,-81,-78,-80,-80,0,0,-73,-74,0,0,0,0,-76,-75,-73,-73,-71,-69,-57,-55,0,-86,-81,-82,-73,-62,-71,-71,0,-75,-73,-73,0,0,-88,-83,-83,0,0,0,0,0,-68,-71,-71,-54,-67
0,0,-76,-76,0,-85,-81,-78,-80,-80,0,0,-73,-74,0,0,0,0,-76,-75,-73,-73,-71,-69,-57,-55,0,-86,-81,-82,-73,-62,-71,-71,0,-75,-73,-73,0,0,-88,-83,-83,0,0,0,0,0,-68,-71,-71,-54,-67
0,0,-76,-76,0,-83,-83,0,-80,-80,-79,-78,-76,-77,0,0,0,0,0,-75,-73,-73,-67,-63,-59,-57,0,0,-82,-82,-73,-62,-73,-73,-77,-75,-74,-74,0,0,-88,-83,-83,0,0,0,0,0,0,-74,-74,-59,-74
0,0,-76,-76,0,-83,-83,0,-80,-80,-79,-78,-76,-77,0,0,0,0,0,-75,-73,-73,-67,-63,-59,-57,0,0,-82,-82,-73,-62,-73,-73,-77,-75,-74,-74,0,0,-88,-83,-83,0,0,0,0,0,0,-74,-74,-59,-74
0,0,-76,-76,0,-83,-83,0,-80,-80,-79,-78,-76,-77,0,0,0,0,0,-75,-73,-73,-67,-63,-59,-57,0,0,-82,-82,-73,-62,-73,-73,-77,-75,-74,-74,0,0,-88,-83,-83,0,0,0,0,0,0,-74,-74,-59,-74
0,0,-76,-76,0,-83,-83,0,-80,-80,-79,-78,-76,-77,0,0,0,0,0,-75,-73,-73,-67,-63,-59,-57,0,0,-82,-82,-73,-62,-73,-73,-77,-75,-74,-74,0,0,-88,-83,-83,0,0,0,0,0,0,-74,-74,-59,-74
0,0,-76,-76,0,-83,-82,0,-84,-84,-79,-78,-74,-74,0,0,0,0,0,-75,-74,-75,-69,-68,-59,-59,0,0,-84,-82,0,-62,-73,-73,-77,0,-72,-73,0,-87,-86,0,0,0,0,-85,-85,0,-66,-71,-71,-62,-80
0,0,-76,-76,0,-83,-82,0,-84,-84,-79,-78,-74,-74,0,0,0,0,0,-75,-74,-75,-69,-68,-59,-59,0,0,-84,-82,0,-62,-73,-73,-77,0,-72,-73,0,-87,-86,0,0,0,0,-85,-85,0,-66,-71,-71,-62,-80
0,0,-76,-76,0,-83,-82,0,-84,-84,-79,-78,-74,-74,0,0,0,0,0,-75,-74,-75,-69,-68,-59,-59,0,0,-84,-82,0,-62,-73,-73,-77,0,-72,-73,0,-87,-86,0,0,0,0,-85,-85,0,-66,-71,-71,-62,-80
