-82,0,0,0,0,-85,-80,0,-83,-82,0,0,-75,-75,0,0,0,0,0,0,-75,-75,-73,-72,-60,-55,0,0,0,0,-75,-73,-69,-69,-72,-69,-75,-74,0,-86,-85,0,0,0,0,0,0,0,0,-78,-78,-51,-66
0,0,-75,-76,-84,-82,-80,0,-83,-85,0,0,-74,-74,0,0,0,0,0,0,-77,-76,-64,-62,-61,-56,0,0,-80,-80,-75,-73,-68,-68,-72,-69,-68,-68,0,-86,-85,0,0,0,0,0,0,0,0,-77,-77,-52,-70
0,0,-75,-76,-84,-82,-80,0,-83,-85,0,0,-74,-74,0,0,0,0,0,0,-77,-76,-64,-62,-61,-56,0,0,-80,-80,-75,-73,-68,-68,-72,-69,-68,-68,0,-86,-85,0,0,0,0,0,0,0,0,-77,-77,-52,-70
0,0,-75,-76,-84,-82,-80,0,-83,-85,0,0,-74,-74,0,0,0,0,0,0,-77,-76,-64,-62,-61,-56,0,0,-80,-80,-75,-73,-68,-68,-72,-69,-68,-68,0,-86,-85,0,0,0,0,0,0,0,0,-77,-77,-52,-70
0,0,-75,-76,-84,-82,-80,0,-83,-85,0,0,-74,-74,0,0,0,0,0,0,-77,-76,-64,-62,-61,-56,0,0,-80,-80,-75,-73,-68,-68,-72,-69,-68,-68,0,-86,-85,0,0,0,0,0,0,0,0,-77,-77,-52,-70
0,0,-80,-79,-84,-86,-80,0,-82,-82,0,0,-71,-71,0,0,0,0,0,-69,-72,-72,-64,-69,-62,-62,0,0,-80,-80,-83,0,-68,-68,-78,-76,-82,-84,0,-86,-85,-86,0,0,0,0,0,0,0,-77,-77,-58,-78
0,0,-80,-79,-84,-86,-80,0,-82,-82,0,0,-71,-71,0,0,0,0,0,-69,-72,-72,-64,-69,-62,-62,0,0,-80,-80,-83,0,-68,-68,-78,-76,-82,-84,0,-86,-85,-86,0,0,0,0,0,0,0,-77,-77,-58,-78
0,0,-80,-79,-84,-86,-80,0,-82,-82,0,0,-71,-71,0,0,0,0,0,-69,-72,-72,-64,-69,-62,-62,0,0,-80,-80,-83,0,-68,-68,-78,-76,-82,-84,0,-86,-85,-86,0,0,0,0,0,0,0,-77,-77,-58,-78
0,0,-80,-79,-84,-86,0,0,-83,-82,0,0,-79,-78,0,0,0,0,0,-69,-71,-71,-64,-66,-61,-62,0,0,-80,-80,-83,0,-74,-73,-72,-76,-70,-70,0,0,0,-86,-83,0,0,0,0,0,0,-77,-77,-63,-77
0,0,-80,-79,-84,-86,0,0,-83,-82,0,0,-79,-78,0,0,0,0,0,-69,-71,-71,-64,-66,-61,-62,0,0,-80,-80,-83,0,-74,-73,-72,-76,-70,-70,0,0,0,-86,-83,0,0,0,0,0,0,-77,-77,-63,-77
0,0,-80,-79,-84,-86,0,0,-83,-82,0,0,-79,-78,0,0,0,0,0,-69,-71,-71,-64,-66,-61,-62,0,0,-80,-80,-83,0,-74,-73,-72,-76,-70,-70,0,0,0,-86,-83,0,0,0,0,0,0,-77,-77,-63,-77
0,0,-80,-79,-84,-86,0,0,-83,-82,0,0,-79,-78,0,0,0,0,0,-69,-71,-71,-64,-66,-61,-62,0,0,-80,-80,-83,0,-74,-73,-72,-76,-70,-70,0,0,0,-86,-83,0,0,0,0,0,0,-77,-77,-63,-77
0,-76,-80,-79,0,-86,0,0,-83,-83,0,0,-77,-77,0,0,0,0,-79,-69,-76,-76,-65,-61,-60,-60,0,0,0,0,-83,0,-72,-73,-73,-76,-70,-70,0,-89,0,-86,-83,0,0,0,0,0,0,0,0,-62,-73
0,-76,-80,-79,0,-86,0,0,-83,-83,0,0,-77,-77,0,0,0,0,-79,-69,-76,-76,-65,-61,-60,-60,0,0,0,0,-83,0,-72,-73,-73,-76,-70,-70,0,-89,0,-86,-83,0,0,0,0,0,0,0,0,-62,-73
0,-76,-80,-79,0,-86,0,0,-83,-83,0,0,-77,-77,0,0,0,0,-79,-69,-76,-76,-65,-61,-60,-60,0,0,0,0,-83,0,-72,-73,-73,-76,-70,-70,0,-89,0,-86,-83,0,0,0,0,0,0,0,0,-62,-73
0,-76,-80,-79,0,-86,0,0,-83,-83,0,0,-77,-77,0,0,0,0,-79,-69,-76,-76,-65,-61,-60,-60,0,0,0,0,-83,0,-72,-73,-73,-76,-70,-70,0,-89,0,-86,-83,0,0,0,0,0,0,0,0,-62,-73
0,-76,-76,-76,0,-84,-85,0,-81,-82,0,0,-74,-74,0,0,0,0,-79,0,-75,-74,-63,-61,-57,-56,0,0,-79,-79,0,0,-73,-73,-72,0,-71,-71,0,-86,0,0,-83,0,0,0,0,0,0,-82,-81,-56,-73
0,-76,-76,-76,0,-84,-85,0,-81,-82,0,0,-74,-74,0,0,0,0,-79,0,-75,-74,-63,-61,-57,-56,0,0,-79,-79,0,0,-73,-73,-72,0,-71,-71,0,-86,0,0,-83,0,0,0,0,0,0,-82,-81,-56,-73
0,-76,-76,-76,0,-84,-85,0,-81,-82,0,0,-74,-74,0,0,0,0,-79,0,-75,-74,-63,-61,-57,-56,0,0,-79,-79,0,0,-73,-73,-72,0,-71,-71,0,-86,0,0,-83,0,0,0,0,0,0,-82,-81,-56,-73
0,-72,-76,-77,0,-83,-84,0,-81,-81,-81,0,-74,-76,0,0,0,0,-79,0,-72,-72,-62,-62,-56,-56,0,0,-80,-80,0,0,-72,-72,-72,-76,-70,-71,0,-88,0,-85,-83,0,0,0,0,0,0,-82,-81,-56,-77
0,-72,-76,-77,0,-83,-84,0,-81,-81,-81,0,-74,-76,0,0,0,0,-79,0,-72,-72,-62,-62,-56,-56,0,0,-80,-80,0,0,-72,-72,-72,-76,-70,-71,0,-88,0,-85,-83,0,0,0,0,0,0,-82,-81,-56,-77
0,-72,-76,-77,0,-83,-84,0,-81,-81,-81,0,-74,-76,0,0,0,0,-79,0,-72,-72,-62,-62,-56,-56,0,0,-80,-80,0,0,-72,-72,-72,-76,-70,-71,0,-88,0,-85,-83,0,0,0,0,0,0,-82,-81,-56,-77
0,-72,-76,-77,0,-83,-84,0,-81,-81,-81,0,-74,-76,0,0,0,0,-79,0,-72,-72,-62,-62,-56,-56,0,0,-80,-80,0,0,-72,-72,-72,-76,-70,-71,0,-88,0,-85,-83,0,0,0,0,0,0,-82,-81,-56,-77
0,-72,-78,-77,0,-83,-84,0,-82,-81,-81,0,-76,-75,0,0,0,0,0,0,-76,-76,-62,-61,-58,-56,0,0,-81,-81,-76,0,-73,-73,-73,-76,-70,-70,0,-86,-86,-85,-83,0,0,0,0,0,0,-82,-83,-57,-77
0,-72,-78,-77,0,-83,-84,0,-82,-81,-81,0,-76,-75,0,0,0,0,0,0,-76,-76,-62,-61,-58,-56,0,0,-81,-81,-76,0,-73,-73,-73,-76,-70,-70,0,-86,-86,-85,-83,0,0,0,0,0,0,-82,-83,-57,-77
0,-72,-78,-77,0,-83,-84,0,-82,-81,-81,0,-76,-75,0,0,0,0,0,0,-76,-76,-62,-61,-58,-56,0,0,-81,-81,-76,0,-73,-73,-73,-76,-70,-70,0,-86,-86,-85,-83,0,0,0,0,0,0,-82,-83,-57,-77
0,-73,-77,-77,0,-83,-84,0,-81,-82,-81,0,-74,-74,0,0,0,0,0,0,-71,-71,-62,-62,-57,-56,0,0,-81,-82,-76,0,-77,-76,-73,-77,-69,-70,0,-86,-86,-85,0,0,0,0,0,0,0,-82,-82,-56,-78
0,-73,-77,-77,0,-83,-84,0,-81,-82,-81,0,-74,-74,0,0,0,0,0,0,-71,-71,-62,-62,-57,-56,0,0,-81,-82,-76,0,-77,-76,-73,-77,-69,-70,0,-86,-86,-85,0,0,0,0,0,0,0,-82,-82,-56,-78
0,-73,-77,-77,0,-83,-84,0,-81,-82,-81,0,-74,-74,0,0,0,0,0,0,-71,-71,-62,-62,-57,-56,0,0,-81,-82,-76,0,-77,-76,-73,-77,-69,-70,0,-86,-86,-85,0,0,0,0,0,0,0,-82,-82,-56,-78
0,-73,-77,-77,0,-83,-84,0,-81,-82,-81,0,-74,-74,0,0,0,0,0,0,-71,-71,-62,-62,-57,-56,0,0,-81,-82,-76,0,-77,-76,-73,-77,-69,-70,0,-86,-86,-85,0,0,0,0,0,0,0,-82,-82,-56,-78
0,-73,-77,-77,0,-84,-84,0,-81,-79,-82,-81,-74,-75,0,0,0,0,0,0,-73,-73,-62,-63,-58,-57,0,0,-81,-81,-76,0,-76,-76,-70,-77,-68,-68,0,-86,-86,0,0,0,0,0,0,0,0,-78,-79,-65,-72
0,-73,-77,-77,0,-84,-84,0,-81,-79,-82,-81,-74,-75,0,0,0,0,0,0,-73,-73,-62,-63,-58,-57,0,0,-81,-81,-76,0,-76,-76,-70,-77,-68,-68,0,-86,-86,0,0,0,0,0,0,0,0,-78,-79,-65,-72
0,-73,-77,-77,0,-84,-84,0,-81,-79,-82,-81,-74,-75,0,0,0,0,0,0,-73,-73,-62,-63,-58,-57,0,0,-81,-81,-76,0,-76,-76,-70,-77,-68,-68,0,-86,-86,0,0,0,0,0,0,0,0,-78,-79,-65,-72
0,-73,-77,-77,0,-83,-83,0,-81,-82,-82,-81,-76,-77,0,0,0,0,0,-76,-72,-73,-66,-69,-59,-58,0,0,-81,-81,0,0,-75,-76,-73,-77,-69,-70,0,0,0,0,0,0,0,0,0,0,0,-78,-79,-58,-70
0,-73,-77,-77,0,-83,-83,0,-81,-82,-82,-81,-76,-77,0,0,0,0,0,-76,-72,-73,-66,-69,-59,-58,0,0,-81,-81,0,0,-75,-76,-73,-77,-69,-70,0,0,0,0,0,0,0,0,0,0,0,-78,-79,-58,-70
0,-73,-77,-77,0,-83,-83,0,-81,-82,-82,-81,-76,-77,0,0,0,0,0,-76,-72,-73,-66,-69,-59,-58,0,0,-81,-81,0,0,-75,-76,-73,-77,-69,-70,0,0,0,0,0,0,0,0,0,0,0,-78,-79,-58,-70
0,-73,-77,-77,0,-83,-83,0,-81,-82,-82,-81,-76,-77,0,0,0,0,0,-76,-72,-73,-66,-69,-59,-58,0,0,-81,-81,0,0,-75,-76,-73,-77,-69,-70,0,0,0,0,0,0,0,0,0,0,0,-78,-79,-58,-70
0,0,0,0,0,-83,-84,0,-81,-81,-82,-81,-77,-77,0,0,0,0,0,-76,-72,-71,-68,-66,-59,-58,0,0,-81,-81,-79,-81,-70,-70,-73,-79,-69,-69,0,0,0,0,0,0,0,0,0,0,0,-78,-79,-58,-70
0,0,0,0,0,-83,-84,0,-81,-81,-82,-81,-77,-77,0,0,0,0,0,-76,-72,-71,-68,-66,-59,-58,0,0,-81,-81,-79,-81,-70,-70,-73,-79,-69,-69,0,0,0,0,0,0,0,0,0,0,0,-78,-79,-58,-70
0,0,0,0,0,-83,-84,0,-81,-81,-82,-81,-77,-77,0,0,0,0,0,-76,-72,-71,-68,-66,-59,-58,0,0,-81,-81,-79,-81,-70,-70,-73,-79,-69,-69,0,0,0,0,0,0,0,0,0,0,0,-78,-79,-58,-70
0,0,-79,-78,-81,-83,-84,0,-81,-80,0,0,-74,-74,0,0,0,0,0,-76,-73,-73,-64,-62,-72,-57,0,0,-81,-81,-79,-81,-72,-73,-73,-79,-65,-65,0,0,0,0,0,0,0,0,0,0,0,-80,-81,-61,-75
0,0,-79,-78,-81,-83,-84,0,-81,-80,0,0,-74,-74,0,0,0,0,0,-76,-73,-73,-64,-62,-72,-57,0,0,-81,-81,-79,-81,-72,-73,-73,-79,-65,-65,0,0,0,0,0,0,0,0,0,0,0,-80,-81,-61,-75
0,0,-79,-78,-81,-83,-84,0,-81,-80,0,0,-74,-74,0,0,0,0,0,-76,-73,-73,-64,-62,-72,-57,0,0,-81,-81,-79,-81,-72,-73,-73,-79,-65,-65,0,0,0,0,0,0,0,0,0,0,0,-80,-81,-61,-75
0,0,-79,-78,-81,-83,-84,0,-81,-80,0,0,-74,-74,0,0,0,0,0,-76,-73,-73,-64,-62,-72,-57,0,0,-81,-81,-79,-81,-72,-73,-73,-79,-65,-65,0,0,0,0,0,0,0,0,0,0,0,-80,-81,-61,-75
0,0,-79,-78,-81,0,-84,0,-79,-79,0,0,-74,-74,0,0,0,0,0,0,-73,-73,-66,-64,-58,-58,0,0,-81,-81,-77,-80,-72,-73,-71,-79,-70,-70,0,-87,-87,0,0,0,0,0,0,0,0,-80,-81,-54,-74
0,0,-79,-78,-81,0,-84,0,-79,-79,0,0,-74,-74,0,0,0,0,0,0,-73,-73,-66,-64,-58,-58,0,0,-81,-81,-77,-80,-72,-73,-71,-79,-70,-70,0,-87,-87,0,0,0,0,0,0,0,0,-80,-81,-54,-74
0,0,-79,-78,-81,0,-84,0,-79,-79,0,0,-74,-74,0,0,0,0,0,0,-73,-73,-66,-64,-58,-58,0,0,-81,-81,-77,-80,-72,-73,-71,-79,-70,-70,0,-87,-87,0,0,0,0,0,0,0,0,-80,-81,-54,-74
0,0,-79,-78,-81,0,-84,0,-79,-79,0,0,-74,-74,0,0,0,0,0,0,-73,-73,-66,-64,-58,-58,0,0,-81,-81,-77,-80,-72,-73,-71,-79,-70,-70,0,-87,-87,0,0,0,0,0,0,0,0,-80,-81,-54,-74
0,-73,-79,-78,-81,0,0,0,-80,-78,-82,-80,-74,-74,0,0,0,0,0,0,-73,-73,-64,-66,-58,-58,0,0,-81,-81,-78,-80,-76,-76,-72,-75,-70,-70,0,-87,-87,0,0,0,0,0,0,0,0,-80,-81,-54,-72
0,-73,-79,-78,-81,0,0,0,-80,-78,-82,-80,-74,-74,0,0,0,0,0,0,-73,-73,-64,-66,-58,-58,0,0,-81,-81,-78,-80,-76,-76,-72,-75,-70,-70,0,-87,-87,0,0,0,0,0,0,0,0,-80,-81,-54,-72
0,-73,-79,-78,-81,0,0,0,-80,-78,-82,-80,-74,-74,0,0,0,0,0,0,-73,-73,-64,-66,-58,-58,0,0,-81,-81,-78,-80,-76,-76,-72,-75,-70,-70,0,-87,-87,0,0,0,0,0,0,0,0,-80,-81,-54,-72
0,-73,-79,0,0,0,0,0,-80,-79,-82,-80,-74,-73,0,0,0,0,0,0,-72,-71,-66,-64,-58,-58,0,0,-81,0,-78,-80,-76,-76,-71,-75,-70,-71,0,-87,-87,-84,0,0,0,0,0,-87,-82,0,0,-54,-71
0,-73,-79,0,0,0,0,0,-80,-79,-82,-80,-74,-73,0,0,0,0,0,0,-72,-71,-66,-64,-58,-58,0,0,-81,0,-78,-80,-76,-76,-71,-75,-70,-71,0,-87,-87,-84,0,0,0,0,0,-87,-82,0,0,-54,-71
0,-73,-79,0,0,0,0,0,-80,-79,-82,-80,-74,-73,0,0,0,0,0,0,-72,-71,-66,-64,-58,-58,0,0,-81,0,-78,-80,-76,-76,-71,-75,-70,-71,0,-87,-87,-84,0,0,0,0,0,-87,-82,0,0,-54,-71
0,-73,-79,0,0,0,0,0,-80,-79,-82,-80,-74,-73,0,0,0,0,0,0,-72,-71,-66,-64,-58,-58,0,0,-81,0,-78,-80,-76,-76,-71,-75,-70,-71,0,-87,-87,-84,0,0,0,0,0,-87,-82,0,0,-54,-71
0,-73,-79,0,0,0,-83,-82,-79,-79,-82,-80,-74,-74,-83,-82,0,0,0,0,-73,-73,-66,-66,-58,-58,0,0,-81,-81,-78,-80,-74,-74,-72,-75,-70,-70,0,0,0,-85,0,0,0,0,0,-87,-82,-84,0,-54,-72
0,-73,-79,0,0,0,-83,-82,-79,-79,-82,-80,-74,-74,-83,-82,0,0,0,0,-73,-73,-66,-66,-58,-58,0,0,-81,-81,-78,-80,-74,-74,-72,-75,-70,-70,0,0,0,-85,0,0,0,0,0,-87,-82,-84,0,-54,-72
0,-73,-79,0,0,0,-83,-82,-79,-79,-82,-80,-74,-74,-83,-82,0,0,0,0,-73,-73,-66,-66,-58,-58,0,0,-81,-81,-78,-80,-74,-74,-72,-75,-70,-70,0,0,0,-85,0,0,0,0,0,-87,-82,-84,0,-54,-72
-79,-75,-77,-78,0,0,-83,-82,-80,-81,0,0,-75,-76,-83,-82,0,0,0,-76,-74,-74,-67,-63,-58,-57,0,0,-81,-81,-78,-80,-77,-77,-72,-80,-68,-69,0,0,0,-85,0,0,0,0,0,-87,-82,-84,0,-56,-72
-79,-75,-77,-78,0,0,-83,-82,-80,-81,0,0,-75,-76,-83,-82,0,0,0,-76,-74,-74,-67,-63,-58,-57,0,0,-81,-81,-78,-80,-77,-77,-72,-80,-68,-69,0,0,0,-85,0,0,0,0,0,-87,-82,-84,0,-56,-72
-79,-75,-77,-78,0,0,-83,-82,-80,-81,0,0,-75,-76,-83,-82,0,0,0,-76,-74,-74,-67,-63,-58,-57,0,0,-81,-81,-78,-80,-77,-77,-72,-80,-68,-69,0,0,0,-85,0,0,0,0,0,-87,-82,-84,0,-56,-72
-79,-75,-77,-78,0,0,-83,-82,-80,-81,0,0,-75,-76,-83,-82,0,0,0,-76,-74,-74,-67,-63,-58,-57,0,0,-81,-81,-78,-80,-77,-77,-72,-80,-68,-69,0,0,0,-85,0,0,0,0,0,-87,-82,-84,0,-56,-72
-79,-75,-78,-79,0,-83,-83,-82,-79,-80,0,0,-73,-73,-83,-82,0,0,0,-74,-71,-71,-67,-63,-58,-58,0,0,-81,-81,-77,-80,-72,-72,-72,-75,-69,-69,0,-87,-89,-85,0,0,0,0,0,0,0,-84,0,-55,-71
-79,-75,-78,-79,0,-83,-83,-82,-79,-80,0,0,-73,-73,-83,-82,0,0,0,-74,-71,-71,-67,-63,-58,-58,0,0,-81,-81,-77,-80,-72,-72,-72,-75,-69,-69,0,-87,-89,-85,0,0,0,0,0,0,0,-84,0,-55,-71
-77,-73,-78,-79,0,-82,-82,0,-80,-81,-78,-79,-74,-74,0,0,0,0,0,-74,-71,-70,-68,-66,-63,-62,0,0,-81,-81,-77,-79,-73,-73,-67,-72,-67,-68,0,-87,-89,0,0,0,0,0,0,0,0,-79,-78,-52,-71
-77,-73,-78,-79,0,-82,-82,0,-80,-81,-78,-79,-74,-74,0,0,0,0,0,-74,-71,-70,-68,-66,-63,-62,0,0,-81,-81,-77,-79,-73,-73,-67,-72,-67,-68,0,-87,-89,0,0,0,0,0,0,0,0,-79,-78,-52,-71
-77,-73,-78,-79,0,-82,-82,0,-80,-81,-78,-79,-74,-74,0,0,0,0,0,-74,-71,-70,-68,-66,-63,-62,0,0,-81,-81,-77,-79,-73,-73,-67,-72,-67,-68,0,-87,-89,0,0,0,0,0,0,0,0,-79,-78,-52,-71
-77,-73,-78,-79,0,-82,-82,0,-80,-81,-78,-79,-74,-74,0,0,0,0,0,-74,-71,-70,-68,-66,-63,-62,0,0,-81,-81,-77,-79,-73,-73,-67,-72,-67,-68,0,-87,-89,0,0,0,0,0,0,0,0,-79,-78,-52,-71
-77,-73,0,0,-73,-75,-81,0,-82,-81,-78,-79,-78,-78,0,0,0,0,0,0,-74,-74,-68,-66,-59,-58,-76,-84,-79,-80,0,-79,-69,-69,-69,-72,-63,-63,0,0,0,-83,0,0,0,0,0,0,0,-79,-78,-62,-58
-77,-73,0,0,-73,-75,-81,0,-82,-81,-78,-79,-78,-78,0,0,0,0,0,0,-74,-74,-68,-66,-59,-58,-76,-84,-79,-80,0,-79,-69,-69,-69,-72,-63,-63,0,0,0,-83,0,0,0,0,0,0,0,-79,-78,-62,-58
-77,-73,0,0,-73,-75,-81,0,-82,-81,-78,-79,-78,-78,0,0,0,0,0,0,-74,-74,-68,-66,-59,-58,-76,-84,-79,-80,0,-79,-69,-69,-69,-72,-63,-63,0,0,0,-83,0,0,0,0,0,0,0,-79,-78,-62,-58
-77,-73,0,0,-73,-75,-81,0,-82,-81,-78,-79,-78,-78,0,0,0,0,0,0,-74,-74,-68,-66,-59,-58,-76,-84,-79,-80,0,-79,-69,-69,-69,-72,-63,-63,0,0,0,-83,0,0,0,0,0,0,0,-79,-78,-62,-58
0,0,0,0,-76,-83,-78,0,-83,0,0,0,-73,-72,0,0,0,0,0,0,-80,-80,-69,-69,-65,-61,-76,-83,-81,-82,0,0,-66,-66,-69,0,-75,-75,0,0,0,-83,0,0,0,0,0,0,-85,-80,-80,-59,-66
0,0,0,0,-76,-83,-78,0,-83,0,0,0,-73,-72,0,0,0,0,0,0,-80,-80,-69,-69,-65,-61,-76,-83,-81,-82,0,0,-66,-66,-69,0,-75,-75,0,0,0,-83,0,0,0,0,0,0,-85,-80,-80,-59,-66
0,0,0,0,-76,-83,-78,0,-83,0,0,0,-73,-72,0,0,0,0,0,0,-80,-80,-69,-69,-65,-61,-76,-83,-81,-82,0,0,-66,-66,-69,0,-75,-75,0,0,0,-83,0,0,0,0,0,0,-85,-80,-80,-59,-66
0,0,0,0,-76,-84,-86,0,-83,-85,-83,-82,-75,-75,0,0,0,0,0,0,-76,-77,-69,-69,-68,-66,-76,-83,-81,-82,-82,0,-69,-68,-79,-76,-71,-71,0,-87,0,-81,-81,0,0,0,0,0,-85,-80,-80,-54,-73
0,0,0,0,-76,-84,-86,0,-83,-85,-83,-82,-75,-75,0,0,0,0,0,0,-76,-77,-69,-69,-68,-66,-76,-83,-81,-82,-82,0,-69,-68,-79,-76,-71,-71,0,-87,0,-81,-81,0,0,0,0,0,-85,-80,-80,-54,-73
0,0,0,0,-76,-84,-86,0,-83,-85,-83,-82,-75,-75,0,0,0,0,0,0,-76,-77,-69,-69,-68,-66,-76,-83,-81,-82,-82,0,-69,-68,-79,-76,-71,-71,0,-87,0,-81,-81,0,0,0,0,0,-85,-80,-80,-54,-73
0,0,0,0,-76,-84,-86,0,-83,-85,-83,-82,-75,-75,0,0,0,0,0,0,-76,-77,-69,-69,-68,-66,-76,-83,-81,-82,-82,0,-69,-68,-79,-76,-71,-71,0,-87,0,-81,-81,0,0,0,0,0,-85,-80,-80,-54,-73
0,0,0,0,-77,-83,-83,0,-83,-85,-83,-82,-77,-78,0,0,0,0,0,0,-72,-73,-69,-72,-66,-66,-81,-85,-81,-82,-82,0,-69,-68,-79,-76,-70,-70,0,-87,-89,-81,-81,0,0,0,0,0,-85,-80,-80,-60,-75
0,0,0,0,-77,-83,-83,0,-83,-85,-83,-82,-77,-78,0,0,0,0,0,0,-72,-73,-69,-72,-66,-66,-81,-85,-81,-82,-82,0,-69,-68,-79,-76,-70,-70,0,-87,-89,-81,-81,0,0,0,0,0,-85,-80,-80,-60,-75
0,0,0,0,-77,-83,-83,0,-83,-85,-83,-82,-77,-78,0,0,0,0,0,0,-72,-73,-69,-72,-66,-66,-81,-85,-81,-82,-82,0,-69,-68,-79,-76,-70,-70,0,-87,-89,-81,-81,0,0,0,0,0,-85,-80,-80,-60,-75
0,0,0,0,-77,-83,-84,0,-85,-85,-83,-82,-78,-77,0,0,0,0,0,0,-78,-78,-66,-66,-66,-63,-81,-85,0,0,-76,-76,-71,-72,-83,-81,-73,-73,0,-87,-89,-81,-81,0,0,0,0,-83,0,-79,-79,-63,-70
0,0,0,0,-77,-83,-84,0,-85,-85,-83,-82,-78,-77,0,0,0,0,0,0,-78,-78,-66,-66,-66,-63,-81,-85,0,0,-76,-76,-71,-72,-83,-81,-73,-73,0,-87,-89,-81,-81,0,0,0,0,-83,0,-79,-79,-63,-70
0,0,0,0,-77,-83,-84,0,-85,-85,-83,-82,-78,-77,0,0,0,0,0,0,-78,-78,-66,-66,-66,-63,-81,-85,0,0,-76,-76,-71,-72,-83,-81,-73,-73,0,-87,-89,-81,-81,0,0,0,0,-83,0,-79,-79,-63,-70
0,0,0,0,-77,-83,-84,0,-85,-85,-83,-82,-78,-77,0,0,0,0,0,0,-78,-78,-66,-66,-66,-63,-81,-85,0,0,-76,-76,-71,-72,-83,-81,-73,-73,0,-87,-89,-81,-81,0,0,0,0,-83,0,-79,-79,-63,-70
0,0,0,0,-77,-83,-84,0,-80,-82,-77,0,-78,-79,0,0,0,0,0,0,-76,-76,-67,-66,-63,-62,-81,-85,0,0,-76,-76,-69,-69,-76,-73,-68,-68,0,0,-89,0,0,0,0,0,0,-83,0,-79,-79,-50,-64
0,0,0,0,-77,-83,-84,0,-80,-82,-77,0,-78,-79,0,0,0,0,0,0,-76,-76,-67,-66,-63,-62,-81,-85,0,0,-76,-76,-69,-69,-76,-73,-68,-68,0,0,-89,0,0,0,0,0,0,-83,0,-79,-79,-50,-64
0,0,0,0,-77,-83,-84,0,-80,-82,-77,0,-78,-79,0,0,0,0,0,0,-76,-76,-67,-66,-63,-62,-81,-85,0,0,-76,-76,-69,-69,-76,-73,-68,-68,0,0,-89,0,0,0,0,0,0,-83,0,-79,-79,-50,-64
0,0,-79,0,-74,-83,-84,0,-82,-83,-77,0,-78,-77,-83,0,0,0,0,0,-79,-78,-67,-66,-62,-60,0,0,-83,-82,-76,-76,-74,-74,-76,-73,-77,-76,0,0,0,-84,-83,0,0,0,0,-83,-79,-79,-78,-55,-70
0,0,-79,0,-74,-83,-84,0,-82,-83,-77,0,-78,-77,-83,0,0,0,0,0,-79,-78,-67,-66,-62,-60,0,0,-83,-82,-76,-76,-74,-74,-76,-73,-77,-76,0,0,0,-84,-83,0,0,0,0,-83,-79,-79,-78,-55,-70
0,0,-79,0,-74,-83,-84,0,-82,-83,-77,0,-78,-77,-83,0,0,0,0,0,-79,-78,-67,-66,-62,-60,0,0,-83,-82,-76,-76,-74,-74,-76,-73,-77,-76,0,0,0,-84,-83,0,0,0,0,-83,-79,-79,-78,-55,-70
0,0,-79,0,-74,-83,-84,0,-82,-83,-77,0,-78,-77,-83,0,0,0,0,0,-79,-78,-67,-66,-62,-60,0,0,-83,-82,-76,-76,-74,-74,-76,-73,-77,-76,0,0,0,-84,-83,0,0,0,0,-83,-79,-79,-78,-55,-70
0,-81,-79,0,-74,-84,0,0,-79,-80,-77,0,-80,-77,-83,-78,0,0,-80,-76,-78,-79,-67,-67,-62,-63,-81,-84,-81,-80,0,-82,-73,-73,-76,-73,-71,-71,0,0,0,-82,-82,0,0,0,0,-78,-79,-80,-81,-49,-65
0,-81,-79,0,-74,-84,0,0,-79,-80,-77,0,-80,-77,-83,-78,0,0,-80,-76,-78,-79,-67,-67,-62,-63,-81,-84,-81,-80,0,-82,-73,-73,-76,-73,-71,-71,0,0,0,-82,-82,0,0,0,0,-78,-79,-80,-81,-49,-65
0,-81,-79,0,-74,-84,0,0,-79,-80,-77,0,-80,-77,-83,-78,0,0,-80,-76,-78,-79,-67,-67,-62,-63,-81,-84,-81,-80,0,-82,-73,-73,-76,-73,-71,-71,0,0,0,-82,-82,0,0,0,0,-78,-79,-80,-81,-49,-65
-83,-81,-79,0,-74,-85,-84,0,-80,-81,0,0,-79,-79,-83,-78,0,0,-80,-76,-82,-81,-66,-67,-62,-61,-81,-84,-81,-80,-79,-82,-69,-69,0,-77,-71,-72,0,0,0,-82,-82,0,0,0,0,-78,-79,-80,-79,-48,-67
-83,-81,-79,0,-74,-85,-84,0,-80,-81,0,0,-79,-79,-83,-78,0,0,-80,-76,-82,-81,-66,-67,-62,-61,-81,-84,-81,-80,-79,-82,-69,-69,0,-77,-71,-72,0,0,0,-82,-82,0,0,0,0,-78,-79,-80,-79,-48,-67
-83,-81,-79,0,-74,-85,-84,0,-80,-81,0,0,-79,-79,-83,-78,0,0,-80,-76,-82,-81,-66,-67,-62,-61,-81,-84,-81,-80,-79,-82,-69,-69,0,-77,-71,-72,0,0,0,-82,-82,0,0,0,0,-78,-79,-80,-79,-48,-67
-83,-81,-79,0,-74,-85,-84,0,-80,-81,0,0,-79,-79,-83,-78,0,0,-80,-76,-82,-81,-66,-67,-62,-61,-81,-84,-81,-80,-79,-82,-69,-69,0,-77,-71,-72,0,0,0,-82,-82,0,0,0,0,-78,-79,-80,-79,-48,-67
-83,-81,0,0,0,-85,-83,0,-82,-81,-78,-77,-77,-77,-83,-78,0,0,-80,-76,-79,-79,-66,-68,-66,-66,-81,-84,-81,-80,-79,-82,-71,-71,0,-77,-72,-72,0,0,0,-80,-82,0,0,0,0,-79,0,-78,-77,-49,-66
-83,-81,0,0,0,-85,-83,0,-82,-81,-78,-77,-77,-77,-83,-78,0,0,-80,-76,-79,-79,-66,-68,-66,-66,-81,-84,-81,-80,-79,-82,-71,-71,0,-77,-72,-72,0,0,0,-80,-82,0,0,0,0,-79,0,-78,-77,-49,-66
-83,-81,0,0,0,-85,-83,0,-82,-81,-78,-77,-77,-77,-83,-78,0,0,-80,-76,-79,-79,-66,-68,-66,-66,-81,-84,-81,-80,-79,-82,-71,-71,0,-77,-72,-72,0,0,0,-80,-82,0,0,0,0,-79,0,-78,-77,-49,-66
-83,-81,0,0,0,-85,-83,0,-82,-81,-78,-77,-77,-77,-83,-78,0,0,-80,-76,-79,-79,-66,-68,-66,-66,-81,-84,-81,-80,-79,-82,-71,-71,0,-77,-72,-72,0,0,0,-80,-82,0,0,0,0,-79,0,-78,-77,-49,-66
-83,-81,0,0,0,-85,-83,0,-84,-83,-78,-77,-77,-80,0,0,0,0,0,0,-78,-79,-68,-68,-63,-63,0,0,0,0,-79,0,-68,-68,-79,-77,-72,-73,0,-89,-88,-81,-82,0,0,0,0,-79,-76,-77,-76,-51,-66
-83,-81,0,0,0,-85,-83,0,-84,-83,-78,-77,-77,-80,0,0,0,0,0,0,-78,-79,-68,-68,-63,-63,0,0,0,0,-79,0,-68,-68,-79,-77,-72,-73,0,-89,-88,-81,-82,0,0,0,0,-79,-76,-77,-76,-51,-66
-83,-81,0,0,0,-85,-83,0,-84,-83,-78,-77,-77,-80,0,0,0,0,0,0,-78,-79,-68,-68,-63,-63,0,0,0,0,-79,0,-68,-68,-79,-77,-72,-73,0,-89,-88,-81,-82,0,0,0,0,-79,-76,-77,-76,-51,-66
0,0,0,0,0,-82,-84,0,-82,-81,-78,-77,-76,-77,-84,-84,0,0,0,0,-79,-79,-68,-68,-67,-65,-82,-85,0,0,0,0,-73,-74,-79,-76,-68,-68,0,-89,-88,-80,-79,0,0,0,0,-79,-76,-76,-76,-50,-66
0,0,0,0,0,-82,-84,0,-82,-81,-78,-77,-76,-77,-84,-84,0,0,0,0,-79,-79,-68,-68,-67,-65,-82,-85,0,0,0,0,-73,-74,-79,-76,-68,-68,0,-89,-88,-80,-79,0,0,0,0,-79,-76,-76,-76,-50,-66
0,0,0,0,0,-82,-84,0,-82,-81,-78,-77,-76,-77,-84,-84,0,0,0,0,-79,-79,-68,-68,-67,-65,-82,-85,0,0,0,0,-73,-74,-79,-76,-68,-68,0,-89,-88,-80,-79,0,0,0,0,-79,-76,-76,-76,-50,-66
0,0,0,0,0,-82,-84,0,-82,-81,-78,-77,-76,-77,-84,-84,0,0,0,0,-79,-79,-68,-68,-67,-65,-82,-85,0,0,0,0,-73,-74,-79,-76,-68,-68,0,-89,-88,-80,-79,0,0,0,0,-79,-76,-76,-76,-50,-66
0,0,-77,-78,0,-82,-83,0,-65,-82,0,0,-77,-77,-85,-82,0,0,0,0,-75,-76,-68,-66,-63,-61,-82,-85,0,0,-79,0,-71,-73,-79,-76,-71,-71,0,-89,-88,-80,-81,0,0,0,0,0,-76,-77,-77,-51,-67
0,0,-77,-78,0,-82,-83,0,-65,-82,0,0,-77,-77,-85,-82,0,0,0,0,-75,-76,-68,-66,-63,-61,-82,-85,0,0,-79,0,-71,-73,-79,-76,-71,-71,0,-89,-88,-80,-81,0,0,0,0,0,-76,-77,-77,-51,-67
0,0,-77,-78,0,-82,-83,0,-65,-82,0,0,-77,-77,-85,-82,0,0,0,0,-75,-76,-68,-66,-63,-61,-82,-85,0,0,-79,0,-71,-73,-79,-76,-71,-71,0,-89,-88,-80,-81,0,0,0,0,0,-76,-77,-77,-51,-67
0,0,-79,-79,0,-82,-83,0,-82,-82,0,0,-79,-79,-85,-82,0,0,0,0,-75,-76,0,-68,-63,-62,-82,-85,0,0,-80,-81,-67,-67,-79,-76,-71,-71,-88,0,0,-81,-80,0,0,0,0,0,0,-78,-77,-51,-68
0,0,-79,-79,0,-82,-83,0,-82,-82,0,0,-79,-79,-85,-82,0,0,0,0,-75,-76,0,-68,-63,-62,-82,-85,0,0,-80,-81,-67,-67,-79,-76,-71,-71,-88,0,0,-81,-80,0,0,0,0,0,0,-78,-77,-51,-68
0,0,-79,-79,0,-82,-83,0,-82,-82,0,0,-79,-79,-85,-82,0,0,0,0,-75,-76,0,-68,-63,-62,-82,-85,0,0,-80,-81,-67,-67,-79,-76,-71,-71,-88,0,0,-81,-80,0,0,0,0,0,0,-78,-77,-51,-68
0,0,-79,-79,0,-82,-83,0,-82,-82,0,0,-79,-79,-85,-82,0,0,0,0,-75,-76,0,-68,-63,-62,-82,-85,0,0,-80,-81,-67,-67,-79,-76,-71,-71,-88,0,0,-81,-80,0,0,0,0,0,0,-78,-77,-51,-68
0,0,-79,-79,0,-82,-83,0,-82,-83,0,0,-75,-75,-85,-82,0,0,0,0,-77,-77,-69,-68,-63,-64,0,0,0,0,-80,-81,-71,-72,-79,-76,-70,-71,-88,-90,-89,-81,-81,0,0,0,0,0,0,-77,-78,-51,-68
0,0,-79,-79,0,-82,-83,0,-82,-83,0,0,-75,-75,-85,-82,0,0,0,0,-77,-77,-69,-68,-63,-64,0,0,0,0,-80,-81,-71,-72,-79,-76,-70,-71,-88,-90,-89,-81,-81,0,0,0,0,0,0,-77,-78,-51,-68
0,0,-79,-79,0,-82,-83,0,-82,-83,0,0,-75,-75,-85,-82,0,0,0,0,-77,-77,-69,-68,-63,-64,0,0,0,0,-80,-81,-71,-72,-79,-76,-70,-71,-88,-90,-89,-81,-81,0,0,0,0,0,0,-77,-78,-51,-68
0,0,-79,-79,0,-81,-82,0,-83,-83,0,0,-78,-78,-84,-81,0,0,0,0,-75,-75,-69,-68,-63,-62,-84,-90,0,0,-80,-74,-71,-72,-79,-76,-72,-73,-88,-90,-89,-80,-81,0,0,0,0,0,0,-79,-80,-52,-68
0,0,-79,-79,0,-81,-82,0,-83,-83,0,0,-78,-78,-84,-81,0,0,0,0,-75,-75,-69,-68,-63,-62,-84,-90,0,0,-80,-74,-71,-72,-79,-76,-72,-73,-88,-90,-89,-80,-81,0,0,0,0,0,0,-79,-80,-52,-68
0,0,-79,-79,0,-81,-82,0,-83,-83,0,0,-78,-78,-84,-81,0,0,0,0,-75,-75,-69,-68,-63,-62,-84,-90,0,0,-80,-74,-71,-72,-79,-76,-72,-73,-88,-90,-89,-80,-81,0,0,0,0,0,0,-79,-80,-52,-68
0,0,-78,-79,-77,-83,-83,0,-83,0,0,0,-69,-68,-86,-82,0,0,0,-83,-75,-75,-73,-73,-59,-56,-84,-90,-82,-84,-81,-75,-72,-72,-84,-83,-69,-70,0,0,0,-81,-82,0,0,0,0,0,0,-77,-77,-55,-69
0,0,-78,-79,-77,-83,-83,0,-83,0,0,0,-69,-68,-86,-82,0,0,0,-83,-75,-75,-73,-73,-59,-56,-84,-90,-82,-84,-81,-75,-72,-72,-84,-83,-69,-70,0,0,0,-81,-82,0,0,0,0,0,0,-77,-77,-55,-69
0,0,-78,-79,-77,-83,-83,0,-83,0,0,0,-69,-68,-86,-82,0,0,0,-83,-75,-75,-73,-73,-59,-56,-84,-90,-82,-84,-81,-75,-72,-72,-84,-83,-69,-70,0,0,0,-81,-82,0,0,0,0,0,0,-77,-77,-55,-69
0,0,-78,-79,-77,-83,-83,0,-83,0,0,0,-69,-68,-86,-82,0,0,0,-83,-75,-75,-73,-73,-59,-56,-84,-90,-82,-84,-81,-75,-72,-72,-84,-83,-69,-70,0,0,0,-81,-82,0,0,0,0,0,0,-77,-77,-55,-69
0,0,-78,-79,-77,-79,-79,0,-83,-83,0,0,-68,-68,-86,-82,0,0,0,-83,-74,-74,-73,-66,-57,-56,0,0,-78,-79,-81,-75,-70,-70,-71,-83,-68,-69,0,-89,-89,-81,-82,0,0,0,0,0,0,-81,-82,-54,-64
0,0,-78,-79,-77,-79,-79,0,-83,-83,0,0,-68,-68,-86,-82,0,0,0,-83,-74,-74,-73,-66,-57,-56,0,0,-78,-79,-81,-75,-70,-70,-71,-83,-68,-69,0,-89,-89,-81,-82,0,0,0,0,0,0,-81,-82,-54,-64
0,0,-78,-79,-77,-79,-79,0,-83,-83,0,0,-68,-68,-86,-82,0,0,0,-83,-74,-74,-73,-66,-57,-56,0,0,-78,-79,-81,-75,-70,-70,-71,-83,-68,-69,0,-89,-89,-81,-82,0,0,0,0,0,0,-81,-82,-54,-64
0,0,-78,-79,-77,-79,-79,0,-83,-83,0,0,-68,-68,-86,-82,0,0,0,-83,-74,-74,-73,-66,-57,-56,0,0,-78,-79,-81,-75,-70,-70,-71,-83,-68,-69,0,-89,-89,-81,-82,0,0,0,0,0,0,-81,-82,-54,-64
0,0,-78,-79,-77,-79,-85,0,-84,-82,0,0,-70,-70,0,0,0,0,0,0,-73,-72,-67,-66,-62,-56,0,0,-77,-77,-74,-72,-69,-69,-69,-74,-65,-65,0,-89,-89,-81,-82,0,0,0,0,0,0,-78,-80,-53,-68
0,0,-78,-79,-77,-79,-85,0,-84,-82,0,0,-70,-70,0,0,0,0,0,0,-73,-72,-67,-66,-62,-56,0,0,-77,-77,-74,-72,-69,-69,-69,-74,-65,-65,0,-89,-89,-81,-82,0,0,0,0,0,0,-78,-80,-53,-68
0,0,-78,-79,-77,-79,-85,0,-84,-82,0,0,-70,-70,0,0,0,0,0,0,-73,-72,-67,-66,-62,-56,0,0,-77,-77,-74,-72,-69,-69,-69,-74,-65,-65,0,-89,-89,-81,-82,0,0,0,0,0,0,-78,-80,-53,-68
0,0,-77,-78,0,-79,-83,0,-83,-84,0,0,-67,-67,0,0,0,0,0,0,-76,-76,-67,-66,-61,-60,0,0,-77,-77,-74,-77,-71,-71,-69,-74,-62,-62,0,-89,-89,-84,0,0,0,0,0,0,0,-80,-80,-53,-69
0,0,-77,-78,0,-79,-83,0,-83,-84,0,0,-67,-67,0,0,0,0,0,0,-76,-76,-67,-66,-61,-60,0,0,-77,-77,-74,-77,-71,-71,-69,-74,-62,-62,0,-89,-89,-84,0,0,0,0,0,0,0,-80,-80,-53,-69
0,0,-77,-78,0,-79,-83,0,-83,-84,0,0,-67,-67,0,0,0,0,0,0,-76,-76,-67,-66,-61,-60,0,0,-77,-77,-74,-77,-71,-71,-69,-74,-62,-62,0,-89,-89,-84,0,0,0,0,0,0,0,-80,-80,-53,-69
0,0,-77,-78,0,-79,-83,0,-83,-84,0,0,-67,-67,0,0,0,0,0,0,-76,-76,-67,-66,-61,-60,0,0,-77,-77,-74,-77,-71,-71,-69,-74,-62,-62,0,-89,-89,-84,0,0,0,0,0,0,0,-80,-80,-53,-69
0,0,-77,-78,0,-84,-83,0,-84,-84,0,0,-69,-70,0,0,0,0,0,0,-73,-73,-68,-66,-67,-62,0,0,-77,-77,-74,-79,-67,-67,-71,-61,-64,-64,0,0,0,-84,0,0,0,0,0,0,-76,-80,-80,-51,-73
0,0,-77,-78,0,-84,-83,0,-84,-84,0,0,-69,-70,0,0,0,0,0,0,-73,-73,-68,-66,-67,-62,0,0,-77,-77,-74,-79,-67,-67,-71,-61,-64,-64,0,0,0,-84,0,0,0,0,0,0,-76,-80,-80,-51,-73
0,0,-77,-78,0,-84,-83,0,-84,-84,0,0,-69,-70,0,0,0,0,0,0,-73,-73,-68,-66,-67,-62,0,0,-77,-77,-74,-79,-67,-67,-71,-61,-64,-64,0,0,0,-84,0,0,0,0,0,0,-76,-80,-80,-51,-73
0,0,-77,-78,0,-84,-83,0,-84,-84,0,-69,-74,-74,0,0,0,0,0,0,-73,-73,-66,-65,-60,-59,0,0,-81,-81,-74,-78,-69,-69,-72,-61,-59,-59,0,0,0,-84,0,0,0,0,0,0,-76,-77,-77,-52,-71
0,0,-77,-78,0,-84,-83,0,-84,-84,0,-69,-74,-74,0,0,0,0,0,0,-73,-73,-66,-65,-60,-59,0,0,-81,-81,-74,-78,-69,-69,-72,-61,-59,-59,0,0,0,-84,0,0,0,0,0,0,-76,-77,-77,-52,-71
0,0,-77,-78,0,-84,-83,0,-84,-84,0,-69,-74,-74,0,0,0,0,0,0,-73,-73,-66,-65,-60,-59,0,0,-81,-81,-74,-78,-69,-69,-72,-61,-59,-59,0,0,0,-84,0,0,0,0,0,0,-76,-77,-77,-52,-71
0,0,-77,-78,0,-84,-83,0,-84,-84,0,-69,-74,-74,0,0,0,0,0,0,-73,-73,-66,-65,-60,-59,0,0,-81,-81,-74,-78,-69,-69,-72,-61,-59,-59,0,0,0,-84,0,0,0,0,0,0,-76,-77,-77,-52,-71
0,0,-76,-77,0,-84,-82,0,-84,-84,0,-69,-79,-77,0,0,0,0,0,0,-74,-74,-66,-70,-70,-59,0,0,-81,-81,-74,-76,-72,-72,-72,-69,-58,-59,0,-86,0,-84,0,0,0,0,0,0,-76,-77,-77,-48,-70
0,0,-76,-77,0,-84,-82,0,-84,-84,0,-69,-79,-77,0,0,0,0,0,0,-74,-74,-66,-70,-70,-59,0,0,-81,-81,-74,-76,-72,-72,-72,-69,-58,-59,0,-86,0,-84,0,0,0,0,0,0,-76,-77,-77,-48,-70
0,0,-76,-77,0,-84,-82,0,-84,-84,0,-69,-79,-77,0,0,0,0,0,0,-74,-74,-66,-70,-70,-59,0,0,-81,-81,-74,-76,-72,-72,-72,-69,-58,-59,0,-86,0,-84,0,0,0,0,0,0,-76,-77,-77,-48,-70
0,-75,-78,-78,0,0,-82,0,0,-85,0,-69,-71,-71,0,0,0,0,0,0,-72,-72,-67,-66,-66,-64,0,0,-81,-81,-72,-76,-71,-71,-71,-66,-60,-60,0,-86,-81,-84,-83,0,0,0,0,-85,0,-75,-75,-48,-68
0,-75,-78,-78,0,0,-82,0,0,-85,0,-69,-71,-71,0,0,0,0,0,0,-72,-72,-67,-66,-66,-64,0,0,-81,-81,-72,-76,-71,-71,-71,-66,-60,-60,0,-86,-81,-84,-83,0,0,0,0,-85,0,-75,-75,-48,-68
0,-75,-78,-78,0,0,-82,0,0,-85,0,-69,-71,-71,0,0,0,0,0,0,-72,-72,-67,-66,-66,-64,0,0,-81,-81,-72,-76,-71,-71,-71,-66,-60,-60,0,-86,-81,-84,-83,0,0,0,0,-85,0,-75,-75,-48,-68
0,-75,-78,-78,0,0,-82,0,0,-85,0,-69,-71,-71,0,0,0,0,0,0,-72,-72,-67,-66,-66,-64,0,0,-81,-81,-72,-76,-71,-71,-71,-66,-60,-60,0,-86,-81,-84,-83,0,0,0,0,-85,0,-75,-75,-48,-68
0,-75,-77,-78,0,-83,-83,0,-83,-82,0,0,-76,-75,0,0,0,0,0,0,-72,-72,-67,-66,-62,-61,0,0,-81,-81,-72,-76,-68,-68,-71,-68,-59,-59,0,-86,-81,-84,-83,0,0,0,0,-85,0,-75,-75,-51,-67
0,-75,-77,-78,0,-83,-83,0,-83,-82,0,0,-76,-75,0,0,0,0,0,0,-72,-72,-67,-66,-62,-61,0,0,-81,-81,-72,-76,-68,-68,-71,-68,-59,-59,0,-86,-81,-84,-83,0,0,0,0,-85,0,-75,-75,-51,-67
0,-75,-77,-78,0,-83,-83,0,-83,-82,0,0,-76,-75,0,0,0,0,0,0,-72,-72,-67,-66,-62,-61,0,0,-81,-81,-72,-76,-68,-68,-71,-68,-59,-59,0,-86,-81,-84,-83,0,0,0,0,-85,0,-75,-75,-51,-67
0,-75,-77,-78,0,-83,-83,0,-83,-82,0,0,-76,-75,0,0,0,0,0,0,-72,-72,-67,-66,-62,-61,0,0,-81,-81,-72,-76,-68,-68,-71,-68,-59,-59,0,-86,-81,-84,-83,0,0,0,0,-85,0,-75,-75,-51,-67
0,-76,-75,-75,0,-83,-83,0,-84,-84,-69,-69,-76,-76,0,0,0,0,-76,-74,-72,-71,-67,-66,-66,-60,-83,0,0,0,-74,-80,-68,-68,-72,-74,-62,-63,0,-86,-85,-84,-83,0,0,0,0,-85,0,-75,-76,-50,-70
0,-76,-75,-75,0,-83,-83,0,-84,-84,-69,-69,-76,-76,0,0,0,0,-76,-74,-72,-71,-67,-66,-66,-60,-83,0,0,0,-74,-80,-68,-68,-72,-74,-62,-63,0,-86,-85,-84,-83,0,0,0,0,-85,0,-75,-76,-50,-70
0,-76,-75,-75,0,-83,-83,0,-84,-84,-69,-69,-76,-76,0,0,0,0,-76,-74,-72,-71,-67,-66,-66,-60,-83,0,0,0,-74,-80,-68,-68,-72,-74,-62,-63,0,-86,-85,-84,-83,0,0,0,0,-85,0,-75,-76,-50,-70
0,-76,-75,-75,0,-83,-83,0,-83,-83,-69,-69,-72,-72,0,0,0,0,-76,-74,-70,-70,0,-60,-65,-58,-83,0,0,0,-73,-79,-68,-68,-72,-75,-59,-59,0,-84,-85,0,0,0,0,0,0,0,0,-76,-77,-51,-68
0,-76,-75,-75,0,-83,-83,0,-83,-83,-69,-69,-72,-72,0,0,0,0,-76,-74,-70,-70,0,-60,-65,-58,-83,0,0,0,-73,-79,-68,-68,-72,-75,-59,-59,0,-84,-85,0,0,0,0,0,0,0,0,-76,-77,-51,-68
0,-76,-75,-75,0,-83,-83,0,-83,-83,-69,-69,-72,-72,0,0,0,0,-76,-74,-70,-70,0,-60,-65,-58,-83,0,0,0,-73,-79,-68,-68,-72,-75,-59,-59,0,-84,-85,0,0,0,0,0,0,0,0,-76,-77,-51,-68
0,-76,-75,-75,0,-83,-83,0,-83,-83,-69,-69,-72,-72,0,0,0,0,-76,-74,-70,-70,0,-60,-65,-58,-83,0,0,0,-73,-79,-68,-68,-72,-75,-59,-59,0,-84,-85,0,0,0,0,0,0,0,0,-76,-77,-51,-68
0,-76,-77,-77,0,-79,-79,0,-83,-84,-69,-67,-67,-66,-83,-83,0,0,-76,-74,-71,-71,0,-60,-62,-57,-83,0,-75,-75,-73,-79,-71,-71,-72,-71,-64,-64,0,-84,-85,0,0,0,0,0,0,0,0,-79,-80,-51,-66
0,-76,-77,-77,0,-79,-79,0,-83,-84,-69,-67,-67,-66,-83,-83,0,0,-76,-74,-71,-71,0,-60,-62,-57,-83,0,-75,-75,-73,-79,-71,-71,-72,-71,-64,-64,0,-84,-85,0,0,0,0,0,0,0,0,-79,-80,-51,-66
0,-76,-77,-77,0,-79,-79,0,-83,-84,-69,-67,-67,-66,-83,-83,0,0,-76,-74,-71,-71,0,-60,-62,-57,-83,0,-75,-75,-73,-79,-71,-71,-72,-71,-64,-64,0,-84,-85,0,0,0,0,0,0,0,0,-79,-80,-51,-66
0,0,-77,-76,-74,-81,-81,0,-84,-83,-69,-67,-80,-79,-83,-83,0,0,0,0,-76,-76,-65,-63,-62,-61,0,0,-75,-75,-73,-79,-69,-69,-71,-68,-63,-63,0,-84,-85,-85,-85,0,0,0,0,-81,-77,-79,-78,-48,-71
0,0,-77,-76,-74,-81,-81,0,-84,-83,-69,-67,-80,-79,-83,-83,0,0,0,0,-76,-76,-65,-63,-62,-61,0,0,-75,-75,-73,-79,-69,-69,-71,-68,-63,-63,0,-84,-85,-85,-85,0,0,0,0,-81,-77,-79,-78,-48,-71
0,0,-77,-76,-74,-81,-81,0,-84,-83,-69,-67,-80,-79,-83,-83,0,0,0,0,-76,-76,-65,-63,-62,-61,0,0,-75,-75,-73,-79,-69,-69,-71,-68,-63,-63,0,-84,-85,-85,-85,0,0,0,0,-81,-77,-79,-78,-48,-71
0,0,-77,-76,-74,-81,-81,0,-84,-83,-69,-67,-80,-79,-83,-83,0,0,0,0,-76,-76,-65,-63,-62,-61,0,0,-75,-75,-73,-79,-69,-69,-71,-68,-63,-63,0,-84,-85,-85,-85,0,0,0,0,-81,-77,-79,-78,-48,-71
0,0,-77,-76,-74,-83,-83,0,-82,-82,-69,-67,-74,-74,-86,-85,0,0,-80,-76,-72,-73,-65,-63,-60,-60,0,0,-81,-81,-74,0,-66,-66,-76,-83,-64,-64,0,0,0,-85,-86,0,0,0,0,-81,-77,-76,-76,-52,-73
0,0,-77,-76,-74,-83,-83,0,-82,-82,-69,-67,-74,-74,-86,-85,0,0,-80,-76,-72,-73,-65,-63,-60,-60,0,0,-81,-81,-74,0,-66,-66,-76,-83,-64,-64,0,0,0,-85,-86,0,0,0,0,-81,-77,-76,-76,-52,-73
0,0,-77,-76,-74,-83,-83,0,-82,-82,-69,-67,-74,-74,-86,-85,0,0,-80,-76,-72,-73,-65,-63,-60,-60,0,0,-81,-81,-74,0,-66,-66,-76,-83,-64,-64,0,0,0,-85,-86,0,0,0,0,-81,-77,-76,-76,-52,-73
0,-78,-77,-76,-74,-82,-81,0,-84,-82,0,0,-73,-74,-86,-85,0,0,-79,-75,-73,-74,-67,-66,-60,-60,0,0,-80,-81,-74,0,-69,-69,-76,-83,-64,-64,0,0,0,-85,-84,0,0,0,0,-81,-79,-76,-76,-51,-69
0,-78,-77,-76,-74,-82,-81,0,-84,-82,0,0,-73,-74,-86,-85,0,0,-79,-75,-73,-74,-67,-66,-60,-60,0,0,-80,-81,-74,0,-69,-69,-76,-83,-64,-64,0,0,0,-85,-84,0,0,0,0,-81,-79,-76,-76,-51,-69
0,-78,-77,-76,-74,-82,-81,0,-84,-82,0,0,-73,-74,-86,-85,0,0,-79,-75,-73,-74,-67,-66,-60,-60,0,0,-80,-81,-74,0,-69,-69,-76,-83,-64,-64,0,0,0,-85,-84,0,0,0,0,-81,-79,-76,-76,-51,-69
0,-78,-77,-76,-74,-82,-81,0,-84,-82,0,0,-73,-74,-86,-85,0,0,-79,-75,-73,-74,-67,-66,-60,-60,0,0,-80,-81,-74,0,-69,-69,-76,-83,-64,-64,0,0,0,-85,-84,0,0,0,0,-81,-79,-76,-76,-51,-69
0,-78,0,0,0,-82,-80,0,-84,-83,-70,-68,-74,-74,-86,-85,0,0,-79,-75,-74,-74,-67,-66,-61,-60,0,0,-81,-81,-74,0,-66,-66,-74,-77,-64,-64,0,0,0,-86,-83,0,0,0,0,0,-79,-76,-76,-51,-68
0,-78,0,0,0,-82,-80,0,-84,-83,-70,-68,-74,-74,-86,-85,0,0,-79,-75,-74,-74,-67,-66,-61,-60,0,0,-81,-81,-74,0,-66,-66,-74,-77,-64,-64,0,0,0,-86,-83,0,0,0,0,0,-79,-76,-76,-51,-68
0,-78,0,0,0,-82,-80,0,-84,-83,-70,-68,-74,-74,-86,-85,0,0,-79,-75,-74,-74,-67,-66,-61,-60,0,0,-81,-81,-74,0,-66,-66,-74,-77,-64,-64,0,0,0,-86,-83,0,0,0,0,0,-79,-76,-76,-51,-68
0,-78,0,0,-77,-82,-80,-81,-84,-83,-70,-68,-73,-73,0,0,0,0,-79,-75,-72,-72,-67,-66,-60,-60,0,0,-81,-81,-74,-83,-66,-66,-75,-77,-64,-64,0,0,0,-84,-83,0,0,0,0,-81,-78,-77,-78,-51,-70
0,-78,0,0,-77,-82,-80,-81,-84,-83,-70,-68,-73,-73,0,0,0,0,-79,-75,-72,-72,-67,-66,-60,-60,0,0,-81,-81,-74,-83,-66,-66,-75,-77,-64,-64,0,0,0,-84,-83,0,0,0,0,-81,-78,-77,-78,-51,-70
0,-80,0,0,-77,-85,0,-81,-83,-83,-69,-69,-77,-77,0,0,0,0,0,0,-72,-72,-67,-67,-57,-55,0,0,-82,-83,-75,-75,-68,-68,-70,-70,-70,-71,0,-87,0,-83,-83,0,0,0,0,-86,-83,-80,-79,-56,-71
0,-80,0,0,-77,-85,0,-81,-83,-83,-69,-69,-77,-77,0,0,0,0,0,0,-72,-72,-67,-67,-57,-55,0,0,-82,-83,-75,-75,-68,-68,-70,-70,-70,-71,0,-87,0,-83,-83,0,0,0,0,-86,-83,-80,-79,-56,-71
0,-80,0,0,-77,-85,0,-81,-83,-83,-69,-69,-77,-77,0,0,0,0,0,0,-72,-72,-67,-67,-57,-55,0,0,-82,-83,-75,-75,-68,-68,-70,-70,-70,-71,0,-87,0,-83,-83,0,0,0,0,-86,-83,-80,-79,-56,-71
0,-80,0,0,-77,-85,0,-81,-83,-83,-69,-69,-77,-77,0,0,0,0,0,0,-72,-72,-67,-67,-57,-55,0,0,-82,-83,-75,-75,-68,-68,-70,-70,-70,-71,0,-87,0,-83,-83,0,0,0,0,-86,-83,-80,-79,-56,-71
0,-80,0,0,0,-85,-81,0,-83,-83,-69,-69,-77,-77,-81,0,0,0,0,0,-77,-77,-72,-73,-59,-59,-80,-83,-81,-81,-76,-75,-74,-74,-70,-70,-64,-64,0,-87,0,-83,-83,0,0,0,0,-86,-83,-77,-76,-57,-73
0,-80,0,0,0,-85,-81,0,-83,-83,-69,-69,-77,-77,-81,0,0,0,0,0,-77,-77,-72,-73,-59,-59,-80,-83,-81,-81,-76,-75,-74,-74,-70,-70,-64,-64,0,-87,0,-83,-83,0,0,0,0,-86,-83,-77,-76,-57,-73
0,-80,0,0,0,-85,-81,0,-83,-83,-69,-69,-77,-77,-81,0,0,0,0,0,-77,-77,-72,-73,-59,-59,-80,-83,-81,-81,-76,-75,-74,-74,-70,-70,-64,-64,0,-87,0,-83,-83,0,0,0,0,-86,-83,-77,-76,-57,-73
0,-80,-78,-79,0,-85,-81,0,-83,-83,-79,-80,-84,-77,-87,-84,0,0,0,0,-70,-70,-72,-73,-58,-58,-80,-83,-81,-81,-76,-75,-72,-72,-75,-76,-66,-66,0,0,-86,0,0,0,0,0,0,-86,-83,-75,-74,-50,-68
0,-80,-78,-79,0,-85,-81,0,-83,-83,-79,-80,-84,-77,-87,-84,0,0,0,0,-70,-70,-72,-73,-58,-58,-80,-83,-81,-81,-76,-75,-72,-72,-75,-76,-66,-66,0,0,-86,0,0,0,0,0,0,-86,-83,-75,-74,-50,-68
0,-80,-78,-79,0,-85,-81,0,-83,-83,-79,-80,-84,-77,-87,-84,0,0,0,0,-70,-70,-72,-73,-58,-58,-80,-83,-81,-81,-76,-75,-72,-72,-75,-76,-66,-66,0,0,-86,0,0,0,0,0,0,-86,-83,-75,-74,-50,-68
0,-80,-78,-79,0,-85,-81,0,-83,-83,-79,-80,-84,-77,-87,-84,0,0,0,0,-70,-70,-72,-73,-58,-58,-80,-83,-81,-81,-76,-75,-72,-72,-75,-76,-66,-66,0,0,-86,0,0,0,0,0,0,-86,-83,-75,-74,-50,-68
0,0,-78,-79,0,0,-81,0,0,0,-79,-80,-84,-83,-87,-84,0,0,0,0,-77,-78,-67,-66,-65,-63,-80,-83,-81,-81,-76,-76,-73,-74,-77,-79,-69,-69,0,-86,-86,0,0,0,0,0,0,0,0,-80,-80,-47,-69
0,0,-78,-79,0,0,-81,0,0,0,-79,-80,-84,-83,-87,-84,0,0,0,0,-77,-78,-67,-66,-65,-63,-80,-83,-81,-81,-76,-76,-73,-74,-77,-79,-69,-69,0,-86,-86,0,0,0,0,0,0,0,0,-80,-80,-47,-69
0,0,-78,-79,0,0,-81,0,0,0,-79,-80,-84,-83,-87,-84,0,0,0,0,-77,-78,-67,-66,-65,-63,-80,-83,-81,-81,-76,-76,-73,-74,-77,-79,-69,-69,0,-86,-86,0,0,0,0,0,0,0,0,-80,-80,-47,-69
0,0,-78,-79,0,0,0,0,-82,-84,-79,-80,-81,-82,-87,-84,0,0,0,0,-77,-78,-69,-69,-62,-62,0,0,0,0,-80,-79,-72,-74,-76,-79,-68,-68,0,-86,-86,0,0,0,0,0,0,0,0,-80,-81,-50,-71
0,0,-78,-79,0,0,0,0,-82,-84,-79,-80,-81,-82,-87,-84,0,0,0,0,-77,-78,-69,-69,-62,-62,0,0,0,0,-80,-79,-72,-74,-76,-79,-68,-68,0,-86,-86,0,0,0,0,0,0,0,0,-80,-81,-50,-71
0,0,-78,-79,0,0,0,0,-82,-84,-79,-80,-81,-82,-87,-84,0,0,0,0,-77,-78,-69,-69,-62,-62,0,0,0,0,-80,-79,-72,-74,-76,-79,-68,-68,0,-86,-86,0,0,0,0,0,0,0,0,-80,-81,-50,-71
0,0,-78,-79,0,0,0,0,-82,-84,-79,-80,-81,-82,-87,-84,0,0,0,0,-77,-78,-69,-69,-62,-62,0,0,0,0,-80,-79,-72,-74,-76,-79,-68,-68,0,-86,-86,0,0,0,0,0,0,0,0,-80,-81,-50,-71
0,0,0,0,0,-81,-82,0,-84,-84,0,0,-84,-83,0,0,0,0,0,0,-78,-78,-69,-68,-61,-61,0,0,0,0,-80,-79,-75,-75,-76,-79,-66,-67,0,-86,-86,0,0,0,0,0,0,0,-78,-82,-81,-51,-71
0,0,0,0,0,-81,-82,0,-84,-84,0,0,-84,-83,0,0,0,0,0,0,-78,-78,-69,-68,-61,-61,0,0,0,0,-80,-79,-75,-75,-76,-79,-66,-67,0,-86,-86,0,0,0,0,0,0,0,-78,-82,-81,-51,-71
0,0,0,0,0,-81,-82,0,-84,-84,0,0,-84,-83,0,0,0,0,0,0,-78,-78,-69,-68,-61,-61,0,0,0,0,-80,-79,-75,-75,-76,-79,-66,-67,0,-86,-86,0,0,0,0,0,0,0,-78,-82,-81,-51,-71
0,0,0,0,0,-83,-83,0,-84,-84,0,0,-84,-83,0,0,0,0,0,0,-78,-78,-69,-68,-62,-62,0,0,0,0,-80,-79,-76,-76,-75,-79,-66,-67,0,-86,-86,0,0,0,0,0,0,0,-78,-82,-81,-52,-67
0,0,0,0,0,-83,-83,0,-84,-84,0,0,-84,-83,0,0,0,0,0,0,-78,-78,-69,-68,-62,-62,0,0,0,0,-80,-79,-76,-76,-75,-79,-66,-67,0,-86,-86,0,0,0,0,0,0,0,-78,-82,-81,-52,-67
0,0,0,0,0,-83,-83,0,-84,-84,0,0,-84,-83,0,0,0,0,0,0,-78,-78,-69,-68,-62,-62,0,0,0,0,-80,-79,-76,-76,-75,-79,-66,-67,0,-86,-86,0,0,0,0,0,0,0,-78,-82,-81,-52,-67
0,0,0,0,0,-83,-83,0,-84,-84,0,0,-84,-83,0,0,0,0,0,0,-78,-78,-69,-68,-62,-62,0,0,0,0,-80,-79,-76,-76,-75,-79,-66,-67,0,-86,-86,0,0,0,0,0,0,0,-78,-82,-81,-52,-67
0,-73,0,0,0,-85,-83,0,-83,-84,0,0,-82,-82,0,0,0,0,0,0,-78,-79,-68,-67,-64,-63,0,-85,0,0,-81,-81,-73,-73,-75,-79,-66,-66,0,-87,-87,0,0,0,0,0,0,0,-78,-82,-82,-52,-72
0,-73,0,0,0,-85,-83,0,-83,-84,0,0,-82,-82,0,0,0,0,0,0,-78,-79,-68,-67,-64,-63,0,-85,0,0,-81,-81,-73,-73,-75,-79,-66,-66,0,-87,-87,0,0,0,0,0,0,0,-78,-82,-82,-52,-72
0,-73,0,0,0,-85,-83,0,-83,-84,0,0,-82,-82,0,0,0,0,0,0,-78,-79,-68,-67,-64,-63,0,-85,0,0,-81,-81,-73,-73,-75,-79,-66,-66,0,-87,-87,0,0,0,0,0,0,0,-78,-82,-82,-52,-72
0,-73,0,0,0,-86,-83,0,-85,-83,0,0,-82,-83,0,0,0,0,0,0,-79,-78,-67,-67,-66,-65,0,-85,0,0,-81,-81,-73,-73,-75,-79,-66,-66,0,-87,-87,0,0,0,0,0,0,0,0,-82,-82,-52,-72
0,-73,0,0,0,-86,-83,0,-85,-83,0,0,-82,-83,0,0,0,0,0,0,-79,-78,-67,-67,-66,-65,0,-85,0,0,-81,-81,-73,-73,-75,-79,-66,-66,0,-87,-87,0,0,0,0,0,0,0,0,-82,-82,-52,-72
0,-73,0,0,0,-86,-83,0,-85,-83,0,0,-82,-83,0,0,0,0,0,0,-79,-78,-67,-67,-66,-65,0,-85,0,0,-81,-81,-73,-73,-75,-79,-66,-66,0,-87,-87,0,0,0,0,0,0,0,0,-82,-82,-52,-72
0,-73,0,0,0,-86,-83,0,-85,-83,0,0,-82,-83,0,0,0,0,0,0,-79,-78,-67,-67,-66,-65,0,-85,0,0,-81,-81,-73,-73,-75,-79,-66,-66,0,-87,-87,0,0,0,0,0,0,0,0,-82,-82,-52,-72
0,-73,0,0,0,-86,0,0,-83,-83,0,0,-81,-81,0,0,0,0,0,0,-79,-78,-67,-67,-65,-65,0,-85,0,0,-81,-83,-78,-77,-75,0,-66,-66,0,-87,-87,0,0,0,0,0,0,0,0,-82,-82,-52,-71
0,-73,0,0,0,-86,0,0,-83,-83,0,0,-81,-81,0,0,0,0,0,0,-79,-78,-67,-67,-65,-65,0,-85,0,0,-81,-83,-78,-77,-75,0,-66,-66,0,-87,-87,0,0,0,0,0,0,0,0,-82,-82,-52,-71
0,-73,0,0,0,-86,0,0,-83,-83,0,0,-81,-81,0,0,0,0,0,0,-79,-78,-67,-67,-65,-65,0,-85,0,0,-81,-83,-78,-77,-75,0,-66,-66,0,-87,-87,0,0,0,0,0,0,0,0,-82,-82,-52,-71
0,0,0,0,0,-86,0,-84,-83,-83,0,0,-81,-81,0,0,0,0,0,0,-79,-79,-67,-67,-67,-66,0,0,0,0,0,-83,-76,-76,0,0,-66,-66,0,0,0,0,0,0,0,0,0,0,0,-82,-83,-52,-74
0,0,0,0,0,-86,0,-84,-83,-83,0,0,-81,-81,0,0,0,0,0,0,-79,-79,-67,-67,-67,-66,0,0,0,0,0,-83,-76,-76,0,0,-66,-66,0,0,0,0,0,0,0,0,0,0,0,-82,-83,-52,-74
0,0,0,0,0,-86,0,-84,-83,-83,0,0,-81,-81,0,0,0,0,0,0,-79,-79,-67,-67,-67,-66,0,0,0,0,0,-83,-76,-76,0,0,-66,-66,0,0,0,0,0,0,0,0,0,0,0,-82,-83,-52,-74
0,0,0,0,0,-86,0,-84,-83,-83,0,0,-81,-81,0,0,0,0,0,0,-79,-79,-67,-67,-67,-66,0,0,0,0,0,-83,-76,-76,0,0,-66,-66,0,0,0,0,0,0,0,0,0,0,0,-82,-83,-52,-74
0,0,0,0,0,-84,-84,-84,-83,-83,0,0,-81,-79,0,0,0,0,0,0,-78,-79,-67,-66,-67,-66,0,0,0,0,-81,-83,-73,-73,-75,0,-66,-66,0,-86,-85,0,0,0,0,0,0,0,0,-82,-82,-52,-73
0,0,0,0,0,-84,-84,-84,-83,-83,0,0,-81,-79,0,0,0,0,0,0,-78,-79,-67,-66,-67,-66,0,0,0,0,-81,-83,-73,-73,-75,0,-66,-66,0,-86,-85,0,0,0,0,0,0,0,0,-82,-82,-52,-73
0,0,0,0,0,-84,-84,-84,-83,-83,0,0,-81,-79,0,0,0,0,0,0,-78,-79,-67,-66,-67,-66,0,0,0,0,-81,-83,-73,-73,-75,0,-66,-66,0,-86,-85,0,0,0,0,0,0,0,0,-82,-82,-52,-73
0,0,0,0,0,-84,-84,-84,-83,-83,0,0,-81,-79,0,0,0,0,0,0,-78,-79,-67,-66,-67,-66,0,0,0,0,-81,-83,-73,-73,-75,0,-66,-66,0,-86,-85,0,0,0,0,0,0,0,0,-82,-82,-52,-73
0,0,0,0,0,-84,-84,-84,-83,-84,0,-89,-82,-82,0,0,0,0,0,-78,-79,-80,-67,-66,-66,-65,0,0,0,0,-81,-83,-73,-73,-75,-76,-65,-65,0,-86,-85,0,0,0,0,0,0,0,0,-83,-82,-53,-71
0,0,0,0,0,-84,-84,-84,-83,-84,0,-89,-82,-82,0,0,0,0,0,-78,-79,-80,-67,-66,-66,-65,0,0,0,0,-81,-83,-73,-73,-75,-76,-65,-65,0,-86,-85,0,0,0,0,0,0,0,0,-83,-82,-53,-71
0,0,0,0,0,-84,-84,-84,-83,-84,0,-89,-82,-82,0,0,0,0,0,-78,-79,-80,-67,-66,-66,-65,0,0,0,0,-81,-83,-73,-73,-75,-76,-65,-65,0,-86,-85,0,0,0,0,0,0,0,0,-83,-82,-53,-71
0,-74,0,0,0,-84,-84,-84,0,-84,0,-89,-81,-82,0,0,0,0,0,-78,-79,-80,-67,-65,-67,-67,0,0,0,0,-81,-83,-74,-74,-75,-76,-65,-65,0,-86,-85,0,0,0,0,0,0,0,0,-82,-83,-53,-74
0,-74,0,0,0,-84,-84,-84,0,-84,0,-89,-81,-82,0,0,0,0,0,-78,-79,-80,-67,-65,-67,-67,0,0,0,0,-81,-83,-74,-74,-75,-76,-65,-65,0,-86,-85,0,0,0,0,0,0,0,0,-82,-83,-53,-74
0,-74,0,0,0,-84,-84,-84,0,-84,0,-89,-81,-82,0,0,0,0,0,-78,-79,-80,-67,-65,-67,-67,0,0,0,0,-81,-83,-74,-74,-75,-76,-65,-65,0,-86,-85,0,0,0,0,0,0,0,0,-82,-83,-53,-74
0,-74,0,0,0,-84,-84,-84,0,-84,0,-89,-81,-82,0,0,0,0,0,-78,-79,-80,-67,-65,-67,-67,0,0,0,0,-81,-83,-74,-74,-75,-76,-65,-65,0,-86,-85,0,0,0,0,0,0,0,0,-82,-83,-53,-74
0,-74,0,0,0,0,0,-84,0,-84,-84,-89,-81,-83,0,0,0,0,0,-78,-79,-80,-67,-65,-68,-67,0,0,0,0,-81,-83,-73,-73,-75,-77,-66,-66,0,-85,-86,0,0,0,0,0,0,0,0,-82,-83,-53,-72
0,-74,0,0,0,0,0,-84,0,-84,-84,-89,-81,-83,0,0,0,0,0,-78,-79,-80,-67,-65,-68,-67,0,0,0,0,-81,-83,-73,-73,-75,-77,-66,-66,0,-85,-86,0,0,0,0,0,0,0,0,-82,-83,-53,-72
0,-74,0,0,0,0,0,-84,0,-84,-84,-89,-81,-83,0,0,0,0,0,-78,-79,-80,-67,-65,-68,-67,0,0,0,0,-81,-83,-73,-73,-75,-77,-66,-66,0,-85,-86,0,0,0,0,0,0,0,0,-82,-83,-53,-72
0,-74,0,0,0,0,0,-84,0,-84,-84,-89,-81,-83,0,0,0,0,0,-78,-79,-80,-67,-65,-68,-67,0,0,0,0,-81,-83,-73,-73,-75,-77,-66,-66,0,-85,-86,0,0,0,0,0,0,0,0,-82,-83,-53,-72
0,-74,0,0,0,0,-85,-84,0,-84,-84,0,-81,-81,0,0,0,0,0,0,-80,0,-66,-66,-59,-60,0,0,0,0,0,0,-73,-73,-75,-76,-66,-66,0,-85,-86,0,0,0,0,0,0,-78,-79,-82,-83,-52,-71
0,-74,0,0,0,0,-85,-84,0,-84,-84,0,-81,-81,0,0,0,0,0,0,-80,0,-66,-66,-59,-60,0,0,0,0,0,0,-73,-73,-75,-76,-66,-66,0,-85,-86,0,0,0,0,0,0,-78,-79,-82,-83,-52,-71
0,-74,0,0,0,0,-85,-84,0,-84,-84,0,-81,-81,0,0,0,0,0,0,-80,0,-66,-66,-59,-60,0,0,0,0,0,0,-73,-73,-75,-76,-66,-66,0,-85,-86,0,0,0,0,0,0,-78,-79,-82,-83,-52,-71
0,0,0,0,0,0,-85,0,0,0,-84,0,-82,-83,0,0,0,0,0,0,-80,0,-65,-64,-65,-65,0,0,-84,0,0,0,-73,-73,-75,-76,-67,-67,0,-85,-86,0,0,0,0,0,0,-78,-79,-82,-83,-52,-73
0,0,0,0,0,0,-85,0,0,0,-84,0,-82,-83,0,0,0,0,0,0,-80,0,-65,-64,-65,-65,0,0,-84,0,0,0,-73,-73,-75,-76,-67,-67,0,-85,-86,0,0,0,0,0,0,-78,-79,-82,-83,-52,-73
0,0,0,0,0,0,-85,0,0,0,-84,0,-82,-83,0,0,0,0,0,0,-80,0,-65,-64,-65,-65,0,0,-84,0,0,0,-73,-73,-75,-76,-67,-67,0,-85,-86,0,0,0,0,0,0,-78,-79,-82,-83,-52,-73
0,0,0,0,0,0,-85,0,0,0,-84,0,-82,-83,0,0,0,0,0,0,-80,0,-65,-64,-65,-65,0,0,-84,0,0,0,-73,-73,-75,-76,-67,-67,0,-85,-86,0,0,0,0,0,0,-78,-79,-82,-83,-52,-73
0,0,0,0,-81,-82,-82,0,0,0,0,0,-82,-81,0,0,0,0,0,0,-79,-78,-66,-64,-67,-66,0,0,-86,0,0,0,-73,-73,-75,-76,-68,-68,0,0,0,-85,-83,0,0,0,0,-78,-79,-82,-83,-51,-70
