0,0,-80,-79,-67,0,0,0,-82,-85,0,0,-78,-79,0,0,-71,-71,0,0,-74,-73,0,-57,-60,-61,-64,0,-64,-65,-70,0,-78,-77,0,0,-69,-68,0,0,0,-77,-77,0,0,0,0,0,0,-81,-80,-51,-50
0,0,-80,-79,-67,0,0,0,-82,-85,0,0,-78,-79,0,0,-71,-71,0,0,-74,-73,0,-57,-60,-61,-64,0,-64,-65,-70,0,-78,-77,0,0,-69,-68,0,0,0,-77,-77,0,0,0,0,0,0,-81,-80,-51,-50
0,0,-80,-79,-67,0,0,0,-82,-85,0,0,-78,-79,0,0,-71,-71,0,0,-74,-73,0,-57,-60,-61,-64,0,-64,-65,-70,0,-78,-77,0,0,-69,-68,0,0,0,-77,-77,0,0,0,0,0,0,-81,-80,-51,-50
0,0,-80,-79,-67,0,0,0,-82,-85,0,0,-78,-79,0,0,-71,-71,0,0,-74,-73,0,-57,-61,-61,-64,0,-64,-65,-70,0,-78,-77,0,0,-69,-68,0,0,0,-77,-77,0,0,0,0,0,0,-81,-80,-51,-50
0,0,-80,-79,-67,0,0,0,-82,-85,0,0,-78,-79,0,0,-71,-71,0,0,-74,-73,0,-57,-61,-61,-64,0,-64,-65,-70,0,-78,-77,0,0,-69,-68,0,0,0,-77,-77,0,0,0,0,0,0,-81,-80,-51,-50
-67,-62,-76,-75,0,0,0,0,-80,-81,0,0,-70,-71,0,0,-71,-72,0,0,-67,-67,0,-57,-62,-62,0,0,-67,-69,-64,0,-78,-77,-77,-79,-71,-72,0,0,0,-73,-73,-83,-83,-81,-80,0,0,-80,-81,-50,-52
-67,-62,-76,-75,0,0,0,0,-80,-81,0,0,-70,-71,0,0,-71,-72,0,0,-67,-67,0,-57,-62,-62,0,0,-67,-69,-64,0,-78,-77,-77,-79,-71,-72,0,0,0,-73,-73,-83,-83,-81,-80,0,0,-80,-81,-50,-52
-67,-62,-76,-75,0,0,0,0,-80,-81,0,0,-70,-71,0,0,-71,-72,0,0,-67,-67,0,-57,-62,-62,0,0,-67,-69,-64,0,-78,-77,-77,-79,-71,-72,0,0,0,-73,-73,-83,-83,-81,-80,0,0,-80,-81,-50,-52
-67,-62,-76,-75,0,0,0,0,-80,-81,0,0,-70,-71,0,0,-71,-72,0,0,-67,-67,0,-57,-62,-62,0,0,-67,-69,-64,0,-78,-77,-77,-79,-71,-72,0,0,0,-73,-73,-83,-83,-81,-80,0,0,-80,-81,-50,-52
-67,-62,-76,-75,0,0,0,0,-80,-81,0,0,-70,-71,0,0,-71,-72,0,0,-67,-67,0,-57,-62,-62,0,0,-67,-69,-64,0,-78,-77,-77,-79,-71,-72,0,0,0,-73,-73,-83,-83,-81,-80,0,0,-80,-81,-50,-52
-67,-62,-72,-71,-67,0,0,0,-80,-82,0,0,-68,-67,0,0,-77,-77,0,0,-67,-67,0,0,-61,-61,0,0,-61,-61,-64,0,-68,-68,-77,-79,-72,-73,0,0,0,-74,-75,-83,-83,-81,-81,0,0,-80,-80,-56,-54
-67,-62,-72,-71,-67,0,0,0,-80,-82,0,0,-68,-67,0,0,-77,-77,0,0,-67,-67,0,0,-62,-61,0,0,-61,-61,-64,0,-68,-68,-77,-79,-72,-73,0,0,0,-74,-75,-83,-83,-81,-81,0,0,-80,-80,-56,-54
-67,-62,-72,-71,-67,0,0,0,-80,-82,0,0,-68,-67,0,0,-77,-77,0,0,-67,-67,0,0,-62,-61,0,0,-61,-61,-64,0,-68,-68,-77,-79,-72,-73,0,0,0,-74,-75,-83,-83,-81,-81,0,0,-80,-80,-56,-54
-67,-62,-72,-71,-67,0,0,0,-80,-82,0,0,-68,-67,0,0,-77,-77,0,0,-67,-67,0,0,-62,-61,0,0,-61,-61,-64,0,-68,-68,-77,-79,-72,-73,0,0,0,-74,-75,-83,-83,-81,-81,0,0,-80,-80,-56,-54
-67,-62,-72,-71,-67,0,0,0,-80,-82,0,0,-68,-67,0,0,-77,-77,0,0,-67,-67,0,0,-62,-61,0,0,-61,-61,-64,0,-68,-68,-77,-79,-72,-73,0,0,0,-74,-75,-83,-83,-81,-81,0,0,-80,-80,-56,-54
0,0,-71,-71,-67,0,0,-69,-80,-82,0,0,-67,-67,0,0,-79,-79,0,0,-67,-67,-70,-65,-63,-62,-64,-62,-63,-64,-67,-68,-71,-70,0,0,-72,-73,0,0,0,-75,-75,-83,-83,-83,-83,0,-74,-79,-80,-53,-55
0,0,-71,-71,-67,0,0,-69,-80,-82,0,0,-67,-67,0,0,-79,-79,0,0,-67,-67,-70,-65,-64,-62,-64,-62,-63,-64,-67,-68,-71,-70,0,0,-72,-73,0,0,0,-75,-75,-83,-83,-83,-83,0,-74,-79,-80,-53,-55
0,0,-71,-71,-67,0,0,-69,-80,-82,0,0,-67,-67,0,0,-79,-79,0,0,-67,-67,-70,-65,-64,-62,-64,-62,-63,-64,-67,-68,-71,-70,0,0,-72,-73,0,0,0,-75,-75,-83,-83,-83,-83,0,-74,-79,-80,-53,-55
0,0,-71,-71,-67,0,0,-69,-80,-82,0,0,-67,-67,0,0,-79,-79,0,0,-67,-67,-70,-65,-64,-62,-64,-62,-63,-64,-67,-68,-71,-70,0,0,-72,-73,0,0,0,-75,-75,-83,-83,-83,-83,0,-74,-79,-80,-53,-55
0,0,-71,-71,-67,0,0,-69,-80,-82,0,0,-67,-67,0,0,-79,-79,0,0,-67,-67,-70,-65,-62,-62,-64,-62,-63,-64,-67,-68,-71,-70,0,0,-72,-73,0,0,0,-75,-75,-83,-83,-83,-83,0,-74,-79,-80,-53,-55
0,0,-71,-71,-67,0,0,-69,-81,0,0,0,-67,-67,0,0,-79,-80,0,0,-67,-67,-68,-65,-62,-62,-64,-62,-63,-64,-67,-68,-71,-70,0,0,-73,-73,0,0,0,-77,-76,0,0,-81,-83,0,-74,-79,-80,-53,-56
0,0,-71,-71,-67,0,0,-69,-81,0,0,0,-67,-67,0,0,-79,-80,0,0,-67,-67,-68,-65,-62,-62,-64,-62,-63,-64,-67,-68,-71,-70,0,0,-73,-73,0,0,0,-77,-76,0,0,-81,-83,0,-74,-79,-80,-53,-56
0,0,-71,-71,-67,0,0,-69,-81,0,0,0,-67,-67,0,0,-79,-80,0,0,-67,-67,-68,-65,-62,-62,-64,-62,-63,-64,-67,-68,-71,-70,0,0,-73,-73,0,0,0,-77,-76,0,0,-81,-83,0,-74,-79,-80,-53,-56
0,0,-71,-71,-67,0,0,-69,-81,0,0,0,-67,-67,0,0,-79,-80,0,0,-67,-67,-68,-65,-62,-62,-64,-62,-63,-64,-67,-68,-71,-70,0,0,-73,-73,0,0,0,-77,-76,0,0,-81,-83,0,-74,-79,-80,-53,-56
0,0,-71,-71,-67,0,0,-69,-81,0,0,0,-67,-67,0,0,-79,-80,0,0,-67,-67,-68,-65,-62,-62,-64,-62,-63,-64,-67,-68,-71,-70,0,0,-73,-73,0,0,0,-77,-76,0,0,-81,-83,0,-74,-79,-80,-53,-56
0,0,-71,-71,-67,0,0,0,-81,-81,-80,-77,-67,-67,0,0,-79,-80,0,0,-67,-66,-68,-65,-62,-62,0,0,-64,0,-67,0,-69,-70,0,0,-74,-76,0,0,0,-77,-76,0,0,-83,-83,0,-73,-79,-80,-53,-56
0,0,-71,-71,-67,0,0,0,-81,-81,-80,-77,-67,-67,0,0,-79,-80,0,0,-67,-66,-68,-65,-62,-62,0,0,-64,0,-67,0,-69,-70,0,0,-74,-76,0,0,0,-77,-76,0,0,-83,-83,0,-73,-79,-80,-53,-56
0,0,-71,-71,-67,0,0,0,-81,-81,-80,-77,-67,-67,0,0,-79,-80,0,0,-67,-66,-68,-65,-62,-62,0,0,-64,0,-67,0,-69,-70,0,0,-74,-76,0,0,0,-77,-76,0,0,-83,-83,0,-73,-79,-80,-53,-56
0,0,-71,-71,-67,0,0,0,-81,-81,-80,-77,-67,-67,0,0,-79,-80,0,0,-67,-66,-68,-65,-62,-62,0,0,-64,0,-67,0,-69,-70,0,0,-74,-76,0,0,0,-77,-76,0,0,-83,-83,0,-73,-79,-80,-53,-56
0,0,-71,-71,-67,0,0,0,-81,-81,-80,-77,-67,-67,0,0,-79,-80,0,0,-67,-66,-68,-65,-61,-62,0,0,-64,0,-67,0,-69,-70,0,0,-74,-76,0,0,0,-77,-76,0,0,-83,-83,0,-73,-79,-80,-53,-56
0,0,-71,-71,0,0,0,0,0,-81,-80,-77,-67,-67,0,0,-79,-80,0,0,-67,-66,0,0,-62,-61,0,-62,-65,0,-67,-66,-68,-68,-77,0,-75,-76,0,0,0,-76,-76,0,0,-83,-83,0,-73,-81,-80,-54,-55
0,0,-71,-71,0,0,0,0,0,-81,-80,-77,-67,-67,0,0,-79,-80,0,0,-67,-66,0,0,-62,-61,0,-62,-65,0,-67,-66,-68,-68,-77,0,-75,-76,0,0,0,-76,-76,0,0,-83,-83,0,-73,-81,-80,-54,-55
0,0,-71,-71,0,0,0,0,0,-81,-80,-77,-67,-67,0,0,-79,-80,0,0,-67,-66,0,0,-61,-61,0,-62,-65,0,-67,-66,-68,-68,-77,0,-75,-76,0,0,0,-76,-76,0,0,-83,-83,0,-73,-81,-80,-54,-55
0,0,-71,-71,0,0,0,0,0,-81,-80,-77,-67,-67,0,0,-79,-80,0,0,-67,-66,0,0,-61,-61,0,-62,-65,0,-67,-66,-68,-68,-77,0,-75,-76,0,0,0,-76,-76,0,0,-83,-83,0,-73,-81,-80,-54,-55
0,0,-71,-71,0,0,0,0,0,-81,-80,-77,-67,-67,0,0,-79,-80,0,0,-67,-66,0,0,-61,-61,0,-62,-65,0,-67,-66,-68,-68,-77,0,-75,-76,0,0,0,-76,-76,0,0,-83,-83,0,-73,-81,-80,-54,-55
0,-69,-71,-71,0,-79,-80,0,0,0,0,0,-68,-67,-71,-71,-79,-80,-72,0,-67,-66,-66,-64,-60,-60,0,-62,-64,-64,-66,-66,-68,-69,-77,0,-73,-74,0,0,0,-76,-77,0,0,-83,-83,0,0,-82,-82,-53,-56
0,-69,-71,-71,0,-79,-80,0,0,0,0,0,-68,-67,-71,-71,-79,-80,-72,0,-67,-66,-66,-64,-60,-60,0,-62,-64,-64,-66,-66,-68,-69,-77,0,-73,-74,0,0,0,-76,-77,0,0,-83,-83,0,0,-82,-82,-53,-56
0,-69,-71,-71,0,-79,-80,0,0,0,0,0,-68,-67,-71,-71,-79,-80,-72,0,-67,-66,-66,-64,-60,-60,0,-62,-64,-64,-66,-66,-68,-69,-77,0,-73,-74,0,0,0,-76,-77,0,0,-83,-83,0,0,-82,-82,-53,-56
0,-69,-71,-71,0,-79,-80,0,0,0,0,0,-68,-67,-71,-71,-79,-80,-72,0,-67,-66,-66,-64,-60,-60,0,-62,-64,-64,-66,-66,-68,-69,-77,0,-73,-74,0,0,0,-76,-77,0,0,-83,-83,0,0,-82,-82,-53,-56
0,-69,-71,-71,0,-79,-80,0,0,0,0,0,-68,-67,-71,-71,-79,-80,-72,0,-67,-66,-66,-64,-60,-60,0,-62,-64,-64,-66,-66,-68,-69,-77,0,-73,-74,0,0,0,-76,-77,0,0,-83,-83,0,0,-82,-82,-53,-56
-70,-66,-72,-73,0,-79,-80,0,-82,-83,0,0,-66,-66,-71,-71,-79,-78,-72,0,-67,-67,-66,-67,-62,-60,0,0,-64,-64,-64,-62,-65,-65,0,0,-74,-75,0,0,-64,-76,-77,0,0,-83,-83,0,0,-82,-81,-55,-56
-70,-66,-72,-73,0,-79,-80,0,-82,-83,0,0,-66,-66,-71,-71,-79,-78,-72,0,-67,-67,-66,-67,-62,-60,0,0,-64,-64,-64,-62,-65,-65,0,0,-74,-75,0,0,-64,-76,-77,0,0,-83,-83,0,0,-82,-81,-55,-56
-70,-66,-72,-73,0,-79,-80,0,-82,-83,0,0,-66,-66,-71,-71,-79,-78,-72,0,-67,-67,-66,-67,-62,-60,0,0,-64,-64,-64,-62,-65,-65,0,0,-74,-75,0,0,-64,-76,-77,0,0,-83,-83,0,0,-82,-81,-55,-56
-70,-66,-72,-73,0,-79,-80,0,-82,-83,0,0,-66,-66,-71,-71,-79,-78,-72,0,-67,-67,-66,-67,-63,-60,0,0,-64,-64,-64,-62,-65,-65,0,0,-74,-75,0,0,-64,-76,-77,0,0,-83,-83,0,0,-82,-81,-55,-56
-70,-66,-72,-73,0,-79,-80,0,-82,-83,0,0,-66,-66,-71,-71,-79,-78,-72,0,-67,-67,-66,-67,-63,-60,0,0,-64,-64,-64,-62,-65,-65,0,0,-74,-75,0,0,-64,-76,-77,0,0,-83,-83,0,0,-82,-81,-55,-56
-70,-66,-71,-71,0,0,0,0,-83,-84,0,0,-67,-68,0,0,-79,-79,0,0,-67,-68,-66,-67,-63,-62,0,0,-65,-64,-64,-66,-65,-66,0,0,-74,-75,0,0,-63,-76,-76,-85,-85,-83,-83,0,0,-82,-82,-56,-56
-70,-66,-71,-71,0,0,0,0,-83,-84,0,0,-67,-68,0,0,-79,-79,0,0,-67,-68,-66,-67,-63,-62,0,0,-65,-64,-64,-66,-65,-66,0,0,-74,-75,0,0,-63,-76,-76,-85,-85,-83,-83,0,0,-82,-82,-56,-56
-70,-66,-71,-71,0,0,0,0,-83,-84,0,0,-67,-68,0,0,-79,-79,0,0,-67,-68,-66,-67,-63,-62,0,0,-65,-64,-64,-66,-65,-66,0,0,-74,-75,0,0,-63,-76,-76,-85,-85,-83,-83,0,0,-82,-82,-56,-56
-70,-66,-71,-71,0,0,0,0,-83,-84,0,0,-67,-68,0,0,-79,-79,0,0,-67,-68,-66,-67,-63,-62,0,0,-65,-64,-64,-66,-65,-66,0,0,-74,-75,0,0,-63,-76,-76,-85,-85,-83,-83,0,0,-82,-82,-56,-56
-70,-66,-71,-71,0,0,0,0,-83,-84,0,0,-67,-68,0,0,-79,-79,0,0,-67,-68,-66,-67,-63,-62,0,0,-65,-64,-64,-66,-65,-66,0,0,-74,-75,0,0,-63,-76,-76,-85,-85,-83,-83,0,0,-82,-82,-56,-56
0,0,-71,-71,0,-80,0,0,-80,-81,0,0,-67,-68,-72,-70,-76,-77,0,0,-67,-68,-69,-67,-62,-62,0,0,-66,-67,-64,-65,-69,-69,0,0,-77,-77,0,-64,-62,-76,-75,-84,-85,-82,-84,0,0,-82,-82,-55,-58
0,0,-71,-71,0,-80,0,0,-80,-81,0,0,-67,-68,-72,-70,-76,-77,0,0,-67,-68,-69,-67,-62,-62,0,0,-66,-67,-64,-65,-69,-69,0,0,-77,-77,0,-64,-62,-76,-75,-84,-85,-82,-84,0,0,-82,-82,-55,-58
0,0,-71,-71,0,-80,0,0,-80,-81,0,0,-67,-68,-72,-70,-76,-77,0,0,-67,-68,-69,-67,-62,-62,0,0,-66,-67,-64,-65,-69,-69,0,0,-77,-77,0,-64,-62,-76,-75,-84,-85,-82,-84,0,0,-82,-82,-55,-58
0,0,-71,-71,0,-80,0,0,-80,-81,0,0,-67,-68,-72,-70,-76,-77,0,0,-67,-68,-69,-67,-60,-62,0,0,-66,-67,-64,-65,-69,-69,0,0,-77,-77,0,-64,-62,-76,-75,-84,-85,-82,-84,0,0,-82,-82,-55,-58
0,0,-71,-71,0,-80,0,0,-80,-81,0,0,-67,-68,-72,-70,-76,-77,0,0,-67,-68,-69,-67,-60,-62,0,0,-66,-67,-64,-65,-69,-69,0,0,-77,-77,0,-64,-62,-76,-75,-84,-85,-82,-84,0,0,-82,-82,-55,-58
0,0,-72,-73,0,-80,0,0,-80,-81,0,0,-67,-68,-72,-70,-77,-77,0,0,-66,-67,-67,0,-61,-61,0,0,-64,-65,-64,-64,-66,-66,0,0,-75,-76,0,-64,-62,-77,-75,-84,-85,-83,-84,0,0,-79,-82,-52,-54
0,0,-72,-73,0,-80,0,0,-80,-81,0,0,-67,-68,-72,-70,-77,-77,0,0,-66,-67,-67,0,-61,-61,0,0,-64,-65,-64,-64,-66,-66,0,0,-75,-76,0,-64,-62,-77,-75,-84,-85,-83,-84,0,0,-79,-82,-52,-54
0,0,-72,-73,0,-80,0,0,-80,-81,0,0,-67,-68,-72,-70,-77,-77,0,0,-66,-67,-67,0,-61,-61,0,0,-64,-65,-64,-64,-66,-66,0,0,-75,-76,0,-64,-62,-77,-75,-84,-85,-83,-84,0,0,-79,-82,-52,-54
0,0,-72,-73,0,-80,0,0,-80,-81,0,0,-67,-68,-72,-70,-77,-77,0,0,-66,-67,-67,0,-58,-61,0,0,-64,-65,-64,-64,-66,-66,0,0,-75,-76,0,-64,-62,-77,-75,-84,-85,-83,-84,0,0,-79,-82,-52,-54
0,0,-72,-73,0,-80,0,0,-80,-81,0,0,-67,-68,-72,-70,-77,-77,0,0,-66,-67,-67,0,-58,-61,0,0,-64,-65,-64,-64,-66,-66,0,0,-75,-76,0,-64,-62,-77,-75,-84,-85,-83,-84,0,0,-79,-82,-52,-54
0,0,-72,-72,0,-77,-77,0,-77,-80,0,0,-67,-68,0,0,-77,-78,0,0,-69,-70,-67,0,-55,-54,0,0,-64,-65,-67,-64,-70,-70,0,0,-70,-70,0,-63,-63,-63,-63,-77,-77,-74,-73,0,-70,-77,-78,-43,-61
0,0,-72,-72,0,-77,-77,0,-77,-80,0,0,-67,-68,0,0,-77,-78,0,0,-69,-70,-67,0,-56,-54,0,0,-64,-65,-67,-64,-70,-70,0,0,-70,-70,0,-63,-63,-63,-63,-77,-77,-74,-73,0,-70,-77,-78,-43,-61
0,0,-72,-72,0,-77,-77,0,-77,-80,0,0,-67,-68,0,0,-77,-78,0,0,-69,-70,-67,0,-56,-54,0,0,-64,-65,-67,-64,-70,-70,0,0,-70,-70,0,-63,-63,-63,-63,-77,-77,-74,-73,0,-70,-77,-78,-43,-61
0,0,-72,-72,0,-77,-77,0,-77,-80,0,0,-67,-68,0,0,-77,-78,0,0,-69,-70,-67,0,-56,-54,0,0,-64,-65,-67,-64,-70,-70,0,0,-70,-70,0,-63,-63,-63,-63,-77,-77,-74,-73,0,-70,-77,-78,-43,-61
0,0,-72,-72,0,-77,-77,0,-77,-80,0,0,-67,-68,0,0,-77,-78,0,0,-69,-70,-67,0,-57,-54,0,0,-64,-65,-67,-64,-70,-70,0,0,-70,-70,0,-63,-63,-63,-63,-77,-77,-74,-73,0,-70,-77,-78,-43,-61
0,0,-72,-72,0,-77,-77,0,-77,-78,0,0,-67,-66,0,0,-75,-76,0,0,-68,-69,0,0,-56,-56,0,0,-71,-72,-67,-64,-69,-69,0,0,-66,-66,0,-61,-59,-61,-60,-76,-76,-74,-73,0,-70,-79,-79,-42,-56
0,0,-72,-72,0,-77,-77,0,-77,-78,0,0,-67,-66,0,0,-75,-76,0,0,-68,-69,0,0,-56,-56,0,0,-71,-72,-67,-64,-69,-69,0,0,-66,-66,0,-61,-59,-61,-60,-76,-76,-74,-73,0,-70,-79,-79,-42,-56
0,0,-72,-72,0,-77,-77,0,-77,-78,0,0,-67,-66,0,0,-75,-76,0,0,-68,-69,0,0,-56,-56,0,0,-71,-72,-67,-64,-69,-69,0,0,-66,-66,0,-61,-59,-61,-60,-76,-76,-74,-73,0,-70,-79,-79,-42,-56
0,0,-72,-72,0,-77,-77,0,-77,-78,0,0,-67,-66,0,0,-75,-76,0,0,-68,-69,0,0,-56,-56,0,0,-71,-72,-67,-64,-69,-69,0,0,-66,-66,0,-61,-59,-61,-60,-76,-76,-74,-73,0,-70,-79,-79,-42,-56
0,0,-72,-72,0,-77,-77,0,-77,-78,0,0,-67,-66,0,0,-75,-76,0,0,-68,-69,0,0,-56,-56,0,0,-71,-72,-67,-64,-69,-69,0,0,-66,-66,0,-61,-59,-61,-60,-76,-76,-74,-73,0,-70,-79,-79,-42,-56
0,0,-72,-72,0,0,0,-66,-76,-76,0,0,-65,-65,0,0,-75,-76,0,0,-71,-70,-64,-62,-56,-57,0,0,-71,-72,0,-64,-69,-69,0,0,-65,-65,0,-61,-59,-61,-62,-77,-76,-73,-73,0,0,-77,-77,-40,-55
0,0,-72,-72,0,0,0,-66,-76,-76,0,0,-65,-65,0,0,-75,-76,0,0,-71,-70,-64,-62,-56,-57,0,0,-71,-72,0,-64,-69,-69,0,0,-65,-65,0,-61,-59,-61,-62,-77,-76,-73,-73,0,0,-77,-77,-40,-55
0,0,-72,-72,0,0,0,-66,-76,-76,0,0,-65,-65,0,0,-75,-76,0,0,-71,-70,-64,-62,-57,-57,0,0,-71,-72,0,-64,-69,-69,0,0,-65,-65,0,-61,-59,-61,-62,-77,-76,-73,-73,0,0,-77,-77,-40,-55
0,0,-72,-72,0,0,0,-66,-76,-76,0,0,-65,-65,0,0,-75,-76,0,0,-71,-70,-64,-62,-57,-57,0,0,-71,-72,0,-64,-69,-69,0,0,-65,-65,0,-61,-59,-61,-62,-77,-76,-73,-73,0,0,-77,-77,-40,-55
0,0,-72,-72,0,0,0,-66,-76,-76,0,0,-65,-65,0,0,-75,-76,0,0,-71,-70,-64,-62,-57,-57,0,0,-71,-72,0,-64,-69,-69,0,0,-65,-65,0,-61,-59,-61,-62,-77,-76,-73,-73,0,0,-77,-77,-40,-55
0,0,-71,-71,0,0,0,-66,-77,-77,0,0,-65,-65,0,0,-73,-73,0,0,-70,-70,-64,-62,-56,-56,0,0,-71,-74,0,0,-69,-69,0,0,-65,-65,0,-63,-61,-59,-60,-78,-77,-72,-73,0,0,-77,-77,-36,-54
0,0,-71,-71,0,0,0,-66,-77,-77,0,0,-65,-65,0,0,-73,-73,0,0,-70,-70,-64,-62,-56,-56,0,0,-71,-74,0,0,-69,-69,0,0,-65,-65,0,-63,-61,-59,-60,-78,-77,-72,-73,0,0,-77,-77,-36,-54
0,0,-71,-71,0,0,0,-66,-77,-77,0,0,-65,-65,0,0,-73,-73,0,0,-70,-70,-64,-62,-56,-56,0,0,-71,-74,0,0,-69,-69,0,0,-65,-65,0,-63,-61,-59,-60,-78,-77,-72,-73,0,0,-77,-77,-36,-54
0,0,-71,-71,0,0,0,-66,-77,-77,0,0,-65,-65,0,0,-73,-73,0,0,-70,-70,-64,-62,-56,-56,0,0,-71,-74,0,0,-69,-69,0,0,-65,-65,0,-63,-61,-59,-60,-78,-77,-72,-73,0,0,-77,-77,-36,-54
0,0,-71,-71,0,0,0,-66,-77,-77,0,0,-65,-65,0,0,-73,-73,0,0,-70,-70,-64,-62,-56,-56,0,0,-71,-74,0,0,-69,-69,0,0,-65,-65,0,-63,-61,-59,-60,-78,-77,-72,-73,0,0,-77,-77,-36,-54
0,0,-71,-72,-67,0,0,0,-79,-79,0,0,-65,-67,0,0,-73,-73,0,0,-70,-70,-64,-59,-57,-56,-71,0,-70,-74,0,0,-66,-65,0,0,-65,-66,0,-63,-61,-58,-58,-78,-77,-71,-72,0,0,-78,-78,-42,-53
0,0,-71,-72,-67,0,0,0,-79,-79,0,0,-65,-67,0,0,-73,-73,0,0,-70,-70,-64,-59,-57,-56,-71,0,-70,-74,0,0,-66,-65,0,0,-65,-66,0,-63,-61,-58,-58,-78,-77,-71,-72,0,0,-78,-78,-42,-53
0,0,-71,-72,-67,0,0,0,-79,-79,0,0,-65,-67,0,0,-73,-73,0,0,-70,-70,-64,-59,-57,-56,-71,0,-70,-74,0,0,-66,-65,0,0,-65,-66,0,-63,-61,-58,-58,-78,-77,-71,-72,0,0,-78,-78,-42,-53
0,0,-71,-72,-67,0,0,0,-79,-79,0,0,-65,-67,0,0,-73,-73,0,0,-70,-70,-64,-59,-56,-56,-71,0,-70,-74,0,0,-66,-65,0,0,-65,-66,0,-63,-61,-58,-58,-78,-77,-71,-72,0,0,-78,-78,-42,-53
0,0,-71,-72,-67,0,0,0,-79,-79,0,0,-65,-67,0,0,-73,-73,0,0,-70,-70,-64,-59,-56,-56,-71,0,-70,-74,0,0,-66,-65,0,0,-65,-66,0,-63,-61,-58,-58,-78,-77,-71,-72,0,0,-78,-78,-42,-53
0,0,-71,-72,-67,0,0,0,-79,-80,-78,-77,-66,-67,0,0,-73,-73,0,0,-70,-70,-64,-59,-57,-56,-71,0,-70,0,0,0,-66,-68,0,0,-65,-65,0,0,0,-58,-58,-79,-78,-71,-72,0,0,-78,-78,-41,-53
0,0,-71,-72,-67,0,0,0,-79,-80,-78,-77,-66,-67,0,0,-73,-73,0,0,-70,-70,-64,-59,-57,-56,-71,0,-70,0,0,0,-66,-68,0,0,-65,-65,0,0,0,-58,-58,-79,-78,-71,-72,0,0,-78,-78,-41,-53
0,0,-71,-72,-67,0,0,0,-79,-80,-78,-77,-66,-67,0,0,-73,-73,0,0,-70,-70,-64,-59,-57,-56,-71,0,-70,0,0,0,-66,-68,0,0,-65,-65,0,0,0,-58,-58,-79,-78,-71,-72,0,0,-78,-78,-41,-53
0,0,-71,-72,-67,0,0,0,-79,-80,-78,-77,-66,-67,0,0,-73,-73,0,0,-70,-70,-64,-59,-56,-56,-71,0,-70,0,0,0,-66,-68,0,0,-65,-65,0,0,0,-58,-58,-79,-78,-71,-72,0,0,-78,-78,-41,-53
0,0,-71,-72,-67,0,0,0,-79,-80,-78,-77,-66,-67,0,0,-73,-73,0,0,-70,-70,-64,-59,-56,-56,-71,0,-70,0,0,0,-66,-68,0,0,-65,-65,0,0,0,-58,-58,-79,-78,-71,-72,0,0,-78,-78,-41,-53
0,-62,-72,-72,0,0,0,-68,-79,-77,-78,-77,-66,-66,-74,-70,-73,-73,0,0,-69,-70,0,-63,-56,-55,0,0,-70,-71,0,0,-67,-66,0,0,-65,-65,0,0,-59,-58,-58,-79,-78,-71,-71,0,0,-79,-79,-39,-51
0,-62,-72,-72,0,0,0,-68,-79,-77,-78,-77,-66,-66,-74,-70,-73,-73,0,0,-69,-70,0,-63,-55,-55,0,0,-70,-71,0,0,-67,-66,0,0,-65,-65,0,0,-59,-58,-58,-79,-78,-71,-71,0,0,-79,-79,-39,-51
0,-62,-72,-72,0,0,0,-68,-79,-77,-78,-77,-66,-66,-74,-70,-73,-73,0,0,-69,-70,0,-63,-55,-55,0,0,-70,-71,0,0,-67,-66,0,0,-65,-65,0,0,-59,-58,-58,-79,-78,-71,-71,0,0,-79,-79,-39,-51
0,-62,-72,-72,0,0,0,-68,-79,-77,-78,-77,-66,-66,-74,-70,-73,-73,0,0,-69,-70,0,-63,-55,-55,0,0,-70,-71,0,0,-67,-66,0,0,-65,-65,0,0,-59,-58,-58,-79,-78,-71,-71,0,0,-79,-79,-39,-51
0,-62,-72,-72,0,0,0,-68,-79,-77,-78,-77,-66,-66,-74,-70,-73,-73,0,0,-69,-70,0,-63,-55,-55,0,0,-70,-71,0,0,-67,-66,0,0,-65,-65,0,0,-59,-58,-58,-79,-78,-71,-71,0,0,-79,-79,-39,-51
0,-61,-70,-71,0,-77,-77,-68,-79,-79,0,0,-67,-67,-74,-70,-74,-75,0,-66,-69,-70,-64,-63,-55,-53,0,0,-70,-71,-64,0,-66,-66,0,0,-65,-65,0,0,-59,-58,-58,-77,-76,-71,-71,0,0,-79,-80,-42,-53
0,-61,-70,-71,0,-77,-77,-68,-79,-79,0,0,-67,-67,-74,-70,-74,-75,0,-66,-69,-70,-64,-63,-55,-53,0,0,-70,-71,-64,0,-66,-66,0,0,-65,-65,0,0,-59,-58,-58,-77,-76,-71,-71,0,0,-79,-80,-42,-53
0,-61,-70,-71,0,-77,-77,-68,-79,-79,0,0,-67,-67,-74,-70,-74,-75,0,-66,-69,-70,-64,-63,-55,-53,0,0,-70,-71,-64,0,-66,-66,0,0,-65,-65,0,0,-59,-58,-58,-77,-76,-71,-71,0,0,-79,-80,-42,-53
0,-61,-70,-71,0,-77,-77,-68,-79,-79,0,0,-67,-67,-74,-70,-74,-75,0,-66,-69,-70,-64,-63,-55,-53,0,0,-70,-71,-64,0,-66,-66,0,0,-65,-65,0,0,-59,-58,-58,-77,-76,-71,-71,0,0,-79,-80,-42,-53
0,-61,-70,-71,0,-77,-77,-68,-79,-79,0,0,-67,-67,-74,-70,-74,-75,0,-66,-69,-70,-64,-63,-55,-53,0,0,-70,-71,-64,0,-66,-66,0,0,-65,-65,0,0,-59,-58,-58,-77,-76,-71,-71,0,0,-79,-80,-42,-53
0,-61,-71,-71,0,-77,-77,0,-79,-79,-76,-76,-65,-66,-74,-70,-75,-74,0,-66,-69,-69,-63,-62,-55,-54,-71,0,-70,0,-64,0,-68,-69,0,0,-65,-65,0,-61,-58,-57,-58,-77,-77,-71,-71,0,0,-79,-79,-39,-52
0,-61,-71,-71,0,-77,-77,0,-79,-79,-76,-76,-65,-66,-74,-70,-75,-74,0,-66,-69,-69,-63,-62,-56,-54,-71,0,-70,0,-64,0,-68,-69,0,0,-65,-65,0,-61,-58,-57,-58,-77,-77,-71,-71,0,0,-79,-79,-39,-52
0,-61,-71,-71,0,-77,-77,0,-79,-79,-76,-76,-65,-66,-74,-70,-75,-74,0,-66,-69,-69,-63,-62,-56,-54,-71,0,-70,0,-64,0,-68,-69,0,0,-65,-65,0,-61,-58,-57,-58,-77,-77,-71,-71,0,0,-79,-79,-39,-52
0,-61,-71,-71,0,-77,-77,0,-79,-79,-76,-76,-65,-66,-74,-70,-75,-74,0,-66,-69,-69,-63,-62,-56,-54,-71,0,-70,0,-64,0,-68,-69,0,0,-65,-65,0,-61,-58,-57,-58,-77,-77,-71,-71,0,0,-79,-79,-39,-52
0,-61,-71,-71,0,-77,-77,0,-79,-79,-76,-76,-65,-66,-74,-70,-75,-74,0,-66,-69,-69,-63,-62,-56,-54,-71,0,-70,0,-64,0,-68,-69,0,0,-65,-65,0,-61,-58,-57,-58,-77,-77,-71,-71,0,0,-79,-79,-39,-52
0,0,-71,-72,0,0,0,-67,-77,-78,-76,-76,-66,-66,-74,-70,-74,-74,0,0,-69,-69,-63,-62,-55,-55,-71,0,-70,-71,0,0,-68,-69,0,0,-63,-62,0,-63,-60,-58,-59,-77,-77,-73,-71,0,0,-82,-80,-41,-52
0,0,-71,-72,0,0,0,-67,-77,-78,-76,-76,-66,-66,-74,-70,-74,-74,0,0,-69,-69,-63,-62,-55,-55,-71,0,-70,-71,0,0,-68,-69,0,0,-63,-62,0,-63,-60,-58,-59,-77,-77,-73,-71,0,0,-82,-80,-41,-52
0,0,-71,-72,0,0,0,-67,-77,-78,-76,-76,-66,-66,-74,-70,-74,-74,0,0,-69,-69,-63,-62,-55,-55,-71,0,-70,-71,0,0,-68,-69,0,0,-63,-62,0,-63,-60,-58,-59,-77,-77,-73,-71,0,0,-82,-80,-41,-52
0,0,-71,-72,0,0,0,-67,-77,-78,-76,-76,-66,-66,-74,-70,-74,-74,0,0,-69,-69,-63,-62,-55,-55,-71,0,-70,-71,0,0,-68,-69,0,0,-63,-62,0,-63,-60,-58,-59,-77,-77,-73,-71,0,0,-82,-80,-41,-52
0,0,-71,-72,0,0,0,-67,-77,-78,-76,-76,-66,-66,-74,-70,-74,-74,0,0,-69,-69,-63,-62,-56,-55,-71,0,-70,-71,0,0,-68,-69,0,0,-63,-62,0,-63,-60,-58,-59,-77,-77,-73,-71,0,0,-82,-80,-41,-52
0,0,-71,-71,0,0,0,-67,-77,-79,0,0,-66,-66,0,0,-72,-72,0,0,-69,-72,0,-62,-56,-55,0,0,-71,-71,-66,-66,-68,-69,0,0,-63,-64,0,-63,-59,-58,-59,-77,-76,-73,-72,0,0,-82,-80,-43,-53
0,0,-71,-71,0,0,0,-67,-77,-79,0,0,-66,-66,0,0,-72,-72,0,0,-69,-72,0,-62,-56,-55,0,0,-71,-71,-66,-66,-68,-69,0,0,-63,-64,0,-63,-59,-58,-59,-77,-76,-73,-72,0,0,-82,-80,-43,-53
0,0,-71,-72,-70,0,0,0,-76,-77,0,0,-66,-66,-80,-79,-72,-72,0,0,-70,-70,0,0,-57,-57,0,0,-70,-72,-66,-66,-69,-69,0,0,-65,-66,0,0,-59,-60,-59,-77,-77,-73,-72,0,0,-80,-79,-47,-55
0,0,-71,-72,-70,0,0,0,-76,-77,0,0,-66,-66,-80,-79,-72,-72,0,0,-70,-70,0,0,-57,-57,0,0,-70,-72,-66,-66,-69,-69,0,0,-65,-66,0,0,-59,-60,-59,-77,-77,-73,-72,0,0,-80,-79,-47,-55
0,0,-71,-72,-70,0,0,0,-76,-77,0,0,-66,-66,-80,-79,-72,-72,0,0,-70,-70,0,0,-57,-57,0,0,-70,-72,-66,-66,-69,-69,0,0,-65,-66,0,0,-59,-60,-59,-77,-77,-73,-72,0,0,-80,-79,-47,-55
0,0,-71,-72,-70,0,0,0,-76,-77,0,0,-66,-66,-80,-79,-72,-72,0,0,-70,-70,0,0,-57,-57,0,0,-70,-72,-66,-66,-69,-69,0,0,-65,-66,0,0,-59,-60,-59,-77,-77,-73,-72,0,0,-80,-79,-47,-55
0,0,-71,-72,-70,0,0,0,-76,-77,0,0,-66,-66,-80,-79,-72,-72,0,0,-70,-70,0,0,-57,-57,0,0,-70,-72,-66,-66,-69,-69,0,0,-65,-66,0,0,-59,-60,-59,-77,-77,-73,-72,0,0,-80,-79,-47,-55
0,0,-71,-72,-67,-76,-75,-72,-76,-77,0,0,-63,-63,-80,-81,-78,-77,0,0,-75,-74,-68,-66,-56,-56,-64,0,-69,-70,-66,-67,-69,-69,0,0,-68,-69,0,0,0,-68,-67,-81,-81,-80,-79,0,0,-80,-79,-44,-60
0,0,-71,-72,-67,-76,-75,-72,-76,-77,0,0,-63,-63,-80,-81,-78,-77,0,0,-75,-74,-68,-66,-58,-56,-64,0,-69,-70,-66,-67,-69,-69,0,0,-68,-69,0,0,0,-68,-67,-81,-81,-80,-79,0,0,-80,-79,-44,-60
0,0,-71,-72,-67,-76,-75,-72,-76,-77,0,0,-63,-63,-80,-81,-78,-77,0,0,-75,-74,-68,-66,-58,-56,-64,0,-69,-70,-66,-67,-69,-69,0,0,-68,-69,0,0,0,-68,-67,-81,-81,-80,-79,0,0,-80,-79,-44,-60
0,0,-71,-72,-67,-76,-75,-72,-76,-77,0,0,-63,-63,-80,-81,-78,-77,0,0,-75,-74,-68,-66,-58,-56,-64,0,-69,-70,-66,-67,-69,-69,0,0,-68,-69,0,0,0,-68,-67,-81,-81,-80,-79,0,0,-80,-79,-44,-60
0,0,-71,-72,-67,-76,-75,-72,-76,-77,0,0,-63,-63,-80,-81,-78,-77,0,0,-75,-74,-68,-66,-57,-56,-64,0,-69,-70,-66,-67,-69,-69,0,0,-68,-69,0,0,0,-68,-67,-81,-81,-80,-79,0,0,-80,-79,-44,-60
0,0,-71,-70,-67,-76,-75,-72,-76,-77,-72,-71,-64,-64,0,-81,-80,-81,0,0,-74,-75,-68,-64,-56,-57,-64,0,-69,-69,-66,-62,-66,-65,0,0,-70,-70,0,0,0,-74,-74,-81,-81,-80,-79,0,0,-79,-79,-41,-61
0,0,-71,-70,-67,-76,-75,-72,-76,-77,-72,-71,-64,-64,0,-81,-80,-81,0,0,-74,-75,-68,-64,-57,-57,-64,0,-69,-69,-66,-62,-66,-65,0,0,-70,-70,0,0,0,-74,-74,-81,-81,-80,-79,0,0,-79,-79,-41,-61
0,0,-71,-70,-67,-76,-75,-72,-76,-77,-72,-71,-64,-64,0,-81,-80,-81,0,0,-74,-75,-68,-64,-57,-57,-64,0,-69,-69,-66,-62,-66,-65,0,0,-70,-70,0,0,0,-74,-74,-81,-81,-80,-79,0,0,-79,-79,-41,-61
0,0,-71,-70,-67,-76,-75,-72,-76,-77,-72,-71,-64,-64,0,-81,-80,-81,0,0,-74,-75,-68,-64,-57,-57,-64,0,-69,-69,-66,-62,-66,-65,0,0,-70,-70,0,0,0,-74,-74,-81,-81,-80,-79,0,0,-79,-79,-41,-61
0,0,-71,-70,-67,-76,-75,-72,-76,-77,-72,-71,-64,-64,0,-81,-80,-81,0,0,-74,-75,-68,-64,-58,-57,-64,0,-69,-69,-66,-62,-66,-65,0,0,-70,-70,0,0,0,-74,-74,-81,-81,-80,-79,0,0,-79,-79,-41,-61
0,0,-71,-70,0,0,0,-70,-77,-79,-71,-70,-62,-62,0,0,-80,-81,0,0,-74,-75,0,-64,-58,-58,-66,0,-66,-68,0,-62,-69,-69,0,0,-64,-64,0,0,0,-76,-77,0,0,-82,-80,0,0,-77,-77,-41,-60
0,0,-71,-70,0,0,0,-70,-77,-79,-71,-70,-62,-62,0,0,-80,-81,0,0,-74,-75,0,-64,-58,-58,-66,0,-66,-68,0,-62,-69,-69,0,0,-64,-64,0,0,0,-76,-77,0,0,-82,-80,0,0,-77,-77,-41,-60
0,0,-71,-70,0,0,0,-70,-77,-79,-71,-70,-62,-62,0,0,-80,-81,0,0,-74,-75,0,-64,-57,-58,-66,0,-66,-68,0,-62,-69,-69,0,0,-64,-64,0,0,0,-76,-77,0,0,-82,-80,0,0,-77,-77,-41,-60
0,0,-71,-70,0,0,0,-70,-77,-79,-71,-70,-62,-62,0,0,-80,-81,0,0,-74,-75,0,-64,-57,-58,-66,0,-66,-68,0,-62,-69,-69,0,0,-64,-64,0,0,0,-76,-77,0,0,-82,-80,0,0,-77,-77,-41,-60
0,0,-71,-70,0,0,0,-70,-77,-79,-71,-70,-62,-62,0,0,-80,-81,0,0,-74,-75,0,-64,-58,-58,-66,0,-66,-68,0,-62,-69,-69,0,0,-64,-64,0,0,0,-76,-77,0,0,-82,-80,0,0,-77,-77,-41,-60
0,0,-71,-70,0,0,0,-71,-77,-77,-71,-70,-63,-62,-75,-72,-83,-82,0,0,-76,-75,0,-66,-58,-58,-66,0,-67,-68,-66,0,-68,-68,-70,0,-67,-67,0,0,0,-73,-73,-81,-82,-81,-80,0,0,-77,-77,-39,-58
0,0,-71,-70,0,0,0,-71,-77,-77,-71,-70,-63,-62,-75,-72,-83,-82,0,0,-76,-75,0,-66,-58,-58,-66,0,-67,-68,-66,0,-68,-68,-70,0,-67,-67,0,0,0,-73,-73,-81,-82,-81,-80,0,0,-77,-77,-39,-58
0,0,-71,-70,0,0,0,-71,-77,-77,-71,-70,-63,-62,-75,-72,-83,-82,0,0,-76,-75,0,-66,-56,-58,-66,0,-67,-68,-66,0,-68,-68,-70,0,-67,-67,0,0,0,-73,-73,-81,-82,-81,-80,0,0,-77,-77,-39,-58
0,0,-71,-70,0,0,0,-71,-77,-77,-71,-70,-63,-62,-75,-72,-83,-82,0,0,-76,-75,0,-66,-56,-58,-66,0,-67,-68,-66,0,-68,-68,-70,0,-67,-67,0,0,0,-73,-73,-81,-82,-81,-80,0,0,-77,-77,-39,-58
0,0,-71,-70,0,0,0,-71,-77,-77,-71,-70,-63,-62,-75,-72,-83,-82,0,0,-76,-75,0,-66,-56,-58,-66,0,-67,-68,-66,0,-68,-68,-70,0,-67,-67,0,0,0,-73,-73,-81,-82,-81,-80,0,0,-77,-77,-39,-58
0,0,-70,-70,0,0,0,-71,-73,-74,-73,-70,-66,-65,-75,-72,-80,-81,0,0,-76,-71,0,-62,-57,-56,0,0,-67,-68,-66,-64,-69,-68,-70,0,-67,-68,0,0,0,-73,-73,-81,-82,-77,-76,0,0,-80,-79,-44,-58
0,0,-70,-70,0,0,0,-71,-73,-74,-73,-70,-66,-65,-75,-72,-80,-81,0,0,-76,-71,0,-62,-57,-56,0,0,-67,-68,-66,-64,-69,-68,-70,0,-67,-68,0,0,0,-73,-73,-81,-82,-77,-76,0,0,-80,-79,-44,-58
0,0,-70,-70,0,0,0,-71,-73,-74,-73,-70,-66,-65,-75,-72,-80,-81,0,0,-76,-71,0,-62,-55,-56,0,0,-67,-68,-66,-64,-69,-68,-70,0,-67,-68,0,0,0,-73,-73,-81,-82,-77,-76,0,0,-80,-79,-44,-58
0,0,-70,-70,0,0,0,-71,-73,-74,-73,-70,-66,-65,-75,-72,-80,-81,0,0,-76,-71,0,-62,-55,-56,0,0,-67,-68,-66,-64,-69,-68,-70,0,-67,-68,0,0,0,-73,-73,-81,-82,-77,-76,0,0,-80,-79,-44,-58
0,0,-70,-70,0,0,0,-71,-73,-74,-73,-70,-66,-65,-75,-72,-80,-81,0,0,-76,-71,0,-62,-55,-56,0,0,-67,-68,-66,-64,-69,-68,-70,0,-67,-68,0,0,0,-73,-73,-81,-82,-77,-76,0,0,-80,-79,-44,-58
0,0,-74,-74,0,-77,-77,-68,-73,-73,-73,-70,-62,-62,0,0,-80,-79,0,0,0,-71,-68,-62,-55,-55,0,0,-69,-68,0,-60,-69,-66,-72,0,-67,-67,0,0,0,-71,-72,-83,0,-78,-79,0,0,-77,-77,-47,-54
0,0,-74,-74,0,-77,-77,-68,-73,-73,-73,-70,-62,-62,0,0,-80,-79,0,0,0,-71,-68,-62,-55,-55,0,0,-69,-68,0,-60,-69,-66,-72,0,-67,-67,0,0,0,-71,-72,-83,0,-78,-79,0,0,-77,-77,-47,-54
0,0,-74,-74,0,-77,-77,-68,-73,-73,-73,-70,-62,-62,0,0,-80,-79,0,0,0,-71,-68,-62,-55,-55,0,0,-69,-68,0,-60,-69,-66,-72,0,-67,-67,0,0,0,-71,-72,-83,0,-78,-79,0,0,-77,-77,-47,-54
0,0,-74,-74,0,-77,-77,-68,-73,-73,-73,-70,-62,-62,0,0,-80,-79,0,0,0,-71,-68,-62,-55,-55,0,0,-69,-68,0,-60,-69,-66,-72,0,-67,-67,0,0,0,-71,-72,-83,0,-78,-79,0,0,-77,-77,-47,-54
0,0,-74,-74,0,-77,-77,-68,-73,-73,-73,-70,-62,-62,0,0,-80,-79,0,0,0,-71,-68,-62,-55,-55,0,0,-69,-68,0,-60,-69,-66,-72,0,-67,-67,0,0,0,-71,-72,-83,0,-78,-79,0,0,-77,-77,-47,-54
0,0,-75,-75,0,-77,-77,-68,-77,-77,-73,0,-62,-62,0,0,-77,-78,0,0,0,-75,-66,-65,-55,-55,0,0,-70,-68,0,-61,-67,-66,-69,0,-67,-67,0,0,0,-75,-74,-83,0,-82,-79,0,0,-77,-77,-47,-57
0,0,-75,-75,0,-77,-77,-68,-77,-77,-73,0,-62,-62,0,0,-77,-78,0,0,0,-75,-66,-65,-55,-55,0,0,-70,-68,0,-61,-67,-66,-69,0,-67,-67,0,0,0,-75,-74,-83,0,-82,-79,0,0,-77,-77,-47,-57
0,0,-75,-75,0,-77,-77,-68,-77,-77,-73,0,-62,-62,0,0,-77,-78,0,0,0,-75,-66,-65,-55,-55,0,0,-70,-68,0,-61,-67,-66,-69,0,-67,-67,0,0,0,-75,-74,-83,0,-82,-79,0,0,-77,-77,-47,-57
0,0,-75,-75,0,-77,-77,-68,-77,-77,-73,0,-62,-62,0,0,-77,-78,0,0,0,-75,-66,-65,-56,-55,0,0,-70,-68,0,-61,-67,-66,-69,0,-67,-67,0,0,0,-75,-74,-83,0,-82,-79,0,0,-77,-77,-47,-57
0,0,-75,-75,0,-77,-77,-68,-77,-77,-73,0,-62,-62,0,0,-77,-78,0,0,0,-75,-66,-65,-56,-55,0,0,-70,-68,0,-61,-67,-66,-69,0,-67,-67,0,0,0,-75,-74,-83,0,-82,-79,0,0,-77,-77,-47,-57
0,0,-76,-76,0,0,0,-69,-77,-77,-73,0,-62,-61,-75,-71,-80,-79,0,0,-72,-73,-66,-64,-56,-57,0,-63,-69,0,0,-61,-68,-68,-69,0,-68,-69,0,0,0,-71,-71,-86,0,-81,-79,-78,-72,-77,-77,-43,-56
0,0,-76,-76,0,0,0,-69,-77,-77,-73,0,-62,-61,-75,-71,-80,-79,0,0,-72,-73,-66,-64,-56,-57,0,-63,-69,0,0,-61,-68,-68,-69,0,-68,-69,0,0,0,-71,-71,-86,0,-81,-79,-78,-72,-77,-77,-43,-56
0,0,-76,-76,0,0,0,-69,-77,-77,-73,0,-62,-61,-75,-71,-80,-79,0,0,-72,-73,-66,-64,-56,-57,0,-63,-69,0,0,-61,-68,-68,-69,0,-68,-69,0,0,0,-71,-71,-86,0,-81,-79,-78,-72,-77,-77,-43,-56
0,0,-76,-76,0,0,0,-69,-77,-77,-73,0,-62,-61,-75,-71,-80,-79,0,0,-72,-73,-66,-64,-56,-57,0,-63,-69,0,0,-61,-68,-68,-69,0,-68,-69,0,0,0,-71,-71,-86,0,-81,-79,-78,-72,-77,-77,-43,-56
0,0,-76,-76,0,0,0,-69,-77,-77,-73,0,-62,-61,-75,-71,-80,-79,0,0,-72,-73,-66,-64,-56,-57,0,-63,-69,0,0,-61,-68,-68,-69,0,-68,-69,0,0,0,-71,-71,-86,0,-81,-79,-78,-72,-77,-77,-43,-56
0,0,-76,-77,0,0,0,-69,-77,-77,0,0,-61,-61,-75,-71,-80,-80,0,0,-72,-73,-66,-64,-56,-56,0,-64,-66,-67,0,-60,-67,-67,0,0,-67,-67,0,0,0,-71,-71,-86,0,-80,-79,-78,-72,-78,-79,-44,-57
0,0,-76,-77,0,0,0,-69,-77,-77,0,0,-61,-61,-75,-71,-80,-80,0,0,-72,-73,-66,-64,-57,-56,0,-64,-66,-67,0,-60,-67,-67,0,0,-67,-67,0,0,0,-71,-71,-86,0,-80,-79,-78,-72,-78,-79,-44,-57
0,0,-76,-77,0,0,0,-69,-77,-77,0,0,-61,-61,-75,-71,-80,-80,0,0,-72,-73,-66,-64,-57,-56,0,-64,-66,-67,0,-60,-67,-67,0,0,-67,-67,0,0,0,-71,-71,-86,0,-80,-79,-78,-72,-78,-79,-44,-57
0,0,-76,-77,0,0,0,-69,-77,-77,0,0,-61,-61,-75,-71,-80,-80,0,0,-72,-73,-66,-64,-57,-56,0,-64,-66,-67,0,-60,-67,-67,0,0,-67,-67,0,0,0,-71,-71,-86,0,-80,-79,-78,-72,-78,-79,-44,-57
0,0,-76,-77,0,0,0,-69,-77,-77,0,0,-61,-61,-75,-71,-80,-80,0,0,-72,-73,-66,-64,-57,-56,0,-64,-66,-67,0,-60,-67,-67,0,0,-67,-67,0,0,0,-71,-71,-86,0,-80,-79,-78,-72,-78,-79,-44,-57
0,0,-76,-74,0,0,0,0,-77,-77,0,0,-61,-61,0,0,-78,-78,0,0,-71,-73,-67,0,-57,-57,0,-64,-67,-67,0,-60,-69,-70,0,0,-67,-67,0,0,0,-70,-71,0,0,-80,-79,0,0,-78,-78,-45,-53
0,0,-76,-74,0,0,0,0,-77,-77,0,0,-61,-61,0,0,-78,-78,0,0,-71,-73,-67,0,-57,-57,0,-64,-67,-67,0,-60,-69,-70,0,0,-67,-67,0,0,0,-70,-71,0,0,-80,-79,0,0,-78,-78,-45,-53
0,0,-76,-74,0,0,0,0,-77,-77,0,0,-61,-61,0,0,-78,-78,0,0,-71,-73,-67,0,-57,-57,0,-64,-67,-67,0,-60,-69,-70,0,0,-67,-67,0,0,0,-70,-71,0,0,-80,-79,0,0,-78,-78,-45,-53
0,0,-76,-74,0,0,0,0,-77,-77,0,0,-61,-61,0,0,-78,-78,0,0,-71,-73,-67,0,-57,-57,0,-64,-67,-67,0,-60,-69,-70,0,0,-67,-67,0,0,0,-70,-71,0,0,-80,-79,0,0,-78,-78,-45,-53
0,0,-76,-74,0,0,0,0,-77,-77,0,0,-61,-61,0,0,-78,-78,0,0,-71,-73,-67,0,-57,-57,0,-64,-67,-67,0,-60,-69,-70,0,0,-67,-67,0,0,0,-70,-71,0,0,-80,-79,0,0,-78,-78,-45,-53
0,0,-76,-75,0,0,0,-71,-80,-79,0,0,-65,-66,0,-73,-79,-79,0,-71,-73,-73,-66,-64,-57,-57,0,0,-68,-68,0,-60,-71,-72,0,0,-67,-67,0,0,0,-72,-72,-83,-84,-81,-80,0,0,-78,-77,-45,-55
0,0,-76,-75,0,0,0,-71,-80,-79,0,0,-65,-66,0,-73,-79,-79,0,-71,-73,-73,-66,-64,-57,-57,0,0,-68,-68,0,-60,-71,-72,0,0,-67,-67,0,0,0,-72,-72,-83,-84,-81,-80,0,0,-78,-77,-45,-55
0,0,-78,-77,0,0,0,-71,-77,-77,0,0,-65,-66,0,-73,-82,-83,0,-71,-74,-72,-67,-65,-58,-57,0,-64,-69,-68,0,0,-71,-72,-68,-70,-67,-67,0,-71,-68,-73,-72,-83,-84,-82,-82,0,-74,-81,-80,-42,-59
0,0,-78,-77,0,0,0,-71,-77,-77,0,0,-65,-66,0,-73,-82,-83,0,-71,-74,-72,-67,-65,-58,-57,0,-64,-69,-68,0,0,-71,-72,-68,-70,-67,-67,0,-71,-68,-73,-72,-83,-84,-82,-82,0,-74,-81,-80,-42,-59
0,0,-78,-77,0,0,0,-71,-77,-77,0,0,-65,-66,0,-73,-82,-83,0,-71,-74,-72,-67,-65,-58,-57,0,-64,-69,-68,0,0,-71,-72,-68,-70,-67,-67,0,-71,-68,-73,-72,-83,-84,-82,-82,0,-74,-81,-80,-42,-59
0,0,-78,-77,0,0,0,-71,-77,-77,0,0,-65,-66,0,-73,-82,-83,0,-71,-74,-72,-67,-65,-58,-57,0,-64,-69,-68,0,0,-71,-72,-68,-70,-67,-67,0,-71,-68,-73,-72,-83,-84,-82,-82,0,-74,-81,-80,-42,-59
0,0,-78,-77,0,0,0,-71,-77,-77,0,0,-65,-66,0,-73,-82,-83,0,-71,-74,-72,-67,-65,-58,-57,0,-64,-69,-68,0,0,-71,-72,-68,-70,-67,-67,0,-71,-68,-73,-72,-83,-84,-82,-82,0,-74,-81,-80,-42,-59
0,0,-79,-80,-79,0,0,0,-81,-81,0,0,-73,-73,0,0,-78,-79,0,0,-77,-76,-67,-65,-58,-58,0,-64,-64,-65,0,0,-73,-74,-72,-70,-71,-71,0,-71,-68,-73,-72,0,0,-84,-86,0,-74,-81,-81,-46,-56
0,0,-79,-80,-79,0,0,0,-81,-81,0,0,-73,-73,0,0,-78,-79,0,0,-77,-76,-67,-65,-59,-58,0,-64,-64,-65,0,0,-73,-74,-72,-70,-71,-71,0,-71,-68,-73,-72,0,0,-84,-86,0,-74,-81,-81,-46,-56
0,0,-79,-80,-79,0,0,0,-81,-81,0,0,-73,-73,0,0,-78,-79,0,0,-77,-76,-67,-65,-59,-58,0,-64,-64,-65,0,0,-73,-74,-72,-70,-71,-71,0,-71,-68,-73,-72,0,0,-84,-86,0,-74,-81,-81,-46,-56
0,0,-79,-80,-79,0,0,0,-81,-81,0,0,-73,-73,0,0,-78,-79,0,0,-77,-76,-67,-65,-57,-58,0,-64,-64,-65,0,0,-73,-74,-72,-70,-71,-71,0,-71,-68,-73,-72,0,0,-84,-86,0,-74,-81,-81,-46,-56
0,0,-79,-80,-79,0,0,0,-81,-81,0,0,-73,-73,0,0,-78,-79,0,0,-77,-76,-67,-65,-57,-58,0,-64,-64,-65,0,0,-73,-74,-72,-70,-71,-71,0,-71,-68,-73,-72,0,0,-84,-86,0,-74,-81,-81,-46,-56
0,0,-77,-77,-79,-73,0,0,-79,-78,0,0,-74,-74,0,-66,-80,-80,0,0,-77,-76,0,0,-58,-57,0,0,-65,-66,0,0,-73,-73,-72,0,-71,-72,0,0,-68,-73,-72,0,0,-84,-86,0,0,-79,-80,-46,-50
0,0,-77,-77,-79,-73,0,0,-79,-78,0,0,-74,-74,0,-66,-80,-80,0,0,-77,-76,0,0,-59,-57,0,0,-65,-66,0,0,-73,-73,-72,0,-71,-72,0,0,-68,-73,-72,0,0,-84,-86,0,0,-79,-80,-46,-50
0,0,-77,-77,-79,-73,0,0,-79,-78,0,0,-74,-74,0,-66,-80,-80,0,0,-77,-76,0,0,-59,-57,0,0,-65,-66,0,0,-73,-73,-72,0,-71,-72,0,0,-68,-73,-72,0,0,-84,-86,0,0,-79,-80,-46,-50
0,0,-77,-77,-79,-73,0,0,-79,-78,0,0,-74,-74,0,-66,-80,-80,0,0,-77,-76,0,0,-59,-57,0,0,-65,-66,0,0,-73,-73,-72,0,-71,-72,0,0,-68,-73,-72,0,0,-84,-86,0,0,-79,-80,-46,-50
0,0,-77,-77,-79,-73,0,0,-79,-78,0,0,-74,-74,0,-66,-80,-80,0,0,-77,-76,0,0,-57,-57,0,0,-65,-66,0,0,-73,-73,-72,0,-71,-72,0,0,-68,-73,-72,0,0,-84,-86,0,0,-79,-80,-46,-50
0,0,-78,-78,0,-73,0,0,-79,-79,0,0,-78,-78,0,-66,-82,-82,0,0,0,0,0,0,-55,-55,0,-59,-65,-66,-70,-67,-74,-73,0,0,-71,-72,0,0,-68,-75,-76,0,0,-83,-83,0,0,-79,-80,-43,-49
0,0,-78,-78,0,-73,0,0,-79,-79,0,0,-78,-78,0,-66,-82,-82,0,0,0,0,0,0,-56,-55,0,-59,-65,-66,-70,-67,-74,-73,0,0,-71,-72,0,0,-68,-75,-76,0,0,-83,-83,0,0,-79,-80,-43,-49
0,0,-78,-78,0,-73,0,0,-79,-79,0,0,-78,-78,0,-66,-82,-82,0,0,0,0,0,0,-56,-55,0,-59,-65,-66,-70,-67,-74,-73,0,0,-71,-72,0,0,-68,-75,-76,0,0,-83,-83,0,0,-79,-80,-43,-49
0,0,-78,-78,0,-73,0,0,-79,-79,0,0,-78,-78,0,-66,-82,-82,0,0,0,0,0,0,-56,-55,0,-59,-65,-66,-70,-67,-74,-73,0,0,-71,-72,0,0,-68,-75,-76,0,0,-83,-83,0,0,-79,-80,-43,-49
0,0,-78,-78,0,-73,0,0,-79,-79,0,0,-78,-78,0,-66,-82,-82,0,0,0,0,0,0,-58,-55,0,-59,-65,-66,-70,-67,-74,-73,0,0,-71,-72,0,0,-68,-75,-76,0,0,-83,-83,0,0,-79,-80,-43,-49
0,0,-78,-77,0,0,0,0,-78,-79,0,0,-76,-77,0,0,-81,-82,0,0,0,0,-63,-64,-56,-56,0,-59,-68,-66,-70,-67,-75,-75,0,0,-71,-72,0,0,0,-74,-74,0,0,-83,-83,0,0,-77,-77,-42,-50
0,0,-78,-77,0,0,0,0,-78,-79,0,0,-76,-77,0,0,-81,-82,0,0,0,0,-63,-64,-56,-56,0,-59,-68,-66,-70,-67,-75,-75,0,0,-71,-72,0,0,0,-74,-74,0,0,-83,-83,0,0,-77,-77,-42,-50
0,0,-78,-77,0,0,0,0,-78,-79,0,0,-76,-77,0,0,-81,-82,0,0,0,0,-63,-64,-58,-56,0,-59,-68,-66,-70,-67,-75,-75,0,0,-71,-72,0,0,0,-74,-74,0,0,-83,-83,0,0,-77,-77,-42,-50
0,0,-78,-77,0,0,0,0,-78,-79,0,0,-76,-77,0,0,-81,-82,0,0,0,0,-63,-64,-58,-56,0,-59,-68,-66,-70,-67,-75,-75,0,0,-71,-72,0,0,0,-74,-74,0,0,-83,-83,0,0,-77,-77,-42,-50
0,0,-78,-77,0,0,0,0,-78,-79,0,0,-76,-77,0,0,-81,-82,0,0,0,0,-63,-64,-59,-56,0,-59,-68,-66,-70,-67,-75,-75,0,0,-71,-72,0,0,0,-74,-74,0,0,-83,-83,0,0,-77,-77,-42,-50
0,0,-78,-77,0,0,0,0,-78,-79,0,0,-76,-77,-73,-69,-82,-82,0,0,0,0,-63,-63,-60,-60,0,-71,-64,-65,-71,0,-70,-70,0,0,-71,-72,0,0,0,-76,-76,0,0,-83,-84,0,0,-78,-77,-42,-50
0,0,-78,-77,0,0,0,0,-78,-79,0,0,-76,-77,-73,-69,-82,-82,0,0,0,0,-63,-63,-60,-60,0,-71,-64,-65,-71,0,-70,-70,0,0,-71,-72,0,0,0,-76,-76,0,0,-83,-84,0,0,-78,-77,-42,-50
0,0,-78,-77,0,0,0,0,-78,-79,0,0,-76,-77,-73,-69,-82,-82,0,0,0,0,-63,-63,-58,-60,0,-71,-64,-65,-71,0,-70,-70,0,0,-71,-72,0,0,0,-76,-76,0,0,-83,-84,0,0,-78,-77,-42,-50
0,0,-78,-77,0,0,0,0,-78,-79,0,0,-76,-77,-73,-69,-82,-82,0,0,0,0,-63,-63,-58,-60,0,-71,-64,-65,-71,0,-70,-70,0,0,-71,-72,0,0,0,-76,-76,0,0,-83,-84,0,0,-78,-77,-42,-50
0,0,-78,-77,0,0,0,0,-78,-79,0,0,-76,-77,-73,-69,-82,-82,0,0,0,0,-63,-63,-58,-60,0,-71,-64,-65,-71,0,-70,-70,0,0,-71,-72,0,0,0,-76,-76,0,0,-83,-84,0,0,-78,-77,-42,-50
0,-65,-79,-78,-65,0,0,0,-76,-77,0,0,-78,-77,-72,-69,-81,-81,0,0,0,0,-63,-62,-56,-56,-65,-71,-65,-65,-71,-71,-70,-70,0,0,-71,-71,0,0,0,-75,-76,0,0,-83,-84,0,0,-81,-81,-42,-48
0,-65,-79,-78,-65,0,0,0,-76,-77,0,0,-78,-77,-72,-69,-81,-81,0,0,0,0,-63,-62,-56,-56,-65,-71,-65,-65,-71,-71,-70,-70,0,0,-71,-71,0,0,0,-75,-76,0,0,-83,-84,0,0,-81,-81,-42,-48
0,-65,-79,-78,-65,0,0,0,-76,-77,0,0,-78,-77,-72,-69,-81,-81,0,0,0,0,-63,-62,-57,-56,-65,-71,-65,-65,-71,-71,-70,-70,0,0,-71,-71,0,0,0,-75,-76,0,0,-83,-84,0,0,-81,-81,-42,-48
0,-65,-79,-78,-65,0,0,0,-76,-77,0,0,-78,-77,-72,-69,-81,-81,0,0,0,0,-63,-62,-57,-56,-65,-71,-65,-65,-71,-71,-70,-70,0,0,-71,-71,0,0,0,-75,-76,0,0,-83,-84,0,0,-81,-81,-42,-48
0,-65,-79,-78,-65,0,0,0,-76,-77,0,0,-78,-77,-72,-69,-81,-81,0,0,0,0,-63,-62,-57,-56,-65,-71,-65,-65,-71,-71,-70,-70,0,0,-71,-71,0,0,0,-75,-76,0,0,-83,-84,0,0,-81,-81,-42,-48
-69,-65,-81,-81,-66,-74,-73,-73,-80,-81,0,0,-76,-76,-72,-68,-81,-81,-76,0,0,0,-63,-60,-56,-56,-65,0,-65,-65,0,-71,-74,-74,0,0,-71,-71,0,0,-67,-74,-74,0,0,-82,-82,0,-75,-84,-82,-45,-45
-69,-65,-81,-81,-66,-74,-73,-73,-80,-81,0,0,-76,-76,-72,-68,-81,-81,-76,0,0,0,-63,-60,-56,-56,-65,0,-65,-65,0,-71,-74,-74,0,0,-71,-71,0,0,-67,-74,-74,0,0,-82,-82,0,-75,-84,-82,-45,-45
-69,-65,-81,-81,-66,-74,-73,-73,-80,-81,0,0,-76,-76,-72,-68,-81,-81,-76,0,0,0,-63,-60,-56,-56,-65,0,-65,-65,0,-71,-74,-74,0,0,-71,-71,0,0,-67,-74,-74,0,0,-82,-82,0,-75,-84,-82,-45,-45
-69,-65,-81,-81,-66,-74,-73,-73,-80,-81,0,0,-76,-76,-72,-68,-81,-81,-76,0,0,0,-63,-60,-56,-56,-65,0,-65,-65,0,-71,-74,-74,0,0,-71,-71,0,0,-67,-74,-74,0,0,-82,-82,0,-75,-84,-82,-45,-45
-69,-65,-81,-81,-66,-74,-73,-73,-80,-81,0,0,-76,-76,-72,-68,-81,-81,-76,0,0,0,-63,-60,-56,-56,-65,0,-65,-65,0,-71,-74,-74,0,0,-71,-71,0,0,-67,-74,-74,0,0,-82,-82,0,-75,-84,-82,-45,-45
-69,-65,-81,-80,-66,-74,-73,-73,-80,-81,0,0,-74,-75,-70,-68,-80,-80,-76,0,0,0,0,-60,-56,-56,-67,0,-65,-65,0,0,-76,-76,0,0,-70,-71,0,0,-67,-75,-74,0,0,-84,-84,0,-75,-82,-82,-44,-45
-69,-65,-81,-80,-66,-74,-73,-73,-80,-81,0,0,-74,-75,-70,-68,-80,-80,-76,0,0,0,0,-60,-56,-56,-67,0,-65,-65,0,0,-76,-76,0,0,-70,-71,0,0,-67,-75,-74,0,0,-84,-84,0,-75,-82,-82,-44,-45
-69,-65,-81,-80,-66,-74,-73,-73,-80,-81,0,0,-74,-75,-70,-68,-80,-80,-76,0,0,0,0,-60,-56,-56,-67,0,-65,-65,0,0,-76,-76,0,0,-70,-71,0,0,-67,-75,-74,0,0,-84,-84,0,-75,-82,-82,-44,-45
-69,-65,-81,-80,-66,-74,-73,-73,-80,-81,0,0,-74,-75,-70,-68,-80,-80,-76,0,0,0,0,-60,-55,-56,-67,0,-65,-65,0,0,-76,-76,0,0,-70,-71,0,0,-67,-75,-74,0,0,-84,-84,0,-75,-82,-82,-44,-45
-69,-65,-81,-80,-66,-74,-73,-73,-80,-81,0,0,-74,-75,-70,-68,-80,-80,-76,0,0,0,0,-60,-55,-56,-67,0,-65,-65,0,0,-76,-76,0,0,-70,-71,0,0,-67,-75,-74,0,0,-84,-84,0,-75,-82,-82,-44,-45
0,-67,-80,-80,0,0,0,-73,-83,-81,0,0,-72,-72,-70,-68,-79,-79,-74,0,0,0,0,-60,-55,-54,-67,0,-65,-65,-73,-70,-76,-77,0,0,-70,-70,0,0,0,-76,-76,-85,0,-84,-84,0,0,-80,-82,-45,-46
0,-67,-80,-80,0,0,0,-73,-83,-81,0,0,-72,-72,-70,-68,-79,-79,-74,0,0,0,0,-60,-56,-54,-67,0,-65,-65,-73,-70,-76,-77,0,0,-70,-70,0,0,0,-76,-76,-85,0,-84,-84,0,0,-80,-82,-45,-46
0,-67,-80,-80,0,0,0,-73,-83,-81,0,0,-72,-72,-70,-68,-79,-79,-74,0,0,0,0,-60,-56,-54,-67,0,-65,-65,-73,-70,-76,-77,0,0,-70,-70,0,0,0,-76,-76,-85,0,-84,-84,0,0,-80,-82,-45,-46
0,-67,-80,-80,0,0,0,-73,-83,-81,0,0,-72,-72,-70,-68,-79,-79,-74,0,0,0,0,-60,-59,-54,-67,0,-65,-65,-73,-70,-76,-77,0,0,-70,-70,0,0,0,-76,-76,-85,0,-84,-84,0,0,-80,-82,-45,-46
0,-67,-80,-80,0,0,0,-73,-83,-81,0,0,-72,-72,-70,-68,-79,-79,-74,0,0,0,0,-60,-59,-54,-67,0,-65,-65,-73,-70,-76,-77,0,0,-70,-70,0,0,0,-76,-76,-85,0,-84,-84,0,0,-80,-82,-45,-46
0,-67,-79,-79,0,-72,-76,0,-83,-81,0,0,-76,-76,0,0,-79,-79,-74,0,0,0,0,-60,-60,-61,0,0,-65,-65,-73,-70,-72,-73,0,0,-70,-70,0,0,0,-76,-76,-85,0,-86,-84,0,0,-80,-81,-48,-48
