0,0,-80,-79,-72,0,0,-71,-80,-79,0,0,-75,-74,0,-62,-81,-82,0,0,-77,-77,-66,-64,-62,-63,-61,-63,-58,-58,-72,-68,-76,-77,-73,0,-73,-74,0,0,0,-74,-75,-84,-83,-86,-86,-78,0,-76,-77,-42,-53
0,0,-80,-79,-72,0,0,-71,-80,-79,0,0,-75,-74,0,-62,-81,-82,0,0,-77,-77,-66,-64,-63,-63,-61,-63,-58,-58,-72,-68,-76,-77,-73,0,-73,-74,0,0,0,-74,-75,-84,-83,-86,-86,-78,0,-76,-77,-42,-53
0,0,-80,-79,-72,0,0,-71,-80,-79,0,0,-75,-74,0,-62,-81,-82,0,0,-77,-77,-66,-64,-63,-63,-61,-63,-58,-58,-72,-68,-76,-77,-73,0,-73,-74,0,0,0,-74,-75,-84,-83,-86,-86,-78,0,-76,-77,-42,-53
0,0,-80,-79,-72,0,0,-71,-80,-79,0,0,-75,-74,0,-62,-81,-82,0,0,-77,-77,-66,-64,-63,-63,-61,-63,-58,-58,-72,-68,-76,-77,-73,0,-73,-74,0,0,0,-74,-75,-84,-83,-86,-86,-78,0,-76,-77,-42,-53
0,0,-80,-79,-72,0,0,-71,-80,-79,0,0,-75,-74,0,-62,-81,-82,0,0,-77,-77,-66,-64,-63,-63,-61,-63,-58,-58,-72,-68,-76,-77,-73,0,-73,-74,0,0,0,-74,-75,-84,-83,-86,-86,-78,0,-76,-77,-42,-53
0,0,-77,-77,-72,0,0,0,-81,-80,0,0,-74,-74,-68,-62,-77,-78,0,-64,-71,-71,-66,0,-63,-62,-61,-57,-50,-50,-66,-62,-72,-72,0,0,-75,-76,0,0,0,-72,-71,-82,-82,-81,-81,-78,0,-80,-79,-50,-52
0,0,-77,-77,-72,0,0,0,-81,-80,0,0,-74,-74,-68,-62,-77,-78,0,-64,-71,-71,-66,0,-63,-62,-61,-57,-50,-50,-66,-62,-72,-72,0,0,-75,-76,0,0,0,-72,-71,-82,-82,-81,-81,-78,0,-80,-79,-50,-52
0,0,-77,-77,-72,0,0,0,-81,-80,0,0,-74,-74,-68,-62,-77,-78,0,-64,-71,-71,-66,0,-62,-62,-61,-57,-50,-50,-66,-62,-72,-72,0,0,-75,-76,0,0,0,-72,-71,-82,-82,-81,-81,-78,0,-80,-79,-50,-52
0,0,-77,-77,-72,0,0,0,-81,-80,0,0,-74,-74,-68,-62,-77,-78,0,-64,-71,-71,-66,0,-62,-62,-61,-57,-50,-50,-66,-62,-72,-72,0,0,-75,-76,0,0,0,-72,-71,-82,-82,-81,-81,-78,0,-80,-79,-50,-52
0,0,-77,-77,-72,0,0,0,-81,-80,0,0,-74,-74,-68,-62,-77,-78,0,-64,-71,-71,-66,0,-62,-62,-61,-57,-50,-50,-66,-62,-72,-72,0,0,-75,-76,0,0,0,-72,-71,-82,-82,-81,-81,-78,0,-80,-79,-50,-52
0,-67,-73,-73,0,0,0,0,-81,-80,0,0,-72,-72,-65,-61,-74,-74,0,-64,-70,-70,-68,-65,-62,-62,-55,-57,-48,-48,-64,-63,-71,-72,0,0,-73,-73,0,0,0,-74,-74,-82,-82,-78,-80,0,0,-80,-81,-54,-51
0,-67,-73,-73,0,0,0,0,-81,-80,0,0,-72,-72,-65,-61,-74,-74,0,-64,-70,-70,-68,-65,-62,-62,-55,-57,-48,-48,-64,-63,-71,-72,0,0,-73,-73,0,0,0,-74,-74,-82,-82,-78,-80,0,0,-80,-81,-54,-51
0,-67,-73,-73,0,0,0,0,-81,-80,0,0,-72,-72,-65,-61,-74,-74,0,-64,-70,-70,-68,-65,-62,-62,-55,-57,-48,-48,-64,-63,-71,-72,0,0,-73,-73,0,0,0,-74,-74,-82,-82,-78,-80,0,0,-80,-81,-54,-51
0,-67,-73,-73,0,0,0,0,-81,-80,0,0,-72,-72,-65,-61,-74,-74,0,-64,-70,-70,-68,-65,-62,-62,-55,-57,-48,-48,-64,-63,-71,-72,0,0,-73,-73,0,0,0,-74,-74,-82,-82,-78,-80,0,0,-80,-81,-54,-51
0,-67,-73,-73,0,0,0,0,-81,-80,0,0,-72,-72,-65,-61,-74,-74,0,-64,-70,-70,-68,-65,-62,-62,-55,-57,-48,-48,-64,-63,-71,-72,0,0,-73,-73,0,0,0,-74,-74,-82,-82,-78,-80,0,0,-80,-81,-54,-51
0,-63,-72,-72,-73,0,0,0,-82,0,0,0,-72,-72,-65,-61,-75,-75,0,-59,-69,-71,-68,-65,-61,-62,-54,0,-48,-48,-64,-62,-71,-72,0,0,-76,-76,0,0,0,-74,-73,0,0,-78,-79,0,0,-80,-80,-53,-53
0,-63,-72,-72,-73,0,0,0,-82,0,0,0,-72,-72,-65,-61,-75,-75,0,-59,-69,-71,-68,-65,-61,-62,-54,0,-48,-48,-64,-62,-71,-72,0,0,-76,-76,0,0,0,-74,-73,0,0,-78,-79,0,0,-80,-80,-53,-53
0,-63,-72,-72,-73,0,0,0,-82,0,0,0,-72,-72,-65,-61,-75,-75,0,-59,-69,-71,-68,-65,-61,-62,-54,0,-48,-48,-64,-62,-71,-72,0,0,-76,-76,0,0,0,-74,-73,0,0,-78,-79,0,0,-80,-80,-53,-53
0,-63,-72,-72,-73,0,0,0,-82,0,0,0,-72,-72,-65,-61,-75,-75,0,-59,-69,-71,-68,-65,-62,-62,-54,0,-48,-48,-64,-62,-71,-72,0,0,-76,-76,0,0,0,-74,-73,0,0,-78,-79,0,0,-80,-80,-53,-53
0,-63,-72,-72,-73,0,0,0,-82,0,0,0,-72,-72,-65,-61,-75,-75,0,-59,-69,-71,-68,-65,-62,-62,-54,0,-48,-48,-64,-62,-71,-72,0,0,-76,-76,0,0,0,-74,-73,0,0,-78,-79,0,0,-80,-80,-53,-53
0,-63,-72,-72,-73,0,0,0,-82,0,0,0,-70,-70,-64,-60,-74,-73,0,-59,-70,-71,-67,-67,-63,-63,-54,-55,-48,-48,-63,-61,-71,-72,0,0,-74,-75,0,0,0,-73,-73,-84,-85,-78,-79,0,0,-80,-81,-54,-52
0,-63,-72,-72,-73,0,0,0,-82,0,0,0,-70,-70,-64,-60,-74,-73,0,-59,-70,-71,-67,-67,-63,-63,-54,-55,-48,-48,-63,-61,-71,-72,0,0,-74,-75,0,0,0,-73,-73,-84,-85,-78,-79,0,0,-80,-81,-54,-52
0,-63,-72,-72,-73,0,0,0,-82,0,0,0,-70,-70,-64,-60,-74,-73,0,-59,-70,-71,-67,-67,-63,-63,-54,-55,-48,-48,-63,-61,-71,-72,0,0,-74,-75,0,0,0,-73,-73,-84,-85,-78,-79,0,0,-80,-81,-54,-52
0,-63,-72,-72,-73,0,0,0,-82,0,0,0,-70,-70,-64,-60,-74,-73,0,-59,-70,-71,-67,-67,-63,-63,-54,-55,-48,-48,-63,-61,-71,-72,0,0,-74,-75,0,0,0,-73,-73,-84,-85,-78,-79,0,0,-80,-81,-54,-52
0,-63,-72,-72,-73,0,0,0,-82,0,0,0,-70,-70,-64,-60,-74,-73,0,-59,-70,-71,-67,-67,-63,-63,-54,-55,-48,-48,-63,-61,-71,-72,0,0,-74,-75,0,0,0,-73,-73,-84,-85,-78,-79,0,0,-80,-81,-54,-52
0,0,-76,-77,-71,0,0,-73,-82,0,-76,0,-70,-70,-64,-72,-74,-73,0,0,-71,-72,-67,-67,-62,-63,-52,-56,-48,-49,-63,-61,-71,-72,0,0,-75,-75,0,0,0,-73,-73,-85,-85,-80,-80,0,0,-82,-81,-54,-51
0,0,-76,-77,-71,0,0,-73,-82,0,-76,0,-70,-70,-64,-72,-74,-73,0,0,-71,-72,-67,-67,-62,-63,-52,-56,-48,-49,-63,-61,-71,-72,0,0,-75,-75,0,0,0,-73,-73,-85,-85,-80,-80,0,0,-82,-81,-54,-51
0,0,-76,-77,-71,0,0,-73,-82,0,-76,0,-70,-70,-64,-72,-74,-73,0,0,-71,-72,-67,-67,-62,-63,-52,-56,-48,-49,-63,-61,-71,-72,0,0,-75,-75,0,0,0,-73,-73,-85,-85,-80,-80,0,0,-82,-81,-54,-51
0,0,-76,-77,-71,0,0,-73,-82,0,-76,0,-70,-70,-64,-72,-74,-73,0,0,-71,-72,-67,-67,-62,-63,-52,-56,-48,-49,-63,-61,-71,-72,0,0,-75,-75,0,0,0,-73,-73,-85,-85,-80,-80,0,0,-82,-81,-54,-51
0,0,-76,-77,-71,0,0,-73,-82,0,-76,0,-70,-70,-64,-72,-74,-73,0,0,-71,-72,-67,-67,-63,-63,-52,-56,-48,-49,-63,-61,-71,-72,0,0,-75,-75,0,0,0,-73,-73,-85,-85,-80,-80,0,0,-82,-81,-54,-51
0,0,-76,-77,-71,0,0,-73,-82,0,-76,0,-70,-70,0,-72,-72,-73,0,-60,-70,-70,-69,0,-63,-63,-54,-56,-46,-47,-63,-60,-72,-72,0,0,-74,-74,0,0,0,-71,-73,-83,-84,-81,-80,0,0,-81,-81,-52,-51
0,0,-76,-77,-71,0,0,-73,-82,0,-76,0,-70,-70,0,-72,-72,-73,0,-60,-70,-70,-69,0,-64,-63,-54,-56,-46,-47,-63,-60,-72,-72,0,0,-74,-74,0,0,0,-71,-73,-83,-84,-81,-80,0,0,-81,-81,-52,-51
0,0,-76,-77,-71,0,0,-73,-82,0,-76,0,-70,-70,0,-72,-72,-73,0,-60,-70,-70,-69,0,-64,-63,-54,-56,-46,-47,-63,-60,-72,-72,0,0,-74,-74,0,0,0,-71,-73,-83,-84,-81,-80,0,0,-81,-81,-52,-51
0,0,-76,-77,-71,0,0,-73,-82,0,-76,0,-70,-70,0,-72,-72,-73,0,-60,-70,-70,-69,0,-64,-63,-54,-56,-46,-47,-63,-60,-72,-72,0,0,-74,-74,0,0,0,-71,-73,-83,-84,-81,-80,0,0,-81,-81,-52,-51
0,0,-76,-77,-71,0,0,-73,-82,0,-76,0,-70,-70,0,-72,-72,-73,0,-60,-70,-70,-69,0,-64,-63,-54,-56,-46,-47,-63,-60,-72,-72,0,0,-74,-74,0,0,0,-71,-73,-83,-84,-81,-80,0,0,-81,-81,-52,-51
0,0,-74,-76,0,-79,-80,-72,0,0,0,0,-71,-70,-66,-62,-76,-77,0,-60,-70,-69,-69,-62,-63,-63,-54,0,-54,-54,-64,-61,-69,-69,0,0,-76,-76,-79,0,0,-72,-73,-83,-84,-81,-83,0,0,-80,-81,-52,-55
0,0,-74,-76,0,-79,-80,-72,0,0,0,0,-71,-70,-66,-62,-76,-77,0,-60,-70,-69,-69,-62,-63,-63,-54,0,-54,-54,-64,-61,-69,-69,0,0,-76,-76,-79,0,0,-72,-73,-83,-84,-81,-83,0,0,-80,-81,-52,-55
0,0,-74,-76,0,-79,-80,-72,0,0,0,0,-71,-70,-66,-62,-76,-77,0,-60,-70,-69,-69,-62,-63,-63,-54,0,-54,-54,-64,-61,-69,-69,0,0,-76,-76,-79,0,0,-72,-73,-83,-84,-81,-83,0,0,-80,-81,-52,-55
0,0,-74,-76,0,-79,-80,-72,0,0,0,0,-71,-70,-66,-62,-76,-77,0,-60,-70,-69,-69,-62,-63,-63,-54,0,-54,-54,-64,-61,-69,-69,0,0,-76,-76,-79,0,0,-72,-73,-83,-84,-81,-83,0,0,-80,-81,-52,-55
0,0,-74,-76,0,-79,-80,-72,0,0,0,0,-71,-70,-66,-62,-76,-77,0,-60,-70,-69,-69,-62,-62,-63,-54,0,-54,-54,-64,-61,-69,-69,0,0,-76,-76,-79,0,0,-72,-73,-83,-84,-81,-83,0,0,-80,-81,-52,-55
0,0,-72,-72,0,-79,-80,-71,0,0,0,0,-70,-69,-66,-62,-77,-77,0,0,-69,-69,0,-62,-62,-63,-54,-62,-50,-51,-64,-63,-69,-68,-82,0,-76,-77,-79,0,0,-73,-73,-83,-84,-82,-83,0,0,-80,-81,-49,-59
0,0,-72,-72,0,-79,-80,-71,0,0,0,0,-70,-69,-66,-62,-77,-77,0,0,-69,-69,0,-62,-62,-63,-54,-62,-50,-51,-64,-63,-69,-68,-82,0,-76,-77,-79,0,0,-73,-73,-83,-84,-82,-83,0,0,-80,-81,-49,-59
0,0,-72,-72,0,-79,-80,-71,0,0,0,0,-70,-69,-66,-62,-77,-77,0,0,-69,-69,0,-62,-63,-63,-54,-62,-50,-51,-64,-63,-69,-68,-82,0,-76,-77,-79,0,0,-73,-73,-83,-84,-82,-83,0,0,-80,-81,-49,-59
0,0,-72,-72,0,-79,-80,-71,0,0,0,0,-70,-69,-66,-62,-77,-77,0,0,-69,-69,0,-62,-63,-63,-54,-62,-50,-51,-64,-63,-69,-68,-82,0,-76,-77,-79,0,0,-73,-73,-83,-84,-82,-83,0,0,-80,-81,-49,-59
0,0,-72,-72,0,-79,-80,-71,0,0,0,0,-70,-69,-66,-62,-77,-77,0,0,-69,-69,0,-62,-63,-63,-54,-62,-50,-51,-64,-63,-69,-68,-82,0,-76,-77,-79,0,0,-73,-73,-83,-84,-82,-83,0,0,-80,-81,-49,-59
0,-64,-76,-76,-76,0,0,-71,-82,-81,0,0,-70,-69,0,-61,-78,-78,-66,-60,-69,-69,0,-68,-65,-66,-54,-59,-50,-50,-65,-67,-69,-68,-82,0,-76,-77,0,0,0,-75,-76,0,-87,-82,-83,0,0,-80,-81,-49,-51
0,-64,-76,-76,-76,0,0,-71,-82,-81,0,0,-70,-69,0,-61,-78,-78,-66,-60,-69,-69,0,-68,-65,-66,-54,-59,-50,-50,-65,-67,-69,-68,-82,0,-76,-77,0,0,0,-75,-76,0,-87,-82,-83,0,0,-80,-81,-49,-51
0,-64,-76,-76,-76,0,0,-71,-82,-81,0,0,-70,-69,0,-61,-78,-78,-66,-60,-69,-69,0,-68,-63,-66,-54,-59,-50,-50,-65,-67,-69,-68,-82,0,-76,-77,0,0,0,-75,-76,0,-87,-82,-83,0,0,-80,-81,-49,-51
0,-64,-76,-76,-76,0,0,-71,-82,-81,0,0,-70,-69,0,-61,-78,-78,-66,-60,-69,-69,0,-68,-63,-66,-54,-59,-50,-50,-65,-67,-69,-68,-82,0,-76,-77,0,0,0,-75,-76,0,-87,-82,-83,0,0,-80,-81,-49,-51
0,-64,-76,-76,-76,0,0,-71,-82,-81,0,0,-70,-69,0,-61,-78,-78,-66,-60,-69,-69,0,-68,-63,-66,-54,-59,-50,-50,-65,-67,-69,-68,-82,0,-76,-77,0,0,0,-75,-76,0,-87,-82,-83,0,0,-80,-81,-49,-51
-67,-62,-75,-75,-76,0,0,-71,-80,-80,0,0,-72,-72,-65,-61,-78,-77,-66,-60,-67,-67,0,-68,-63,-63,0,-59,-49,-50,-65,-67,-69,-68,0,0,-76,-75,0,0,0,-74,-75,-86,-84,-82,-84,0,0,-80,-82,-50,-52
-67,-62,-75,-75,-76,0,0,-71,-80,-80,0,0,-72,-72,-65,-61,-78,-77,-66,-60,-67,-67,0,-68,-63,-63,0,-59,-49,-50,-65,-67,-69,-68,0,0,-76,-75,0,0,0,-74,-75,-86,-84,-82,-84,0,0,-80,-82,-50,-52
-67,-62,-75,-75,-76,0,0,-71,-80,-80,0,0,-72,-72,-65,-61,-78,-77,-66,-60,-67,-67,0,-68,-63,-63,0,-59,-49,-50,-65,-67,-69,-68,0,0,-76,-75,0,0,0,-74,-75,-86,-84,-82,-84,0,0,-80,-82,-50,-52
-67,-62,-75,-75,-76,0,0,-71,-80,-80,0,0,-72,-72,-65,-61,-78,-77,-66,-60,-67,-67,0,-68,-63,-63,0,-59,-49,-50,-65,-67,-69,-68,0,0,-76,-75,0,0,0,-74,-75,-86,-84,-82,-84,0,0,-80,-82,-50,-52
-67,-62,-75,-75,-76,0,0,-71,-80,-80,0,0,-72,-72,-65,-61,-78,-77,-66,-60,-67,-67,0,-68,-63,-63,0,-59,-49,-50,-65,-67,-69,-68,0,0,-76,-75,0,0,0,-74,-75,-86,-84,-82,-84,0,0,-80,-82,-50,-52
-68,-63,-74,-75,0,0,0,0,-80,-80,0,0,-72,-72,-63,-61,-78,-77,0,-60,-67,-67,-71,-67,-64,-75,-54,0,-49,-49,-65,-68,-69,-68,0,0,-76,-76,0,0,0,-74,-75,-85,-84,-82,-81,0,0,-82,-81,-49,-50
-68,-63,-74,-75,0,0,0,0,-80,-80,0,0,-72,-72,-63,-61,-78,-77,0,-60,-67,-67,-71,-67,-64,-75,-54,0,-49,-49,-65,-68,-69,-68,0,0,-76,-76,0,0,0,-74,-75,-85,-84,-82,-81,0,0,-82,-81,-49,-50
-68,-63,-74,-75,0,0,0,0,-80,-80,0,0,-72,-72,-63,-61,-78,-77,0,-60,-67,-67,-71,-67,-64,-75,-54,0,-49,-49,-65,-68,-69,-68,0,0,-76,-76,0,0,0,-74,-75,-85,-84,-82,-81,0,0,-82,-81,-49,-50
-68,-63,-74,-75,0,0,0,0,-80,-80,0,0,-72,-72,-63,-61,-78,-77,0,-60,-67,-67,-71,-67,-62,-75,-54,0,-49,-49,-65,-68,-69,-68,0,0,-76,-76,0,0,0,-74,-75,-85,-84,-82,-81,0,0,-82,-81,-49,-50
-68,-63,-74,-75,0,0,0,0,-80,-80,0,0,-72,-72,-63,-61,-78,-77,0,-60,-67,-67,-71,-67,-62,-75,-54,0,-49,-49,-65,-68,-69,-68,0,0,-76,-76,0,0,0,-74,-75,-85,-84,-82,-81,0,0,-82,-81,-49,-50
-68,-63,-75,-76,-72,0,0,0,-79,-79,0,0,-68,-68,-63,-61,-76,-77,0,0,-67,-67,-71,-67,-59,-61,-54,-62,-53,-53,-65,-68,-69,-68,0,0,-76,-76,0,0,0,-72,-71,-80,-80,-72,-73,0,0,-78,-78,-43,-53
-68,-63,-75,-76,-72,0,0,0,-79,-79,0,0,-68,-68,-63,-61,-76,-77,0,0,-67,-67,-71,-67,-59,-61,-54,-62,-53,-53,-65,-68,-69,-68,0,0,-76,-76,0,0,0,-72,-71,-80,-80,-72,-73,0,0,-78,-78,-43,-53
-68,-63,-75,-76,-72,0,0,0,-79,-79,0,0,-68,-68,-63,-61,-76,-77,0,0,-67,-67,-71,-67,-59,-61,-54,-62,-53,-53,-65,-68,-69,-68,0,0,-76,-76,0,0,0,-72,-71,-80,-80,-72,-73,0,0,-78,-78,-43,-53
-68,-63,-75,-76,-72,0,0,0,-79,-79,0,0,-68,-68,-63,-61,-76,-77,0,0,-67,-67,-71,-67,-58,-61,-54,-62,-53,-53,-65,-68,-69,-68,0,0,-76,-76,0,0,0,-72,-71,-80,-80,-72,-73,0,0,-78,-78,-43,-53
-68,-63,-75,-76,-72,0,0,0,-79,-79,0,0,-68,-68,-63,-61,-76,-77,0,0,-67,-67,-71,-67,-58,-61,-54,-62,-53,-53,-65,-68,-69,-68,0,0,-76,-76,0,0,0,-72,-71,-80,-80,-72,-73,0,0,-78,-78,-43,-53
0,0,-76,-76,-72,0,0,-73,-80,-79,-73,-72,-67,-68,-67,-63,-73,-73,0,0,-68,-67,0,-63,-58,-58,0,-62,-53,-52,0,-67,-70,-69,0,0,-73,-74,0,0,0,-68,-68,-75,-76,-71,-73,0,0,-74,-74,-43,-49
0,0,-76,-76,-72,0,0,-73,-80,-79,-73,-72,-67,-68,-67,-63,-73,-73,0,0,-68,-67,0,-63,-58,-58,0,-62,-53,-52,0,-67,-70,-69,0,0,-73,-74,0,0,0,-68,-68,-75,-76,-71,-73,0,0,-74,-74,-43,-49
0,0,-76,-76,-72,0,0,-73,-80,-79,-73,-72,-67,-68,-67,-63,-73,-73,0,0,-68,-67,0,-63,-58,-58,0,-62,-53,-52,0,-67,-70,-69,0,0,-73,-74,0,0,0,-68,-68,-75,-76,-71,-73,0,0,-74,-74,-43,-49
0,0,-76,-76,-72,0,0,-73,-80,-79,-73,-72,-67,-68,-67,-63,-73,-73,0,0,-68,-67,0,-63,-58,-58,0,-62,-53,-52,0,-67,-70,-69,0,0,-73,-74,0,0,0,-68,-68,-75,-76,-71,-73,0,0,-74,-74,-43,-49
0,0,-76,-76,-72,0,0,-73,-80,-79,-73,-72,-67,-68,-67,-63,-73,-73,0,0,-68,-67,0,-63,-58,-58,0,-62,-53,-52,0,-67,-70,-69,0,0,-73,-74,0,0,0,-68,-68,-75,-76,-71,-73,0,0,-74,-74,-43,-49
0,0,-77,-77,0,0,0,-73,-80,-80,-73,-72,-69,-68,-67,-60,-73,-73,0,0,-68,-67,-61,-59,-58,-58,0,0,-52,-52,0,-66,-70,-69,0,0,-71,-72,0,0,0,-67,-67,-73,-72,-71,-73,0,0,-74,-74,-42,-49
0,0,-77,-77,0,0,0,-73,-80,-80,-73,-72,-69,-68,-67,-60,-73,-73,0,0,-68,-67,-61,-59,-58,-58,0,0,-52,-52,0,-66,-70,-69,0,0,-71,-72,0,0,0,-67,-67,-73,-72,-71,-73,0,0,-74,-74,-42,-49
0,0,-77,-77,0,0,0,-73,-80,-80,-73,-72,-69,-68,-67,-60,-73,-73,0,0,-68,-67,-61,-59,-58,-58,0,0,-52,-52,0,-66,-70,-69,0,0,-71,-72,0,0,0,-67,-67,-73,-72,-71,-73,0,0,-74,-74,-42,-49
0,0,-77,-77,0,0,0,-73,-80,-80,-73,-72,-69,-68,-67,-60,-73,-73,0,0,-68,-67,-61,-59,-58,-58,0,0,-52,-52,0,-66,-70,-69,0,0,-71,-72,0,0,0,-67,-67,-73,-72,-71,-73,0,0,-74,-74,-42,-49
0,0,-77,-77,0,0,0,-73,-80,-80,-73,-72,-69,-68,-67,-60,-73,-73,0,0,-68,-67,-61,-59,-58,-58,0,0,-52,-52,0,-66,-70,-69,0,0,-71,-72,0,0,0,-67,-67,-73,-72,-71,-73,0,0,-74,-74,-42,-49
0,0,-77,-77,0,0,0,0,-78,-77,0,0,-68,-68,-67,-60,-75,-74,0,-59,-68,-67,-62,-59,-59,-59,0,0,-52,-52,-66,-66,-70,-70,0,0,-71,-72,0,0,0,-66,-66,-71,-71,-71,-72,0,0,-75,-75,-42,-49
0,0,-77,-77,0,0,0,0,-78,-77,0,0,-68,-68,-67,-60,-75,-74,0,-59,-68,-67,-62,-59,-59,-59,0,0,-52,-52,-66,-66,-70,-70,0,0,-71,-72,0,0,0,-66,-66,-71,-71,-71,-72,0,0,-75,-75,-42,-49
0,0,-77,-77,0,0,0,0,-78,-77,0,0,-68,-68,-67,-60,-75,-74,0,-59,-68,-67,-62,-59,-59,-59,0,0,-52,-52,-66,-66,-70,-70,0,0,-71,-72,0,0,0,-66,-66,-71,-71,-71,-72,0,0,-75,-75,-42,-49
0,0,-77,-77,0,0,0,0,-78,-77,0,0,-68,-68,-67,-60,-75,-74,0,-59,-68,-67,-62,-59,-59,-59,0,0,-52,-52,-66,-66,-70,-70,0,0,-71,-72,0,0,0,-66,-66,-71,-71,-71,-72,0,0,-75,-75,-42,-49
0,0,-77,-77,0,0,0,0,-78,-77,0,0,-68,-68,-67,-60,-75,-74,0,-59,-68,-67,-62,-59,-58,-59,0,0,-52,-52,-66,-66,-70,-70,0,0,-71,-72,0,0,0,-66,-66,-71,-71,-71,-72,0,0,-75,-75,-42,-49
0,0,-76,-76,0,0,0,0,-78,-78,0,0,-68,-68,-67,0,-74,-73,0,-59,-67,-66,-59,-58,-57,-57,0,0,-51,-51,-64,-66,-68,-68,0,0,-72,-73,-72,0,0,-63,-63,-71,-71,-70,-71,0,0,-75,-75,-40,-47
0,0,-76,-76,0,0,0,0,-78,-78,0,0,-68,-68,-67,0,-74,-73,0,-59,-67,-66,-59,-58,-57,-57,0,0,-51,-51,-64,-66,-68,-68,0,0,-72,-73,-72,0,0,-63,-63,-71,-71,-70,-71,0,0,-75,-75,-40,-47
0,0,-76,-76,0,0,0,0,-78,-78,0,0,-68,-68,-67,0,-74,-73,0,-59,-67,-66,-59,-58,-58,-57,0,0,-51,-51,-64,-66,-68,-68,0,0,-72,-73,-72,0,0,-63,-63,-71,-71,-70,-71,0,0,-75,-75,-40,-47
0,0,-76,-76,0,0,0,0,-78,-78,0,0,-68,-68,-67,0,-74,-73,0,-59,-67,-66,-59,-58,-58,-57,0,0,-51,-51,-64,-66,-68,-68,0,0,-72,-73,-72,0,0,-63,-63,-71,-71,-70,-71,0,0,-75,-75,-40,-47
0,0,-76,-76,0,0,0,0,-78,-78,0,0,-68,-68,-67,0,-74,-73,0,-59,-67,-66,-59,-58,-58,-57,0,0,-51,-51,-64,-66,-68,-68,0,0,-72,-73,-72,0,0,-63,-63,-71,-71,-70,-71,0,0,-75,-75,-40,-47
0,0,-76,-76,0,-75,0,-75,-80,-80,-74,-73,-66,-68,0,0,-76,-76,0,-62,-67,-66,-59,-58,-57,-57,0,0,-56,-56,-63,-65,-69,-69,0,0,-72,-73,-72,0,0,-64,-64,-72,-71,-71,-71,0,0,-75,-75,-40,-47
0,0,-76,-76,0,-75,0,-75,-80,-80,-74,-73,-66,-68,0,0,-76,-76,0,-62,-67,-66,-59,-58,-57,-57,0,0,-56,-56,-63,-65,-69,-69,0,0,-72,-73,-72,0,0,-64,-64,-72,-71,-71,-71,0,0,-75,-75,-40,-47
0,0,-76,-76,0,-75,0,-75,-80,-80,-74,-73,-66,-68,0,0,-76,-76,0,-62,-67,-66,-59,-58,-57,-57,0,0,-56,-56,-63,-65,-69,-69,0,0,-72,-73,-72,0,0,-64,-64,-72,-71,-71,-71,0,0,-75,-75,-40,-47
0,0,-76,-76,0,-75,0,-75,-80,-80,-74,-73,-66,-68,0,0,-76,-76,0,-62,-67,-66,-59,-58,-57,-57,0,0,-56,-56,-63,-65,-69,-69,0,0,-72,-73,-72,0,0,-64,-64,-72,-71,-71,-71,0,0,-75,-75,-40,-47
0,0,-76,-76,0,-75,0,-75,-80,-80,-74,-73,-66,-68,0,0,-76,-76,0,-62,-67,-66,-59,-58,-57,-57,0,0,-56,-56,-63,-65,-69,-69,0,0,-72,-73,-72,0,0,-64,-64,-72,-71,-71,-71,0,0,-75,-75,-40,-47
0,0,-76,-76,-72,-75,0,-73,-78,-78,-74,-73,-66,-67,0,0,-74,-74,0,-62,-66,-66,0,0,-58,-58,-61,-62,-54,-53,-63,-65,-70,-71,0,0,-73,-73,0,0,0,-64,-64,-73,-72,-70,-71,0,0,-73,-74,-40,-47
0,0,-76,-76,-72,-75,0,-73,-78,-78,-74,-73,-66,-67,0,0,-74,-74,0,-62,-66,-66,0,0,-58,-58,-61,-62,-54,-53,-63,-65,-70,-71,0,0,-73,-73,0,0,0,-64,-64,-73,-72,-70,-71,0,0,-73,-74,-40,-47
0,0,-76,-76,-72,-75,0,-73,-78,-78,-74,-73,-66,-67,0,0,-74,-74,0,-62,-66,-66,0,0,-58,-58,-61,-62,-54,-53,-63,-65,-70,-71,0,0,-73,-73,0,0,0,-64,-64,-73,-72,-70,-71,0,0,-73,-74,-40,-47
0,0,-76,-76,-72,-75,0,-73,-78,-78,-74,-73,-66,-67,0,0,-74,-74,0,-62,-66,-66,0,0,-59,-58,-61,-62,-54,-53,-63,-65,-70,-71,0,0,-73,-73,0,0,0,-64,-64,-73,-72,-70,-71,0,0,-73,-74,-40,-47
0,0,-76,-76,-72,-75,0,-73,-78,-78,-74,-73,-66,-67,0,0,-74,-74,0,-62,-66,-66,0,0,-59,-58,-61,-62,-54,-53,-63,-65,-70,-71,0,0,-73,-73,0,0,0,-64,-64,-73,-72,-70,-71,0,0,-73,-74,-40,-47
0,-66,-77,-77,-69,0,0,-73,-78,-78,-77,0,-67,-67,0,0,-74,-74,0,0,-66,-66,-60,-60,-59,-60,-61,-61,-54,-53,0,0,-70,-71,0,0,-75,-76,0,-65,-65,-64,-64,-70,-71,-71,-71,0,0,-73,-74,-43,-47
0,-66,-77,-77,-69,0,0,-73,-78,-78,-77,0,-67,-67,0,0,-74,-74,0,0,-66,-66,-60,-60,-59,-60,-61,-61,-54,-53,0,0,-70,-71,0,0,-75,-76,0,-65,-65,-64,-64,-70,-71,-71,-71,0,0,-73,-74,-43,-47
0,-66,-77,-77,-69,0,0,-73,-78,-78,-77,0,-67,-67,0,0,-74,-74,0,0,-66,-66,-60,-60,-59,-60,-61,-61,-54,-53,0,0,-70,-71,0,0,-75,-76,0,-65,-65,-64,-64,-70,-71,-71,-71,0,0,-73,-74,-43,-47
0,-66,-77,-77,-69,0,0,-73,-78,-78,-77,0,-67,-67,0,0,-74,-74,0,0,-66,-66,-60,-60,-58,-60,-61,-61,-54,-53,0,0,-70,-71,0,0,-75,-76,0,-65,-65,-64,-64,-70,-71,-71,-71,0,0,-73,-74,-43,-47
0,-66,-77,-77,-69,0,0,-73,-78,-78,-77,0,-67,-67,0,0,-74,-74,0,0,-66,-66,-60,-60,-58,-60,-61,-61,-54,-53,0,0,-70,-71,0,0,-75,-76,0,-65,-65,-64,-64,-70,-71,-71,-71,0,0,-73,-74,-43,-47
0,-66,-77,-78,-72,-81,-79,0,-77,-76,-77,0,-66,-66,0,0,-78,-79,0,0,-66,-66,-60,-60,-58,-58,-56,-61,-56,-55,-68,0,-67,-67,0,0,-73,-73,0,-65,-65,-64,-64,-73,-72,-72,-71,-69,0,-74,-75,-46,-49
0,-66,-77,-78,-72,-81,-79,0,-77,-76,-77,0,-66,-66,0,0,-78,-79,0,0,-66,-66,-60,-60,-57,-58,-56,-61,-56,-55,-68,0,-67,-67,0,0,-73,-73,0,-65,-65,-64,-64,-73,-72,-72,-71,-69,0,-74,-75,-46,-49
0,-66,-77,-78,-72,-81,-79,0,-77,-76,-77,0,-66,-66,0,0,-78,-79,0,0,-66,-66,-60,-60,-57,-58,-56,-61,-56,-55,-68,0,-67,-67,0,0,-73,-73,0,-65,-65,-64,-64,-73,-72,-72,-71,-69,0,-74,-75,-46,-49
0,-66,-77,-78,-72,-81,-79,0,-77,-76,-77,0,-66,-66,0,0,-78,-79,0,0,-66,-66,-60,-60,-56,-58,-56,-61,-56,-55,-68,0,-67,-67,0,0,-73,-73,0,-65,-65,-64,-64,-73,-72,-72,-71,-69,0,-74,-75,-46,-49
0,-66,-77,-78,-72,-81,-79,0,-77,-76,-77,0,-66,-66,0,0,-78,-79,0,0,-66,-66,-60,-60,-56,-58,-56,-61,-56,-55,-68,0,-67,-67,0,0,-73,-73,0,-65,-65,-64,-64,-73,-72,-72,-71,-69,0,-74,-75,-46,-49
0,0,-77,-77,-69,-81,-79,0,-77,-77,0,0,-69,-69,0,0,-74,-75,0,0,-66,-66,-61,-60,-58,-58,-56,0,-53,-54,-68,-61,-68,-69,0,0,-73,-73,0,-64,-64,-66,-67,-81,-80,-72,-72,-69,0,-76,-75,-47,-46
0,0,-77,-77,-69,-81,-79,0,-77,-77,0,0,-69,-69,0,0,-74,-75,0,0,-66,-66,-61,-60,-57,-58,-56,0,-53,-54,-68,-61,-68,-69,0,0,-73,-73,0,-64,-64,-66,-67,-81,-80,-72,-72,-69,0,-76,-75,-47,-46
0,0,-77,-77,-69,-81,-79,0,-77,-77,0,0,-69,-69,0,0,-74,-75,0,0,-66,-66,-61,-60,-57,-58,-56,0,-53,-54,-68,-61,-68,-69,0,0,-73,-73,0,-64,-64,-66,-67,-81,-80,-72,-72,-69,0,-76,-75,-47,-46
0,0,-77,-77,-69,-81,-79,0,-77,-77,0,0,-69,-69,0,0,-74,-75,0,0,-66,-66,-61,-60,-57,-58,-56,0,-53,-54,-68,-61,-68,-69,0,0,-73,-73,0,-64,-64,-66,-67,-81,-80,-72,-72,-69,0,-76,-75,-47,-46
0,0,-77,-77,-69,-81,-79,0,-77,-77,0,0,-69,-69,0,0,-74,-75,0,0,-66,-66,-61,-60,-57,-58,-56,0,-53,-54,-68,-61,-68,-69,0,0,-73,-73,0,-64,-64,-66,-67,-81,-80,-72,-72,-69,0,-76,-75,-47,-46
0,0,-78,-79,-69,-76,-76,0,-77,-77,0,0,-67,-67,-67,-63,-76,-76,0,0,-68,-68,-61,-60,-57,-58,-58,0,-52,-52,0,-63,-68,-69,0,0,-76,-76,0,-64,-64,-66,-66,-74,-73,-71,-71,0,0,-75,-74,-46,-48
0,0,-78,-79,-69,-76,-76,0,-77,-77,0,0,-67,-67,-67,-63,-76,-76,0,0,-68,-68,-61,-60,-57,-58,-58,0,-52,-52,0,-63,-68,-69,0,0,-76,-76,0,-64,-64,-66,-66,-74,-73,-71,-71,0,0,-75,-74,-46,-48
0,0,-77,-76,0,0,0,-70,-77,-77,0,0,-69,-70,-71,-67,-74,-73,0,-67,-67,-68,-63,-60,-59,-58,-61,-60,-51,-52,0,0,-69,-69,0,0,-74,-74,-78,-63,-64,-67,-66,-82,-75,-72,-72,0,0,-73,-74,-40,-53
0,0,-77,-76,0,0,0,-70,-77,-77,0,0,-69,-70,-71,-67,-74,-73,0,-67,-67,-68,-63,-60,-59,-58,-61,-60,-51,-52,0,0,-69,-69,0,0,-74,-74,-78,-63,-64,-67,-66,-82,-75,-72,-72,0,0,-73,-74,-40,-53
0,0,-77,-76,0,0,0,-70,-77,-77,0,0,-69,-70,-71,-67,-74,-73,0,-67,-67,-68,-63,-60,-59,-58,-61,-60,-51,-52,0,0,-69,-69,0,0,-74,-74,-78,-63,-64,-67,-66,-82,-75,-72,-72,0,0,-73,-74,-40,-53
0,0,-77,-76,0,0,0,-70,-77,-77,0,0,-69,-70,-71,-67,-74,-73,0,-67,-67,-68,-63,-60,-59,-58,-61,-60,-51,-52,0,0,-69,-69,0,0,-74,-74,-78,-63,-64,-67,-66,-82,-75,-72,-72,0,0,-73,-74,-40,-53
0,0,-77,-76,0,0,0,-70,-77,-77,0,0,-69,-70,-71,-67,-74,-73,0,-67,-67,-68,-63,-60,-59,-58,-61,-60,-51,-52,0,0,-69,-69,0,0,-74,-74,-78,-63,-64,-67,-66,-82,-75,-72,-72,0,0,-73,-74,-40,-53
0,0,-77,-76,-74,0,0,-70,-79,-78,0,0,-69,-69,0,0,-74,-73,0,0,-72,-73,-63,-60,-59,-58,-55,-62,-51,-51,-66,-67,-70,-69,0,0,-72,-74,0,-63,-64,-69,-70,-82,-82,-72,-72,0,0,-77,-77,-44,-49
0,0,-77,-76,-74,0,0,-70,-79,-78,0,0,-69,-69,0,0,-74,-73,0,0,-72,-73,-63,-60,-59,-58,-55,-62,-51,-51,-66,-67,-70,-69,0,0,-72,-74,0,-63,-64,-69,-70,-82,-82,-72,-72,0,0,-77,-77,-44,-49
0,0,-77,-76,-74,0,0,-70,-79,-78,0,0,-69,-69,0,0,-74,-73,0,0,-72,-73,-63,-60,-59,-58,-55,-62,-51,-51,-66,-67,-70,-69,0,0,-72,-74,0,-63,-64,-69,-70,-82,-82,-72,-72,0,0,-77,-77,-44,-49
0,0,-77,-76,-74,0,0,-70,-79,-78,0,0,-69,-69,0,0,-74,-73,0,0,-72,-73,-63,-60,-60,-58,-55,-62,-51,-51,-66,-67,-70,-69,0,0,-72,-74,0,-63,-64,-69,-70,-82,-82,-72,-72,0,0,-77,-77,-44,-49
0,0,-77,-76,-74,0,0,-70,-79,-78,0,0,-69,-69,0,0,-74,-73,0,0,-72,-73,-63,-60,-60,-58,-55,-62,-51,-51,-66,-67,-70,-69,0,0,-72,-74,0,-63,-64,-69,-70,-82,-82,-72,-72,0,0,-77,-77,-44,-49
0,0,-73,-73,-74,0,0,0,-79,-78,0,0,-65,-65,-78,0,-72,-72,0,0,-68,-69,-68,-61,-61,-60,-54,-57,-51,-51,-66,-66,-69,-69,0,0,-71,-73,0,0,0,-72,-72,-82,-82,-78,-80,0,0,-77,-77,-42,-49
0,0,-73,-73,-74,0,0,0,-79,-78,0,0,-65,-65,-78,0,-72,-72,0,0,-68,-69,-68,-61,-61,-60,-54,-57,-51,-51,-66,-66,-69,-69,0,0,-71,-73,0,0,0,-72,-72,-82,-82,-78,-80,0,0,-77,-77,-42,-49
0,0,-73,-73,-74,0,0,0,-79,-78,0,0,-65,-65,-78,0,-72,-72,0,0,-68,-69,-68,-61,-61,-60,-54,-57,-51,-51,-66,-66,-69,-69,0,0,-71,-73,0,0,0,-72,-72,-82,-82,-78,-80,0,0,-77,-77,-42,-49
0,0,-73,-73,-74,0,0,0,-79,-78,0,0,-65,-65,-78,0,-72,-72,0,0,-68,-69,-68,-61,-60,-60,-54,-57,-51,-51,-66,-66,-69,-69,0,0,-71,-73,0,0,0,-72,-72,-82,-82,-78,-80,0,0,-77,-77,-42,-49
0,0,-73,-73,-74,0,0,0,-79,-78,0,0,-65,-65,-78,0,-72,-72,0,0,-68,-69,-68,-61,-60,-60,-54,-57,-51,-51,-66,-66,-69,-69,0,0,-71,-73,0,0,0,-72,-72,-82,-82,-78,-80,0,0,-77,-77,-42,-49
0,-66,-73,-73,-69,0,0,0,-78,-77,0,0,-64,-62,-78,0,-71,-71,0,0,-67,-67,-68,-61,-60,-59,-54,-57,-53,-52,0,-66,-69,-69,0,0,-71,-73,0,0,0,-73,-72,-82,-81,-78,-80,0,0,-77,-78,-40,-48
0,-66,-73,-73,-69,0,0,0,-78,-77,0,0,-64,-62,-78,0,-71,-71,0,0,-67,-67,-68,-61,-60,-59,-54,-57,-53,-52,0,-66,-69,-69,0,0,-71,-73,0,0,0,-73,-72,-82,-81,-78,-80,0,0,-77,-78,-40,-48
0,-66,-73,-73,-69,0,0,0,-78,-77,0,0,-64,-62,-78,0,-71,-71,0,0,-67,-67,-68,-61,-60,-59,-54,-57,-53,-52,0,-66,-69,-69,0,0,-71,-73,0,0,0,-73,-72,-82,-81,-78,-80,0,0,-77,-78,-40,-48
0,-66,-73,-73,-69,0,0,0,-78,-77,0,0,-64,-62,-78,0,-71,-71,0,0,-67,-67,-68,-61,-60,-59,-54,-57,-53,-52,0,-66,-69,-69,0,0,-71,-73,0,0,0,-73,-72,-82,-81,-78,-80,0,0,-77,-78,-40,-48
0,-66,-73,-73,-69,0,0,0,-78,-77,0,0,-64,-62,-78,0,-71,-71,0,0,-67,-67,-68,-61,-60,-59,-54,-57,-53,-52,0,-66,-69,-69,0,0,-71,-73,0,0,0,-73,-72,-82,-81,-78,-80,0,0,-77,-78,-40,-48
0,-66,-76,-76,-69,0,0,0,-78,-77,0,0,-64,-63,0,0,-72,-72,0,0,-67,-67,-64,-61,-60,-59,-55,-57,-53,-52,0,0,-67,-67,0,0,-74,-74,0,0,0,-72,-73,-83,-82,-81,-80,0,0,-76,-76,-41,-49
0,-66,-76,-76,-69,0,0,0,-78,-77,0,0,-64,-63,0,0,-72,-72,0,0,-67,-67,-64,-61,-60,-59,-55,-57,-53,-52,0,0,-67,-67,0,0,-74,-74,0,0,0,-72,-73,-83,-82,-81,-80,0,0,-76,-76,-41,-49
0,-66,-76,-76,-69,0,0,0,-78,-77,0,0,-64,-63,0,0,-72,-72,0,0,-67,-67,-64,-61,-60,-59,-55,-57,-53,-52,0,0,-67,-67,0,0,-74,-74,0,0,0,-72,-73,-83,-82,-81,-80,0,0,-76,-76,-41,-49
0,-66,-76,-76,-69,0,0,0,-78,-77,0,0,-64,-63,0,0,-72,-72,0,0,-67,-67,-64,-61,-60,-59,-55,-57,-53,-52,0,0,-67,-67,0,0,-74,-74,0,0,0,-72,-73,-83,-82,-81,-80,0,0,-76,-76,-41,-49
0,-66,-76,-76,-69,0,0,0,-78,-77,0,0,-64,-63,0,0,-72,-72,0,0,-67,-67,-64,-61,-59,-59,-55,-57,-53,-52,0,0,-67,-67,0,0,-74,-74,0,0,0,-72,-73,-83,-82,-81,-80,0,0,-76,-76,-41,-49
0,0,-75,-75,-75,0,0,-69,-77,-78,0,0,-64,-63,-70,-70,-73,-73,0,0,-67,-67,-64,0,-59,-59,-55,-57,-50,-51,0,0,-68,-68,-77,0,-72,-72,0,0,0,-72,-73,-83,-82,-81,-80,0,0,-76,-76,-43,-49
0,0,-75,-75,-75,0,0,-69,-77,-78,0,0,-64,-63,-70,-70,-73,-73,0,0,-67,-67,-64,0,-59,-59,-55,-57,-50,-51,0,0,-68,-68,-77,0,-72,-72,0,0,0,-72,-73,-83,-82,-81,-80,0,0,-76,-76,-43,-49
0,0,-75,-75,-75,0,0,-69,-77,-78,0,0,-64,-63,-70,-70,-73,-73,0,0,-67,-67,-64,0,-59,-59,-55,-57,-50,-51,0,0,-68,-68,-77,0,-72,-72,0,0,0,-72,-73,-83,-82,-81,-80,0,0,-76,-76,-43,-49
0,0,-75,-75,-75,0,0,-69,-77,-78,0,0,-64,-63,-70,-70,-73,-73,0,0,-67,-67,-64,0,-59,-59,-55,-57,-50,-51,0,0,-68,-68,-77,0,-72,-72,0,0,0,-72,-73,-83,-82,-81,-80,0,0,-76,-76,-43,-49
0,0,-75,-75,-75,0,0,-69,-77,-78,0,0,-64,-63,-70,-70,-73,-73,0,0,-67,-67,-64,0,-59,-59,-55,-57,-50,-51,0,0,-68,-68,-77,0,-72,-72,0,0,0,-72,-73,-83,-82,-81,-80,0,0,-76,-76,-43,-49
0,0,-77,-77,-72,0,0,-69,-76,-76,0,0,-64,-64,-70,-69,-73,-73,0,0,-67,-67,0,0,-59,-59,-57,0,-48,-49,0,-65,-67,-68,-77,0,-74,-73,0,0,0,-72,-71,-84,-84,-79,-79,0,0,-76,-76,-42,-48
0,0,-77,-77,-72,0,0,-69,-76,-76,0,0,-64,-64,-70,-69,-73,-73,0,0,-67,-67,0,0,-59,-59,-57,0,-48,-49,0,-65,-67,-68,-77,0,-74,-73,0,0,0,-72,-71,-84,-84,-79,-79,0,0,-76,-76,-42,-48
0,0,-77,-77,-72,0,0,-69,-76,-76,0,0,-64,-64,-70,-69,-73,-73,0,0,-67,-67,0,0,-60,-59,-57,0,-48,-49,0,-65,-67,-68,-77,0,-74,-73,0,0,0,-72,-71,-84,-84,-79,-79,0,0,-76,-76,-42,-48
0,0,-77,-77,-72,0,0,-69,-76,-76,0,0,-64,-64,-70,-69,-73,-73,0,0,-67,-67,0,0,-60,-59,-57,0,-48,-49,0,-65,-67,-68,-77,0,-74,-73,0,0,0,-72,-71,-84,-84,-79,-79,0,0,-76,-76,-42,-48
0,0,-77,-77,-72,0,0,-69,-76,-76,0,0,-64,-64,-70,-69,-73,-73,0,0,-67,-67,0,0,-60,-59,-57,0,-48,-49,0,-65,-67,-68,-77,0,-74,-73,0,0,0,-72,-71,-84,-84,-79,-79,0,0,-76,-76,-42,-48
0,0,-77,-77,-71,0,0,0,-76,-77,0,0,-65,-64,-70,-69,-75,-76,0,0,-67,-68,0,0,-60,-60,-56,-57,-55,-54,-68,-66,-68,-68,0,0,-74,-74,0,0,0,-72,-72,-83,-83,-76,-78,0,0,-76,-76,-39,-48
0,0,-77,-77,-71,0,0,0,-76,-77,0,0,-65,-64,-70,-69,-75,-76,0,0,-67,-68,0,0,-60,-60,-56,-57,-55,-54,-68,-66,-68,-68,0,0,-74,-74,0,0,0,-72,-72,-83,-83,-76,-78,0,0,-76,-76,-39,-48
0,0,-77,-77,-71,0,0,0,-76,-77,0,0,-65,-64,-70,-69,-75,-76,0,0,-67,-68,0,0,-60,-60,-56,-57,-55,-54,-68,-66,-68,-68,0,0,-74,-74,0,0,0,-72,-72,-83,-83,-76,-78,0,0,-76,-76,-39,-48
0,0,-77,-77,-71,0,0,0,-76,-77,0,0,-65,-64,-70,-69,-75,-76,0,0,-67,-68,0,0,-60,-60,-56,-57,-55,-54,-68,-66,-68,-68,0,0,-74,-74,0,0,0,-72,-72,-83,-83,-76,-78,0,0,-76,-76,-39,-48
0,0,-77,-77,-71,0,0,0,-76,-77,0,0,-65,-64,-70,-69,-75,-76,0,0,-67,-68,0,0,-60,-60,-56,-57,-55,-54,-68,-66,-68,-68,0,0,-74,-74,0,0,0,-72,-72,-83,-83,-76,-78,0,0,-76,-76,-39,-48
0,0,-81,-81,-71,0,0,0,-77,-78,0,0,-65,-64,0,0,-75,-76,0,0,-67,-66,-65,-61,-61,-60,-56,-57,-56,-57,-68,-59,-70,-71,0,0,-73,-73,0,0,0,-75,-76,-84,-84,-83,-82,0,0,-81,-82,-39,-49
0,0,-81,-81,-71,0,0,0,-77,-78,0,0,-65,-64,0,0,-75,-76,0,0,-67,-66,-65,-61,-61,-60,-56,-57,-56,-57,-68,-59,-70,-71,0,0,-73,-73,0,0,0,-75,-76,-84,-84,-83,-82,0,0,-81,-82,-39,-49
0,0,-81,-81,-71,0,0,0,-77,-78,0,0,-65,-64,0,0,-75,-76,0,0,-67,-66,-65,-61,-61,-60,-56,-57,-56,-57,-68,-59,-70,-71,0,0,-73,-73,0,0,0,-75,-76,-84,-84,-83,-82,0,0,-81,-82,-39,-49
0,0,-81,-81,-71,0,0,0,-77,-78,0,0,-65,-64,0,0,-75,-76,0,0,-67,-66,-65,-61,-61,-60,-56,-57,-56,-57,-68,-59,-70,-71,0,0,-73,-73,0,0,0,-75,-76,-84,-84,-83,-82,0,0,-81,-82,-39,-49
0,0,-81,-81,-71,0,0,0,-77,-78,0,0,-65,-64,0,0,-75,-76,0,0,-67,-66,-65,-61,-61,-60,-56,-57,-56,-57,-68,-59,-70,-71,0,0,-73,-73,0,0,0,-75,-76,-84,-84,-83,-82,0,0,-81,-82,-39,-49
0,0,-77,-77,-65,-81,-81,0,-77,-77,0,0,-69,-68,0,0,-79,-79,0,0,-67,-66,-65,-60,-60,-60,0,0,-56,-57,-68,-65,-72,-73,0,0,-74,-74,0,0,0,-71,-72,-81,-82,-80,-80,0,0,-80,-80,-39,-46
0,0,-77,-77,-65,-81,-81,0,-77,-77,0,0,-69,-68,0,0,-79,-79,0,0,-67,-66,-65,-60,-60,-60,0,0,-56,-57,-68,-65,-72,-73,0,0,-74,-74,0,0,0,-71,-72,-81,-82,-80,-80,0,0,-80,-80,-39,-46
0,0,-77,-77,-65,-81,-81,0,-77,-77,0,0,-69,-68,0,0,-79,-79,0,0,-67,-66,-65,-60,-60,-60,0,0,-56,-57,-68,-65,-72,-73,0,0,-74,-74,0,0,0,-71,-72,-81,-82,-80,-80,0,0,-80,-80,-39,-46
0,0,-77,-77,-65,-81,-81,0,-77,-77,0,0,-69,-68,0,0,-79,-79,0,0,-67,-66,-65,-60,-60,-60,0,0,-56,-57,-68,-65,-72,-73,0,0,-74,-74,0,0,0,-71,-72,-81,-82,-80,-80,0,0,-80,-80,-39,-46
0,0,-77,-77,-65,-81,-81,0,-77,-77,0,0,-69,-68,0,0,-79,-79,0,0,-67,-66,-65,-60,-60,-60,0,0,-56,-57,-68,-65,-72,-73,0,0,-74,-74,0,0,0,-71,-72,-81,-82,-80,-80,0,0,-80,-80,-39,-46
-72,-69,-75,-74,-65,-81,-81,0,-76,-77,0,0,-65,-65,0,0,-76,-76,0,0,-68,-66,-63,-59,-60,-61,0,0,-60,-61,-68,-65,-68,-69,0,0,-70,-70,0,-69,0,-71,-72,-81,-83,-83,-81,0,0,-82,-81,-39,-45
-72,-69,-75,-74,-65,-81,-81,0,-76,-77,0,0,-65,-65,0,0,-76,-76,0,0,-68,-66,-63,-59,-60,-61,0,0,-60,-61,-68,-65,-68,-69,0,0,-70,-70,0,-69,0,-71,-72,-81,-83,-83,-81,0,0,-82,-81,-39,-45
-72,-69,-75,-74,-65,-81,-81,0,-76,-77,0,0,-65,-65,0,0,-76,-76,0,0,-68,-66,-63,-59,-60,-61,0,0,-60,-61,-68,-65,-68,-69,0,0,-70,-70,0,-69,0,-71,-72,-81,-83,-83,-81,0,0,-82,-81,-39,-45
-72,-69,-75,-74,-65,-81,-81,0,-76,-77,0,0,-65,-65,0,0,-76,-76,0,0,-68,-66,-63,-59,-60,-61,0,0,-60,-61,-68,-65,-68,-69,0,0,-70,-70,0,-69,0,-71,-72,-81,-83,-83,-81,0,0,-82,-81,-39,-45
-72,-69,-75,-74,-65,-81,-81,0,-76,-77,0,0,-65,-65,0,0,-76,-76,0,0,-68,-66,-63,-59,-60,-61,0,0,-60,-61,-68,-65,-68,-69,0,0,-70,-70,0,-69,0,-71,-72,-81,-83,-83,-81,0,0,-82,-81,-39,-45
-72,-69,-75,-75,-65,0,0,-69,-80,-81,0,0,-69,-69,0,0,-79,-78,0,0,-70,-70,-59,-59,-60,-61,0,0,-64,-63,0,-65,-71,-70,0,0,-70,-71,0,-69,0,-72,-74,-84,-83,-82,-81,0,0,-79,-78,-39,-46
-72,-69,-75,-75,-65,0,0,-69,-80,-81,0,0,-69,-69,0,0,-79,-78,0,0,-70,-70,-59,-59,-60,-61,0,0,-64,-63,0,-65,-71,-70,0,0,-70,-71,0,-69,0,-72,-74,-84,-83,-82,-81,0,0,-79,-78,-39,-46
-72,-69,-75,-75,-65,0,0,-69,-80,-81,0,0,-69,-69,0,0,-79,-78,0,0,-70,-70,-59,-59,-60,-61,0,0,-64,-63,0,-65,-71,-70,0,0,-70,-71,0,-69,0,-72,-74,-84,-83,-82,-81,0,0,-79,-78,-39,-46
-72,-69,-75,-75,-65,0,0,-69,-80,-81,0,0,-69,-69,0,0,-79,-78,0,0,-70,-70,-59,-59,-61,-61,0,0,-64,-63,0,-65,-71,-70,0,0,-70,-71,0,-69,0,-72,-74,-84,-83,-82,-81,0,0,-79,-78,-39,-46
-72,-69,-75,-75,-65,0,0,-69,-80,-81,0,0,-69,-69,0,0,-79,-78,0,0,-70,-70,-59,-59,-61,-61,0,0,-64,-63,0,-65,-71,-70,0,0,-70,-71,0,-69,0,-72,-74,-84,-83,-82,-81,0,0,-79,-78,-39,-46
0,0,-75,-75,-65,0,0,-69,-79,-78,0,0,-68,-68,-68,-64,-78,-78,0,0,-70,-70,-62,-58,-64,-63,0,0,-64,-63,-67,-61,-69,-70,0,0,-72,-71,0,0,0,-73,-74,-84,-81,-82,-81,0,0,-80,-79,-36,-48
0,0,-75,-75,-65,0,0,-69,-79,-78,0,0,-68,-68,-68,-64,-78,-78,0,0,-70,-70,-62,-58,-61,-63,0,0,-64,-63,-67,-61,-69,-70,0,0,-72,-71,0,0,0,-73,-74,-84,-81,-82,-81,0,0,-80,-79,-36,-48
0,0,-79,-79,0,0,0,0,-83,-78,0,0,-72,-72,-68,-64,-82,-81,0,0,-77,-78,-62,-58,-63,-62,0,0,-57,-57,-67,-61,-76,-76,0,0,-72,-73,0,0,0,-73,-74,-84,-81,-82,0,0,0,-77,-77,-36,-46
0,0,-79,-79,0,0,0,0,-83,-78,0,0,-72,-72,-68,-64,-82,-81,0,0,-77,-78,-62,-58,-63,-62,0,0,-57,-57,-67,-61,-76,-76,0,0,-72,-73,0,0,0,-73,-74,-84,-81,-82,0,0,0,-77,-77,-36,-46
0,0,-79,-79,0,0,0,0,-83,-78,0,0,-72,-72,-68,-64,-82,-81,0,0,-77,-78,-62,-58,-63,-62,0,0,-57,-57,-67,-61,-76,-76,0,0,-72,-73,0,0,0,-73,-74,-84,-81,-82,0,0,0,-77,-77,-36,-46
0,0,-79,-79,0,0,0,0,-83,-78,0,0,-72,-72,-68,-64,-82,-81,0,0,-77,-78,-62,-58,-63,-62,0,0,-57,-57,-67,-61,-76,-76,0,0,-72,-73,0,0,0,-73,-74,-84,-81,-82,0,0,0,-77,-77,-36,-46
0,0,-79,-79,0,0,0,0,-83,-78,0,0,-72,-72,-68,-64,-82,-81,0,0,-77,-78,-62,-58,-62,-62,0,0,-57,-57,-67,-61,-76,-76,0,0,-72,-73,0,0,0,-73,-74,-84,-81,-82,0,0,0,-77,-77,-36,-46
0,0,-79,-79,0,0,0,0,-78,-77,0,0,-74,-75,0,-65,-82,-81,0,0,-77,-78,-68,-67,-64,-63,0,-58,-50,-57,0,0,-76,-76,0,0,-74,-73,0,0,0,-73,-72,-84,-81,-82,-85,0,0,-81,-81,-42,-55
0,0,-79,-79,0,0,0,0,-78,-77,0,0,-74,-75,0,-65,-82,-81,0,0,-77,-78,-68,-67,-64,-63,0,-58,-50,-57,0,0,-76,-76,0,0,-74,-73,0,0,0,-73,-72,-84,-81,-82,-85,0,0,-81,-81,-42,-55
0,0,-79,-79,0,0,0,0,-78,-77,0,0,-74,-75,0,-65,-82,-81,0,0,-77,-78,-68,-67,-63,-63,0,-58,-50,-57,0,0,-76,-76,0,0,-74,-73,0,0,0,-73,-72,-84,-81,-82,-85,0,0,-81,-81,-42,-55
0,0,-79,-79,0,0,0,0,-78,-77,0,0,-74,-75,0,-65,-82,-81,0,0,-77,-78,-68,-67,-63,-63,0,-58,-50,-57,0,0,-76,-76,0,0,-74,-73,0,0,0,-73,-72,-84,-81,-82,-85,0,0,-81,-81,-42,-55
0,0,-79,-79,0,0,0,0,-78,-77,0,0,-74,-75,0,-65,-82,-81,0,0,-77,-78,-68,-67,-63,-63,0,-58,-50,-57,0,0,-76,-76,0,0,-74,-73,0,0,0,-73,-72,-84,-81,-82,-85,0,0,-81,-81,-42,-55
0,0,-77,-78,-66,0,0,-70,-79,-78,0,0,-74,-73,0,-65,-81,-81,0,0,-77,-80,-66,-63,-63,-63,0,-54,-50,-51,-73,-70,-73,-73,-78,0,-75,-74,0,0,0,-70,-70,0,0,0,-85,0,0,-80,-80,-43,-55
0,0,-77,-78,-66,0,0,-70,-79,-78,0,0,-74,-73,0,-65,-81,-81,0,0,-77,-80,-66,-63,-63,-63,0,-54,-50,-51,-73,-70,-73,-73,-78,0,-75,-74,0,0,0,-70,-70,0,0,0,-85,0,0,-80,-80,-43,-55
0,0,-77,-78,-66,0,0,-70,-79,-78,0,0,-74,-73,0,-65,-81,-81,0,0,-77,-80,-66,-63,-63,-63,0,-54,-50,-51,-73,-70,-73,-73,-78,0,-75,-74,0,0,0,-70,-70,0,0,0,-85,0,0,-80,-80,-43,-55
0,0,-77,-78,-66,0,0,-70,-79,-78,0,0,-74,-73,0,-65,-81,-81,0,0,-77,-80,-66,-63,-63,-63,0,-54,-50,-51,-73,-70,-73,-73,-78,0,-75,-74,0,0,0,-70,-70,0,0,0,-85,0,0,-80,-80,-43,-55
0,0,-77,-78,-66,0,0,-70,-79,-78,0,0,-74,-73,0,-65,-81,-81,0,0,-77,-80,-66,-63,-63,-63,0,-54,-50,-51,-73,-70,-73,-73,-78,0,-75,-74,0,0,0,-70,-70,0,0,0,-85,0,0,-80,-80,-43,-55
0,0,-76,-78,-72,-80,-79,-68,-79,-78,-79,-75,-76,-75,0,0,-81,-81,0,0,-78,-80,-66,-63,-61,-63,-54,-54,-50,-50,-71,-69,-71,-70,-75,0,-76,-76,0,0,0,-70,-70,0,0,-84,-83,0,0,-78,-77,-45,-61
0,0,-76,-78,-72,-80,-79,-68,-79,-78,-79,-75,-76,-75,0,0,-81,-81,0,0,-78,-80,-66,-63,-61,-63,-54,-54,-50,-50,-71,-69,-71,-70,-75,0,-76,-76,0,0,0,-70,-70,0,0,-84,-83,0,0,-78,-77,-45,-61
0,0,-76,-78,-72,-80,-79,-68,-79,-78,-79,-75,-76,-75,0,0,-81,-81,0,0,-78,-80,-66,-63,-61,-63,-54,-54,-50,-50,-71,-69,-71,-70,-75,0,-76,-76,0,0,0,-70,-70,0,0,-84,-83,0,0,-78,-77,-45,-61
0,0,-76,-78,-72,-80,-79,-68,-79,-78,-79,-75,-76,-75,0,0,-81,-81,0,0,-78,-80,-66,-63,-62,-63,-54,-54,-50,-50,-71,-69,-71,-70,-75,0,-76,-76,0,0,0,-70,-70,0,0,-84,-83,0,0,-78,-77,-45,-61
0,0,-76,-78,-72,-80,-79,-68,-79,-78,-79,-75,-76,-75,0,0,-81,-81,0,0,-78,-80,-66,-63,-62,-63,-54,-54,-50,-50,-71,-69,-71,-70,-75,0,-76,-76,0,0,0,-70,-70,0,0,-84,-83,0,0,-78,-77,-45,-61
0,0,-80,-81,-72,-80,-79,-68,-78,-77,-79,-75,-76,-76,-73,0,0,0,0,0,-78,-80,-64,-64,-61,-61,-54,-52,-52,-53,-71,-69,-75,-75,-75,0,-73,-73,0,0,0,-70,-72,-85,-84,-84,-83,0,0,-78,-77,-41,-59
0,0,-80,-81,-72,-80,-79,-68,-78,-77,-79,-75,-76,-76,-73,0,0,0,0,0,-78,-80,-64,-64,-61,-61,-54,-52,-52,-53,-71,-69,-75,-75,-75,0,-73,-73,0,0,0,-70,-72,-85,-84,-84,-83,0,0,-78,-77,-41,-59
0,0,-80,-81,-72,-80,-79,-68,-78,-77,-79,-75,-76,-76,-73,0,0,0,0,0,-78,-80,-64,-64,-61,-61,-54,-52,-52,-53,-71,-69,-75,-75,-75,0,-73,-73,0,0,0,-70,-72,-85,-84,-84,-83,0,0,-78,-77,-41,-59
0,0,-80,-81,-72,-80,-79,-68,-78,-77,-79,-75,-76,-76,-73,0,0,0,0,0,-78,-80,-64,-64,-61,-61,-54,-52,-52,-53,-71,-69,-75,-75,-75,0,-73,-73,0,0,0,-70,-72,-85,-84,-84,-83,0,0,-78,-77,-41,-59
0,0,-80,-81,-72,-80,-79,-68,-78,-77,-79,-75,-76,-76,-73,0,0,0,0,0,-78,-80,-64,-64,-61,-61,-54,-52,-52,-53,-71,-69,-75,-75,-75,0,-73,-73,0,0,0,-70,-72,-85,-84,-84,-83,0,0,-78,-77,-41,-59
0,0,-78,-78,-81,-80,-80,0,-77,-77,0,0,-73,-75,-73,0,-79,-79,0,-68,0,0,-67,-66,-61,-61,-53,-49,-53,-54,-72,-73,-75,-75,0,0,-73,-73,0,0,0,-72,-72,-85,-84,0,0,0,0,-79,-79,-45,-51
0,0,-78,-78,-81,-80,-80,0,-77,-77,0,0,-73,-75,-73,0,-79,-79,0,-68,0,0,-67,-66,-62,-61,-53,-49,-53,-54,-72,-73,-75,-75,0,0,-73,-73,0,0,0,-72,-72,-85,-84,0,0,0,0,-79,-79,-45,-51
0,0,-78,-78,-81,-80,-80,0,-77,-77,0,0,-73,-75,-73,0,-79,-79,0,-68,0,0,-67,-66,-62,-61,-53,-49,-53,-54,-72,-73,-75,-75,0,0,-73,-73,0,0,0,-72,-72,-85,-84,0,0,0,0,-79,-79,-45,-51
0,0,-78,-78,-81,-80,-80,0,-77,-77,0,0,-73,-75,-73,0,-79,-79,0,-68,0,0,-67,-66,-62,-61,-53,-49,-53,-54,-72,-73,-75,-75,0,0,-73,-73,0,0,0,-72,-72,-85,-84,0,0,0,0,-79,-79,-45,-51
0,0,-78,-78,-81,-80,-80,0,-77,-77,0,0,-73,-75,-73,0,-79,-79,0,-68,0,0,-67,-66,-62,-61,-53,-49,-53,-54,-72,-73,-75,-75,0,0,-73,-73,0,0,0,-72,-72,-85,-84,0,0,0,0,-79,-79,-45,-51
0,0,-80,-80,-69,-80,-80,-70,-77,-78,0,0,-75,-75,0,0,-79,-78,0,-68,-77,-79,-67,-66,-61,-62,-53,-49,-53,-54,-72,-61,-75,-75,0,0,-75,-75,0,0,0,-72,-75,0,-84,-82,-84,0,0,-77,-77,-46,-55
0,0,-80,-80,-69,-80,-80,-70,-77,-78,0,0,-75,-75,0,0,-79,-78,0,-68,-77,-79,-67,-66,-61,-62,-53,-49,-53,-54,-72,-61,-75,-75,0,0,-75,-75,0,0,0,-72,-75,0,-84,-82,-84,0,0,-77,-77,-46,-55
0,0,-80,-80,-69,-80,-80,-70,-77,-78,0,0,-75,-75,0,0,-79,-78,0,-68,-77,-79,-67,-66,-61,-62,-53,-49,-53,-54,-72,-61,-75,-75,0,0,-75,-75,0,0,0,-72,-75,0,-84,-82,-84,0,0,-77,-77,-46,-55
0,0,-80,-80,-69,-80,-80,-70,-77,-78,0,0,-75,-75,0,0,-79,-78,0,-68,-77,-79,-67,-66,-61,-62,-53,-49,-53,-54,-72,-61,-75,-75,0,0,-75,-75,0,0,0,-72,-75,0,-84,-82,-84,0,0,-77,-77,-46,-55
0,0,-80,-80,-69,-80,-80,-70,-77,-78,0,0,-75,-75,0,0,-79,-78,0,-68,-77,-79,-67,-66,-60,-62,-53,-49,-53,-54,-72,-61,-75,-75,0,0,-75,-75,0,0,0,-72,-75,0,-84,-82,-84,0,0,-77,-77,-46,-55
0,0,-80,-79,-69,0,0,-70,-77,-79,0,0,-79,-79,-75,0,-80,-80,0,0,-77,-78,0,0,-61,-61,-52,-54,-51,-51,-71,-61,-73,-74,0,0,-75,-75,-79,0,0,-70,-72,0,-84,-83,-83,0,0,-79,-79,-47,-53
0,0,-80,-79,-69,0,0,-70,-77,-79,0,0,-79,-79,-75,0,-80,-80,0,0,-77,-78,0,0,-62,-61,-52,-54,-51,-51,-71,-61,-73,-74,0,0,-75,-75,-79,0,0,-70,-72,0,-84,-83,-83,0,0,-79,-79,-47,-53
0,0,-80,-79,-69,0,0,-70,-77,-79,0,0,-79,-79,-75,0,-80,-80,0,0,-77,-78,0,0,-62,-61,-52,-54,-51,-51,-71,-61,-73,-74,0,0,-75,-75,-79,0,0,-70,-72,0,-84,-83,-83,0,0,-79,-79,-47,-53
0,0,-80,-79,-69,0,0,-70,-77,-79,0,0,-79,-79,-75,0,-80,-80,0,0,-77,-78,0,0,-62,-61,-52,-54,-51,-51,-71,-61,-73,-74,0,0,-75,-75,-79,0,0,-70,-72,0,-84,-83,-83,0,0,-79,-79,-47,-53
0,0,-80,-79,-69,0,0,-70,-77,-79,0,0,-79,-79,-75,0,-80,-80,0,0,-77,-78,0,0,-63,-61,-52,-54,-51,-51,-71,-61,-73,-74,0,0,-75,-75,-79,0,0,-70,-72,0,-84,-83,-83,0,0,-79,-79,-47,-53
0,0,-80,-79,0,0,0,0,-78,-78,-80,0,-78,-79,-75,0,-84,-82,0,0,-78,-78,0,0,-63,-63,-54,-54,-50,-50,-71,0,-76,-76,0,0,-75,-76,-79,0,0,-70,-70,-86,-84,-84,-84,0,0,-79,-79,-45,-57
0,0,-80,-79,0,0,0,0,-78,-78,-80,0,-78,-79,-75,0,-84,-82,0,0,-78,-78,0,0,-63,-63,-54,-54,-50,-50,-71,0,-76,-76,0,0,-75,-76,-79,0,0,-70,-70,-86,-84,-84,-84,0,0,-79,-79,-45,-57
0,0,-80,-79,0,0,0,0,-78,-78,-80,0,-78,-79,-75,0,-84,-82,0,0,-78,-78,0,0,-61,-63,-54,-54,-50,-50,-71,0,-76,-76,0,0,-75,-76,-79,0,0,-70,-70,-86,-84,-84,-84,0,0,-79,-79,-45,-57
0,0,-80,-79,0,0,0,0,-78,-78,-80,0,-78,-79,-75,0,-84,-82,0,0,-78,-78,0,0,-61,-63,-54,-54,-50,-50,-71,0,-76,-76,0,0,-75,-76,-79,0,0,-70,-70,-86,-84,-84,-84,0,0,-79,-79,-45,-57
0,0,-80,-79,0,0,0,0,-78,-78,-80,0,-78,-79,-75,0,-84,-82,0,0,-78,-78,0,0,-61,-63,-54,-54,-50,-50,-71,0,-76,-76,0,0,-75,-76,-79,0,0,-70,-70,-86,-84,-84,-84,0,0,-79,-79,-45,-57
0,0,-80,-79,-70,0,0,0,-78,-78,-80,0,-74,-75,0,0,-82,-82,0,0,-78,-78,-68,-64,-61,-61,-57,-54,-51,-50,0,0,-75,-74,0,0,-75,-75,0,0,0,-72,-73,-86,-84,-83,-84,0,0,-79,-79,-46,-53
0,0,-80,-79,-70,0,0,0,-78,-78,-80,0,-74,-75,0,0,-82,-82,0,0,-78,-78,-68,-64,-61,-61,-57,-54,-51,-50,0,0,-75,-74,0,0,-75,-75,0,0,0,-72,-73,-86,-84,-83,-84,0,0,-79,-79,-46,-53
0,0,-80,-79,-70,0,0,0,-78,-78,-80,0,-74,-75,0,0,-82,-82,0,0,-78,-78,-68,-64,-62,-61,-57,-54,-51,-50,0,0,-75,-74,0,0,-75,-75,0,0,0,-72,-73,-86,-84,-83,-84,0,0,-79,-79,-46,-53
0,0,-80,-79,-70,0,0,0,-78,-78,-80,0,-74,-75,0,0,-82,-82,0,0,-78,-78,-68,-64,-62,-61,-57,-54,-51,-50,0,0,-75,-74,0,0,-75,-75,0,0,0,-72,-73,-86,-84,-83,-84,0,0,-79,-79,-46,-53
0,0,-80,-79,-70,0,0,0,-78,-78,-80,0,-74,-75,0,0,-82,-82,0,0,-78,-78,-68,-64,-62,-61,-57,-54,-51,-50,0,0,-75,-74,0,0,-75,-75,0,0,0,-72,-73,-86,-84,-83,-84,0,0,-79,-79,-46,-53
0,0,-80,-81,-70,0,0,0,-76,-76,0,0,-78,-78,0,-63,-82,-82,0,0,-82,-83,-65,-63,-61,-61,-57,0,-52,-53,0,-72,-76,-76,0,0,-72,-72,0,0,0,-70,-69,0,-84,-83,-84,0,0,-79,-80,-44,-57
0,0,-80,-81,-70,0,0,0,-76,-76,0,0,-78,-78,0,-63,-82,-82,0,0,-82,-83,-65,-63,-61,-61,-57,0,-52,-53,0,-72,-76,-76,0,0,-72,-72,0,0,0,-70,-69,0,-84,-83,-84,0,0,-79,-80,-44,-57
0,0,-80,-81,-70,0,0,0,-76,-76,0,0,-78,-78,0,-63,-82,-82,0,0,-82,-83,-65,-63,-61,-61,-57,0,-52,-53,0,-72,-76,-76,0,0,-72,-72,0,0,0,-70,-69,0,-84,-83,-84,0,0,-79,-80,-44,-57
0,0,-80,-81,-70,0,0,0,-76,-76,0,0,-78,-78,0,-63,-82,-82,0,0,-82,-83,-65,-63,-61,-61,-57,0,-52,-53,0,-72,-76,-76,0,0,-72,-72,0,0,0,-70,-69,0,-84,-83,-84,0,0,-79,-80,-44,-57
0,0,-80,-81,-70,0,0,0,-76,-76,0,0,-78,-78,0,-63,-82,-82,0,0,-82,-83,-65,-63,-61,-61,-57,0,-52,-53,0,-72,-76,-76,0,0,-72,-72,0,0,0,-70,-69,0,-84,-83,-84,0,0,-79,-80,-44,-57
0,0,-81,-81,-69,0,0,0,-81,-83,0,0,-81,-80,0,-63,-80,-81,0,-73,-75,-75,-65,-63,-61,-59,0,-60,-52,-51,0,-72,-76,-76,0,0,-72,-72,0,0,0,-73,-72,-84,-85,0,-84,0,0,-81,-82,-45,-56
0,0,-81,-81,-69,0,0,0,-81,-83,0,0,-81,-80,0,-63,-80,-81,0,-73,-75,-75,-65,-63,-61,-59,0,-60,-52,-51,0,-72,-76,-76,0,0,-72,-72,0,0,0,-73,-72,-84,-85,0,-84,0,0,-81,-82,-45,-56
