0,0,-77,-77,0,0,0,-71,-79,-77,0,0,-73,-73,0,0,-81,-80,0,0,-78,-78,-67,-64,-64,-63,0,0,-52,-52,-73,0,-77,-77,0,0,-73,-73,-79,-63,-63,-75,-75,-84,-85,-86,-85,0,0,-79,-78,-45,-56
0,0,-77,-77,0,0,0,-71,-79,-77,0,0,-73,-73,0,0,-81,-80,0,0,-78,-78,-67,-64,-64,-63,0,0,-52,-52,-73,0,-77,-77,0,0,-73,-73,-79,-63,-63,-75,-75,-84,-85,-86,-85,0,0,-79,-78,-45,-56
0,0,-77,-77,0,0,0,-71,-79,-77,0,0,-73,-73,0,0,-81,-80,0,0,-78,-78,-67,-64,-64,-63,0,0,-52,-52,-73,0,-77,-77,0,0,-73,-73,-79,-63,-63,-75,-75,-84,-85,-86,-85,0,0,-79,-78,-45,-56
0,0,-77,-77,0,0,0,-71,-79,-77,0,0,-73,-73,0,0,-81,-80,0,0,-78,-78,-67,-64,-64,-63,0,0,-52,-52,-73,0,-77,-77,0,0,-73,-73,-79,-63,-63,-75,-75,-84,-85,-86,-85,0,0,-79,-78,-45,-56
0,0,-77,-77,0,0,0,-71,-79,-77,0,0,-73,-73,0,0,-81,-80,0,0,-78,-78,-67,-64,-64,-63,0,0,-52,-52,-73,0,-77,-77,0,0,-73,-73,-79,-63,-63,-75,-75,-84,-85,-86,-85,0,0,-79,-78,-45,-56
0,0,-73,-72,-73,0,0,0,-82,-81,0,0,-77,-78,0,0,-81,-80,0,0,-71,-71,-67,-65,-64,-64,-57,-56,-52,-53,0,0,-74,-73,0,0,-79,-79,0,-63,-63,-75,-75,-84,-85,-82,-85,0,0,-79,-81,-46,-49
0,0,-73,-72,-73,0,0,0,-82,-81,0,0,-77,-78,0,0,-81,-80,0,0,-71,-71,-67,-65,-64,-64,-57,-56,-52,-53,0,0,-74,-73,0,0,-79,-79,0,-63,-63,-75,-75,-84,-85,-82,-85,0,0,-79,-81,-46,-49
0,0,-73,-72,-73,0,0,0,-82,-81,0,0,-77,-78,0,0,-81,-80,0,0,-71,-71,-67,-65,-64,-64,-57,-56,-52,-53,0,0,-74,-73,0,0,-79,-79,0,-63,-63,-75,-75,-84,-85,-82,-85,0,0,-79,-81,-46,-49
0,0,-73,-72,-73,0,0,0,-82,-81,0,0,-77,-78,0,0,-81,-80,0,0,-71,-71,-67,-65,-65,-64,-57,-56,-52,-53,0,0,-74,-73,0,0,-79,-79,0,-63,-63,-75,-75,-84,-85,-82,-85,0,0,-79,-81,-46,-49
0,0,-73,-72,-73,0,0,0,-82,-81,0,0,-77,-78,0,0,-81,-80,0,0,-71,-71,-67,-65,-65,-64,-57,-56,-52,-53,0,0,-74,-73,0,0,-79,-79,0,-63,-63,-75,-75,-84,-85,-82,-85,0,0,-79,-81,-46,-49
-65,-61,-70,-70,-74,0,0,0,-81,-81,0,0,-77,-78,0,0,-77,-76,0,0,-70,-71,0,-65,-69,-76,-57,-57,-55,-56,0,0,-74,-73,0,0,-81,-81,0,0,0,-73,-73,-83,-84,-82,-84,0,0,0,-81,-54,-48
-65,-61,-70,-70,-74,0,0,0,-81,-81,0,0,-77,-78,0,0,-77,-76,0,0,-70,-71,0,-65,-69,-76,-57,-57,-55,-56,0,0,-74,-73,0,0,-81,-81,0,0,0,-73,-73,-83,-84,-82,-84,0,0,0,-81,-54,-48
-65,-61,-70,-70,-74,0,0,0,-81,-81,0,0,-77,-78,0,0,-77,-76,0,0,-70,-71,0,-65,-69,-76,-57,-57,-55,-56,0,0,-74,-73,0,0,-81,-81,0,0,0,-73,-73,-83,-84,-82,-84,0,0,0,-81,-54,-48
-65,-61,-70,-70,-74,0,0,0,-81,-81,0,0,-77,-78,0,0,-77,-76,0,0,-70,-71,0,-65,-66,-76,-57,-57,-55,-56,0,0,-74,-73,0,0,-81,-81,0,0,0,-73,-73,-83,-84,-82,-84,0,0,0,-81,-54,-48
-65,-61,-70,-70,-74,0,0,0,-81,-81,0,0,-77,-78,0,0,-77,-76,0,0,-70,-71,0,-65,-66,-76,-57,-57,-55,-56,0,0,-74,-73,0,0,-81,-81,0,0,0,-73,-73,-83,-84,-82,-84,0,0,0,-81,-54,-48
-64,-59,-70,-70,-74,0,0,0,-83,-81,0,0,-79,-79,0,-66,-76,-76,0,0,-67,-68,0,0,-66,-66,-59,-57,-57,-57,0,0,-74,-72,0,0,-81,-81,0,-67,0,-72,-73,-84,-82,-82,-84,0,0,-84,-85,-56,-49
-64,-59,-70,-70,-74,0,0,0,-83,-81,0,0,-79,-79,0,-66,-76,-76,0,0,-67,-68,0,0,-64,-66,-59,-57,-57,-57,0,0,-74,-72,0,0,-81,-81,0,-67,0,-72,-73,-84,-82,-82,-84,0,0,-84,-85,-56,-49
-64,-59,-70,-70,-74,0,0,0,-83,-81,0,0,-79,-79,0,-66,-76,-76,0,0,-67,-68,0,0,-64,-66,-59,-57,-57,-57,0,0,-74,-72,0,0,-81,-81,0,-67,0,-72,-73,-84,-82,-82,-84,0,0,-84,-85,-56,-49
-64,-59,-70,-70,-74,0,0,0,-83,-81,0,0,-79,-79,0,-66,-76,-76,0,0,-67,-68,0,0,-64,-66,-59,-57,-57,-57,0,0,-74,-72,0,0,-81,-81,0,-67,0,-72,-73,-84,-82,-82,-84,0,0,-84,-85,-56,-49
-64,-59,-70,-70,-74,0,0,0,-83,-81,0,0,-79,-79,0,-66,-76,-76,0,0,-67,-68,0,0,-64,-66,-59,-57,-57,-57,0,0,-74,-72,0,0,-81,-81,0,-67,0,-72,-73,-84,-82,-82,-84,0,0,-84,-85,-56,-49
-63,-59,-70,-70,0,0,0,-70,-84,0,0,0,-78,-78,-68,-62,-75,-75,0,0,-67,-67,0,0,-64,-63,-59,-57,-58,-59,0,0,-74,-73,0,0,-82,-82,0,-67,0,-71,-72,-82,-85,-84,-85,0,0,-84,-84,-52,-50
-63,-59,-70,-70,0,0,0,-70,-84,0,0,0,-78,-78,-68,-62,-75,-75,0,0,-67,-67,0,0,-63,-63,-59,-57,-58,-59,0,0,-74,-73,0,0,-82,-82,0,-67,0,-71,-72,-82,-85,-84,-85,0,0,-84,-84,-52,-50
-63,-59,-70,-70,0,0,0,-70,-84,0,0,0,-78,-78,-68,-62,-75,-75,0,0,-67,-67,0,0,-63,-63,-59,-57,-58,-59,0,0,-74,-73,0,0,-82,-82,0,-67,0,-71,-72,-82,-85,-84,-85,0,0,-84,-84,-52,-50
-63,-59,-70,-70,0,0,0,-70,-84,0,0,0,-78,-78,-68,-62,-75,-75,0,0,-67,-67,0,0,-63,-63,-59,-57,-58,-59,0,0,-74,-73,0,0,-82,-82,0,-67,0,-71,-72,-82,-85,-84,-85,0,0,-84,-84,-52,-50
-63,-59,-70,-70,0,0,0,-70,-84,0,0,0,-78,-78,-68,-62,-75,-75,0,0,-67,-67,0,0,-62,-63,-59,-57,-58,-59,0,0,-74,-73,0,0,-82,-82,0,-67,0,-71,-72,-82,-85,-84,-85,0,0,-84,-84,-52,-50
-63,-58,-70,-70,-76,0,0,-70,-84,-84,0,0,-78,-78,-68,-62,-75,-75,0,-66,-67,-67,0,0,-64,-62,0,-57,-59,-59,0,0,-73,-73,0,0,-79,-80,-78,0,0,-72,-72,-84,-85,-83,-83,0,0,-82,-84,-53,-50
-63,-58,-70,-70,-76,0,0,-70,-84,-84,0,0,-78,-78,-68,-62,-75,-75,0,-66,-67,-67,0,0,-64,-62,0,-57,-59,-59,0,0,-73,-73,0,0,-79,-80,-78,0,0,-72,-72,-84,-85,-83,-83,0,0,-82,-84,-53,-50
-63,-58,-70,-70,-76,0,0,-70,-84,-84,0,0,-78,-78,-68,-62,-75,-75,0,-66,-67,-67,0,0,-64,-62,0,-57,-59,-59,0,0,-73,-73,0,0,-79,-80,-78,0,0,-72,-72,-84,-85,-83,-83,0,0,-82,-84,-53,-50
-63,-58,-70,-70,-76,0,0,-70,-84,-84,0,0,-78,-78,-68,-62,-75,-75,0,-66,-67,-67,0,0,-64,-62,0,-57,-59,-59,0,0,-73,-73,0,0,-79,-80,-78,0,0,-72,-72,-84,-85,-83,-83,0,0,-82,-84,-53,-50
-63,-58,-70,-70,-76,0,0,-70,-84,-84,0,0,-78,-78,-68,-62,-75,-75,0,-66,-67,-67,0,0,-64,-62,0,-57,-59,-59,0,0,-73,-73,0,0,-79,-80,-78,0,0,-72,-72,-84,-85,-83,-83,0,0,-82,-84,-53,-50
0,-60,-70,-70,-73,0,0,-70,0,-84,0,0,-78,-77,-68,-63,-75,-75,0,-66,-68,-68,0,0,-63,-63,-61,-57,-58,-60,-72,0,-73,-73,0,0,-83,-82,-78,0,0,-71,-71,-83,-82,-83,-83,0,0,-83,-83,-53,-50
0,-60,-70,-70,-73,0,0,-70,0,-84,0,0,-78,-77,-68,-63,-75,-75,0,-66,-68,-68,0,0,-63,-63,-61,-57,-58,-60,-72,0,-73,-73,0,0,-83,-82,-78,0,0,-71,-71,-83,-82,-83,-83,0,0,-83,-83,-53,-50
0,-60,-70,-70,-73,0,0,-70,0,-84,0,0,-78,-77,-68,-63,-75,-75,0,-66,-68,-68,0,0,-63,-63,-61,-57,-58,-60,-72,0,-73,-73,0,0,-83,-82,-78,0,0,-71,-71,-83,-82,-83,-83,0,0,-83,-83,-53,-50
0,-60,-70,-70,-73,0,0,-70,0,-84,0,0,-78,-77,-68,-63,-75,-75,0,-66,-68,-68,0,0,-63,-63,-61,-57,-58,-60,-72,0,-73,-73,0,0,-83,-82,-78,0,0,-71,-71,-83,-82,-83,-83,0,0,-83,-83,-53,-50
0,-60,-70,-70,-73,0,0,-70,0,-84,0,0,-78,-77,-68,-63,-75,-75,0,-66,-68,-68,0,0,-63,-63,-61,-57,-58,-60,-72,0,-73,-73,0,0,-83,-82,-78,0,0,-71,-71,-83,-82,-83,-83,0,0,-83,-83,-53,-50
-64,-59,-69,-70,-73,0,0,0,0,0,0,0,-75,-75,0,-63,-75,-75,0,0,-68,-68,-71,-65,-63,-63,-61,-59,-58,-60,-72,-70,-74,-74,0,0,-82,-82,0,0,0,-67,-67,-83,-84,-84,-84,0,0,-83,-84,-53,-49
-64,-59,-69,-70,-73,0,0,0,0,0,0,0,-75,-75,0,-63,-75,-75,0,0,-68,-68,-71,-65,-63,-63,-61,-59,-58,-60,-72,-70,-74,-74,0,0,-82,-82,0,0,0,-67,-67,-83,-84,-84,-84,0,0,-83,-84,-53,-49
-64,-59,-69,-70,-73,0,0,0,0,0,0,0,-75,-75,0,-63,-75,-75,0,0,-68,-68,-71,-65,-63,-63,-61,-59,-58,-60,-72,-70,-74,-74,0,0,-82,-82,0,0,0,-67,-67,-83,-84,-84,-84,0,0,-83,-84,-53,-49
-64,-59,-69,-70,-73,0,0,0,0,0,0,0,-75,-75,0,-63,-75,-75,0,0,-68,-68,-71,-65,-63,-63,-61,-59,-58,-60,-72,-70,-74,-74,0,0,-82,-82,0,0,0,-67,-67,-83,-84,-84,-84,0,0,-83,-84,-53,-49
-64,-59,-69,-70,-73,0,0,0,0,0,0,0,-75,-75,0,-63,-75,-75,0,0,-68,-68,-71,-65,-63,-63,-61,-59,-58,-60,-72,-70,-74,-74,0,0,-82,-82,0,0,0,-67,-67,-83,-84,-84,-84,0,0,-83,-84,-53,-49
-64,-60,-69,-70,-74,0,0,0,-84,0,0,0,-75,-75,0,-63,-75,-75,0,0,-69,-69,-71,-65,-63,-63,-60,-56,-57,-58,-71,-69,-74,-74,0,0,-81,-82,0,0,-66,-67,-67,-82,-83,-82,-83,0,0,-83,-83,-50,-49
-64,-60,-69,-70,-74,0,0,0,-84,0,0,0,-75,-75,0,-63,-75,-75,0,0,-69,-69,-71,-65,-63,-63,-60,-56,-57,-58,-71,-69,-74,-74,0,0,-81,-82,0,0,-66,-67,-67,-82,-83,-82,-83,0,0,-83,-83,-50,-49
-64,-60,-69,-70,-74,0,0,0,-84,0,0,0,-75,-75,0,-63,-75,-75,0,0,-69,-69,-71,-65,-63,-63,-60,-56,-57,-58,-71,-69,-74,-74,0,0,-81,-82,0,0,-66,-67,-67,-82,-83,-82,-83,0,0,-83,-83,-50,-49
-64,-60,-69,-70,-74,0,0,0,-84,0,0,0,-75,-75,0,-63,-75,-75,0,0,-69,-69,-71,-65,-63,-63,-60,-56,-57,-58,-71,-69,-74,-74,0,0,-81,-82,0,0,-66,-67,-67,-82,-83,-82,-83,0,0,-83,-83,-50,-49
-64,-60,-69,-70,-74,0,0,0,-84,0,0,0,-75,-75,0,-63,-75,-75,0,0,-69,-69,-71,-65,-63,-63,-60,-56,-57,-58,-71,-69,-74,-74,0,0,-81,-82,0,0,-66,-67,-67,-82,-83,-82,-83,0,0,-83,-83,-50,-49
-64,-61,-70,-70,-74,0,0,0,-83,-84,0,0,-75,-75,0,0,-74,-74,0,0,-70,-70,0,-64,-63,-63,-60,-55,-56,-57,-71,-69,-72,-71,0,0,-82,-82,0,0,-66,-66,-66,-82,-83,-82,-82,0,0,-83,-83,-48,-50
-64,-61,-70,-70,-74,0,0,0,-83,-84,0,0,-75,-75,0,0,-74,-74,0,0,-70,-70,0,-64,-63,-63,-60,-55,-56,-57,-71,-69,-72,-71,0,0,-82,-82,0,0,-66,-66,-66,-82,-83,-82,-82,0,0,-83,-83,-48,-50
-64,-61,-70,-70,-74,0,0,0,-83,-84,0,0,-75,-75,0,0,-74,-74,0,0,-70,-70,0,-64,-63,-63,-60,-55,-56,-57,-71,-69,-72,-71,0,0,-82,-82,0,0,-66,-66,-66,-82,-83,-82,-82,0,0,-83,-83,-48,-50
-64,-61,-70,-70,-74,0,0,0,-83,-84,0,0,-75,-75,0,0,-74,-74,0,0,-70,-70,0,-64,-63,-63,-60,-55,-56,-57,-71,-69,-72,-71,0,0,-82,-82,0,0,-66,-66,-66,-82,-83,-82,-82,0,0,-83,-83,-48,-50
-64,-61,-70,-70,-74,0,0,0,-83,-84,0,0,-75,-75,0,0,-74,-74,0,0,-70,-70,0,-64,-63,-63,-60,-55,-56,-57,-71,-69,-72,-71,0,0,-82,-82,0,0,-66,-66,-66,-82,-83,-82,-82,0,0,-83,-83,-48,-50
-64,-59,-70,-70,-69,-82,-81,0,-83,-84,0,0,-75,-75,-65,0,-74,-75,0,-70,-70,-70,0,-64,-63,-63,-57,-57,-55,-55,-71,-63,-73,-72,0,0,-79,-80,0,0,0,-70,-69,0,0,-81,-80,0,0,-82,-82,-48,-48
-64,-59,-70,-70,-69,-82,-81,0,-83,-84,0,0,-75,-75,-65,0,-74,-75,0,-70,-70,-70,0,-64,-63,-63,-57,-57,-55,-55,-71,-63,-73,-72,0,0,-79,-80,0,0,0,-70,-69,0,0,-81,-80,0,0,-82,-82,-48,-48
-64,-59,-70,-70,-69,-82,-81,0,-83,-84,0,0,-75,-75,-65,0,-74,-75,0,-70,-70,-70,0,-64,-63,-63,-57,-57,-55,-55,-71,-63,-73,-72,0,0,-79,-80,0,0,0,-70,-69,0,0,-81,-80,0,0,-82,-82,-48,-48
-64,-59,-70,-70,-69,-82,-81,0,-83,-84,0,0,-75,-75,-65,0,-74,-75,0,-70,-70,-70,0,-64,-63,-63,-57,-57,-55,-55,-71,-63,-73,-72,0,0,-79,-80,0,0,0,-70,-69,0,0,-81,-80,0,0,-82,-82,-48,-48
-64,-59,-70,-70,-69,-82,-81,0,-83,-84,0,0,-75,-75,-65,0,-74,-75,0,-70,-70,-70,0,-64,-63,-63,-57,-57,-55,-55,-71,-63,-73,-72,0,0,-79,-80,0,0,0,-70,-69,0,0,-81,-80,0,0,-82,-82,-48,-48
-64,-59,-70,-69,-69,-82,-81,0,-83,-83,0,0,-74,-75,-65,0,-74,-75,0,-70,-72,-73,0,0,-63,-63,-58,-56,-53,-55,0,-63,-73,-73,0,0,-80,-80,0,0,0,-69,-69,0,0,-82,-80,0,0,-82,-81,-51,-48
-64,-59,-70,-69,-69,-82,-81,0,-83,-83,0,0,-74,-75,-65,0,-74,-75,0,-70,-72,-73,0,0,-63,-63,-58,-56,-53,-55,0,-63,-73,-73,0,0,-80,-80,0,0,0,-69,-69,0,0,-82,-80,0,0,-82,-81,-51,-48
-64,-59,-70,-69,-69,-82,-81,0,-83,-83,0,0,-74,-75,-65,0,-74,-75,0,-70,-72,-73,0,0,-63,-63,-58,-56,-53,-55,0,-63,-73,-73,0,0,-80,-80,0,0,0,-69,-69,0,0,-82,-80,0,0,-82,-81,-51,-48
-64,-59,-70,-69,-69,-82,-81,0,-83,-83,0,0,-74,-75,-65,0,-74,-75,0,-70,-72,-73,0,0,-63,-63,-58,-56,-53,-55,0,-63,-73,-73,0,0,-80,-80,0,0,0,-69,-69,0,0,-82,-80,0,0,-82,-81,-51,-48
-64,-59,-70,-69,-69,-82,-81,0,-83,-83,0,0,-74,-75,-65,0,-74,-75,0,-70,-72,-73,0,0,-63,-63,-58,-56,-53,-55,0,-63,-73,-73,0,0,-80,-80,0,0,0,-69,-69,0,0,-82,-80,0,0,-82,-81,-51,-48
0,-60,-69,-69,-69,0,0,0,-82,-83,0,0,-76,-74,0,0,-74,-74,0,0,-72,-73,-67,-64,-63,-63,-58,-55,-55,-55,0,0,-74,-75,0,0,-80,-79,-74,0,0,-69,-69,-81,-81,-80,-80,0,0,-80,-81,-52,-46
-64,-60,-69,-69,0,0,0,0,-82,-83,0,0,-77,-77,0,0,-77,-77,0,0,-72,-72,-68,-64,-63,-63,-58,-55,-54,-55,0,0,-72,-73,0,0,-79,-79,-74,0,0,-73,-73,-84,-82,-79,-80,0,0,-80,-80,-53,-45
-64,-60,-69,-69,0,0,0,0,-82,-83,0,0,-77,-77,0,0,-77,-77,0,0,-72,-72,-68,-64,-63,-63,-58,-55,-54,-55,0,0,-72,-73,0,0,-79,-79,-74,0,0,-73,-73,-84,-82,-79,-80,0,0,-80,-80,-53,-45
-64,-60,-69,-69,0,0,0,0,-82,-83,0,0,-77,-77,0,0,-77,-77,0,0,-72,-72,-68,-64,-60,-63,-58,-55,-54,-55,0,0,-72,-73,0,0,-79,-79,-74,0,0,-73,-73,-84,-82,-79,-80,0,0,-80,-80,-53,-45
-64,-60,-69,-69,0,0,0,0,-82,-83,0,0,-77,-77,0,0,-77,-77,0,0,-72,-72,-68,-64,-60,-63,-58,-55,-54,-55,0,0,-72,-73,0,0,-79,-79,-74,0,0,-73,-73,-84,-82,-79,-80,0,0,-80,-80,-53,-45
-64,-60,-69,-69,0,0,0,0,-82,-83,0,0,-77,-77,0,0,-77,-77,0,0,-72,-72,-68,-64,-60,-63,-58,-55,-54,-55,0,0,-72,-73,0,0,-79,-79,-74,0,0,-73,-73,-84,-82,-79,-80,0,0,-80,-80,-53,-45
-64,-60,-77,-77,-72,0,0,-68,-76,-77,0,0,-75,-76,0,0,-75,-76,0,0,-68,-69,-66,-63,-58,-58,0,0,-63,-63,0,0,-74,-74,-80,0,-77,-78,0,0,-65,-67,-66,-84,-82,-79,-78,0,0,-77,-77,-49,-48
-64,-60,-77,-77,-72,0,0,-68,-76,-77,0,0,-75,-76,0,0,-75,-76,0,0,-68,-69,-66,-63,-58,-58,0,0,-63,-63,0,0,-74,-74,-80,0,-77,-78,0,0,-65,-67,-66,-84,-82,-79,-78,0,0,-77,-77,-49,-48
-64,-60,-77,-77,-72,0,0,-68,-76,-77,0,0,-75,-76,0,0,-75,-76,0,0,-68,-69,-66,-63,-58,-58,0,0,-63,-63,0,0,-74,-74,-80,0,-77,-78,0,0,-65,-67,-66,-84,-82,-79,-78,0,0,-77,-77,-49,-48
-64,-60,-77,-77,-72,0,0,-68,-76,-77,0,0,-75,-76,0,0,-75,-76,0,0,-68,-69,-66,-63,-59,-58,0,0,-63,-63,0,0,-74,-74,-80,0,-77,-78,0,0,-65,-67,-66,-84,-82,-79,-78,0,0,-77,-77,-49,-48
-64,-60,-77,-77,-72,0,0,-68,-76,-77,0,0,-75,-76,0,0,-75,-76,0,0,-68,-69,-66,-63,-59,-58,0,0,-63,-63,0,0,-74,-74,-80,0,-77,-78,0,0,-65,-67,-66,-84,-82,-79,-78,0,0,-77,-77,-49,-48
0,-60,-73,-73,-72,0,0,-68,-78,-77,0,0,-74,-75,0,0,-75,-75,0,0,-69,-70,-66,-63,-59,-58,0,-66,-63,-63,-70,-66,-75,-74,-77,0,-76,-76,0,0,-65,-66,-65,-76,-77,-77,-78,0,0,-76,-76,-53,-48
0,-60,-73,-73,-72,0,0,-68,-78,-77,0,0,-74,-75,0,0,-75,-75,0,0,-69,-70,-66,-63,-59,-58,0,-66,-63,-63,-70,-66,-75,-74,-77,0,-76,-76,0,0,-65,-66,-65,-76,-77,-77,-78,0,0,-76,-76,-53,-48
0,-60,-73,-73,-72,0,0,-68,-78,-77,0,0,-74,-75,0,0,-75,-75,0,0,-69,-70,-66,-63,-59,-58,0,-66,-63,-63,-70,-66,-75,-74,-77,0,-76,-76,0,0,-65,-66,-65,-76,-77,-77,-78,0,0,-76,-76,-53,-48
0,-60,-73,-73,-72,0,0,-68,-78,-77,0,0,-74,-75,0,0,-75,-75,0,0,-69,-70,-66,-63,-59,-58,0,-66,-63,-63,-70,-66,-75,-74,-77,0,-76,-76,0,0,-65,-66,-65,-76,-77,-77,-78,0,0,-76,-76,-53,-48
0,-60,-73,-73,-72,0,0,-68,-78,-77,0,0,-74,-75,0,0,-75,-75,0,0,-69,-70,-66,-63,-59,-58,0,-66,-63,-63,-70,-66,-75,-74,-77,0,-76,-76,0,0,-65,-66,-65,-76,-77,-77,-78,0,0,-76,-76,-53,-48
0,0,-74,-75,-72,0,0,-68,-76,-76,0,0,-74,-75,0,-70,-78,-76,0,-69,-69,-69,-64,-62,-58,-58,0,-66,-63,-63,-70,-67,-74,-73,-77,0,-76,-76,0,0,0,-64,-65,-76,-77,-77,-78,0,0,-76,-76,-52,-49
0,0,-74,-75,-72,0,0,-68,-76,-76,0,0,-74,-75,0,-70,-78,-76,0,-69,-69,-69,-64,-62,-58,-58,0,-66,-63,-63,-70,-67,-74,-73,-77,0,-76,-76,0,0,0,-64,-65,-76,-77,-77,-78,0,0,-76,-76,-52,-49
0,0,-74,-75,-72,0,0,-68,-76,-76,0,0,-74,-75,0,-70,-78,-76,0,-69,-69,-69,-64,-62,-58,-58,0,-66,-63,-63,-70,-67,-74,-73,-77,0,-76,-76,0,0,0,-64,-65,-76,-77,-77,-78,0,0,-76,-76,-52,-49
0,0,-74,-75,-72,0,0,-68,-76,-76,0,0,-74,-75,0,-70,-78,-76,0,-69,-69,-69,-64,-62,-58,-58,0,-66,-63,-63,-70,-67,-74,-73,-77,0,-76,-76,0,0,0,-64,-65,-76,-77,-77,-78,0,0,-76,-76,-52,-49
0,0,-74,-75,-72,0,0,-68,-76,-76,0,0,-74,-75,0,-70,-78,-76,0,-69,-69,-69,-64,-62,-58,-58,0,-66,-63,-63,-70,-67,-74,-73,-77,0,-76,-76,0,0,0,-64,-65,-76,-77,-77,-78,0,0,-76,-76,-52,-49
0,0,-75,-75,-72,0,0,0,-76,-76,0,0,-75,-75,0,-70,-78,-76,0,-70,-69,-69,-64,-61,-58,-58,0,0,-63,-64,-70,-69,-73,-73,0,0,-76,-76,0,0,0,-66,-65,-76,-77,-77,-78,0,0,-76,-76,-52,-49
0,0,-75,-75,-72,0,0,0,-76,-76,0,0,-75,-75,0,-70,-78,-76,0,-70,-69,-69,-64,-61,-58,-58,0,0,-63,-64,-70,-69,-73,-73,0,0,-76,-76,0,0,0,-66,-65,-76,-77,-77,-78,0,0,-76,-76,-52,-49
0,0,-75,-75,-72,0,0,0,-76,-76,0,0,-75,-75,0,-70,-78,-76,0,-70,-69,-69,-64,-61,-58,-58,0,0,-63,-64,-70,-69,-73,-73,0,0,-76,-76,0,0,0,-66,-65,-76,-77,-77,-78,0,0,-76,-76,-52,-49
0,0,-75,-75,-72,0,0,0,-76,-76,0,0,-75,-75,0,-70,-78,-76,0,-70,-69,-69,-64,-61,-58,-58,0,0,-63,-64,-70,-69,-73,-73,0,0,-76,-76,0,0,0,-66,-65,-76,-77,-77,-78,0,0,-76,-76,-52,-49
0,0,-75,-75,-72,0,0,0,-76,-76,0,0,-75,-75,0,-70,-78,-76,0,-70,-69,-69,-64,-61,-59,-58,0,0,-63,-64,-70,-69,-73,-73,0,0,-76,-76,0,0,0,-66,-65,-76,-77,-77,-78,0,0,-76,-76,-52,-49
0,0,-75,-75,-72,0,0,0,-76,-77,0,0,-75,-75,0,0,-77,-77,0,-70,-69,-69,-64,-62,-58,-58,0,0,-63,-64,0,-69,-73,-73,0,0,-76,-76,0,0,0,-65,-65,-76,-77,-79,-78,0,0,-76,-77,-55,-49
0,0,-75,-75,-72,0,0,0,-76,-77,0,0,-75,-75,0,0,-77,-77,0,-70,-69,-69,-64,-62,-58,-58,0,0,-63,-64,0,-69,-73,-73,0,0,-76,-76,0,0,0,-65,-65,-76,-77,-79,-78,0,0,-76,-77,-55,-49
0,0,-75,-75,-72,0,0,0,-76,-77,0,0,-75,-75,0,0,-77,-77,0,-70,-69,-69,-64,-62,-58,-58,0,0,-63,-64,0,-69,-73,-73,0,0,-76,-76,0,0,0,-65,-65,-76,-77,-79,-78,0,0,-76,-77,-55,-49
0,0,-75,-75,-72,0,0,0,-76,-77,0,0,-75,-75,0,0,-77,-77,0,-70,-69,-69,-64,-62,-58,-58,0,0,-63,-64,0,-69,-73,-73,0,0,-76,-76,0,0,0,-65,-65,-76,-77,-79,-78,0,0,-76,-77,-55,-49
0,0,-75,-75,-72,0,0,0,-76,-77,0,0,-75,-75,0,0,-77,-77,0,-70,-69,-69,-64,-62,-58,-58,0,0,-63,-64,0,-69,-73,-73,0,0,-76,-76,0,0,0,-65,-65,-76,-77,-79,-78,0,0,-76,-77,-55,-49
0,0,-75,-76,0,0,0,0,-76,-77,0,0,-75,-75,0,0,-75,-76,0,0,-69,-69,-65,-62,-58,-58,0,0,-64,-64,-70,-69,-73,-73,0,0,-76,-76,-78,0,0,-65,-65,-77,-77,-79,-78,0,0,-76,-76,-55,-48
0,0,-75,-76,0,0,0,0,-76,-77,0,0,-75,-75,0,0,-75,-76,0,0,-69,-69,-65,-62,-58,-58,0,0,-64,-64,-70,-69,-73,-73,0,0,-76,-76,-78,0,0,-65,-65,-77,-77,-79,-78,0,0,-76,-76,-55,-48
0,0,-75,-76,0,0,0,0,-76,-77,0,0,-75,-75,0,0,-75,-76,0,0,-69,-69,-65,-62,-58,-58,0,0,-64,-64,-70,-69,-73,-73,0,0,-76,-76,-78,0,0,-65,-65,-77,-77,-79,-78,0,0,-76,-76,-55,-48
0,0,-75,-76,0,0,0,0,-76,-77,0,0,-75,-75,0,0,-75,-76,0,0,-69,-69,-65,-62,-58,-58,0,0,-64,-64,-70,-69,-73,-73,0,0,-76,-76,-78,0,0,-65,-65,-77,-77,-79,-78,0,0,-76,-76,-55,-48
0,0,-75,-76,0,0,0,0,-76,-77,0,0,-75,-75,0,0,-75,-76,0,0,-69,-69,-65,-62,-58,-58,0,0,-64,-64,-70,-69,-73,-73,0,0,-76,-76,-78,0,0,-65,-65,-77,-77,-79,-78,0,0,-76,-76,-55,-48
0,0,-76,-76,0,0,0,0,-76,-77,0,0,-75,-74,0,0,-76,-76,0,0,-69,-69,-65,-62,-57,-58,0,0,-64,-64,-70,-69,-73,-73,0,0,-76,-76,-78,0,0,-66,-66,-77,-77,-78,-78,0,0,-76,-76,-53,-49
0,0,-76,-76,0,0,0,0,-76,-77,0,0,-75,-74,0,0,-76,-76,0,0,-69,-69,-65,-62,-57,-58,0,0,-64,-64,-70,-69,-73,-73,0,0,-76,-76,-78,0,0,-66,-66,-77,-77,-78,-78,0,0,-76,-76,-53,-49
0,0,-76,-76,0,0,0,0,-76,-77,0,0,-75,-74,0,0,-76,-76,0,0,-69,-69,-65,-62,-57,-58,0,0,-64,-64,-70,-69,-73,-73,0,0,-76,-76,-78,0,0,-66,-66,-77,-77,-78,-78,0,0,-76,-76,-53,-49
0,0,-76,-76,0,0,0,0,-76,-77,0,0,-75,-74,0,0,-76,-76,0,0,-69,-69,-65,-62,-57,-58,0,0,-64,-64,-70,-69,-73,-73,0,0,-76,-76,-78,0,0,-66,-66,-77,-77,-78,-78,0,0,-76,-76,-53,-49
0,0,-76,-76,0,0,0,0,-76,-77,0,0,-75,-74,0,0,-76,-76,0,0,-69,-69,-65,-62,-57,-58,0,0,-64,-64,-70,-69,-73,-73,0,0,-76,-76,-78,0,0,-66,-66,-77,-77,-78,-78,0,0,-76,-76,-53,-49
0,-65,-76,-76,0,0,0,0,-76,-77,0,0,-75,-74,0,0,-76,-76,0,0,-69,-70,-64,-62,-57,-57,0,0,-64,-64,0,0,-73,-73,0,0,-76,-76,0,0,0,-65,-65,0,0,-78,-78,0,0,-76,-76,-54,-51
0,-65,-76,-76,0,0,0,0,-76,-77,0,0,-75,-74,0,0,-76,-76,0,0,-69,-70,-64,-62,-57,-57,0,0,-64,-64,0,0,-73,-73,0,0,-76,-76,0,0,0,-65,-65,0,0,-78,-78,0,0,-76,-76,-54,-51
0,-65,-76,-76,0,0,0,0,-76,-77,0,0,-75,-74,0,0,-76,-76,0,0,-69,-70,-64,-62,-57,-57,0,0,-64,-64,0,0,-73,-73,0,0,-76,-76,0,0,0,-65,-65,0,0,-78,-78,0,0,-76,-76,-54,-51
0,-65,-76,-76,0,0,0,0,-76,-77,0,0,-75,-74,0,0,-76,-76,0,0,-69,-70,-64,-62,-57,-57,0,0,-64,-64,0,0,-73,-73,0,0,-76,-76,0,0,0,-65,-65,0,0,-78,-78,0,0,-76,-76,-54,-51
0,-65,-76,-76,0,0,0,0,-76,-77,0,0,-75,-74,0,0,-76,-76,0,0,-69,-70,-64,-62,-57,-57,0,0,-64,-64,0,0,-73,-73,0,0,-76,-76,0,0,0,-65,-65,0,0,-78,-78,0,0,-76,-76,-54,-51
0,-65,-76,-76,-74,0,0,-68,-76,-75,-75,-74,-75,-74,0,0,-76,-76,0,0,-69,-69,-64,-62,-58,-57,0,0,-64,-64,-71,-70,-72,-73,0,0,-76,-76,0,0,0,-65,-65,0,0,-78,-78,0,0,-77,-76,-53,-53
0,-65,-76,-76,-74,0,0,-68,-76,-75,-75,-74,-75,-74,0,0,-76,-76,0,0,-69,-69,-64,-62,-58,-57,0,0,-64,-64,-71,-70,-72,-73,0,0,-76,-76,0,0,0,-65,-65,0,0,-78,-78,0,0,-77,-76,-53,-53
0,-65,-76,-76,-74,0,0,-68,-76,-75,-75,-74,-75,-74,0,0,-76,-76,0,0,-69,-69,-64,-62,-58,-57,0,0,-64,-64,-71,-70,-72,-73,0,0,-76,-76,0,0,0,-65,-65,0,0,-78,-78,0,0,-77,-76,-53,-53
0,-65,-76,-76,-74,0,0,-68,-76,-75,-75,-74,-75,-74,0,0,-76,-76,0,0,-69,-69,-64,-62,-57,-57,0,0,-64,-64,-71,-70,-72,-73,0,0,-76,-76,0,0,0,-65,-65,0,0,-78,-78,0,0,-77,-76,-53,-53
0,-65,-76,-76,-74,0,0,-68,-76,-75,-75,-74,-75,-74,0,0,-76,-76,0,0,-69,-69,-64,-62,-57,-57,0,0,-64,-64,-71,-70,-72,-73,0,0,-76,-76,0,0,0,-65,-65,0,0,-78,-78,0,0,-77,-76,-53,-53
0,0,-75,-76,-74,0,0,-68,-76,-76,-75,-74,-75,-74,0,0,-76,-76,0,0,-69,-69,-65,-61,-58,-56,0,0,-65,-64,-71,-70,-74,-73,0,0,-76,-76,0,0,0,-66,-65,-77,-79,-78,-78,0,0,-76,-77,-53,-50
0,0,-75,-76,-74,0,0,-68,-76,-76,-75,-74,-75,-74,0,0,-76,-76,0,0,-69,-69,-65,-61,-58,-56,0,0,-65,-64,-71,-70,-74,-73,0,0,-76,-76,0,0,0,-66,-65,-77,-79,-78,-78,0,0,-76,-77,-53,-50
0,0,-75,-76,-74,0,0,-68,-76,-76,-75,-74,-75,-74,0,0,-76,-76,0,0,-69,-69,-65,-61,-58,-56,0,0,-65,-64,-71,-70,-74,-73,0,0,-76,-76,0,0,0,-66,-65,-77,-79,-78,-78,0,0,-76,-77,-53,-50
0,0,-75,-76,-74,0,0,-68,-76,-76,-75,-74,-75,-74,0,0,-76,-76,0,0,-69,-69,-65,-61,-58,-56,0,0,-65,-64,-71,-70,-74,-73,0,0,-76,-76,0,0,0,-66,-65,-77,-79,-78,-78,0,0,-76,-77,-53,-50
0,0,-75,-76,-74,0,0,-68,-76,-76,-75,-74,-75,-74,0,0,-76,-76,0,0,-69,-69,-65,-61,-58,-56,0,0,-65,-64,-71,-70,-74,-73,0,0,-76,-76,0,0,0,-66,-65,-77,-79,-78,-78,0,0,-76,-77,-53,-50
0,0,-74,-74,0,0,0,0,-76,-76,0,0,-75,-74,0,0,-77,-76,0,0,-69,-69,-64,-61,-58,-57,0,0,-65,-64,-70,-70,-74,-73,0,0,-76,-76,0,0,0,-66,-65,-77,-79,-77,-78,0,0,-76,-76,-54,-50
0,0,-74,-74,0,0,0,0,-76,-76,0,0,-75,-74,0,0,-77,-76,0,0,-69,-69,-64,-61,-58,-57,0,0,-65,-64,-70,-70,-74,-73,0,0,-76,-76,0,0,0,-66,-65,-77,-79,-77,-78,0,0,-76,-76,-54,-50
0,0,-74,-74,0,0,0,0,-76,-76,0,0,-75,-74,0,0,-77,-76,0,0,-69,-69,-64,-61,-58,-57,0,0,-65,-64,-70,-70,-74,-73,0,0,-76,-76,0,0,0,-66,-65,-77,-79,-77,-78,0,0,-76,-76,-54,-50
0,0,-74,-74,0,0,0,0,-76,-76,0,0,-75,-74,0,0,-77,-76,0,0,-69,-69,-64,-61,-58,-57,0,0,-65,-64,-70,-70,-74,-73,0,0,-76,-76,0,0,0,-66,-65,-77,-79,-77,-78,0,0,-76,-76,-54,-50
0,0,-74,-74,0,0,0,0,-76,-76,0,0,-75,-74,0,0,-77,-76,0,0,-69,-69,-64,-61,-58,-57,0,0,-65,-64,-70,-70,-74,-73,0,0,-76,-76,0,0,0,-66,-65,-77,-79,-77,-78,0,0,-76,-76,-54,-50
0,0,-74,-74,0,0,0,0,-76,-75,0,0,-74,-74,0,0,-77,-76,0,0,-69,-68,-64,-61,-58,-57,-65,0,-65,-64,-70,-67,-72,-73,-76,0,-74,-74,0,0,0,-64,-65,0,0,-77,-78,0,0,-76,-76,-54,-50
0,0,-74,-74,0,0,0,0,-76,-75,0,0,-74,-74,0,0,-77,-76,0,0,-69,-68,-64,-61,-58,-57,-65,0,-65,-64,-70,-67,-72,-73,-76,0,-74,-74,0,0,0,-64,-65,0,0,-77,-78,0,0,-76,-76,-54,-50
0,0,-74,-74,0,0,0,0,-76,-75,0,0,-74,-74,0,0,-77,-76,0,0,-69,-68,-64,-61,-58,-57,-65,0,-65,-64,-70,-67,-72,-73,-76,0,-74,-74,0,0,0,-64,-65,0,0,-77,-78,0,0,-76,-76,-54,-50
0,0,-73,-72,-74,0,0,-70,-77,-77,0,0,-73,-74,0,0,-76,-76,0,0,-71,-71,-64,-61,-56,-57,-65,-67,-65,-65,-70,-67,-72,-72,-76,0,-74,-75,0,0,0,-64,-65,-78,-78,-77,-79,0,0,-76,-76,-53,-51
0,0,-73,-72,-74,0,0,-70,-77,-77,0,0,-73,-74,0,0,-76,-76,0,0,-71,-71,-64,-61,-57,-57,-65,-67,-65,-65,-70,-67,-72,-72,-76,0,-74,-75,0,0,0,-64,-65,-78,-78,-77,-79,0,0,-76,-76,-53,-51
0,0,-73,-72,-74,0,0,-70,-77,-77,0,0,-73,-74,0,0,-76,-76,0,0,-71,-71,-64,-61,-57,-57,-65,-67,-65,-65,-70,-67,-72,-72,-76,0,-74,-75,0,0,0,-64,-65,-78,-78,-77,-79,0,0,-76,-76,-53,-51
0,0,-73,-72,-74,0,0,-70,-77,-77,0,0,-73,-74,0,0,-76,-76,0,0,-71,-71,-64,-61,-57,-57,-65,-67,-65,-65,-70,-67,-72,-72,-76,0,-74,-75,0,0,0,-64,-65,-78,-78,-77,-79,0,0,-76,-76,-53,-51
0,0,-73,-72,-74,0,0,-70,-77,-77,0,0,-73,-74,0,0,-76,-76,0,0,-71,-71,-64,-61,-57,-57,-65,-67,-65,-65,-70,-67,-72,-72,-76,0,-74,-75,0,0,0,-64,-65,-78,-78,-77,-79,0,0,-76,-76,-53,-51
0,0,-69,-69,-74,0,0,-70,-76,-77,0,0,-68,-67,0,0,-77,-77,0,0,-67,-67,-66,-62,-58,-59,-58,-63,-56,-56,0,-67,-72,-72,0,0,-72,-73,0,0,0,-69,-70,-78,-78,-79,-79,0,0,-77,-77,-44,-47
0,0,-69,-69,-74,0,0,-70,-76,-77,0,0,-68,-67,0,0,-77,-77,0,0,-67,-67,-66,-62,-58,-59,-58,-63,-56,-56,0,-67,-72,-72,0,0,-72,-73,0,0,0,-69,-70,-78,-78,-79,-79,0,0,-77,-77,-44,-47
0,0,-69,-69,-74,0,0,-70,-76,-77,0,0,-68,-67,0,0,-77,-77,0,0,-67,-67,-66,-62,-58,-59,-58,-63,-56,-56,0,-67,-72,-72,0,0,-72,-73,0,0,0,-69,-70,-78,-78,-79,-79,0,0,-77,-77,-44,-47
0,0,-69,-69,-74,0,0,-70,-76,-77,0,0,-68,-67,0,0,-77,-77,0,0,-67,-67,-66,-62,-58,-59,-58,-63,-56,-56,0,-67,-72,-72,0,0,-72,-73,0,0,0,-69,-70,-78,-78,-79,-79,0,0,-77,-77,-44,-47
0,0,-69,-69,-74,0,0,-70,-76,-77,0,0,-68,-67,0,0,-77,-77,0,0,-67,-67,-66,-62,-59,-59,-58,-63,-56,-56,0,-67,-72,-72,0,0,-72,-73,0,0,0,-69,-70,-78,-78,-79,-79,0,0,-77,-77,-44,-47
0,0,-67,-67,-64,0,0,-74,-77,-77,0,0,-66,-67,0,0,-77,-77,0,0,-69,-70,-66,-60,-58,-58,-58,-63,-56,-56,-69,-71,-71,-70,0,0,-72,-73,0,0,0,-70,-70,-83,-86,-78,-78,0,0,-77,-77,-50,-47
0,0,-67,-67,-64,0,0,-74,-77,-77,0,0,-66,-67,0,0,-77,-77,0,0,-69,-70,-66,-60,-58,-58,-58,-63,-56,-56,-69,-71,-71,-70,0,0,-72,-73,0,0,0,-70,-70,-83,-86,-78,-78,0,0,-77,-77,-50,-47
0,0,-67,-67,-64,0,0,-74,-77,-77,0,0,-66,-67,0,0,-77,-77,0,0,-69,-70,-66,-60,-58,-58,-58,-63,-56,-56,-69,-71,-71,-70,0,0,-72,-73,0,0,0,-70,-70,-83,-86,-78,-78,0,0,-77,-77,-50,-47
0,0,-67,-67,-64,0,0,-74,-77,-77,0,0,-66,-67,0,0,-77,-77,0,0,-69,-70,-66,-60,-58,-58,-58,-63,-56,-56,-69,-71,-71,-70,0,0,-72,-73,0,0,0,-70,-70,-83,-86,-78,-78,0,0,-77,-77,-50,-47
0,0,-67,-67,-64,0,0,-74,-77,-77,0,0,-66,-67,0,0,-77,-77,0,0,-69,-70,-66,-60,-58,-58,-58,-63,-56,-56,-69,-71,-71,-70,0,0,-72,-73,0,0,0,-70,-70,-83,-86,-78,-78,0,0,-77,-77,-50,-47
-64,-60,-68,-69,-64,0,0,-74,-78,-77,0,0,-66,-67,0,0,-77,-77,0,0,-68,-68,-63,-60,-58,-58,0,0,-55,-55,-69,-70,-70,-70,0,0,-72,-73,0,0,-69,-72,-70,-83,-84,-78,-78,0,0,-78,-78,-50,-48
-64,-60,-68,-69,-64,0,0,-74,-78,-77,0,0,-66,-67,0,0,-77,-77,0,0,-68,-68,-63,-60,-58,-58,0,0,-55,-55,-69,-70,-70,-70,0,0,-72,-73,0,0,-69,-72,-70,-83,-84,-78,-78,0,0,-78,-78,-50,-48
-64,-60,-68,-69,-64,0,0,-74,-78,-77,0,0,-66,-67,0,0,-77,-77,0,0,-68,-68,-63,-60,-57,-58,0,0,-55,-55,-69,-70,-70,-70,0,0,-72,-73,0,0,-69,-72,-70,-83,-84,-78,-78,0,0,-78,-78,-50,-48
-64,-60,-68,-69,-64,0,0,-74,-78,-77,0,0,-66,-67,0,0,-77,-77,0,0,-68,-68,-63,-60,-57,-58,0,0,-55,-55,-69,-70,-70,-70,0,0,-72,-73,0,0,-69,-72,-70,-83,-84,-78,-78,0,0,-78,-78,-50,-48
-64,-60,-68,-69,-64,0,0,-74,-78,-77,0,0,-66,-67,0,0,-77,-77,0,0,-68,-68,-63,-60,-57,-58,0,0,-55,-55,-69,-70,-70,-70,0,0,-72,-73,0,0,-69,-72,-70,-83,-84,-78,-78,0,0,-78,-78,-50,-48
-64,-60,-68,-67,0,0,0,0,-78,-78,0,0,-67,-67,0,0,-77,-77,0,-72,-68,-68,-63,-60,-57,-57,-55,-62,-56,-56,-70,-70,-70,-70,0,0,-73,-74,0,0,-69,-71,-70,-82,-83,-78,-78,0,0,-78,-78,-50,-48
-64,-60,-68,-67,0,0,0,0,-78,-78,0,0,-67,-67,0,0,-77,-77,0,-72,-68,-68,-63,-60,-57,-57,-55,-62,-56,-56,-70,-70,-70,-70,0,0,-73,-74,0,0,-69,-71,-70,-82,-83,-78,-78,0,0,-78,-78,-50,-48
-64,-60,-68,-67,0,0,0,0,-78,-78,0,0,-67,-67,0,0,-77,-77,0,-72,-68,-68,-63,-60,-57,-57,-55,-62,-56,-56,-70,-70,-70,-70,0,0,-73,-74,0,0,-69,-71,-70,-82,-83,-78,-78,0,0,-78,-78,-50,-48
-64,-60,-68,-67,0,0,0,0,-78,-78,0,0,-67,-67,0,0,-77,-77,0,-72,-68,-68,-63,-60,-57,-57,-55,-62,-56,-56,-70,-70,-70,-70,0,0,-73,-74,0,0,-69,-71,-70,-82,-83,-78,-78,0,0,-78,-78,-50,-48
-64,-60,-68,-67,0,0,0,0,-78,-78,0,0,-67,-67,0,0,-77,-77,0,-72,-68,-68,-63,-60,-57,-57,-55,-62,-56,-56,-70,-70,-70,-70,0,0,-73,-74,0,0,-69,-71,-70,-82,-83,-78,-78,0,0,-78,-78,-50,-48
0,-60,-68,-67,-63,0,0,0,-79,-80,0,0,-67,-68,0,0,-77,-78,0,-72,-68,-68,-65,-60,-58,-57,-55,-62,-56,-56,-69,-71,-70,-70,0,0,-73,-73,0,0,0,-71,-71,-82,-83,-78,-78,0,0,-78,-79,-51,-50
0,-60,-68,-67,-63,0,0,0,-79,-80,0,0,-67,-68,0,0,-77,-78,0,-72,-68,-68,-65,-60,-58,-57,-55,-62,-56,-56,-69,-71,-70,-70,0,0,-73,-73,0,0,0,-71,-71,-82,-83,-78,-78,0,0,-78,-79,-51,-50
0,-60,-68,-67,-63,0,0,0,-79,-80,0,0,-67,-68,0,0,-77,-78,0,-72,-68,-68,-65,-60,-58,-57,-55,-62,-56,-56,-69,-71,-70,-70,0,0,-73,-73,0,0,0,-71,-71,-82,-83,-78,-78,0,0,-78,-79,-51,-50
0,-60,-68,-67,-63,0,0,0,-79,-80,0,0,-67,-68,0,0,-77,-78,0,-72,-68,-68,-65,-60,-58,-57,-55,-62,-56,-56,-69,-71,-70,-70,0,0,-73,-73,0,0,0,-71,-71,-82,-83,-78,-78,0,0,-78,-79,-51,-50
0,-60,-68,-67,-63,0,0,0,-79,-80,0,0,-67,-68,0,0,-77,-78,0,-72,-68,-68,-65,-60,-58,-57,-55,-62,-56,-56,-69,-71,-70,-70,0,0,-73,-73,0,0,0,-71,-71,-82,-83,-78,-78,0,0,-78,-79,-51,-50
0,-63,-68,-67,-63,0,0,0,-79,-79,0,0,-67,-68,0,0,-77,-77,0,0,-68,-68,-64,-61,-57,-57,-56,-61,-53,-53,-69,-70,-70,-70,0,0,-73,-74,0,-72,-70,-73,-71,0,-84,-78,-78,0,0,-78,-79,-52,-51
0,-63,-68,-67,-63,0,0,0,-79,-79,0,0,-67,-68,0,0,-77,-77,0,0,-68,-68,-64,-61,-57,-57,-56,-61,-53,-53,-69,-70,-70,-70,0,0,-73,-74,0,-72,-70,-73,-71,0,-84,-78,-78,0,0,-78,-79,-52,-51
0,-63,-68,-67,-63,0,0,0,-79,-79,0,0,-67,-68,0,0,-77,-77,0,0,-68,-68,-64,-61,-57,-57,-56,-61,-53,-53,-69,-70,-70,-70,0,0,-73,-74,0,-72,-70,-73,-71,0,-84,-78,-78,0,0,-78,-79,-52,-51
0,-63,-68,-67,-63,0,0,0,-79,-79,0,0,-67,-68,0,0,-77,-77,0,0,-68,-68,-64,-61,-58,-57,-56,-61,-53,-53,-69,-70,-70,-70,0,0,-73,-74,0,-72,-70,-73,-71,0,-84,-78,-78,0,0,-78,-79,-52,-51
0,-63,-68,-67,-63,0,0,0,-79,-79,0,0,-67,-68,0,0,-77,-77,0,0,-68,-68,-64,-61,-58,-57,-56,-61,-53,-53,-69,-70,-70,-70,0,0,-73,-74,0,-72,-70,-73,-71,0,-84,-78,-78,0,0,-78,-79,-52,-51
0,-63,-68,-67,0,0,0,0,-79,-79,0,0,-67,-68,0,-68,-77,-77,0,0,-69,-70,-64,-61,-58,-58,-54,-61,-53,-54,-69,-69,-71,-71,0,0,-73,-74,0,-72,-70,-70,-70,0,-84,-78,-78,0,0,-79,-79,-52,-50
0,-63,-68,-67,0,0,0,0,-79,-79,0,0,-67,-68,0,-68,-77,-77,0,0,-69,-70,-64,-61,-58,-58,-54,-61,-53,-54,-69,-69,-71,-71,0,0,-73,-74,0,-72,-70,-70,-70,0,-84,-78,-78,0,0,-79,-79,-52,-50
0,-63,-68,-67,0,0,0,0,-79,-79,0,0,-67,-68,0,-68,-77,-77,0,0,-69,-70,-64,-61,-58,-58,-54,-61,-53,-54,-69,-69,-71,-71,0,0,-73,-74,0,-72,-70,-70,-70,0,-84,-78,-78,0,0,-79,-79,-52,-50
0,-63,-68,-67,0,0,0,0,-79,-79,0,0,-67,-68,0,-68,-77,-77,0,0,-69,-70,-64,-61,-58,-58,-54,-61,-53,-54,-69,-69,-71,-71,0,0,-73,-74,0,-72,-70,-70,-70,0,-84,-78,-78,0,0,-79,-79,-52,-50
0,-63,-68,-67,0,0,0,0,-79,-79,0,0,-67,-68,0,-68,-77,-77,0,0,-69,-70,-64,-61,-58,-58,-54,-61,-53,-54,-69,-69,-71,-71,0,0,-73,-74,0,-72,-70,-70,-70,0,-84,-78,-78,0,0,-79,-79,-52,-50
-65,-60,-68,-67,-75,0,0,0,-79,-80,0,0,-68,-67,0,-66,-78,-77,0,-70,-69,-70,-64,0,-58,-58,-54,-61,-54,-54,-69,-69,-72,-73,0,0,-73,-73,0,0,0,-70,-70,-84,-85,-81,-80,0,0,-78,-78,-56,-50
-65,-60,-68,-67,-75,0,0,0,-79,-80,0,0,-68,-67,0,-66,-78,-77,0,-70,-69,-70,-64,0,-58,-58,-54,-61,-54,-54,-69,-69,-72,-73,0,0,-73,-73,0,0,0,-70,-70,-84,-85,-81,-80,0,0,-78,-78,-56,-50
-65,-60,-68,-67,-75,0,0,0,-79,-80,0,0,-68,-67,0,-66,-78,-77,0,-70,-69,-70,-64,0,-58,-58,-54,-61,-54,-54,-69,-69,-72,-73,0,0,-73,-73,0,0,0,-70,-70,-84,-85,-81,-80,0,0,-78,-78,-56,-50
-65,-60,-68,-67,-75,0,0,0,-79,-80,0,0,-68,-67,0,-66,-78,-77,0,-70,-69,-70,-64,0,-58,-58,-54,-61,-54,-54,-69,-69,-72,-73,0,0,-73,-73,0,0,0,-70,-70,-84,-85,-81,-80,0,0,-78,-78,-56,-50
-65,-60,-68,-67,-75,0,0,0,-79,-80,0,0,-68,-67,0,-66,-78,-77,0,-70,-69,-70,-64,0,-59,-58,-54,-61,-54,-54,-69,-69,-72,-73,0,0,-73,-73,0,0,0,-70,-70,-84,-85,-81,-80,0,0,-78,-78,-56,-50
-65,-60,-68,-67,-67,0,0,0,-78,-78,0,0,-68,-68,0,-66,-78,-78,0,-70,-67,-67,-64,-63,-58,-66,0,-59,-52,-53,-69,-67,-72,-72,0,0,-76,-76,0,0,0,-70,-69,-83,-83,-80,-79,0,0,-77,-76,-57,-50
-65,-60,-68,-67,-67,0,0,0,-78,-78,0,0,-68,-68,0,-66,-78,-78,0,-70,-67,-67,-64,-63,-58,-66,0,-59,-52,-53,-69,-67,-72,-72,0,0,-76,-76,0,0,0,-70,-69,-83,-83,-80,-79,0,0,-77,-76,-57,-50
-65,-60,-68,-67,-67,0,0,0,-78,-78,0,0,-68,-68,0,-66,-78,-78,0,-70,-67,-67,-64,-63,-58,-66,0,-59,-52,-53,-69,-67,-72,-72,0,0,-76,-76,0,0,0,-70,-69,-83,-83,-80,-79,0,0,-77,-76,-57,-50
-65,-60,-68,-67,-67,0,0,0,-78,-78,0,0,-68,-68,0,-66,-78,-78,0,-70,-67,-67,-64,-63,-58,-66,0,-59,-52,-53,-69,-67,-72,-72,0,0,-76,-76,0,0,0,-70,-69,-83,-83,-80,-79,0,0,-77,-76,-57,-50
-65,-60,-68,-67,-67,0,0,0,-78,-78,0,0,-68,-68,0,-66,-78,-78,0,-70,-67,-67,-64,-63,-58,-66,0,-59,-52,-53,-69,-67,-72,-72,0,0,-76,-76,0,0,0,-70,-69,-83,-83,-80,-79,0,0,-77,-76,-57,-50
0,-63,-68,-68,-67,-80,-77,0,-78,-78,0,0,-68,-67,0,-69,-78,-78,0,0,-69,-69,-64,-62,-57,-59,0,-59,-53,-53,-69,-68,-72,-72,0,0,-73,-74,0,0,0,-69,-69,-83,-84,-80,-82,0,0,-77,-76,-54,-50
0,-63,-68,-68,-67,-80,-77,0,-78,-78,0,0,-68,-67,0,-69,-78,-78,0,0,-69,-69,-64,-62,-57,-59,0,-59,-53,-53,-69,-68,-72,-72,0,0,-73,-74,0,0,0,-69,-69,-83,-84,-80,-82,0,0,-77,-76,-54,-50
0,-63,-68,-68,-67,-80,-77,0,-78,-78,0,0,-68,-67,0,-69,-78,-78,0,0,-69,-69,-64,-62,-57,-59,0,-59,-53,-53,-69,-68,-72,-72,0,0,-73,-74,0,0,0,-69,-69,-83,-84,-80,-82,0,0,-77,-76,-54,-50
0,-63,-68,-68,-67,-80,-77,0,-78,-78,0,0,-68,-67,0,-69,-78,-78,0,0,-69,-69,-64,-62,-57,-59,0,-59,-53,-53,-69,-68,-72,-72,0,0,-73,-74,0,0,0,-69,-69,-83,-84,-80,-82,0,0,-77,-76,-54,-50
0,-63,-68,-68,-67,-80,-77,0,-78,-78,0,0,-68,-67,0,-69,-78,-78,0,0,-69,-69,-64,-62,-57,-59,0,-59,-53,-53,-69,-68,-72,-72,0,0,-73,-74,0,0,0,-69,-69,-83,-84,-80,-82,0,0,-77,-76,-54,-50
-64,-61,-67,-66,-66,-80,-77,0,-78,-79,0,0,-67,-67,0,-69,-78,-78,0,0,-69,-69,-63,-60,-57,-58,-53,0,-54,-53,-69,-70,-72,-72,0,0,-71,-71,-78,0,0,-69,-70,-84,-84,-79,-78,0,0,-77,-78,-53,-53
-64,-61,-67,-66,-66,-80,-77,0,-78,-79,0,0,-67,-67,0,-69,-78,-78,0,0,-69,-69,-63,-60,-57,-58,-53,0,-54,-53,-69,-70,-72,-72,0,0,-71,-71,-78,0,0,-69,-70,-84,-84,-79,-78,0,0,-77,-78,-53,-53
-64,-61,-67,-66,-66,-80,-77,0,-78,-79,0,0,-67,-67,0,-69,-78,-78,0,0,-69,-69,-63,-60,-57,-58,-53,0,-54,-53,-69,-70,-72,-72,0,0,-71,-71,-78,0,0,-69,-70,-84,-84,-79,-78,0,0,-77,-78,-53,-53
-64,-61,-67,-66,-66,-80,-77,0,-78,-79,0,0,-67,-67,0,-69,-78,-78,0,0,-69,-69,-63,-60,-57,-58,-53,0,-54,-53,-69,-70,-72,-72,0,0,-71,-71,-78,0,0,-69,-70,-84,-84,-79,-78,0,0,-77,-78,-53,-53
-64,-61,-70,-69,-64,0,0,-73,-80,-79,0,0,-66,-66,0,0,-79,-80,0,-71,-69,-69,-63,-60,-59,-57,-54,0,-54,-53,-68,-70,-69,-69,0,0,-72,-72,-78,0,0,-70,-71,-84,-85,-79,-78,0,0,-77,-78,-53,-53
-64,-61,-70,-69,-64,0,0,-73,-80,-79,0,0,-66,-66,0,0,-79,-80,0,-71,-69,-69,-63,-60,-61,-57,-54,0,-54,-53,-68,-70,-69,-69,0,0,-72,-72,-78,0,0,-70,-71,-84,-85,-79,-78,0,0,-77,-78,-53,-53
-64,-61,-70,-69,-64,0,0,-73,-80,-79,0,0,-66,-66,0,0,-79,-80,0,-71,-69,-69,-63,-60,-61,-57,-54,0,-54,-53,-68,-70,-69,-69,0,0,-72,-72,-78,0,0,-70,-71,-84,-85,-79,-78,0,0,-77,-78,-53,-53
-64,-61,-70,-69,-64,0,0,-73,-80,-79,0,0,-66,-66,0,0,-79,-80,0,-71,-69,-69,-63,-60,-61,-57,-54,0,-54,-53,-68,-70,-69,-69,0,0,-72,-72,-78,0,0,-70,-71,-84,-85,-79,-78,0,0,-77,-78,-53,-53
-64,-61,-70,-69,-64,0,0,-73,-80,-79,0,0,-66,-66,0,0,-79,-80,0,-71,-69,-69,-63,-60,-60,-57,-54,0,-54,-53,-68,-70,-69,-69,0,0,-72,-72,-78,0,0,-70,-71,-84,-85,-79,-78,0,0,-77,-78,-53,-53
0,0,-76,-76,-70,0,0,-73,-80,-79,0,0,-74,-74,0,0,-79,-83,-75,-71,-69,-69,-65,0,-59,-60,-53,-58,-58,-58,-71,-72,-77,-77,0,0,-75,-76,0,0,0,-69,-71,-83,-83,-79,-83,0,0,-75,-77,-47,-57
0,0,-76,-76,-70,0,0,-73,-80,-79,0,0,-74,-74,0,0,-79,-83,-75,-71,-69,-69,-65,0,-59,-60,-53,-58,-58,-58,-71,-72,-77,-77,0,0,-75,-76,0,0,0,-69,-71,-83,-83,-79,-83,0,0,-75,-77,-47,-57
0,0,-76,-76,-70,0,0,-73,-80,-79,0,0,-74,-74,0,0,-79,-83,-75,-71,-69,-69,-65,0,-60,-60,-53,-58,-58,-58,-71,-72,-77,-77,0,0,-75,-76,0,0,0,-69,-71,-83,-83,-79,-83,0,0,-75,-77,-47,-57
0,0,-76,-76,-70,0,0,-73,-80,-79,0,0,-74,-74,0,0,-79,-83,-75,-71,-69,-69,-65,0,-60,-60,-53,-58,-58,-58,-71,-72,-77,-77,0,0,-75,-76,0,0,0,-69,-71,-83,-83,-79,-83,0,0,-75,-77,-47,-57
0,0,-76,-76,-70,0,0,-73,-80,-79,0,0,-74,-74,0,0,-79,-83,-75,-71,-69,-69,-65,0,-60,-60,-53,-58,-58,-58,-71,-72,-77,-77,0,0,-75,-76,0,0,0,-69,-71,-83,-83,-79,-83,0,0,-75,-77,-47,-57
0,0,-77,-77,-70,0,0,0,-78,-78,0,0,-75,-76,0,0,-81,-83,-75,0,0,0,-65,-57,-61,-61,-53,-58,-55,-56,-72,-73,-78,-77,-79,0,-76,-77,0,-65,-62,-71,-71,-85,-85,-85,-83,0,0,-75,-77,-46,-52
0,0,-77,-77,-70,0,0,0,-78,-78,0,0,-75,-76,0,0,-81,-83,-75,0,0,0,-65,-57,-61,-61,-53,-58,-55,-56,-72,-73,-78,-77,-79,0,-76,-77,0,-65,-62,-71,-71,-85,-85,-85,-83,0,0,-75,-77,-46,-52
0,0,-77,-77,-70,0,0,0,-78,-78,0,0,-75,-76,0,0,-81,-83,-75,0,0,0,-65,-57,-61,-61,-53,-58,-55,-56,-72,-73,-78,-77,-79,0,-76,-77,0,-65,-62,-71,-71,-85,-85,-85,-83,0,0,-75,-77,-46,-52
0,0,-77,-77,-70,0,0,0,-78,-78,0,0,-75,-76,0,0,-81,-83,-75,0,0,0,-65,-57,-61,-61,-53,-58,-55,-56,-72,-73,-78,-77,-79,0,-76,-77,0,-65,-62,-71,-71,-85,-85,-85,-83,0,0,-75,-77,-46,-52
0,0,-77,-77,-70,0,0,0,-78,-78,0,0,-75,-76,0,0,-81,-83,-75,0,0,0,-65,-57,-60,-61,-53,-58,-55,-56,-72,-73,-78,-77,-79,0,-76,-77,0,-65,-62,-71,-71,-85,-85,-85,-83,0,0,-75,-77,-46,-52
0,0,-78,-78,0,0,0,-71,-78,-77,0,0,-79,-79,0,0,-83,-83,-70,0,0,0,-65,-57,-60,-61,0,0,-53,-54,-72,-71,-73,-73,-79,0,-78,-77,0,-62,-62,-70,-71,-84,-85,-85,-83,0,0,-76,-76,-45,-51
0,0,-78,-78,0,0,0,-71,-78,-77,0,0,-79,-79,0,0,-83,-83,-70,0,0,0,-65,-57,-60,-61,0,0,-53,-54,-72,-71,-73,-73,-79,0,-78,-77,0,-62,-62,-70,-71,-84,-85,-85,-83,0,0,-76,-76,-45,-51
0,0,-78,-78,0,0,0,-71,-78,-77,0,0,-79,-79,0,0,-83,-83,-70,0,0,0,-65,-57,-62,-61,0,0,-53,-54,-72,-71,-73,-73,-79,0,-78,-77,0,-62,-62,-70,-71,-84,-85,-85,-83,0,0,-76,-76,-45,-51
0,0,-78,-78,0,0,0,-71,-78,-77,0,0,-79,-79,0,0,-83,-83,-70,0,0,0,-65,-57,-62,-61,0,0,-53,-54,-72,-71,-73,-73,-79,0,-78,-77,0,-62,-62,-70,-71,-84,-85,-85,-83,0,0,-76,-76,-45,-51
0,0,-78,-78,0,0,0,-71,-78,-77,0,0,-79,-79,0,0,-83,-83,-70,0,0,0,-65,-57,-62,-61,0,0,-53,-54,-72,-71,-73,-73,-79,0,-78,-77,0,-62,-62,-70,-71,-84,-85,-85,-83,0,0,-76,-76,-45,-51
0,0,-79,-80,0,-77,-76,-71,-78,-79,0,0,-80,-80,0,0,-80,-80,-70,0,-77,-77,-65,-63,-60,-61,0,-60,-53,-54,-72,-72,-73,-74,0,0,-76,-76,0,-62,-63,-71,-71,-84,-85,0,-83,0,0,-76,-76,-47,-51
0,0,-79,-80,0,-77,-76,-71,-78,-79,0,0,-80,-80,0,0,-80,-80,-70,0,-77,-77,-65,-63,-60,-61,0,-60,-53,-54,-72,-72,-73,-74,0,0,-76,-76,0,-62,-63,-71,-71,-84,-85,0,-83,0,0,-76,-76,-47,-51
0,0,-79,-80,0,-77,-76,-71,-78,-79,0,0,-80,-80,0,0,-80,-80,-70,0,-77,-77,-65,-63,-60,-61,0,-60,-53,-54,-72,-72,-73,-74,0,0,-76,-76,0,-62,-63,-71,-71,-84,-85,0,-83,0,0,-76,-76,-47,-51
0,0,-79,-80,0,-77,-76,-71,-78,-79,0,0,-80,-80,0,0,-80,-80,-70,0,-77,-77,-65,-63,-60,-61,0,-60,-53,-54,-72,-72,-73,-74,0,0,-76,-76,0,-62,-63,-71,-71,-84,-85,0,-83,0,0,-76,-76,-47,-51
0,0,-79,-80,0,-77,-76,-71,-78,-79,0,0,-80,-80,0,0,-80,-80,-70,0,-77,-77,-65,-63,-60,-61,0,-60,-53,-54,-72,-72,-73,-74,0,0,-76,-76,0,-62,-63,-71,-71,-84,-85,0,-83,0,0,-76,-76,-47,-51
0,0,-79,-79,-72,-77,-76,0,-78,-77,0,0,-80,-80,0,0,-80,-80,0,0,-77,-78,0,-63,-60,-61,0,-60,-53,-54,-72,-72,-77,-76,0,0,-79,-79,0,0,-63,-71,-72,0,0,0,-84,0,0,-75,-74,-44,-51
0,0,-79,-79,-72,-77,-76,0,-78,-77,0,0,-80,-80,0,0,-80,-80,0,0,-77,-78,0,-63,-60,-61,0,-60,-53,-54,-72,-72,-77,-76,0,0,-79,-79,0,0,-63,-71,-72,0,0,0,-84,0,0,-75,-74,-44,-51
0,0,-79,-79,-72,-77,-76,0,-78,-77,0,0,-80,-80,0,0,-80,-80,0,0,-77,-78,0,-63,-60,-61,0,-60,-53,-54,-72,-72,-77,-76,0,0,-79,-79,0,0,-63,-71,-72,0,0,0,-84,0,0,-75,-74,-44,-51
0,0,-79,-79,-72,-77,-76,0,-78,-77,0,0,-80,-80,0,0,-80,-80,0,0,-77,-78,0,-63,-60,-61,0,-60,-53,-54,-72,-72,-77,-76,0,0,-79,-79,0,0,-63,-71,-72,0,0,0,-84,0,0,-75,-74,-44,-51
0,0,-79,-79,-72,-77,-76,0,-78,-77,0,0,-80,-80,0,0,-80,-80,0,0,-77,-78,0,-63,-60,-61,0,-60,-53,-54,-72,-72,-77,-76,0,0,-79,-79,0,0,-63,-71,-72,0,0,0,-84,0,0,-75,-74,-44,-51
0,0,-78,-79,-71,0,0,-72,-79,-79,-83,-80,-76,-77,0,0,-80,-80,0,0,-77,-78,0,-63,-58,-57,0,0,-53,-53,-72,-72,-75,-76,0,0,-77,-77,0,-64,-62,-72,-72,0,0,0,-84,0,0,-75,-74,-44,-51
0,0,-78,-79,-71,0,0,-72,-79,-79,-83,-80,-76,-77,0,0,-80,-80,0,0,-77,-78,0,-63,-59,-57,0,0,-53,-53,-72,-72,-75,-76,0,0,-77,-77,0,-64,-62,-72,-72,0,0,0,-84,0,0,-75,-74,-44,-51
0,0,-78,-79,-71,0,0,-72,-79,-79,-83,-80,-76,-77,0,0,-80,-80,0,0,-77,-78,0,-63,-59,-57,0,0,-53,-53,-72,-72,-75,-76,0,0,-77,-77,0,-64,-62,-72,-72,0,0,0,-84,0,0,-75,-74,-44,-51
0,0,-78,-79,-71,0,0,-72,-79,-79,-83,-80,-76,-77,0,0,-80,-80,0,0,-77,-78,0,-63,-59,-57,0,0,-53,-53,-72,-72,-75,-76,0,0,-77,-77,0,-64,-62,-72,-72,0,0,0,-84,0,0,-75,-74,-44,-51
0,0,-78,-79,-71,0,0,-72,-79,-79,-83,-80,-76,-77,0,0,-80,-80,0,0,-77,-78,0,-63,-59,-57,0,0,-53,-53,-72,-72,-75,-76,0,0,-77,-77,0,-64,-62,-72,-72,0,0,0,-84,0,0,-75,-74,-44,-51
0,0,-79,-78,-81,0,0,-72,-79,-79,-83,-80,-76,-77,0,-70,-81,-82,0,0,-77,-78,0,-63,-58,-58,0,0,-53,-53,-72,-73,-75,-75,0,0,-80,-80,-73,-64,-62,-72,-73,0,0,-85,-84,0,0,-75,-74,-44,-52
0,0,-79,-78,-81,0,0,-72,-79,-79,-83,-80,-76,-77,0,-70,-81,-82,0,0,-77,-78,0,-63,-59,-58,0,0,-53,-53,-72,-73,-75,-75,0,0,-80,-80,-73,-64,-62,-72,-73,0,0,-85,-84,0,0,-75,-74,-44,-52
0,0,-79,-78,-81,0,0,-72,-79,-79,-83,-80,-76,-77,0,-70,-81,-82,0,0,-77,-78,0,-63,-59,-58,0,0,-53,-53,-72,-73,-75,-75,0,0,-80,-80,-73,-64,-62,-72,-73,0,0,-85,-84,0,0,-75,-74,-44,-52
0,0,-79,-78,-81,0,0,-72,-79,-79,-83,-80,-76,-77,0,-70,-81,-82,0,0,-77,-78,0,-63,-59,-58,0,0,-53,-53,-72,-73,-75,-75,0,0,-80,-80,-73,-64,-62,-72,-73,0,0,-85,-84,0,0,-75,-74,-44,-52
0,0,-79,-78,-81,0,0,-72,-79,-79,-83,-80,-76,-77,0,-70,-81,-82,0,0,-77,-78,0,-63,-60,-58,0,0,-53,-53,-72,-73,-75,-75,0,0,-80,-80,-73,-64,-62,-72,-73,0,0,-85,-84,0,0,-75,-74,-44,-52
0,0,-78,-78,-81,0,0,0,-77,-77,0,0,-81,-79,0,-70,-81,-82,0,0,0,0,0,-70,-61,-61,0,-58,-53,-52,-72,-73,-77,-77,0,0,-80,-80,-73,0,-66,-72,-71,0,0,-84,-85,0,0,-74,-74,-45,-53
0,0,-78,-78,-81,0,0,0,-77,-77,0,0,-81,-79,0,-70,-81,-82,0,0,0,0,0,-70,-61,-61,0,-58,-53,-52,-72,-73,-77,-77,0,0,-80,-80,-73,0,-66,-72,-71,0,0,-84,-85,0,0,-74,-74,-45,-53
0,0,-78,-78,-81,0,0,0,-77,-77,0,0,-81,-79,0,-70,-81,-82,0,0,0,0,0,-70,-61,-61,0,-58,-53,-52,-72,-73,-77,-77,0,0,-80,-80,-73,0,-66,-72,-71,0,0,-84,-85,0,0,-74,-74,-45,-53
0,0,-78,-78,-81,0,0,0,-77,-77,0,0,-81,-79,0,-70,-81,-82,0,0,0,0,0,-70,-61,-61,0,-58,-53,-52,-72,-73,-77,-77,0,0,-80,-80,-73,0,-66,-72,-71,0,0,-84,-85,0,0,-74,-74,-45,-53
0,0,-78,-78,-81,0,0,0,-77,-77,0,0,-81,-79,0,-70,-81,-82,0,0,0,0,0,-70,-61,-61,0,-58,-53,-52,-72,-73,-77,-77,0,0,-80,-80,-73,0,-66,-72,-71,0,0,-84,-85,0,0,-74,-74,-45,-53
0,0,-78,-78,0,0,0,0,-77,-77,0,0,-81,-79,0,0,-83,-84,0,-67,0,0,-67,-70,-61,-61,0,-58,-53,-53,-72,-72,-80,-81,0,0,-78,-79,-73,-64,-66,-72,-72,0,-86,-84,-84,0,0,-74,-74,-44,-49
0,0,-78,-78,0,0,0,0,-77,-77,0,0,-81,-79,0,0,-83,-84,0,-67,0,0,-67,-70,-61,-61,0,-58,-53,-53,-72,-72,-80,-81,0,0,-78,-79,-73,-64,-66,-72,-72,0,-86,-84,-84,0,0,-74,-74,-44,-49
0,0,-78,-78,0,0,0,0,-77,-77,0,0,-81,-79,0,0,-83,-84,0,-67,0,0,-67,-70,-61,-61,0,-58,-53,-53,-72,-72,-80,-81,0,0,-78,-79,-73,-64,-66,-72,-72,0,-86,-84,-84,0,0,-74,-74,-44,-49
0,0,-78,-78,0,0,0,0,-77,-77,0,0,-81,-79,0,0,-83,-84,0,-67,0,0,-67,-70,-61,-61,0,-58,-53,-53,-72,-72,-80,-81,0,0,-78,-79,-73,-64,-66,-72,-72,0,-86,-84,-84,0,0,-74,-74,-44,-49
0,0,-78,-78,0,0,0,0,-77,-77,0,0,-81,-79,0,0,-83,-84,0,-67,0,0,-67,-70,-61,-61,0,-58,-53,-53,-72,-72,-80,-81,0,0,-78,-79,-73,-64,-66,-72,-72,0,-86,-84,-84,0,0,-74,-74,-44,-49
0,0,-78,-78,-72,0,0,-71,-77,-77,0,0,-78,-78,0,0,-83,-83,0,-67,0,0,-67,0,-61,-61,0,0,-53,-53,-72,-73,-77,-77,0,0,-79,-79,0,-64,-63,-72,-72,0,-86,-84,-84,0,0,-74,-74,-48,-49
0,0,-78,-78,-72,0,0,-71,-77,-77,0,0,-78,-78,0,0,-83,-83,0,-67,0,0,-67,0,-61,-61,0,0,-53,-53,-72,-73,-77,-77,0,0,-79,-79,0,-64,-63,-72,-72,0,-86,-84,-84,0,0,-74,-74,-48,-49
0,0,-78,-78,-72,0,0,-71,-77,-77,0,0,-78,-78,0,0,-83,-83,0,-67,0,0,-67,0,-61,-61,0,0,-53,-53,-72,-73,-77,-77,0,0,-79,-79,0,-64,-63,-72,-72,0,-86,-84,-84,0,0,-74,-74,-48,-49
0,0,-78,-78,-72,0,0,-71,-77,-77,0,0,-78,-78,0,0,-83,-83,0,-67,0,0,-67,0,-61,-61,0,0,-53,-53,-72,-73,-77,-77,0,0,-79,-79,0,-64,-63,-72,-72,0,-86,-84,-84,0,0,-74,-74,-48,-49
0,0,-78,-78,-72,0,0,-71,-77,-77,0,0,-78,-78,0,0,-83,-83,0,-67,0,0,-67,0,-61,-61,0,0,-53,-53,-72,-73,-77,-77,0,0,-79,-79,0,-64,-63,-72,-72,0,-86,-84,-84,0,0,-74,-74,-48,-49
0,0,-78,-78,-72,0,0,-71,-81,-80,0,0,-78,-80,0,0,-80,-80,0,0,0,0,-67,-62,-61,-62,0,-57,-53,-53,-72,-73,-77,-77,0,0,-79,-79,0,0,-62,-72,-71,0,0,-85,-85,0,0,-74,-75,-46,-51
0,0,-78,-78,-72,0,0,-71,-81,-80,0,0,-78,-80,0,0,-80,-80,0,0,0,0,-67,-62,-61,-62,0,-57,-53,-53,-72,-73,-77,-77,0,0,-79,-79,0,0,-62,-72,-71,0,0,-85,-85,0,0,-74,-75,-46,-51
0,0,-78,-78,-72,0,0,-71,-81,-80,0,0,-78,-80,0,0,-80,-80,0,0,0,0,-67,-62,-61,-62,0,-57,-53,-53,-72,-73,-77,-77,0,0,-79,-79,0,0,-62,-72,-71,0,0,-85,-85,0,0,-74,-75,-46,-51
0,0,-78,-78,-72,0,0,-71,-81,-80,0,0,-78,-80,0,0,-80,-80,0,0,0,0,-67,-62,-61,-62,0,-57,-53,-53,-72,-73,-77,-77,0,0,-79,-79,0,0,-62,-72,-71,0,0,-85,-85,0,0,-74,-75,-46,-51
0,0,-78,-78,-72,0,0,-71,-81,-80,0,0,-78,-80,0,0,-80,-80,0,0,0,0,-67,-62,-61,-62,0,-57,-53,-53,-72,-73,-77,-77,0,0,-79,-79,0,0,-62,-72,-71,0,0,-85,-85,0,0,-74,-75,-46,-51
0,0,-78,-78,0,0,0,0,-77,-78,0,0,-81,-81,0,0,-80,-80,0,0,0,0,-67,-62,-60,-60,0,-57,-53,-53,-72,-73,-75,-75,0,0,-78,-78,0,0,-62,-71,-71,0,0,-84,-85,0,0,-77,-77,-46,-51
0,0,-78,-78,0,0,0,0,-77,-78,0,0,-81,-81,0,0,-80,-80,0,0,0,0,-67,-62,-60,-60,0,-57,-53,-53,-72,-73,-75,-75,0,0,-78,-78,0,0,-62,-71,-71,0,0,-84,-85,0,0,-77,-77,-46,-51
0,0,-78,-78,0,0,0,0,-77,-78,0,0,-81,-81,0,0,-80,-80,0,0,0,0,-67,-62,-60,-60,0,-57,-53,-53,-72,-73,-75,-75,0,0,-78,-78,0,0,-62,-71,-71,0,0,-84,-85,0,0,-77,-77,-46,-51
