-76,-74,-74,-74,0,-82,-83,-71,-70,-70,0,-74,-74,-73,0,-71,-79,-80,-67,-63,-66,-66,-78,-78,-68,-68,-81,-78,-73,-75,-75,-75,-72,-72,0,0,-85,-83,0,0,0,-84,-83,0,0,-84,-85,0,0,-81,-81,-41,-72
-72,-67,-68,-67,0,0,0,-76,-72,-72,0,-74,-74,-73,-72,-71,-82,-82,-56,-56,-62,-62,-73,-72,-69,-69,-81,-78,-75,-75,-74,-78,-67,-66,0,0,-85,-83,-84,0,0,-84,-83,-82,-82,-86,-85,0,0,-76,-76,-43,-69
-72,-67,-68,-67,0,0,0,-76,-72,-72,0,-74,-74,-73,-72,-71,-82,-82,-56,-56,-62,-62,-73,-72,-69,-69,-81,-78,-75,-75,-74,-78,-67,-66,0,0,-85,-83,-84,0,0,-84,-83,-82,-82,-86,-85,0,0,-76,-76,-43,-69
-72,-67,-68,-67,0,0,0,-76,-72,-72,0,-74,-74,-73,-72,-71,-82,-82,-56,-56,-62,-62,-73,-72,-69,-69,-81,-78,-75,-75,-74,-78,-67,-66,0,0,-85,-83,-84,0,0,-84,-83,-82,-82,-86,-85,0,0,-76,-76,-43,-69
-72,-67,-68,-67,0,0,0,-76,-72,-72,0,-74,-74,-73,-72,-71,-82,-82,-56,-56,-62,-62,-73,-72,-69,-69,-81,-78,-75,-75,-74,-78,-67,-66,0,0,-85,-83,-84,0,0,-84,-83,-82,-82,-86,-85,0,0,-76,-76,-43,-69
-72,-67,-75,-75,-79,0,0,-77,-76,-76,0,-80,-73,-73,-72,0,-82,-82,-59,-60,-62,-62,-76,-72,-73,-72,-86,0,-76,-76,-74,-78,-70,-70,0,0,-85,0,-84,0,0,-84,0,-82,-82,-86,0,-79,-79,-83,-82,-40,-68
-72,-67,-75,-75,-79,0,0,-77,-76,-76,0,-80,-73,-73,-72,0,-82,-82,-59,-60,-62,-62,-76,-72,-73,-72,-86,0,-76,-76,-74,-78,-70,-70,0,0,-85,0,-84,0,0,-84,0,-82,-82,-86,0,-79,-79,-83,-82,-40,-68
-72,-67,-75,-75,-79,0,0,-77,-76,-76,0,-80,-73,-73,-72,0,-82,-82,-59,-60,-62,-62,-76,-72,-73,-72,-86,0,-76,-76,-74,-78,-70,-70,0,0,-85,0,-84,0,0,-84,0,-82,-82,-86,0,-79,-79,-83,-82,-40,-68
-72,-67,-75,-75,-79,0,0,-77,-76,-76,0,-80,-73,-73,-72,0,-82,-82,-59,-60,-62,-62,-76,-72,-73,-72,-86,0,-76,-76,-74,-78,-70,-70,0,0,-85,0,-84,0,0,-84,0,-82,-82,-86,0,-79,-79,-83,-82,-40,-68
-72,-67,-71,-72,-87,0,-84,-83,-74,-75,0,-80,-76,-77,-72,-73,-85,-82,-63,-61,-64,-65,-79,-76,-71,-71,-81,0,-73,-73,-74,-69,-69,-69,0,0,-85,0,-84,0,0,0,0,-82,-82,-86,0,-84,-78,-83,-82,-37,-69
-72,-67,-71,-72,-87,0,-84,-83,-74,-75,0,-80,-76,-77,-72,-73,-85,-82,-63,-61,-64,-65,-79,-76,-71,-71,-81,0,-73,-73,-74,-69,-69,-69,0,0,-85,0,-84,0,0,0,0,-82,-82,-86,0,-84,-78,-83,-82,-37,-69
-72,-67,-71,-72,-87,0,-84,-83,-74,-75,0,-80,-76,-77,-72,-73,-85,-82,-63,-61,-64,-65,-79,-76,-71,-71,-81,0,-73,-73,-74,-69,-69,-69,0,0,-85,0,-84,0,0,0,0,-82,-82,-86,0,-84,-78,-83,-82,-37,-69
-72,-67,-71,-72,-87,0,-84,-83,-74,-75,0,-80,-76,-77,-72,-73,-85,-82,-63,-61,-64,-65,-79,-76,-71,-71,-81,0,-73,-73,-74,-69,-69,-69,0,0,-85,0,-84,0,0,0,0,-82,-82,-86,0,-84,-78,-83,-82,-37,-69
-77,-74,-73,-74,-82,0,-84,-83,-74,-74,0,-77,-77,-77,-72,-75,-81,-81,-64,-62,-61,-62,-83,-83,-69,-71,-81,0,-75,-76,0,-70,-69,-68,0,0,-88,0,0,0,0,0,0,0,0,0,0,-84,-78,-80,-80,-37,-69
-77,-74,-73,-74,-82,0,-84,-83,-74,-74,0,-77,-77,-77,-72,-75,-81,-81,-64,-62,-61,-62,-83,-83,-69,-71,-81,0,-75,-76,0,-70,-69,-68,0,0,-88,0,0,0,0,0,0,0,0,0,0,-84,-78,-80,-80,-37,-69
-77,-74,-73,-74,-82,0,-84,-83,-74,-74,0,-77,-77,-77,-72,-75,-81,-81,-64,-62,-61,-62,-83,-83,-69,-71,-81,0,-75,-76,0,-70,-69,-68,0,0,-88,0,0,0,0,0,0,0,0,0,0,-84,-78,-80,-80,-37,-69
-77,-74,-73,-74,-82,0,-84,-83,-74,-74,0,-77,-77,-77,-72,-75,-81,-81,-64,-62,-61,-62,-83,-83,-69,-71,-81,0,-75,-76,0,-70,-69,-68,0,0,-88,0,0,0,0,0,0,0,0,0,0,-84,-78,-80,-80,-37,-69
-77,-74,-73,-73,-81,0,-84,-81,-75,-74,-76,-77,-76,-76,0,-75,-80,-79,-63,-61,-62,-61,-78,-78,-70,-69,-81,0,-75,-76,0,-69,-73,-73,0,0,-88,0,0,0,0,0,0,0,0,0,0,-84,-79,-80,-80,-35,-69
-77,-74,-73,-73,-81,0,-84,-81,-75,-74,-76,-77,-76,-76,0,-75,-80,-79,-63,-61,-62,-61,-78,-78,-70,-69,-81,0,-75,-76,0,-69,-73,-73,0,0,-88,0,0,0,0,0,0,0,0,0,0,-84,-79,-80,-80,-35,-69
-77,-74,-73,-73,-81,0,-84,-81,-75,-74,-76,-77,-76,-76,0,-75,-80,-79,-63,-61,-62,-61,-78,-78,-70,-69,-81,0,-75,-76,0,-69,-73,-73,0,0,-88,0,0,0,0,0,0,0,0,0,0,-84,-79,-80,-80,-35,-69
-77,-74,-73,-73,-81,0,-84,-81,-75,-74,-76,-77,-76,-76,0,-75,-80,-79,-63,-61,-62,-61,-78,-78,-70,-69,-81,0,-75,-76,0,-69,-73,-73,0,0,-88,0,0,0,0,0,0,0,0,0,0,-84,-79,-80,-80,-35,-69
-77,-74,-73,-74,-81,0,0,-82,-74,-74,-76,-77,-79,-77,-76,-74,-81,-80,-59,-61,-60,-60,-78,-75,-70,-70,-80,0,-75,-76,0,-69,-73,-73,0,0,-88,0,0,0,0,0,0,0,0,0,0,-84,-79,-81,-79,-38,-69
-77,-74,-73,-74,-81,0,0,-82,-74,-74,-76,-77,-79,-77,-76,-74,-81,-80,-59,-61,-60,-60,-78,-75,-70,-70,-80,0,-75,-76,0,-69,-73,-73,0,0,-88,0,0,0,0,0,0,0,0,0,0,-84,-79,-81,-79,-38,-69
-77,-74,-73,-74,-81,0,0,-82,-74,-74,-76,-77,-79,-77,-76,-74,-81,-80,-59,-61,-60,-60,-78,-75,-70,-70,-80,0,-75,-76,0,-69,-73,-73,0,0,-88,0,0,0,0,0,0,0,0,0,0,-84,-79,-81,-79,-38,-69
-77,-74,-73,-74,-81,0,0,-82,-74,-74,-76,-77,-79,-77,-76,-74,-81,-80,-59,-61,-60,-60,-78,-75,-70,-70,-80,0,-75,-76,0,-69,-73,-73,0,0,-88,0,0,0,0,0,0,0,0,0,0,-84,-79,-81,-79,-38,-69
0,0,-74,-74,-81,0,0,-82,-74,-74,-76,0,-77,-77,-76,-74,-81,-80,-63,-62,-61,-61,-78,-79,-70,-70,-81,-86,-76,-76,-66,-71,-73,-73,0,0,0,0,0,0,0,0,0,0,0,0,0,0,-79,-81,-79,-36,-70
0,0,-74,-74,-81,0,0,-82,-74,-74,-76,0,-77,-77,-76,-74,-81,-80,-63,-62,-61,-61,-78,-79,-70,-70,-81,-86,-76,-76,-66,-71,-73,-73,0,0,0,0,0,0,0,0,0,0,0,0,0,0,-79,-81,-79,-36,-70
0,0,-74,-74,-81,0,0,-82,-74,-74,-76,0,-77,-77,-76,-74,-81,-80,-63,-62,-61,-61,-78,-79,-70,-70,-81,-86,-76,-76,-66,-71,-73,-73,0,0,0,0,0,0,0,0,0,0,0,0,0,0,-79,-81,-79,-36,-70
0,0,-74,-74,-81,0,0,-82,-74,-74,-76,0,-77,-77,-76,-74,-81,-80,-63,-62,-61,-61,-78,-79,-70,-70,-81,-86,-76,-76,-66,-71,-73,-73,0,0,0,0,0,0,0,0,0,0,0,0,0,0,-79,-81,-79,-36,-70
-75,-75,-71,-71,0,-84,-83,-82,-76,-75,0,0,-75,-75,-76,-74,-78,-79,-65,-62,-62,-62,-77,-79,-68,-68,-80,-86,-74,-75,-65,-71,-72,-72,0,0,0,0,-86,0,0,-84,0,0,0,0,0,0,0,-79,-80,-36,-70
-75,-75,-71,-71,0,-84,-83,-82,-76,-75,0,0,-75,-75,-76,-74,-78,-79,-65,-62,-62,-62,-77,-79,-68,-68,-80,-86,-74,-75,-65,-71,-72,-72,0,0,0,0,-86,0,0,-84,0,0,0,0,0,0,0,-79,-80,-36,-70
-75,-75,-71,-71,0,-84,-83,-82,-76,-75,0,0,-75,-75,-76,-74,-78,-79,-65,-62,-62,-62,-77,-79,-68,-68,-80,-86,-74,-75,-65,-71,-72,-72,0,0,0,0,-86,0,0,-84,0,0,0,0,0,0,0,-79,-80,-36,-70
-75,-75,-71,-71,0,-84,-83,-82,-76,-75,0,0,-75,-75,-76,-74,-78,-79,-65,-62,-62,-62,-77,-79,-68,-68,-80,-86,-74,-75,-65,-71,-72,-72,0,0,0,0,-86,0,0,-84,0,0,0,0,0,0,0,-79,-80,-36,-70
-74,-71,-76,-76,0,-84,-83,-81,-79,-78,0,0,-73,-72,0,-74,-83,-83,-59,-56,-63,-62,-77,-79,-70,-70,-82,-86,-72,-75,-68,-70,-68,-68,0,0,0,0,-86,0,-88,-84,0,0,0,0,0,0,0,-79,-80,-37,-66
-74,-71,-76,-76,0,-84,-83,-81,-79,-78,0,0,-73,-72,0,-74,-83,-83,-59,-56,-63,-62,-77,-79,-70,-70,-82,-86,-72,-75,-68,-70,-68,-68,0,0,0,0,-86,0,-88,-84,0,0,0,0,0,0,0,-79,-80,-37,-66
-74,-71,-76,-76,0,-84,-83,-81,-79,-78,0,0,-73,-72,0,-74,-83,-83,-59,-56,-63,-62,-77,-79,-70,-70,-82,-86,-72,-75,-68,-70,-68,-68,0,0,0,0,-86,0,-88,-84,0,0,0,0,0,0,0,-79,-80,-37,-66
-74,-71,-76,-76,0,-84,-83,-81,-79,-78,0,0,-73,-72,0,-74,-83,-83,-59,-56,-63,-62,-77,-79,-70,-70,-82,-86,-72,-75,-68,-70,-68,-68,0,0,0,0,-86,0,-88,-84,0,0,0,0,0,0,0,-79,-80,-37,-66
-74,-67,-73,-74,-84,-84,-83,-75,-75,-74,0,0,-75,-76,-72,-71,-81,-80,-60,-58,-61,-62,-77,0,-75,-75,-82,0,-79,-81,-68,-70,-70,-69,0,0,0,0,-86,0,-88,-84,0,0,0,0,0,0,0,-79,-80,-39,-69
-74,-67,-73,-74,-84,-84,-83,-75,-75,-74,0,0,-75,-76,-72,-71,-81,-80,-60,-58,-61,-62,-77,0,-75,-75,-82,0,-79,-81,-68,-70,-70,-69,0,0,0,0,-86,0,-88,-84,0,0,0,0,0,0,0,-79,-80,-39,-69
-74,-67,-73,-74,-84,-84,-83,-75,-75,-74,0,0,-75,-76,-72,-71,-81,-80,-60,-58,-61,-62,-77,0,-75,-75,-82,0,-79,-81,-68,-70,-70,-69,0,0,0,0,-86,0,-88,-84,0,0,0,0,0,0,0,-79,-80,-39,-69
-74,-67,-73,-74,-84,-84,-83,-75,-75,-74,0,0,-75,-76,-72,-71,-81,-80,-60,-58,-61,-62,-77,0,-75,-75,-82,0,-79,-81,-68,-70,-70,-69,0,0,0,0,-86,0,-88,-84,0,0,0,0,0,0,0,-79,-80,-39,-69
-74,-66,-75,-74,-84,-84,0,-75,-75,-75,0,0,-76,-74,-72,-68,-83,-83,-61,-60,-60,-59,0,0,-71,-71,-82,0,-79,-81,-69,-72,-70,-70,0,0,0,0,0,0,-88,-86,0,0,0,0,0,0,0,-81,-80,-39,-67
-74,-66,-75,-74,-84,-84,0,-75,-75,-75,0,0,-76,-74,-72,-68,-83,-83,-61,-60,-60,-59,0,0,-71,-71,-82,0,-79,-81,-69,-72,-70,-70,0,0,0,0,0,0,-88,-86,0,0,0,0,0,0,0,-81,-80,-39,-67
-74,-66,-75,-74,-84,-84,0,-75,-75,-75,0,0,-76,-74,-72,-68,-83,-83,-61,-60,-60,-59,0,0,-71,-71,-82,0,-79,-81,-69,-72,-70,-70,0,0,0,0,0,0,-88,-86,0,0,0,0,0,0,0,-81,-80,-39,-67
-74,-66,-75,-74,-84,-84,0,-75,-75,-75,0,0,-76,-74,-72,-68,-83,-83,-61,-60,-60,-59,0,0,-71,-71,-82,0,-79,-81,-69,-72,-70,-70,0,0,0,0,0,0,-88,-86,0,0,0,0,0,0,0,-81,-80,-39,-67
-70,-68,-70,-70,-84,-84,0,-75,-76,-76,0,0,-74,-74,-72,-68,-82,-82,-59,-59,-59,-58,-78,-76,-72,-71,-86,0,-81,-81,-68,-73,-70,-70,0,0,0,-87,0,0,0,-80,-83,0,0,-83,-82,0,0,-81,-80,-40,-66
-70,-68,-70,-70,-84,-84,0,-75,-76,-76,0,0,-74,-74,-72,-68,-82,-82,-59,-59,-59,-58,-78,-76,-72,-71,-86,0,-81,-81,-68,-73,-70,-70,0,0,0,-87,0,0,0,-80,-83,0,0,-83,-82,0,0,-81,-80,-40,-66
-70,-68,-70,-70,-84,-84,0,-75,-76,-76,0,0,-74,-74,-72,-68,-82,-82,-59,-59,-59,-58,-78,-76,-72,-71,-86,0,-81,-81,-68,-73,-70,-70,0,0,0,-87,0,0,0,-80,-83,0,0,-83,-82,0,0,-81,-80,-40,-66
-70,-68,-70,-70,-84,-84,0,-75,-76,-76,0,0,-74,-74,-72,-68,-82,-82,-59,-59,-59,-58,-78,-76,-72,-71,-86,0,-81,-81,-68,-73,-70,-70,0,0,0,-87,0,0,0,-80,-83,0,0,-83,-82,0,0,-81,-80,-40,-66
-70,-67,-75,-75,0,0,0,-75,-73,-73,0,0,-76,-77,-71,-69,-81,-81,-62,-62,-59,-60,-78,-76,-73,-73,-86,-85,-72,-73,-69,-73,-69,-69,0,0,0,-87,0,0,0,-80,-83,0,0,-83,-82,0,0,-78,-79,-41,-68
-70,-67,-75,-75,0,0,0,-75,-73,-73,0,0,-76,-77,-71,-69,-81,-81,-62,-62,-59,-60,-78,-76,-73,-73,-86,-85,-72,-73,-69,-73,-69,-69,0,0,0,-87,0,0,0,-80,-83,0,0,-83,-82,0,0,-78,-79,-41,-68
-70,-67,-75,-75,0,0,0,-75,-73,-73,0,0,-76,-77,-71,-69,-81,-81,-62,-62,-59,-60,-78,-76,-73,-73,-86,-85,-72,-73,-69,-73,-69,-69,0,0,0,-87,0,0,0,-80,-83,0,0,-83,-82,0,0,-78,-79,-41,-68
-70,-67,-75,-75,0,0,0,-75,-73,-73,0,0,-76,-77,-71,-69,-81,-81,-62,-62,-59,-60,-78,-76,-73,-73,-86,-85,-72,-73,-69,-73,-69,-69,0,0,0,-87,0,0,0,-80,-83,0,0,-83,-82,0,0,-78,-79,-41,-68
-70,-73,-78,-75,0,0,0,-72,-73,-73,0,0,-75,-76,-71,-71,-80,-80,-62,-62,-64,-64,-78,-83,-69,-69,-86,-85,-74,-75,-69,-71,-69,-69,0,0,0,-87,0,0,0,-80,-83,0,0,-83,-82,0,0,-75,-75,-38,-72
-70,-73,-78,-75,0,0,0,-72,-73,-73,0,0,-75,-76,-71,-71,-80,-80,-62,-62,-64,-64,-78,-83,-69,-69,-86,-85,-74,-75,-69,-71,-69,-69,0,0,0,-87,0,0,0,-80,-83,0,0,-83,-82,0,0,-75,-75,-38,-72
-70,-73,-78,-75,0,0,0,-72,-73,-73,0,0,-75,-76,-71,-71,-80,-80,-62,-62,-64,-64,-78,-83,-69,-69,-86,-85,-74,-75,-69,-71,-69,-69,0,0,0,-87,0,0,0,-80,-83,0,0,-83,-82,0,0,-75,-75,-38,-72
-70,-73,-78,-75,0,0,0,-72,-73,-73,0,0,-75,-76,-71,-71,-80,-80,-62,-62,-64,-64,-78,-83,-69,-69,-86,-85,-74,-75,-69,-71,-69,-69,0,0,0,-87,0,0,0,-80,-83,0,0,-83,-82,0,0,-75,-75,-38,-72
-70,-71,-74,-74,0,0,0,-70,-71,-71,0,0,-75,-75,-71,-71,-81,-80,-65,-65,-59,-59,0,-80,-70,-71,0,-85,-75,-76,-68,-71,-64,-64,0,0,0,0,0,0,0,0,0,0,-85,0,0,0,0,-74,-75,-37,-70
-70,-71,-74,-74,0,0,0,-70,-71,-71,0,0,-75,-75,-71,-71,-81,-80,-65,-65,-59,-59,0,-80,-70,-71,0,-85,-75,-76,-68,-71,-64,-64,0,0,0,0,0,0,0,0,0,0,-85,0,0,0,0,-74,-75,-37,-70
-70,-71,-74,-74,0,0,0,-70,-71,-71,0,0,-75,-75,-71,-71,-81,-80,-65,-65,-59,-59,0,-80,-70,-71,0,-85,-75,-76,-68,-71,-64,-64,0,0,0,0,0,0,0,0,0,0,-85,0,0,0,0,-74,-75,-37,-70
-70,-71,-74,-74,0,0,0,-70,-71,-71,0,0,-75,-75,-71,-71,-81,-80,-65,-65,-59,-59,0,-80,-70,-71,0,-85,-75,-76,-68,-71,-64,-64,0,0,0,0,0,0,0,0,0,0,-85,0,0,0,0,-74,-75,-37,-70
0,-71,-75,-77,0,-82,-83,-70,-71,-71,0,0,-76,-74,0,-72,-81,-80,-66,-68,-60,-59,0,-80,-72,-73,-82,0,-78,-79,-68,-71,-69,-69,0,-89,0,0,0,0,0,0,0,0,-85,0,0,-85,-80,-73,-73,-38,-70
0,-71,-75,-77,0,-82,-83,-70,-71,-71,0,0,-76,-74,0,-72,-81,-80,-66,-68,-60,-59,0,-80,-72,-73,-82,0,-78,-79,-68,-71,-69,-69,0,-89,0,0,0,0,0,0,0,0,-85,0,0,-85,-80,-73,-73,-38,-70
0,-71,-75,-77,0,-82,-83,-70,-71,-71,0,0,-76,-74,0,-72,-81,-80,-66,-68,-60,-59,0,-80,-72,-73,-82,0,-78,-79,-68,-71,-69,-69,0,-89,0,0,0,0,0,0,0,0,-85,0,0,-85,-80,-73,-73,-38,-70
0,-71,-75,-77,0,-82,-83,-70,-71,-71,0,0,-76,-74,0,-72,-81,-80,-66,-68,-60,-59,0,-80,-72,-73,-82,0,-78,-79,-68,-71,-69,-69,0,-89,0,0,0,0,0,0,0,0,-85,0,0,-85,-80,-73,-73,-38,-70
0,-71,-75,-77,0,-82,-83,-70,-72,-72,0,0,-76,-76,0,-72,-81,-80,-66,-68,-59,-60,-82,-80,-71,-71,-82,0,-77,-77,-68,0,-63,-63,0,-89,0,0,0,0,0,0,0,0,-85,0,0,-85,-80,-73,-74,-38,-70
0,-71,-75,-77,0,-82,-83,-70,-72,-72,0,0,-76,-76,0,-72,-81,-80,-66,-68,-59,-60,-82,-80,-71,-71,-82,0,-77,-77,-68,0,-63,-63,0,-89,0,0,0,0,0,0,0,0,-85,0,0,-85,-80,-73,-74,-38,-70
0,-71,-75,-77,0,-82,-83,-70,-72,-72,0,0,-76,-76,0,-72,-81,-80,-66,-68,-59,-60,-82,-80,-71,-71,-82,0,-77,-77,-68,0,-63,-63,0,-89,0,0,0,0,0,0,0,0,-85,0,0,-85,-80,-73,-74,-38,-70
0,-72,-75,-74,0,-82,-83,-71,-70,-70,0,-81,-76,-77,0,-72,-82,-82,-67,-67,-59,-61,-82,-81,-73,-73,-82,-83,-77,-77,-69,-76,-69,-69,0,-89,0,0,0,0,0,0,0,0,0,0,0,-85,-79,-85,-86,-37,-70
0,-72,-75,-74,0,-82,-83,-71,-70,-70,0,-81,-76,-77,0,-72,-82,-82,-67,-67,-59,-61,-82,-81,-73,-73,-82,-83,-77,-77,-69,-76,-69,-69,0,-89,0,0,0,0,0,0,0,0,0,0,0,-85,-79,-85,-86,-37,-70
0,-72,-75,-74,0,-82,-83,-71,-70,-70,0,-81,-76,-77,0,-72,-82,-82,-67,-67,-59,-61,-82,-81,-73,-73,-82,-83,-77,-77,-69,-76,-69,-69,0,-89,0,0,0,0,0,0,0,0,0,0,0,-85,-79,-85,-86,-37,-70
0,-72,-75,-74,0,-82,-83,-71,-70,-70,0,-81,-76,-77,0,-72,-82,-82,-67,-67,-59,-61,-82,-81,-73,-73,-82,-83,-77,-77,-69,-76,-69,-69,0,-89,0,0,0,0,0,0,0,0,0,0,0,-85,-79,-85,-86,-37,-70
-74,-72,-75,-74,0,-82,0,-71,-71,-71,0,-81,-77,-77,-73,0,-81,-82,-67,-65,-63,-63,-82,-81,-72,-73,-82,-83,-80,-79,-69,-76,-62,-62,0,0,-85,-86,0,0,0,0,0,0,0,0,0,0,-79,-73,-73,-39,-71
-74,-72,-75,-74,0,-82,0,-71,-71,-71,0,-81,-77,-77,-73,0,-81,-82,-67,-65,-63,-63,-82,-81,-72,-73,-82,-83,-80,-79,-69,-76,-62,-62,0,0,-85,-86,0,0,0,0,0,0,0,0,0,0,-79,-73,-73,-39,-71
-74,-72,-75,-74,0,-82,0,-71,-71,-71,0,-81,-77,-77,-73,0,-81,-82,-67,-65,-63,-63,-82,-81,-72,-73,-82,-83,-80,-79,-69,-76,-62,-62,0,0,-85,-86,0,0,0,0,0,0,0,0,0,0,-79,-73,-73,-39,-71
-74,-72,-75,-74,0,-82,0,-71,-71,-71,0,-81,-77,-77,-73,0,-81,-82,-67,-65,-63,-63,-82,-81,-72,-73,-82,-83,-80,-79,-69,-76,-62,-62,0,0,-85,-86,0,0,0,0,0,0,0,0,0,0,-79,-73,-73,-39,-71
-74,-72,-71,-71,0,-82,0,-71,-75,-75,0,-81,-71,-71,-73,0,-83,-83,-64,-62,-62,-63,-82,-81,-73,-73,-80,-83,-71,-78,-75,-74,-66,-66,0,0,-83,-84,0,0,0,-84,-84,-82,-82,-81,-81,-84,-84,-77,-76,-39,-75
-74,-72,-71,-71,0,-82,0,-71,-75,-75,0,-81,-71,-71,-73,0,-83,-83,-64,-62,-62,-63,-82,-81,-73,-73,-80,-83,-71,-78,-75,-74,-66,-66,0,0,-83,-84,0,0,0,-84,-84,-82,-82,-81,-81,-84,-84,-77,-76,-39,-75
-74,-72,-71,-71,0,-82,0,-71,-75,-75,0,-81,-71,-71,-73,0,-83,-83,-64,-62,-62,-63,-82,-81,-73,-73,-80,-83,-71,-78,-75,-74,-66,-66,0,0,-83,-84,0,0,0,-84,-84,-82,-82,-81,-81,-84,-84,-77,-76,-39,-75
-74,-72,-71,-71,0,-82,0,-71,-75,-75,0,-81,-71,-71,-73,0,-83,-83,-64,-62,-62,-63,-82,-81,-73,-73,-80,-83,-71,-78,-75,-74,-66,-66,0,0,-83,-84,0,0,0,-84,-84,-82,-82,-81,-81,-84,-84,-77,-76,-39,-75
-73,-72,-70,-70,0,0,0,-78,-77,-76,0,0,-72,-73,-73,-75,-83,-83,-67,-64,-67,-68,0,0,-79,-79,-80,0,-78,-80,-66,-71,-66,-66,0,0,-83,-84,0,0,-89,-84,-84,-82,-82,-81,-81,-84,-84,-73,-72,-43,-77
-73,-72,-70,-70,0,0,0,-78,-77,-76,0,0,-72,-73,-73,-75,-83,-83,-67,-64,-67,-68,0,0,-79,-79,-80,0,-78,-80,-66,-71,-66,-66,0,0,-83,-84,0,0,-89,-84,-84,-82,-82,-81,-81,-84,-84,-73,-72,-43,-77
-73,-72,-70,-70,0,0,0,-78,-77,-76,0,0,-72,-73,-73,-75,-83,-83,-67,-64,-67,-68,0,0,-79,-79,-80,0,-78,-80,-66,-71,-66,-66,0,0,-83,-84,0,0,-89,-84,-84,-82,-82,-81,-81,-84,-84,-73,-72,-43,-77
-73,-72,-70,-70,0,0,0,-78,-77,-76,0,0,-72,-73,-73,-75,-83,-83,-67,-64,-67,-68,0,0,-79,-79,-80,0,-78,-80,-66,-71,-66,-66,0,0,-83,-84,0,0,-89,-84,-84,-82,-82,-81,-81,-84,-84,-73,-72,-43,-77
-73,-65,-71,-72,0,0,0,-74,-79,-80,0,0,-71,-71,0,-75,-84,-85,-60,-60,-64,-65,0,0,-71,-72,-80,0,-78,-79,-66,-71,-68,-68,0,0,-83,-84,0,0,-89,-84,-84,-82,-82,-81,-81,-84,-83,-75,-75,-41,-74
-73,-65,-71,-72,0,0,0,-74,-79,-80,0,0,-71,-71,0,-75,-84,-85,-60,-60,-64,-65,0,0,-71,-72,-80,0,-78,-79,-66,-71,-68,-68,0,0,-83,-84,0,0,-89,-84,-84,-82,-82,-81,-81,-84,-83,-75,-75,-41,-74
-73,-65,-71,-72,0,0,0,-74,-79,-80,0,0,-71,-71,0,-75,-84,-85,-60,-60,-64,-65,0,0,-71,-72,-80,0,-78,-79,-66,-71,-68,-68,0,0,-83,-84,0,0,-89,-84,-84,-82,-82,-81,-81,-84,-83,-75,-75,-41,-74
-73,-65,-71,-72,0,0,0,-74,-79,-80,0,0,-71,-71,0,-75,-84,-85,-60,-60,-64,-65,0,0,-71,-72,-80,0,-78,-79,-66,-71,-68,-68,0,0,-83,-84,0,0,-89,-84,-84,-82,-82,-81,-81,-84,-83,-75,-75,-41,-74
-73,-67,-73,-73,-83,0,0,-78,-76,-76,-81,-75,-72,-73,-79,-75,-84,-85,-63,-61,-65,-66,0,0,-73,-73,0,0,-79,-80,-64,-66,-70,-70,0,0,0,0,0,0,-89,0,0,0,0,0,0,-88,-87,-79,-80,-46,-76
-73,-67,-73,-73,-83,0,0,-78,-76,-76,-81,-75,-72,-73,-79,-75,-84,-85,-63,-61,-65,-66,0,0,-73,-73,0,0,-79,-80,-64,-66,-70,-70,0,0,0,0,0,0,-89,0,0,0,0,0,0,-88,-87,-79,-80,-46,-76
-73,-67,-73,-73,-83,0,0,-78,-76,-76,-81,-75,-72,-73,-79,-75,-84,-85,-63,-61,-65,-66,0,0,-73,-73,0,0,-79,-80,-64,-66,-70,-70,0,0,0,0,0,0,-89,0,0,0,0,0,0,-88,-87,-79,-80,-46,-76
-73,-67,-73,-73,-83,0,0,-78,-76,-76,-81,-75,-72,-73,-79,-75,-84,-85,-63,-61,-65,-66,0,0,-73,-73,0,0,-79,-80,-64,-66,-70,-70,0,0,0,0,0,0,-89,0,0,0,0,0,0,-88,-87,-79,-80,-46,-76
-73,-67,-73,-73,-83,0,0,-78,-76,-76,-81,-75,-72,-73,-79,-75,-84,-85,-63,-61,-65,-66,0,0,-73,-73,0,0,-79,-80,-64,-66,-70,-70,0,0,0,0,0,0,-89,0,0,0,0,0,0,-88,-87,-79,-80,-46,-76
-69,-67,-72,-72,-83,0,0,-78,-77,-77,-81,-75,-72,-72,-79,-79,-84,-86,-61,-60,-64,-64,-78,-78,-71,-71,-87,0,-79,-79,-65,-66,-65,-65,0,0,0,0,0,0,0,0,0,0,0,0,0,-88,-87,-76,-76,-46,-75
-69,-67,-72,-72,-83,0,0,-78,-77,-77,-81,-75,-72,-72,-79,-79,-84,-86,-61,-60,-64,-64,-78,-78,-71,-71,-87,0,-79,-79,-65,-66,-65,-65,0,0,0,0,0,0,0,0,0,0,0,0,0,-88,-87,-76,-76,-46,-75
-69,-67,-72,-72,-83,0,0,-78,-77,-77,-81,-75,-72,-72,-79,-79,-84,-86,-61,-60,-64,-64,-78,-78,-71,-71,-87,0,-79,-79,-65,-66,-65,-65,0,0,0,0,0,0,0,0,0,0,0,0,0,-88,-87,-76,-76,-46,-75
-69,-67,-72,-72,-83,0,0,-78,-77,-77,-81,-75,-72,-72,-79,-79,-84,-86,-61,-60,-64,-64,-78,-78,-71,-71,-87,0,-79,-79,-65,-66,-65,-65,0,0,0,0,0,0,0,0,0,0,0,0,0,-88,-87,-76,-76,-46,-75
-69,-66,-73,-72,-84,0,0,-78,-77,-77,-76,-74,-74,-73,-78,-79,0,-86,-61,-60,-63,-64,-78,-78,-71,-71,-87,0,-79,-80,-65,-67,-69,-69,0,0,0,-88,0,0,0,0,0,0,0,0,0,-88,-85,-77,-77,-46,-75
-69,-66,-73,-72,-84,0,0,-78,-77,-77,-76,-74,-74,-73,-78,-79,0,-86,-61,-60,-63,-64,-78,-78,-71,-71,-87,0,-79,-80,-65,-67,-69,-69,0,0,0,-88,0,0,0,0,0,0,0,0,0,-88,-85,-77,-77,-46,-75
-69,-66,-73,-72,-84,0,0,-78,-77,-77,-76,-74,-74,-73,-78,-79,0,-86,-61,-60,-63,-64,-78,-78,-71,-71,-87,0,-79,-80,-65,-67,-69,-69,0,0,0,-88,0,0,0,0,0,0,0,0,0,-88,-85,-77,-77,-46,-75
-69,-66,-73,-72,-84,0,0,-78,-77,-77,-76,-74,-74,-73,-78,-79,0,-86,-61,-60,-63,-64,-78,-78,-71,-71,-87,0,-79,-80,-65,-67,-69,-69,0,0,0,-88,0,0,0,0,0,0,0,0,0,-88,-85,-77,-77,-46,-75
-70,-67,-74,-73,-84,0,0,-78,-77,-77,-76,-73,-74,-73,-78,-79,-84,-84,-62,-60,-64,-64,-78,-78,-72,-73,-86,0,-80,-82,-65,-68,-68,-68,0,0,0,-88,0,0,0,0,0,0,0,-84,-86,0,-85,-77,-77,-46,-76
-70,-67,-74,-73,-84,0,0,-78,-77,-77,-76,-73,-74,-73,-78,-79,-84,-84,-62,-60,-64,-64,-78,-78,-72,-73,-86,0,-80,-82,-65,-68,-68,-68,0,0,0,-88,0,0,0,0,0,0,0,-84,-86,0,-85,-77,-77,-46,-76
-70,-67,-74,-73,-84,0,0,-78,-77,-77,-76,-73,-74,-73,-78,-79,-84,-84,-62,-60,-64,-64,-78,-78,-72,-73,-86,0,-80,-82,-65,-68,-68,-68,0,0,0,-88,0,0,0,0,0,0,0,-84,-86,0,-85,-77,-77,-46,-76
-70,-67,-74,-73,-84,0,0,-78,-77,-77,-76,-73,-74,-73,-78,-79,-84,-84,-62,-60,-64,-64,-78,-78,-72,-73,-86,0,-80,-82,-65,-68,-68,-68,0,0,0,-88,0,0,0,0,0,0,0,-84,-86,0,-85,-77,-77,-46,-76
-69,-67,-76,-76,-84,0,0,0,-79,-78,-75,-73,-73,-73,-78,0,-84,-84,-62,-60,-66,-66,0,-77,-72,-72,-87,0,-77,-78,-65,-65,-65,-66,0,0,0,-88,0,0,0,0,0,0,0,-85,-86,0,-85,-77,-76,-47,-75
-69,-67,-76,-76,-84,0,0,0,-79,-78,-75,-73,-73,-73,-78,0,-84,-84,-62,-60,-66,-66,0,-77,-72,-72,-87,0,-77,-78,-65,-65,-65,-66,0,0,0,-88,0,0,0,0,0,0,0,-85,-86,0,-85,-77,-76,-47,-75
-69,-67,-76,-76,-84,0,0,0,-79,-78,-75,-73,-73,-73,-78,0,-84,-84,-62,-60,-66,-66,0,-77,-72,-72,-87,0,-77,-78,-65,-65,-65,-66,0,0,0,-88,0,0,0,0,0,0,0,-85,-86,0,-85,-77,-76,-47,-75
-69,-66,-75,-76,0,0,0,0,-79,-79,-75,-73,-74,-74,0,0,-84,-84,-62,-60,-65,-64,0,-77,-68,-69,-87,0,-77,-77,-66,-65,-67,-67,0,0,0,0,0,0,0,0,0,0,0,-84,-84,0,0,-75,-75,-48,-73
-69,-66,-75,-76,0,0,0,0,-79,-79,-75,-73,-74,-74,0,0,-84,-84,-62,-60,-65,-64,0,-77,-68,-69,-87,0,-77,-77,-66,-65,-67,-67,0,0,0,0,0,0,0,0,0,0,0,-84,-84,0,0,-75,-75,-48,-73
-69,-66,-75,-76,0,0,0,0,-79,-79,-75,-73,-74,-74,0,0,-84,-84,-62,-60,-65,-64,0,-77,-68,-69,-87,0,-77,-77,-66,-65,-67,-67,0,0,0,0,0,0,0,0,0,0,0,-84,-84,0,0,-75,-75,-48,-73
-69,-66,-75,-76,0,0,0,0,-79,-79,-75,-73,-74,-74,0,0,-84,-84,-62,-60,-65,-64,0,-77,-68,-69,-87,0,-77,-77,-66,-65,-67,-67,0,0,0,0,0,0,0,0,0,0,0,-84,-84,0,0,-75,-75,-48,-73
-69,-66,-75,-76,0,0,0,0,-79,-79,-75,-73,-74,-74,0,0,-84,-84,-62,-60,-65,-64,0,-77,-68,-69,-87,0,-77,-77,-66,-65,-67,-67,0,0,0,0,0,0,0,0,0,0,0,-84,-84,0,0,-75,-75,-48,-73
-70,-68,-77,-76,-83,0,0,-79,-80,-80,-75,-72,-73,-73,0,0,0,-84,-62,-61,-62,-62,-78,-77,-69,-69,-87,0,-77,-77,-71,-65,-66,-66,0,0,0,0,0,0,0,0,0,0,0,-84,-84,0,0,-75,-75,-48,-74
-70,-68,-77,-76,-83,0,0,-79,-80,-80,-75,-72,-73,-73,0,0,0,-84,-62,-61,-62,-62,-78,-77,-69,-69,-87,0,-77,-77,-71,-65,-66,-66,0,0,0,0,0,0,0,0,0,0,0,-84,-84,0,0,-75,-75,-48,-74
-70,-68,-77,-76,-83,0,0,-79,-80,-80,-75,-72,-73,-73,0,0,0,-84,-62,-61,-62,-62,-78,-77,-69,-69,-87,0,-77,-77,-71,-65,-66,-66,0,0,0,0,0,0,0,0,0,0,0,-84,-84,0,0,-75,-75,-48,-74
-70,-68,-77,-76,-83,0,0,-79,-80,-80,-75,-72,-73,-73,0,0,0,-84,-62,-61,-62,-62,-78,-77,-69,-69,-87,0,-77,-77,-71,-65,-66,-66,0,0,0,0,0,0,0,0,0,0,0,-84,-84,0,0,-75,-75,-48,-74
-70,-69,-74,-76,-84,0,0,-79,-78,-80,0,-73,-73,-73,0,0,-84,-85,-61,-60,-62,-62,-78,0,-69,-69,-87,0,-75,-75,-66,-64,-62,-62,0,0,0,0,0,0,0,0,0,0,0,-84,-84,0,0,-74,-75,-48,-75
-70,-69,-74,-76,-84,0,0,-79,-78,-80,0,-73,-73,-73,0,0,-84,-85,-61,-60,-62,-62,-78,0,-69,-69,-87,0,-75,-75,-66,-64,-62,-62,0,0,0,0,0,0,0,0,0,0,0,-84,-84,0,0,-74,-75,-48,-75
-70,-69,-74,-76,-84,0,0,-79,-78,-80,0,-73,-73,-73,0,0,-84,-85,-61,-60,-62,-62,-78,0,-69,-69,-87,0,-75,-75,-66,-64,-62,-62,0,0,0,0,0,0,0,0,0,0,0,-84,-84,0,0,-74,-75,-48,-75
-70,-69,-74,-76,-84,0,0,-79,-78,-80,0,-73,-73,-73,0,0,-84,-85,-61,-60,-62,-62,-78,0,-69,-69,-87,0,-75,-75,-66,-64,-62,-62,0,0,0,0,0,0,0,0,0,0,0,-84,-84,0,0,-74,-75,-48,-75
-70,-69,-74,-76,-84,0,0,-79,-80,-79,0,-72,-72,-72,0,0,-84,-85,-60,-59,-62,-63,-78,0,-70,-70,-87,0,-78,-78,-66,-66,-65,-64,0,0,0,0,0,0,0,0,0,0,0,0,0,-86,-84,-74,-75,-47,-69
-70,-69,-74,-76,-84,0,0,-79,-80,-79,0,-72,-72,-72,0,0,-84,-85,-60,-59,-62,-63,-78,0,-70,-70,-87,0,-78,-78,-66,-66,-65,-64,0,0,0,0,0,0,0,0,0,0,0,0,0,-86,-84,-74,-75,-47,-69
-70,-69,-74,-76,-84,0,0,-79,-80,-79,0,-72,-72,-72,0,0,-84,-85,-60,-59,-62,-63,-78,0,-70,-70,-87,0,-78,-78,-66,-66,-65,-64,0,0,0,0,0,0,0,0,0,0,0,0,0,-86,-84,-74,-75,-47,-69
-70,-69,-74,-76,-84,0,0,-79,-80,-79,0,-72,-72,-72,0,0,-84,-85,-60,-59,-62,-63,-78,0,-70,-70,-87,0,-78,-78,-66,-66,-65,-64,0,0,0,0,0,0,0,0,0,0,0,0,0,-86,-84,-74,-75,-47,-69
0,-69,-76,-75,-83,0,0,-76,-78,-78,0,-72,-72,-72,-82,-78,-84,-85,-61,-60,-64,-64,0,0,-71,-71,-87,0,-79,-79,-66,-67,-65,-64,0,0,0,0,0,0,0,0,0,0,0,0,0,-87,-84,-75,-75,-47,-73
0,-69,-76,-75,-83,0,0,-76,-78,-78,0,-72,-72,-72,-82,-78,-84,-85,-61,-60,-64,-64,0,0,-71,-71,-87,0,-79,-79,-66,-67,-65,-64,0,0,0,0,0,0,0,0,0,0,0,0,0,-87,-84,-75,-75,-47,-73
0,-69,-76,-75,-83,0,0,-76,-78,-78,0,-72,-72,-72,-82,-78,-84,-85,-61,-60,-64,-64,0,0,-71,-71,-87,0,-79,-79,-66,-67,-65,-64,0,0,0,0,0,0,0,0,0,0,0,0,0,-87,-84,-75,-75,-47,-73
-72,-71,-74,-75,-83,0,0,-76,-77,-78,0,-72,-73,-73,-82,-78,-84,-85,-62,-60,-75,-75,0,0,-72,-72,-86,0,-80,-81,-66,-65,-63,-63,0,0,0,0,0,0,0,0,0,0,0,0,0,-87,-84,-75,-75,-47,-73
-72,-71,-74,-75,-83,0,0,-76,-77,-78,0,-72,-73,-73,-82,-78,-84,-85,-62,-60,-75,-75,0,0,-72,-72,-86,0,-80,-81,-66,-65,-63,-63,0,0,0,0,0,0,0,0,0,0,0,0,0,-87,-84,-75,-75,-47,-73
-72,-71,-74,-75,-83,0,0,-76,-77,-78,0,-72,-73,-73,-82,-78,-84,-85,-62,-60,-75,-75,0,0,-72,-72,-86,0,-80,-81,-66,-65,-63,-63,0,0,0,0,0,0,0,0,0,0,0,0,0,-87,-84,-75,-75,-47,-73
-72,-71,-74,-75,-83,0,0,-76,-77,-78,0,-72,-73,-73,-82,-78,-84,-85,-62,-60,-75,-75,0,0,-72,-72,-86,0,-80,-81,-66,-65,-63,-63,0,0,0,0,0,0,0,0,0,0,0,0,0,-87,-84,-75,-75,-47,-73
-72,-71,-74,-75,-83,0,0,-76,-77,-78,0,-72,-73,-73,-82,-78,-84,-85,-62,-60,-75,-75,0,0,-72,-72,-86,0,-80,-81,-66,-65,-63,-63,0,0,0,0,0,0,0,0,0,0,0,0,0,-87,-84,-75,-75,-47,-73
-73,-71,-75,-76,-83,0,0,-76,-78,-80,0,0,-73,-73,-82,-78,0,-85,-60,-60,-65,-64,0,-74,-71,-71,-86,0,-81,-81,-66,-65,-62,-61,0,0,0,0,0,0,0,0,0,0,0,-84,-87,-87,-84,-75,-75,-46,-71
-73,-71,-75,-76,-83,0,0,-76,-78,-80,0,0,-73,-73,-82,-78,0,-85,-60,-60,-65,-64,0,-74,-71,-71,-86,0,-81,-81,-66,-65,-62,-61,0,0,0,0,0,0,0,0,0,0,0,-84,-87,-87,-84,-75,-75,-46,-71
-73,-71,-75,-76,-83,0,0,-76,-78,-80,0,0,-73,-73,-82,-78,0,-85,-60,-60,-65,-64,0,-74,-71,-71,-86,0,-81,-81,-66,-65,-62,-61,0,0,0,0,0,0,0,0,0,0,0,-84,-87,-87,-84,-75,-75,-46,-71
-73,-71,-75,-76,-83,0,0,-76,-78,-80,0,0,-73,-73,-82,-78,0,-85,-60,-60,-65,-64,0,-74,-71,-71,-86,0,-81,-81,-66,-65,-62,-61,0,0,0,0,0,0,0,0,0,0,0,-84,-87,-87,-84,-75,-75,-46,-71
-73,-71,-74,-74,0,0,0,0,-77,-78,-75,-74,-73,-72,0,0,0,0,-61,-61,-66,-67,-77,-76,-74,-74,-87,0,-79,-80,-66,-68,-66,-66,0,0,0,0,0,0,0,0,0,0,0,-84,-84,0,0,-75,-76,-48,-72
-73,-71,-74,-74,0,0,0,0,-77,-78,-75,-74,-73,-72,0,0,0,0,-61,-61,-66,-67,-77,-76,-74,-74,-87,0,-79,-80,-66,-68,-66,-66,0,0,0,0,0,0,0,0,0,0,0,-84,-84,0,0,-75,-76,-48,-72
-73,-71,-74,-74,0,0,0,0,-77,-78,-75,-74,-73,-72,0,0,0,0,-61,-61,-66,-67,-77,-76,-74,-74,-87,0,-79,-80,-66,-68,-66,-66,0,0,0,0,0,0,0,0,0,0,0,-84,-84,0,0,-75,-76,-48,-72
-73,-71,-74,-74,0,0,0,0,-77,-78,-75,-74,-73,-72,0,0,0,0,-61,-61,-66,-67,-77,-76,-74,-74,-87,0,-79,-80,-66,-68,-66,-66,0,0,0,0,0,0,0,0,0,0,0,-84,-84,0,0,-75,-76,-48,-72
-75,-72,-74,-74,0,0,0,0,-78,-77,-75,-74,-82,-83,-81,-78,0,0,-60,-60,-65,-65,-77,-76,-75,-75,-86,-92,-77,-80,-66,-65,-62,-65,0,0,0,0,0,0,0,0,0,0,0,-84,-84,0,0,-76,-76,-48,-72
-75,-72,-74,-74,0,0,0,0,-78,-77,-75,-74,-82,-83,-81,-78,0,0,-60,-60,-65,-65,-77,-76,-75,-75,-86,-92,-77,-80,-66,-65,-62,-65,0,0,0,0,0,0,0,0,0,0,0,-84,-84,0,0,-76,-76,-48,-72
-75,-72,-74,-74,0,0,0,0,-78,-77,-75,-74,-82,-83,-81,-78,0,0,-60,-60,-65,-65,-77,-76,-75,-75,-86,-92,-77,-80,-66,-65,-62,-65,0,0,0,0,0,0,0,0,0,0,0,-84,-84,0,0,-76,-76,-48,-72
-75,-72,-74,-74,0,0,0,0,-78,-77,-75,-74,-82,-83,-81,-78,0,0,-60,-60,-65,-65,-77,-76,-75,-75,-86,-92,-77,-80,-66,-65,-62,-65,0,0,0,0,0,0,0,0,0,0,0,-84,-84,0,0,-76,-76,-48,-72
-75,-72,-74,-75,0,0,0,0,-76,-76,-75,-73,-74,-74,-79,-82,0,0,-62,-60,-65,-65,-77,-76,-77,-77,-86,-92,-79,-81,-67,-64,-64,-64,0,0,0,0,0,0,0,0,0,0,0,-84,-84,0,0,-76,-76,-46,-72
-75,-72,-74,-75,0,0,0,0,-76,-76,-75,-73,-74,-74,-79,-82,0,0,-62,-60,-65,-65,-77,-76,-77,-77,-86,-92,-79,-81,-67,-64,-64,-64,0,0,0,0,0,0,0,0,0,0,0,-84,-84,0,0,-76,-76,-46,-72
-75,-72,-74,-75,0,0,0,0,-76,-76,-75,-73,-74,-74,-79,-82,0,0,-62,-60,-65,-65,-77,-76,-77,-77,-86,-92,-79,-81,-67,-64,-64,-64,0,0,0,0,0,0,0,0,0,0,0,-84,-84,0,0,-76,-76,-46,-72
-75,-72,-74,-75,0,0,0,0,-76,-76,-75,-73,-74,-74,-79,-82,0,0,-62,-60,-65,-65,-77,-76,-77,-77,-86,-92,-79,-81,-67,-64,-64,-64,0,0,0,0,0,0,0,0,0,0,0,-84,-84,0,0,-76,-76,-46,-72
-75,-74,-73,-73,0,0,0,0,-76,-77,-75,-73,-73,-72,-85,-82,0,0,-63,-61,-66,-65,0,0,-76,-76,-86,-89,-79,-81,-66,-67,-62,-62,0,0,0,0,0,0,0,0,0,0,0,0,0,0,0,-75,-75,-47,-72
-75,-74,-73,-73,0,0,0,0,-76,-77,-75,-73,-73,-72,-85,-82,0,0,-63,-61,-66,-65,0,0,-76,-76,-86,-89,-79,-81,-66,-67,-62,-62,0,0,0,0,0,0,0,0,0,0,0,0,0,0,0,-75,-75,-47,-72
-75,-74,-73,-73,0,0,0,0,-76,-77,-75,-73,-73,-72,-85,-82,0,0,-63,-61,-66,-65,0,0,-76,-76,-86,-89,-79,-81,-66,-67,-62,-62,0,0,0,0,0,0,0,0,0,0,0,0,0,0,0,-75,-75,-47,-72
-75,-74,-73,-73,0,0,0,0,-76,-77,-75,-73,-73,-72,-85,-82,0,0,-63,-61,-66,-65,0,0,-76,-76,-86,-89,-79,-81,-66,-67,-62,-62,0,0,0,0,0,0,0,0,0,0,0,0,0,0,0,-75,-75,-47,-72
-75,-74,-74,-74,0,0,0,-75,-77,-76,-75,-73,-73,-73,-85,-82,0,0,-61,-62,-65,-66,0,-77,-76,-75,-87,-89,-80,-81,-65,-67,-69,-69,0,0,0,0,0,0,0,0,0,0,0,0,0,0,0,-75,-76,-46,-72
-75,-74,-74,-74,0,0,0,-75,-77,-76,-75,-73,-73,-73,-85,-82,0,0,-61,-62,-65,-66,0,-77,-76,-75,-87,-89,-80,-81,-65,-67,-69,-69,0,0,0,0,0,0,0,0,0,0,0,0,0,0,0,-75,-76,-46,-72
-75,-74,-74,-74,0,0,0,-75,-77,-76,-75,-73,-73,-73,-85,-82,0,0,-61,-62,-65,-66,0,-77,-76,-75,-87,-89,-80,-81,-65,-67,-69,-69,0,0,0,0,0,0,0,0,0,0,0,0,0,0,0,-75,-76,-46,-72
-75,-74,-74,-74,0,0,0,-75,-77,-76,-75,-73,-73,-73,-85,-82,0,0,-61,-62,-65,-66,0,-77,-76,-75,-87,-89,-80,-81,-65,-67,-69,-69,0,0,0,0,0,0,0,0,0,0,0,0,0,0,0,-75,-76,-46,-72
-69,-66,-75,-75,0,0,0,-78,-76,-76,0,0,-73,-73,-85,0,0,-84,-59,-56,-64,-63,0,-77,-71,-71,-84,-89,-77,-78,-67,-69,-70,-70,0,0,0,0,0,0,0,-83,-83,0,0,0,0,0,0,-81,-79,-44,-69
-69,-66,-75,-75,0,0,0,-78,-76,-76,0,0,-73,-73,-85,0,0,-84,-59,-56,-64,-63,0,-77,-71,-71,-84,-89,-77,-78,-67,-69,-70,-70,0,0,0,0,0,0,0,-83,-83,0,0,0,0,0,0,-81,-79,-44,-69
-69,-66,-75,-75,0,0,0,-78,-76,-76,0,0,-73,-73,-85,0,0,-84,-59,-56,-64,-63,0,-77,-71,-71,-84,-89,-77,-78,-67,-69,-70,-70,0,0,0,0,0,0,0,-83,-83,0,0,0,0,0,0,-81,-79,-44,-69
-69,-66,-75,-75,0,0,0,-78,-76,-76,0,0,-73,-73,-85,0,0,-84,-59,-56,-64,-63,0,-77,-71,-71,-84,-89,-77,-78,-67,-69,-70,-70,0,0,0,0,0,0,0,-83,-83,0,0,0,0,0,0,-81,-79,-44,-69
-72,-71,-74,-74,0,-83,-84,-78,-79,-79,0,0,-74,-74,0,-72,-80,-80,-61,-60,-60,-60,-80,-79,-74,-74,-83,0,-78,-79,-69,-69,-62,-62,0,0,0,0,0,0,0,-82,-83,0,0,-86,0,0,0,-75,-75,-39,-69
-72,-71,-74,-74,0,-83,-84,-78,-79,-79,0,0,-74,-74,0,-72,-80,-80,-61,-60,-60,-60,-80,-79,-74,-74,-83,0,-78,-79,-69,-69,-62,-62,0,0,0,0,0,0,0,-82,-83,0,0,-86,0,0,0,-75,-75,-39,-69
-72,-71,-74,-74,0,-83,-84,-78,-79,-79,0,0,-74,-74,0,-72,-80,-80,-61,-60,-60,-60,-80,-79,-74,-74,-83,0,-78,-79,-69,-69,-62,-62,0,0,0,0,0,0,0,-82,-83,0,0,-86,0,0,0,-75,-75,-39,-69
-72,-69,-74,-73,0,-84,-84,-80,-74,-75,0,0,-73,-73,0,-72,-79,-80,-67,-68,-61,-62,-80,-79,-72,-71,-83,0,-79,-79,-70,-69,-63,-63,0,0,0,0,0,0,0,-82,-83,0,0,-86,0,0,-83,-70,-71,-37,-66
-72,-69,-74,-73,0,-84,-84,-80,-74,-75,0,0,-73,-73,0,-72,-79,-80,-67,-68,-61,-62,-80,-79,-72,-71,-83,0,-79,-79,-70,-69,-63,-63,0,0,0,0,0,0,0,-82,-83,0,0,-86,0,0,-83,-70,-71,-37,-66
-72,-69,-74,-73,0,-84,-84,-80,-74,-75,0,0,-73,-73,0,-72,-79,-80,-67,-68,-61,-62,-80,-79,-72,-71,-83,0,-79,-79,-70,-69,-63,-63,0,0,0,0,0,0,0,-82,-83,0,0,-86,0,0,-83,-70,-71,-37,-66
-72,-69,-74,-73,0,-84,-84,-80,-74,-75,0,0,-73,-73,0,-72,-79,-80,-67,-68,-61,-62,-80,-79,-72,-71,-83,0,-79,-79,-70,-69,-63,-63,0,0,0,0,0,0,0,-82,-83,0,0,-86,0,0,-83,-70,-71,-37,-66
-72,-69,-75,-74,-86,-84,-84,-80,-75,-75,0,0,-72,-72,-72,-68,-78,-80,-67,-67,-63,-65,-80,-79,-70,-70,-78,0,-78,-80,-70,-76,-69,-69,0,0,0,0,0,0,0,-82,-83,0,0,-86,0,0,-83,-70,-70,-37,-68
-72,-69,-75,-74,-86,-84,-84,-80,-75,-75,0,0,-72,-72,-72,-68,-78,-80,-67,-67,-63,-65,-80,-79,-70,-70,-78,0,-78,-80,-70,-76,-69,-69,0,0,0,0,0,0,0,-82,-83,0,0,-86,0,0,-83,-70,-70,-37,-68
-72,-69,-75,-74,-86,-84,-84,-80,-75,-75,0,0,-72,-72,-72,-68,-78,-80,-67,-67,-63,-65,-80,-79,-70,-70,-78,0,-78,-80,-70,-76,-69,-69,0,0,0,0,0,0,0,-82,-83,0,0,-86,0,0,-83,-70,-70,-37,-68
-72,-69,-75,-74,-86,-84,-84,-80,-75,-75,0,0,-72,-72,-72,-68,-78,-80,-67,-67,-63,-65,-80,-79,-70,-70,-78,0,-78,-80,-70,-76,-69,-69,0,0,0,0,0,0,0,-82,-83,0,0,-86,0,0,-83,-70,-70,-37,-68
-72,-69,-75,-74,-86,-84,-84,-80,-75,-75,0,0,-72,-72,-72,-68,-78,-80,-67,-67,-63,-65,-80,-79,-70,-70,-78,0,-78,-80,-70,-76,-69,-69,0,0,0,0,0,0,0,-82,-83,0,0,-86,0,0,-83,-70,-70,-37,-68
0,-68,-76,-77,-82,-84,-83,-78,-73,-73,0,0,-72,-73,-72,-68,-79,-80,-67,-65,-65,-64,-81,-79,-69,-69,-81,0,-78,-80,-68,-76,-69,-70,0,0,0,0,0,0,0,-84,-85,0,0,0,0,-83,-82,-71,-70,-36,-67
0,-68,-76,-77,-82,-84,-83,-78,-73,-73,0,0,-72,-73,-72,-68,-79,-80,-67,-65,-65,-64,-81,-79,-69,-69,-81,0,-78,-80,-68,-76,-69,-70,0,0,0,0,0,0,0,-84,-85,0,0,0,0,-83,-82,-71,-70,-36,-67
0,-68,-76,-77,-82,-84,-83,-78,-73,-73,0,0,-72,-73,-72,-68,-79,-80,-67,-65,-65,-64,-81,-79,-69,-69,-81,0,-78,-80,-68,-76,-69,-70,0,0,0,0,0,0,0,-84,-85,0,0,0,0,-83,-82,-71,-70,-36,-67
0,-68,-76,-77,-82,-84,-83,-78,-73,-73,0,0,-72,-73,-72,-68,-79,-80,-67,-65,-65,-64,-81,-79,-69,-69,-81,0,-78,-80,-68,-76,-69,-70,0,0,0,0,0,0,0,-84,-85,0,0,0,0,-83,-82,-71,-70,-36,-67
0,-80,-73,-73,-82,-84,-83,-78,-74,-75,0,-77,-84,-81,-72,-68,-82,-80,-65,-77,-65,-65,-81,-79,-70,-69,-81,0,-80,-80,-69,-74,-68,-68,0,0,0,0,0,0,0,-84,-85,0,-85,-79,-80,-83,-82,-71,-70,-36,-69
0,-80,-73,-73,-82,-84,-83,-78,-74,-75,0,-77,-84,-81,-72,-68,-82,-80,-65,-77,-65,-65,-81,-79,-70,-69,-81,0,-80,-80,-69,-74,-68,-68,0,0,0,0,0,0,0,-84,-85,0,-85,-79,-80,-83,-82,-71,-70,-36,-69
0,-80,-73,-73,-82,-84,-83,-78,-74,-75,0,-77,-84,-81,-72,-68,-82,-80,-65,-77,-65,-65,-81,-79,-70,-69,-81,0,-80,-80,-69,-74,-68,-68,0,0,0,0,0,0,0,-84,-85,0,-85,-79,-80,-83,-82,-71,-70,-36,-69
0,-80,-73,-73,-82,-84,-83,-78,-74,-75,0,-77,-84,-81,-72,-68,-82,-80,-65,-77,-65,-65,-81,-79,-70,-69,-81,0,-80,-80,-69,-74,-68,-68,0,0,0,0,0,0,0,-84,-85,0,-85,-79,-80,-83,-82,-71,-70,-36,-69
0,-69,-73,-74,-80,0,-83,-78,-75,-74,0,-77,-73,-73,-72,-68,-82,-80,-65,-67,-65,-65,-81,-79,-71,-72,-81,0,-79,-79,-69,-73,-65,-65,0,0,0,0,0,0,0,-84,-85,-86,-85,-79,-80,-83,-82,-71,-72,-36,-67
0,-69,-73,-74,-80,0,-83,-78,-75,-74,0,-77,-73,-73,-72,-68,-82,-80,-65,-67,-65,-65,-81,-79,-71,-72,-81,0,-79,-79,-69,-73,-65,-65,0,0,0,0,0,0,0,-84,-85,-86,-85,-79,-80,-83,-82,-71,-72,-36,-67
0,-69,-73,-74,-80,0,-83,-78,-75,-74,0,-77,-73,-73,-72,-68,-82,-80,-65,-67,-65,-65,-81,-79,-71,-72,-81,0,-79,-79,-69,-73,-65,-65,0,0,0,0,0,0,0,-84,-85,-86,-85,-79,-80,-83,-82,-71,-72,-36,-67
0,-69,-73,-74,-80,0,-83,-78,-75,-74,0,-77,-73,-73,-72,-68,-82,-80,-65,-67,-65,-65,-81,-79,-71,-72,-81,0,-79,-79,-69,-73,-65,-65,0,0,0,0,0,0,0,-84,-85,-86,-85,-79,-80,-83,-82,-71,-72,-36,-67
0,-69,-74,-74,-80,0,0,0,-73,-74,0,-77,-74,-74,-71,-67,-82,-80,-65,-67,-64,-65,0,0,-70,-69,0,0,-77,-78,-69,-73,-65,-65,0,0,0,0,0,0,0,-85,-84,-86,-85,-79,-80,-84,-83,-71,-71,-36,-69
0,-69,-74,-74,-80,0,0,0,-73,-74,0,-77,-74,-74,-71,-67,-82,-80,-65,-67,-64,-65,0,0,-70,-69,0,0,-77,-78,-69,-73,-65,-65,0,0,0,0,0,0,0,-85,-84,-86,-85,-79,-80,-84,-83,-71,-71,-36,-69
0,-69,-74,-74,-80,0,0,0,-73,-74,0,-77,-74,-74,-71,-67,-82,-80,-65,-67,-64,-65,0,0,-70,-69,0,0,-77,-78,-69,-73,-65,-65,0,0,0,0,0,0,0,-85,-84,-86,-85,-79,-80,-84,-83,-71,-71,-36,-69
0,-69,-74,-74,-80,0,0,0,-74,-72,0,0,-76,-75,-71,-68,-79,-79,-66,-65,-63,-63,0,0,-72,-71,0,0,-80,-81,-68,-73,-67,-67,0,0,0,0,0,0,0,-79,-79,-86,-85,0,0,-86,-82,-70,-70,-37,-68
0,-69,-74,-74,-80,0,0,0,-74,-72,0,0,-76,-75,-71,-68,-79,-79,-66,-65,-63,-63,0,0,-72,-71,0,0,-80,-81,-68,-73,-67,-67,0,0,0,0,0,0,0,-79,-79,-86,-85,0,0,-86,-82,-70,-70,-37,-68
0,-69,-74,-74,-80,0,0,0,-74,-72,0,0,-76,-75,-71,-68,-79,-79,-66,-65,-63,-63,0,0,-72,-71,0,0,-80,-81,-68,-73,-67,-67,0,0,0,0,0,0,0,-79,-79,-86,-85,0,0,-86,-82,-70,-70,-37,-68
0,-69,-74,-74,-80,0,0,0,-74,-72,0,0,-76,-75,-71,-68,-79,-79,-66,-65,-63,-63,0,0,-72,-71,0,0,-80,-81,-68,-73,-67,-67,0,0,0,0,0,0,0,-79,-79,-86,-85,0,0,-86,-82,-70,-70,-37,-68
-72,-71,-73,-71,0,0,0,0,-74,-74,0,0,-80,-75,-71,-68,-79,-79,-62,-62,-63,-64,-76,-75,-71,-71,-78,0,-71,-72,-64,-75,-64,-64,0,0,0,0,-89,0,0,-79,-79,0,0,0,0,-86,-82,-77,-78,-41,-70
-72,-71,-73,-71,0,0,0,0,-74,-74,0,0,-80,-75,-71,-68,-79,-79,-62,-62,-63,-64,-76,-75,-71,-71,-78,0,-71,-72,-64,-75,-64,-64,0,0,0,0,-89,0,0,-79,-79,0,0,0,0,-86,-82,-77,-78,-41,-70
-72,-71,-73,-71,0,0,0,0,-74,-74,0,0,-80,-75,-71,-68,-79,-79,-62,-62,-63,-64,-76,-75,-71,-71,-78,0,-71,-72,-64,-75,-64,-64,0,0,0,0,-89,0,0,-79,-79,0,0,0,0,-86,-82,-77,-78,-41,-70
-72,-71,-73,-71,0,0,0,0,-74,-74,0,0,-80,-75,-71,-68,-79,-79,-62,-62,-63,-64,-76,-75,-71,-71,-78,0,-71,-72,-64,-75,-64,-64,0,0,0,0,-89,0,0,-79,-79,0,0,0,0,-86,-82,-77,-78,-41,-70
-72,-77,-73,-74,-81,0,0,-75,-78,-79,0,-77,-81,-83,-71,-68,-78,-78,-66,-63,-60,-60,-75,-74,-69,-69,-78,0,-74,-74,-69,-75,-63,-63,0,0,-88,0,-89,0,0,-79,-79,0,0,0,0,-86,-82,-77,-77,-39,-75
-72,-77,-73,-74,-81,0,0,-75,-78,-79,0,-77,-81,-83,-71,-68,-78,-78,-66,-63,-60,-60,-75,-74,-69,-69,-78,0,-74,-74,-69,-75,-63,-63,0,0,-88,0,-89,0,0,-79,-79,0,0,0,0,-86,-82,-77,-77,-39,-75
-72,-77,-73,-74,-81,0,0,-75,-78,-79,0,-77,-81,-83,-71,-68,-78,-78,-66,-63,-60,-60,-75,-74,-69,-69,-78,0,-74,-74,-69,-75,-63,-63,0,0,-88,0,-89,0,0,-79,-79,0,0,0,0,-86,-82,-77,-77,-39,-75
-72,-77,-73,-74,-81,0,0,-75,-78,-79,0,-77,-81,-83,-71,-68,-78,-78,-66,-63,-60,-60,-75,-74,-69,-69,-78,0,-74,-74,-69,-75,-63,-63,0,0,-88,0,-89,0,0,-79,-79,0,0,0,0,-86,-82,-77,-77,-39,-75
-72,-77,-72,-71,-81,-83,-84,-75,-78,-81,-81,-79,-77,-77,0,0,-79,-79,-67,-62,-62,-62,-75,-74,-71,-71,-78,0,-73,-74,-69,-75,-68,-68,0,0,-88,0,-89,0,0,-85,0,0,0,-87,-85,0,0,-77,-76,-39,-73
-72,-77,-72,-71,-81,-83,-84,-75,-78,-81,-81,-79,-77,-77,0,0,-79,-79,-67,-62,-62,-62,-75,-74,-71,-71,-78,0,-73,-74,-69,-75,-68,-68,0,0,-88,0,-89,0,0,-85,0,0,0,-87,-85,0,0,-77,-76,-39,-73
-72,-77,-72,-71,-81,-83,-84,-75,-78,-81,-81,-79,-77,-77,0,0,-79,-79,-67,-62,-62,-62,-75,-74,-71,-71,-78,0,-73,-74,-69,-75,-68,-68,0,0,-88,0,-89,0,0,-85,0,0,0,-87,-85,0,0,-77,-76,-39,-73
-72,-77,-72,-71,-81,-83,-84,-75,-78,-81,-81,-79,-77,-77,0,0,-79,-79,-67,-62,-62,-62,-75,-74,-71,-71,-78,0,-73,-74,-69,-75,-68,-68,0,0,-88,0,-89,0,0,-85,0,0,0,-87,-85,0,0,-77,-76,-39,-73
-72,-77,-72,-71,-81,-83,-84,-75,-78,-81,-81,-79,-77,-77,0,0,-79,-79,-67,-62,-62,-62,-75,-74,-71,-71,-78,0,-73,-74,-69,-75,-68,-68,0,0,-88,0,-89,0,0,-85,0,0,0,-87,-85,0,0,-77,-76,-39,-73
0,-66,-73,-74,-85,-83,-84,-75,-77,-76,-81,-86,-73,-74,-74,-72,-79,-79,-64,-62,-56,-56,-75,-74,-70,-69,0,0,-76,-76,-69,-75,-65,-65,0,0,-88,0,0,0,0,-85,-84,-85,-85,-87,-85,0,0,-77,-76,-40,-71
0,-66,-73,-74,-85,-83,-84,-75,-77,-76,-81,-86,-73,-74,-74,-72,-79,-79,-64,-62,-56,-56,-75,-74,-70,-69,0,0,-76,-76,-69,-75,-65,-65,0,0,-88,0,0,0,0,-85,-84,-85,-85,-87,-85,0,0,-77,-76,-40,-71
0,-66,-73,-74,-85,-83,-84,-75,-77,-76,-81,-86,-73,-74,-74,-72,-79,-79,-64,-62,-56,-56,-75,-74,-70,-69,0,0,-76,-76,-69,-75,-65,-65,0,0,-88,0,0,0,0,-85,-84,-85,-85,-87,-85,0,0,-77,-76,-40,-71
-76,-75,-74,-74,-85,-83,-84,-80,-79,-79,-81,-76,-76,-75,-74,-72,-83,-83,-60,-59,-64,-64,0,0,-72,-72,0,0,-78,-78,-69,-75,-69,-69,0,-84,-88,0,0,0,0,-85,-84,-85,-88,-88,-86,0,0,-76,-76,-46,-75
-76,-75,-74,-74,-85,-83,-84,-80,-79,-79,-81,-76,-76,-75,-74,-72,-83,-83,-60,-59,-64,-64,0,0,-72,-72,0,0,-78,-78,-69,-75,-69,-69,0,-84,-88,0,0,0,0,-85,-84,-85,-88,-88,-86,0,0,-76,-76,-46,-75
-76,-75,-74,-74,-85,-83,-84,-80,-79,-79,-81,-76,-76,-75,-74,-72,-83,-83,-60,-59,-64,-64,0,0,-72,-72,0,0,-78,-78,-69,-75,-69,-69,0,-84,-88,0,0,0,0,-85,-84,-85,-88,-88,-86,0,0,-76,-76,-46,-75
-76,-75,-74,-74,-85,-83,-84,-80,-79,-79,-81,-76,-76,-75,-74,-72,-83,-83,-60,-59,-64,-64,0,0,-72,-72,0,0,-78,-78,-69,-75,-69,-69,0,-84,-88,0,0,0,0,-85,-84,-85,-88,-88,-86,0,0,-76,-76,-46,-75
-71,-71,-74,-75,-85,-84,0,-88,-79,-80,0,-76,-75,-76,-73,-72,-84,-84,-62,-61,-63,-63,0,-79,-71,-72,-82,-90,-78,-78,-70,0,-67,-67,0,-84,-88,0,0,0,-85,0,-84,-85,-88,-88,-86,0,0,-75,-75,-45,-75
-71,-71,-74,-75,-85,-84,0,-88,-79,-80,0,-76,-75,-76,-73,-72,-84,-84,-62,-61,-63,-63,0,-79,-71,-72,-82,-90,-78,-78,-70,0,-67,-67,0,-84,-88,0,0,0,-85,0,-84,-85,-88,-88,-86,0,0,-75,-75,-45,-75
-71,-71,-74,-75,-85,-84,0,-88,-79,-80,0,-76,-75,-76,-73,-72,-84,-84,-62,-61,-63,-63,0,-79,-71,-72,-82,-90,-78,-78,-70,0,-67,-67,0,-84,-88,0,0,0,-85,0,-84,-85,-88,-88,-86,0,0,-75,-75,-45,-75
-71,-71,-74,-75,-85,-84,0,-88,-79,-80,0,-76,-75,-76,-73,-72,-84,-84,-62,-61,-63,-63,0,-79,-71,-72,-82,-90,-78,-78,-70,0,-67,-67,0,-84,-88,0,0,0,-85,0,-84,-85,-88,-88,-86,0,0,-75,-75,-45,-75
-71,-72,-75,-75,0,-84,0,-88,-78,-78,0,-80,-75,-75,-74,-72,-83,-83,-62,-60,-62,-62,0,-79,-72,-72,-81,-90,-78,-78,-70,0,-67,-67,0,-84,0,0,0,0,-85,0,0,-86,-87,-88,-86,0,0,-75,-76,-47,-74
-71,-72,-75,-75,0,-84,0,-88,-78,-78,0,-80,-75,-75,-74,-72,-83,-83,-62,-60,-62,-62,0,-79,-72,-72,-81,-90,-78,-78,-70,0,-67,-67,0,-84,0,0,0,0,-85,0,0,-86,-87,-88,-86,0,0,-75,-76,-47,-74
-71,-72,-75,-75,0,-84,0,-88,-78,-78,0,-80,-75,-75,-74,-72,-83,-83,-62,-60,-62,-62,0,-79,-72,-72,-81,-90,-78,-78,-70,0,-67,-67,0,-84,0,0,0,0,-85,0,0,-86,-87,-88,-86,0,0,-75,-76,-47,-74
-71,-72,-75,-75,0,-84,0,-88,-78,-78,0,-80,-75,-75,-74,-72,-83,-83,-62,-60,-62,-62,0,-79,-72,-72,-81,-90,-78,-78,-70,0,-67,-67,0,-84,0,0,0,0,-85,0,0,-86,-87,-88,-86,0,0,-75,-76,-47,-74
-71,-72,-75,-75,0,-84,0,-88,-78,-78,0,-80,-75,-75,-74,-72,-83,-83,-62,-60,-62,-62,0,-79,-72,-72,-81,-90,-78,-78,-70,0,-67,-67,0,-84,0,0,0,0,-85,0,0,-86,-87,-88,-86,0,0,-75,-76,-47,-74
-71,-73,-74,-74,0,-84,0,-88,-78,-79,0,-80,-75,-75,-74,-72,-83,-82,-61,-60,-63,-62,0,-79,-71,-72,-80,-90,-78,-77,-70,0,-67,-67,0,0,0,0,0,0,-85,0,0,-86,-87,0,-83,0,0,-76,-76,-46,-76
-71,-73,-74,-74,0,-84,0,-88,-78,-79,0,-80,-75,-75,-74,-72,-83,-82,-61,-60,-63,-62,0,-79,-71,-72,-80,-90,-78,-77,-70,0,-67,-67,0,0,0,0,0,0,-85,0,0,-86,-87,0,-83,0,0,-76,-76,-46,-76
-71,-73,-74,-74,0,-84,0,-88,-78,-79,0,-80,-75,-75,-74,-72,-83,-82,-61,-60,-63,-62,0,-79,-71,-72,-80,-90,-78,-77,-70,0,-67,-67,0,0,0,0,0,0,-85,0,0,-86,-87,0,-83,0,0,-76,-76,-46,-76
-74,-73,-73,-73,-85,0,-83,0,-80,-80,-80,-78,-84,-82,-74,-73,-84,-81,-61,-77,-62,-63,0,-76,-72,-72,-80,0,-78,-78,0,0,-71,-71,0,0,-86,0,0,0,0,0,0,-85,-87,0,-83,0,0,-76,-76,-46,-76
-74,-73,-73,-73,-85,0,-83,0,-80,-80,-80,-78,-84,-82,-74,-73,-84,-81,-61,-77,-62,-63,0,-76,-72,-72,-80,0,-78,-78,0,0,-71,-71,0,0,-86,0,0,0,0,0,0,-85,-87,0,-83,0,0,-76,-76,-46,-76
-74,-73,-73,-73,-85,0,-83,0,-80,-80,-80,-78,-84,-82,-74,-73,-84,-81,-61,-77,-62,-63,0,-76,-72,-72,-80,0,-78,-78,0,0,-71,-71,0,0,-86,0,0,0,0,0,0,-85,-87,0,-83,0,0,-76,-76,-46,-76
-74,-73,-73,-73,-85,0,-83,0,-80,-80,-80,-78,-84,-82,-74,-73,-84,-81,-61,-77,-62,-63,0,-76,-72,-72,-80,0,-78,-78,0,0,-71,-71,0,0,-86,0,0,0,0,0,0,-85,-87,0,-83,0,0,-76,-76,-46,-76
-74,-67,-71,-72,-85,0,-83,-73,-82,-83,-80,-78,-84,-82,-74,-73,-84,-83,-60,-60,-59,-60,0,-76,-73,-73,-81,0,-74,-75,-72,-87,-72,-72,0,0,-86,0,0,0,0,0,-86,-85,0,0,-83,0,0,-82,-76,-38,-73
