-67,-69,-66,-64,-80,0,0,-76,-73,-73,-83,-81,-79,-79,0,-76,-85,-84,-52,-50,-60,-57,-74,-72,-69,-70,-82,-87,-81,-81,-80,-77,-67,-67,0,-86,0,0,0,0,0,0,0,-81,-83,-83,0,0,-87,0,0,-56,-67
-67,-69,-66,-64,-80,0,0,-76,-73,-73,-83,-81,-79,-79,0,-76,-85,-84,-52,-50,-60,-57,-74,-72,-69,-70,-82,-87,-81,-81,-80,-77,-67,-67,0,-86,0,0,0,0,0,0,0,-81,-83,-83,0,0,-87,0,0,-56,-67
-67,-69,-66,-64,-80,0,0,-76,-73,-73,-83,-81,-79,-79,0,-76,-85,-84,-52,-50,-60,-57,-74,-72,-69,-70,-82,-87,-81,-81,-80,-77,-67,-67,0,-86,0,0,0,0,0,0,0,-81,-83,-83,0,0,-87,0,0,-56,-67
-72,-71,-62,-62,-80,0,0,-76,-82,-82,-83,-81,-76,-76,0,0,-83,-83,-51,-48,-58,-57,0,-70,-72,-72,-84,-87,-81,-81,-80,-77,-71,-71,0,-86,-79,-81,0,0,0,0,0,0,0,-83,0,0,-87,-81,-81,-60,-65
-72,-71,-62,-62,-80,0,0,-76,-82,-82,-83,-81,-76,-76,0,0,-83,-83,-51,-48,-58,-57,0,-70,-72,-72,-84,-87,-81,-81,-80,-77,-71,-71,0,-86,-79,-81,0,0,0,0,0,0,0,-83,0,0,-87,-81,-81,-60,-65
-72,-71,-62,-62,-80,0,0,-76,-82,-82,-83,-81,-76,-76,0,0,-83,-83,-51,-48,-58,-57,0,-70,-72,-72,-84,-87,-81,-81,-80,-77,-71,-71,0,-86,-79,-81,0,0,0,0,0,0,0,-83,0,0,-87,-81,-81,-60,-65
-72,-71,-62,-61,-80,0,0,-77,-80,-82,-83,-81,-76,-77,0,0,-83,-83,-52,-53,-53,-53,0,-70,-71,-72,-84,-84,-76,-77,-74,-77,-66,-67,0,-88,-85,-84,0,0,0,0,0,0,0,-84,0,0,-87,-81,-81,-58,-64
-72,-71,-62,-61,-80,0,0,-77,-80,-82,-83,-81,-76,-77,0,0,-83,-83,-52,-53,-53,-53,0,-70,-71,-72,-84,-84,-76,-77,-74,-77,-66,-67,0,-88,-85,-84,0,0,0,0,0,0,0,-84,0,0,-87,-81,-81,-58,-64
-72,-71,-62,-61,-80,0,0,-77,-80,-82,-83,-81,-76,-77,0,0,-83,-83,-52,-53,-53,-53,0,-70,-71,-72,-84,-84,-76,-77,-74,-77,-66,-67,0,-88,-85,-84,0,0,0,0,0,0,0,-84,0,0,-87,-81,-81,-58,-64
-72,-71,-62,-61,-80,0,0,-77,-80,-82,-83,-81,-76,-77,0,0,-83,-83,-52,-53,-53,-53,0,-70,-71,-72,-84,-84,-76,-77,-74,-77,-66,-67,0,-88,-85,-84,0,0,0,0,0,0,0,-84,0,0,-87,-81,-81,-58,-64
-72,-69,-60,-60,0,0,0,-77,-78,-77,-76,0,-74,-74,0,0,-83,-83,-51,-50,-57,-56,-73,-73,-71,-72,-84,-84,-76,-77,-72,-82,-66,-66,0,-88,-83,-83,0,0,0,0,0,0,0,-84,-82,0,0,-81,-81,-55,-65
-72,-69,-60,-60,0,0,0,-77,-78,-77,-76,0,-74,-74,0,0,-83,-83,-51,-50,-57,-56,-73,-73,-71,-72,-84,-84,-76,-77,-72,-82,-66,-66,0,-88,-83,-83,0,0,0,0,0,0,0,-84,-82,0,0,-81,-81,-55,-65
-72,-69,-60,-60,0,0,0,-77,-78,-77,-76,0,-74,-74,0,0,-83,-83,-51,-50,-57,-56,-73,-73,-71,-72,-84,-84,-76,-77,-72,-82,-66,-66,0,-88,-83,-83,0,0,0,0,0,0,0,-84,-82,0,0,-81,-81,-55,-65
-72,-69,-60,-60,0,0,0,-77,-78,-77,-76,0,-74,-74,0,0,-83,-83,-51,-50,-57,-56,-73,-73,-71,-72,-84,-84,-76,-77,-72,-82,-66,-66,0,-88,-83,-83,0,0,0,0,0,0,0,-84,-82,0,0,-81,-81,-55,-65
0,-69,-64,-65,0,0,0,-70,-77,-78,-76,0,-74,-74,0,0,-85,0,-52,-51,-56,-56,-73,-73,-71,-71,0,-84,-80,-80,-72,-82,-67,-67,0,-88,-83,-83,0,0,0,0,0,0,0,-84,-82,0,0,-80,-81,-55,-65
0,-69,-64,-65,0,0,0,-70,-77,-78,-76,0,-74,-74,0,0,-85,0,-52,-51,-56,-56,-73,-73,-71,-71,0,-84,-80,-80,-72,-82,-67,-67,0,-88,-83,-83,0,0,0,0,0,0,0,-84,-82,0,0,-80,-81,-55,-65
0,-69,-64,-65,0,0,0,-70,-77,-78,-76,0,-74,-74,0,0,-85,0,-52,-51,-56,-56,-73,-73,-71,-71,0,-84,-80,-80,-72,-82,-67,-67,0,-88,-83,-83,0,0,0,0,0,0,0,-84,-82,0,0,-80,-81,-55,-65
0,-69,-64,-65,0,0,0,-70,-77,-78,-76,0,-74,-74,0,0,-85,0,-52,-51,-56,-56,-73,-73,-71,-71,0,-84,-80,-80,-72,-82,-67,-67,0,-88,-83,-83,0,0,0,0,0,0,0,-84,-82,0,0,-80,-81,-55,-65
-69,-67,-63,-63,-83,0,0,-70,-74,-75,-77,-77,-74,-74,0,0,-85,0,-53,-50,-56,-54,-73,-74,-56,-72,0,0,-78,-78,-73,-82,-71,-71,0,-88,-83,-83,0,0,0,0,0,0,0,0,-82,0,0,-81,-81,-56,-64
-69,-67,-63,-63,-83,0,0,-70,-74,-75,-77,-77,-74,-74,0,0,-85,0,-53,-50,-56,-54,-73,-74,-56,-72,0,0,-78,-78,-73,-82,-71,-71,0,-88,-83,-83,0,0,0,0,0,0,0,0,-82,0,0,-81,-81,-56,-64
-69,-67,-63,-63,-83,0,0,-70,-74,-75,-77,-77,-74,-74,0,0,-85,0,-53,-50,-56,-54,-73,-74,-56,-72,0,0,-78,-78,-73,-82,-71,-71,0,-88,-83,-83,0,0,0,0,0,0,0,0,-82,0,0,-81,-81,-56,-64
-69,-67,-63,-63,-83,0,0,-70,-74,-75,-77,-77,-74,-74,0,0,-85,0,-53,-50,-56,-54,-73,-74,-56,-72,0,0,-78,-78,-73,-82,-71,-71,0,-88,-83,-83,0,0,0,0,0,0,0,0,-82,0,0,-81,-81,-56,-64
-69,-67,-64,-64,-83,0,0,-75,-83,-75,-75,-73,-78,-78,0,0,-83,-83,-51,-49,-67,-56,0,-74,-73,-73,0,0,-79,-79,-78,-83,-66,-66,-87,-88,0,0,0,0,0,0,0,0,0,0,0,0,0,-81,-81,-57,-66
-69,-67,-64,-64,-83,0,0,-75,-83,-75,-75,-73,-78,-78,0,0,-83,-83,-51,-49,-67,-56,0,-74,-73,-73,0,0,-79,-79,-78,-83,-66,-66,-87,-88,0,0,0,0,0,0,0,0,0,0,0,0,0,-81,-81,-57,-66
-69,-67,-64,-64,-83,0,0,-75,-83,-75,-75,-73,-78,-78,0,0,-83,-83,-51,-49,-67,-56,0,-74,-73,-73,0,0,-79,-79,-78,-83,-66,-66,-87,-88,0,0,0,0,0,0,0,0,0,0,0,0,0,-81,-81,-57,-66
-69,-67,-64,-64,-83,0,0,-75,-83,-75,-75,-73,-78,-78,0,0,-83,-83,-51,-49,-67,-56,0,-74,-73,-73,0,0,-79,-79,-78,-83,-66,-66,-87,-88,0,0,0,0,0,0,0,0,0,0,0,0,0,-81,-81,-57,-66
-71,-65,-60,-61,-86,0,0,-85,-74,-74,-75,-73,-77,-75,0,0,-83,-83,-49,-48,-55,-55,0,-77,-73,-73,0,0,-80,-80,-78,-83,-66,-66,-88,-88,-80,-82,0,0,0,0,0,0,0,0,0,0,-84,-81,-81,-56,-67
-71,-65,-60,-61,-86,0,0,-85,-74,-74,-75,-73,-77,-75,0,0,-83,-83,-49,-48,-55,-55,0,-77,-73,-73,0,0,-80,-80,-78,-83,-66,-66,-88,-88,-80,-82,0,0,0,0,0,0,0,0,0,0,-84,-81,-81,-56,-67
-71,-65,-60,-61,-86,0,0,-85,-74,-74,-75,-73,-77,-75,0,0,-83,-83,-49,-48,-55,-55,0,-77,-73,-73,0,0,-80,-80,-78,-83,-66,-66,-88,-88,-80,-82,0,0,0,0,0,0,0,0,0,0,-84,-81,-81,-56,-67
-71,-65,-60,-61,-86,0,0,-85,-74,-74,-75,-73,-77,-75,0,0,-83,-83,-49,-48,-55,-55,0,-77,-73,-73,0,0,-80,-80,-78,-83,-66,-66,-88,-88,-80,-82,0,0,0,0,0,0,0,0,0,0,-84,-81,-81,-56,-67
-64,-62,-63,-64,-86,0,0,-85,-75,-76,-75,-73,-72,-73,0,0,-83,-84,-48,-48,-59,-59,-83,-77,-68,-68,-87,0,-80,-80,-78,-83,-66,-66,-88,-90,-80,-82,0,0,0,0,0,0,0,-85,0,0,-84,0,0,-63,-68
-64,-62,-63,-64,-86,0,0,-85,-75,-76,-75,-73,-72,-73,0,0,-83,-84,-48,-48,-59,-59,-83,-77,-68,-68,-87,0,-80,-80,-78,-83,-66,-66,-88,-90,-80,-82,0,0,0,0,0,0,0,-85,0,0,-84,0,0,-63,-68
-64,-62,-63,-64,-86,0,0,-85,-75,-76,-75,-73,-72,-73,0,0,-83,-84,-48,-48,-59,-59,-83,-77,-68,-68,-87,0,-80,-80,-78,-83,-66,-66,-88,-90,-80,-82,0,0,0,0,0,0,0,-85,0,0,-84,0,0,-63,-68
-64,-62,-63,-64,-86,0,0,-85,-75,-76,-75,-73,-72,-73,0,0,-83,-84,-48,-48,-59,-59,-83,-77,-68,-68,-87,0,-80,-80,-78,-83,-66,-66,-88,-90,-80,-82,0,0,0,0,0,0,0,-85,0,0,-84,0,0,-63,-68
-64,-66,-61,-62,-86,0,0,-77,-74,-73,0,0,-72,-72,0,0,0,-84,-52,-49,-69,-68,-83,-79,-74,-74,-87,0,-81,-81,0,0,-65,-65,-88,-90,-80,-82,0,0,0,0,0,0,0,-85,0,0,-84,0,0,-65,-66
-64,-66,-61,-62,-86,0,0,-77,-74,-73,0,0,-72,-72,0,0,0,-84,-52,-49,-69,-68,-83,-79,-74,-74,-87,0,-81,-81,0,0,-65,-65,-88,-90,-80,-82,0,0,0,0,0,0,0,-85,0,0,-84,0,0,-65,-66
-64,-66,-61,-62,-86,0,0,-77,-74,-73,0,0,-72,-72,0,0,0,-84,-52,-49,-69,-68,-83,-79,-74,-74,-87,0,-81,-81,0,0,-65,-65,-88,-90,-80,-82,0,0,0,0,0,0,0,-85,0,0,-84,0,0,-65,-66
-64,-66,-61,-62,-86,0,0,-77,-74,-73,0,0,-72,-72,0,0,0,-84,-52,-49,-69,-68,-83,-79,-74,-74,-87,0,-81,-81,0,0,-65,-65,-88,-90,-80,-82,0,0,0,0,0,0,0,-85,0,0,-84,0,0,-65,-66
-64,-66,-64,-64,0,0,0,-75,-73,-72,0,0,-72,-73,0,0,0,-84,-50,-49,-67,-66,-82,-79,-74,-75,-87,0,-80,-80,0,-74,-67,-67,0,-90,0,0,0,0,0,0,0,0,0,-85,0,-88,0,-82,-82,-65,-64
-64,-66,-64,-64,0,0,0,-75,-73,-72,0,0,-72,-73,0,0,0,-84,-50,-49,-67,-66,-82,-79,-74,-75,-87,0,-80,-80,0,-74,-67,-67,0,-90,0,0,0,0,0,0,0,0,0,-85,0,-88,0,-82,-82,-65,-64
-64,-66,-64,-64,0,0,0,-75,-73,-72,0,0,-72,-73,0,0,0,-84,-50,-49,-67,-66,-82,-79,-74,-75,-87,0,-80,-80,0,-74,-67,-67,0,-90,0,0,0,0,0,0,0,0,0,-85,0,-88,0,-82,-82,-65,-64
-64,-66,-64,-64,0,0,0,-75,-73,-72,0,0,-72,-73,0,0,0,-84,-50,-49,-67,-66,-82,-79,-74,-75,-87,0,-80,-80,0,-74,-67,-67,0,-90,0,0,0,0,0,0,0,0,0,-85,0,-88,0,-82,-82,-65,-64
-68,-66,-63,-63,0,0,0,-78,-74,-74,0,0,-76,-77,0,0,0,0,-51,-50,-64,-63,-82,-79,-74,-73,0,0,-78,-78,0,-74,-64,-64,0,-90,-83,-85,0,0,0,0,0,0,0,0,0,-88,0,-80,-79,-64,-67
-68,-66,-63,-63,0,0,0,-78,-74,-74,0,0,-76,-77,0,0,0,0,-51,-50,-64,-63,-82,-79,-74,-73,0,0,-78,-78,0,-74,-64,-64,0,-90,-83,-85,0,0,0,0,0,0,0,0,0,-88,0,-80,-79,-64,-67
-68,-66,-63,-63,0,0,0,-78,-74,-74,0,0,-76,-77,0,0,0,0,-51,-50,-64,-63,-82,-79,-74,-73,0,0,-78,-78,0,-74,-64,-64,0,-90,-83,-85,0,0,0,0,0,0,0,0,0,-88,0,-80,-79,-64,-67
-70,-69,-64,-62,0,0,0,-78,-74,-74,-78,-77,-72,-71,0,0,0,0,-50,-48,-59,-57,-82,0,-73,-73,-87,0,-84,-82,-75,-75,-66,-66,0,0,-83,-83,0,0,0,0,0,0,0,-84,-85,-88,0,-80,-80,-60,-71
-70,-69,-64,-62,0,0,0,-78,-74,-74,-78,-77,-72,-71,0,0,0,0,-50,-48,-59,-57,-82,0,-73,-73,-87,0,-84,-82,-75,-75,-66,-66,0,0,-83,-83,0,0,0,0,0,0,0,-84,-85,-88,0,-80,-80,-60,-71
-70,-69,-64,-62,0,0,0,-78,-74,-74,-78,-77,-72,-71,0,0,0,0,-50,-48,-59,-57,-82,0,-73,-73,-87,0,-84,-82,-75,-75,-66,-66,0,0,-83,-83,0,0,0,0,0,0,0,-84,-85,-88,0,-80,-80,-60,-71
-70,-69,-64,-62,0,0,0,-78,-74,-74,-78,-77,-72,-71,0,0,0,0,-50,-48,-59,-57,-82,0,-73,-73,-87,0,-84,-82,-75,-75,-66,-66,0,0,-83,-83,0,0,0,0,0,0,0,-84,-85,-88,0,-80,-80,-60,-71
-68,-65,-62,-63,0,0,0,-77,-74,-73,-78,-77,-72,-72,-80,-79,-80,-81,-50,-48,-67,-64,0,0,-68,-69,-87,0,-79,-79,-75,-75,-69,-68,0,0,-83,-83,0,0,0,0,0,0,0,-84,-85,0,0,-80,-80,-61,-69
-68,-65,-62,-63,0,0,0,-77,-74,-73,-78,-77,-72,-72,-80,-79,-80,-81,-50,-48,-67,-64,0,0,-68,-69,-87,0,-79,-79,-75,-75,-69,-68,0,0,-83,-83,0,0,0,0,0,0,0,-84,-85,0,0,-80,-80,-61,-69
-68,-65,-62,-63,0,0,0,-77,-74,-73,-78,-77,-72,-72,-80,-79,-80,-81,-50,-48,-67,-64,0,0,-68,-69,-87,0,-79,-79,-75,-75,-69,-68,0,0,-83,-83,0,0,0,0,0,0,0,-84,-85,0,0,-80,-80,-61,-69
-68,-65,-62,-63,0,0,0,-77,-74,-73,-78,-77,-72,-72,-80,-79,-80,-81,-50,-48,-67,-64,0,0,-68,-69,-87,0,-79,-79,-75,-75,-69,-68,0,0,-83,-83,0,0,0,0,0,0,0,-84,-85,0,0,-80,-80,-61,-69
-68,-64,-69,-68,-89,0,0,-77,-73,-73,-78,-77,-72,-72,-81,-81,-80,-81,-51,-50,-66,-66,0,0,-73,-73,-87,0,-77,-77,-75,-74,-65,-65,0,0,-83,-83,0,0,0,0,0,0,0,-84,-85,0,0,-80,-80,-64,-69
-68,-64,-69,-68,-89,0,0,-77,-73,-73,-78,-77,-72,-72,-81,-81,-80,-81,-51,-50,-66,-66,0,0,-73,-73,-87,0,-77,-77,-75,-74,-65,-65,0,0,-83,-83,0,0,0,0,0,0,0,-84,-85,0,0,-80,-80,-64,-69
-68,-64,-69,-68,-89,0,0,-77,-73,-73,-78,-77,-72,-72,-81,-81,-80,-81,-51,-50,-66,-66,0,0,-73,-73,-87,0,-77,-77,-75,-74,-65,-65,0,0,-83,-83,0,0,0,0,0,0,0,-84,-85,0,0,-80,-80,-64,-69
-68,-64,-69,-68,-89,0,0,-77,-73,-73,-78,-77,-72,-72,-81,-81,-80,-81,-51,-50,-66,-66,0,0,-73,-73,-87,0,-77,-77,-75,-74,-65,-65,0,0,-83,-83,0,0,0,0,0,0,0,-84,-85,0,0,-80,-80,-64,-69
-68,-65,-64,-64,-89,0,0,-70,-73,-74,0,0,-74,-73,-81,-81,-80,-81,-51,-49,-65,-63,-81,-79,-75,-74,0,0,-80,-80,0,-74,-71,-71,0,0,0,0,0,0,0,0,0,0,0,0,0,0,0,0,0,-62,-64
-68,-65,-64,-64,-89,0,0,-70,-73,-74,0,0,-74,-73,-81,-81,-80,-81,-51,-49,-65,-63,-81,-79,-75,-74,0,0,-80,-80,0,-74,-71,-71,0,0,0,0,0,0,0,0,0,0,0,0,0,0,0,0,0,-62,-64
-68,-65,-64,-64,-89,0,0,-70,-73,-74,0,0,-74,-73,-81,-81,-80,-81,-51,-49,-65,-63,-81,-79,-75,-74,0,0,-80,-80,0,-74,-71,-71,0,0,0,0,0,0,0,0,0,0,0,0,0,0,0,0,0,-62,-64
-68,-65,-64,-64,-89,0,0,-70,-73,-74,0,0,-74,-73,-81,-81,-80,-81,-51,-49,-65,-63,-81,-79,-75,-74,0,0,-80,-80,0,-74,-71,-71,0,0,0,0,0,0,0,0,0,0,0,0,0,0,0,0,0,-62,-64
-67,-66,-65,-65,-89,0,0,-70,-73,-72,0,0,-74,-74,-83,-81,0,0,-53,-49,-58,-60,-81,-79,-76,-76,0,0,-80,-80,-76,-74,-67,-67,0,0,-84,-84,0,0,0,0,0,0,0,-83,0,0,-81,0,-82,-66,-70
-67,-66,-65,-65,-89,0,0,-70,-73,-72,0,0,-74,-74,-83,-81,0,0,-53,-49,-58,-60,-81,-79,-76,-76,0,0,-80,-80,-76,-74,-67,-67,0,0,-84,-84,0,0,0,0,0,0,0,-83,0,0,-81,0,-82,-66,-70
-67,-66,-65,-65,-89,0,0,-70,-73,-72,0,0,-74,-74,-83,-81,0,0,-53,-49,-58,-60,-81,-79,-76,-76,0,0,-80,-80,-76,-74,-67,-67,0,0,-84,-84,0,0,0,0,0,0,0,-83,0,0,-81,0,-82,-66,-70
-67,-66,-65,-65,-89,0,0,-70,-73,-72,0,0,-74,-74,-83,-81,0,0,-53,-49,-58,-60,-81,-79,-76,-76,0,0,-80,-80,-76,-74,-67,-67,0,0,-84,-84,0,0,0,0,0,0,0,-83,0,0,-81,0,-82,-66,-70
-68,-66,-67,-66,0,0,0,-82,-72,-72,0,0,-72,-73,-83,0,0,0,-50,-50,-62,-58,-81,-79,-73,-74,0,0,-79,-79,-76,-72,-68,-68,0,0,-84,-84,0,0,0,0,0,0,0,-83,0,0,-81,-79,-79,-65,-69
-68,-66,-67,-66,0,0,0,-82,-72,-72,0,0,-72,-73,-83,0,0,0,-50,-50,-62,-58,-81,-79,-73,-74,0,0,-79,-79,-76,-72,-68,-68,0,0,-84,-84,0,0,0,0,0,0,0,-83,0,0,-81,-79,-79,-65,-69
-68,-66,-67,-66,0,0,0,-82,-72,-72,0,0,-72,-73,-83,0,0,0,-50,-50,-62,-58,-81,-79,-73,-74,0,0,-79,-79,-76,-72,-68,-68,0,0,-84,-84,0,0,0,0,0,0,0,-83,0,0,-81,-79,-79,-65,-69
-68,-66,-67,-66,0,0,0,-82,-72,-72,0,0,-72,-73,-83,0,0,0,-50,-50,-62,-58,-81,-79,-73,-74,0,0,-79,-79,-76,-72,-68,-68,0,0,-84,-84,0,0,0,0,0,0,0,-83,0,0,-81,-79,-79,-65,-69
-68,-66,-67,-67,0,0,0,-78,-72,-73,-78,0,-76,-75,-87,-90,0,0,-51,-49,-62,-60,0,0,-73,-73,0,0,-80,-79,-76,-72,-65,-65,0,0,-84,-84,0,0,0,0,0,0,0,-83,0,0,-84,-79,-79,-63,-68
-68,-66,-67,-67,0,0,0,-78,-72,-73,-78,0,-76,-75,-87,-90,0,0,-51,-49,-62,-60,0,0,-73,-73,0,0,-80,-79,-76,-72,-65,-65,0,0,-84,-84,0,0,0,0,0,0,0,-83,0,0,-84,-79,-79,-63,-68
-68,-66,-67,-67,0,0,0,-78,-72,-73,-78,0,-76,-75,-87,-90,0,0,-51,-49,-62,-60,0,0,-73,-73,0,0,-80,-79,-76,-72,-65,-65,0,0,-84,-84,0,0,0,0,0,0,0,-83,0,0,-84,-79,-79,-63,-68
-68,-66,-67,-67,0,0,0,-78,-72,-73,-78,0,-76,-75,-87,-90,0,0,-51,-49,-62,-60,0,0,-73,-73,0,0,-80,-79,-76,-72,-65,-65,0,0,-84,-84,0,0,0,0,0,0,0,-83,0,0,-84,-79,-79,-63,-68
-68,-72,-65,-65,0,0,0,-80,-76,-76,-78,0,-75,-76,-87,-90,0,0,-50,-51,-58,-57,0,-78,-71,-70,0,0,-80,-80,-75,-74,-67,-67,0,0,-84,0,0,0,0,0,0,0,0,0,0,0,-84,-79,-79,-65,-69
-68,-72,-65,-65,0,0,0,-80,-76,-76,-78,0,-75,-76,-87,-90,0,0,-50,-51,-58,-57,0,-78,-71,-70,0,0,-80,-80,-75,-74,-67,-67,0,0,-84,0,0,0,0,0,0,0,0,0,0,0,-84,-79,-79,-65,-69
-68,-72,-65,-65,0,0,0,-80,-76,-76,-78,0,-75,-76,-87,-90,0,0,-50,-51,-58,-57,0,-78,-71,-70,0,0,-80,-80,-75,-74,-67,-67,0,0,-84,0,0,0,0,0,0,0,0,0,0,0,-84,-79,-79,-65,-69
-68,-72,-65,-65,0,0,0,-80,-76,-76,-78,0,-75,-76,-87,-90,0,0,-50,-51,-58,-57,0,-78,-71,-70,0,0,-80,-80,-75,-74,-67,-67,0,0,-84,0,0,0,0,0,0,0,0,0,0,0,-84,-79,-79,-65,-69
0,-72,-60,-62,0,0,0,-77,-74,-73,-78,-86,-77,-78,-87,-90,0,0,-52,-51,-54,-54,-77,-75,-73,-73,-85,0,-81,-82,-75,-74,-67,-67,-87,-82,0,0,0,0,0,-85,0,0,0,0,0,0,-84,-79,-79,-60,-66
0,-72,-60,-62,0,0,0,-77,-74,-73,-78,-86,-77,-78,-87,-90,0,0,-52,-51,-54,-54,-77,-75,-73,-73,-85,0,-81,-82,-75,-74,-67,-67,-87,-82,0,0,0,0,0,-85,0,0,0,0,0,0,-84,-79,-79,-60,-66
0,-72,-60,-62,0,0,0,-77,-74,-73,-78,-86,-77,-78,-87,-90,0,0,-52,-51,-54,-54,-77,-75,-73,-73,-85,0,-81,-82,-75,-74,-67,-67,-87,-82,0,0,0,0,0,-85,0,0,0,0,0,0,-84,-79,-79,-60,-66
0,-72,-60,-62,0,0,0,-77,-74,-73,-78,-86,-77,-78,-87,-90,0,0,-52,-51,-54,-54,-77,-75,-73,-73,-85,0,-81,-82,-75,-74,-67,-67,-87,-82,0,0,0,0,0,-85,0,0,0,0,0,0,-84,-79,-79,-60,-66
0,-66,-65,-65,0,0,0,-76,-76,-77,0,-86,-77,-77,0,0,0,0,-51,-50,-54,-52,-77,-75,-72,-72,-85,0,-85,-85,-75,-74,-69,-69,-87,-82,0,0,0,0,0,-85,0,0,0,0,0,0,0,-79,-79,-56,-68
0,-66,-65,-65,0,0,0,-76,-76,-77,0,-86,-77,-77,0,0,0,0,-51,-50,-54,-52,-77,-75,-72,-72,-85,0,-85,-85,-75,-74,-69,-69,-87,-82,0,0,0,0,0,-85,0,0,0,0,0,0,0,-79,-79,-56,-68
0,-66,-65,-65,0,0,0,-76,-76,-77,0,-86,-77,-77,0,0,0,0,-51,-50,-54,-52,-77,-75,-72,-72,-85,0,-85,-85,-75,-74,-69,-69,-87,-82,0,0,0,0,0,-85,0,0,0,0,0,0,0,-79,-79,-56,-68
-69,-65,-63,-63,0,0,0,-77,-75,-75,0,-86,-77,-76,0,0,-85,0,-52,-53,-54,-53,-77,-75,-72,-71,-85,0,-85,-85,-80,0,-69,-69,-87,-82,-85,-86,0,0,0,-85,0,0,0,0,-85,0,-84,0,0,-57,-70
-69,-65,-63,-63,0,0,0,-77,-75,-75,0,-86,-77,-76,0,0,-85,0,-52,-53,-54,-53,-77,-75,-72,-71,-85,0,-85,-85,-80,0,-69,-69,-87,-82,-85,-86,0,0,0,-85,0,0,0,0,-85,0,-84,0,0,-57,-70
-69,-65,-63,-63,0,0,0,-77,-75,-75,0,-86,-77,-76,0,0,-85,0,-52,-53,-54,-53,-77,-75,-72,-71,-85,0,-85,-85,-80,0,-69,-69,-87,-82,-85,-86,0,0,0,-85,0,0,0,0,-85,0,-84,0,0,-57,-70
-69,-65,-63,-63,0,0,0,-77,-75,-75,0,-86,-77,-76,0,0,-85,0,-52,-53,-54,-53,-77,-75,-72,-71,-85,0,-85,-85,-80,0,-69,-69,-87,-82,-85,-86,0,0,0,-85,0,0,0,0,-85,0,-84,0,0,-57,-70
-69,-66,-62,-62,0,0,0,-77,-76,-76,0,0,-77,-77,0,0,-83,-84,-53,-53,-54,-53,-82,-82,-73,-73,-86,0,-85,-85,-79,-80,-70,-70,0,0,-85,-86,0,0,0,0,0,0,0,0,-85,0,-84,0,0,-56,-67
-69,-66,-62,-62,0,0,0,-77,-76,-76,0,0,-77,-77,0,0,-83,-84,-53,-53,-54,-53,-82,-82,-73,-73,-86,0,-85,-85,-79,-80,-70,-70,0,0,-85,-86,0,0,0,0,0,0,0,0,-85,0,-84,0,0,-56,-67
-69,-66,-62,-62,0,0,0,-77,-76,-76,0,0,-77,-77,0,0,-83,-84,-53,-53,-54,-53,-82,-82,-73,-73,-86,0,-85,-85,-79,-80,-70,-70,0,0,-85,-86,0,0,0,0,0,0,0,0,-85,0,-84,0,0,-56,-67
-69,-66,-62,-62,0,0,0,-77,-76,-76,0,0,-77,-77,0,0,-83,-84,-53,-53,-54,-53,-82,-82,-73,-73,-86,0,-85,-85,-79,-80,-70,-70,0,0,-85,-86,0,0,0,0,0,0,0,0,-85,0,-84,0,0,-56,-67
-69,-66,-59,-59,0,0,0,-77,-76,-75,0,0,-78,-78,0,0,-84,-85,-51,-53,-55,-53,-81,-81,-74,-74,-85,-88,0,-85,-76,-75,-62,-62,0,0,-81,-81,0,0,0,-84,0,0,0,-85,-85,0,-84,-82,-81,-56,-70
-69,-66,-59,-59,0,0,0,-77,-76,-75,0,0,-78,-78,0,0,-84,-85,-51,-53,-55,-53,-81,-81,-74,-74,-85,-88,0,-85,-76,-75,-62,-62,0,0,-81,-81,0,0,0,-84,0,0,0,-85,-85,0,-84,-82,-81,-56,-70
-69,-66,-59,-59,0,0,0,-77,-76,-75,0,0,-78,-78,0,0,-84,-85,-51,-53,-55,-53,-81,-81,-74,-74,-85,-88,0,-85,-76,-75,-62,-62,0,0,-81,-81,0,0,0,-84,0,0,0,-85,-85,0,-84,-82,-81,-56,-70
-69,-66,-59,-59,0,0,0,-77,-76,-75,0,0,-78,-78,0,0,-84,-85,-51,-53,-55,-53,-81,-81,-74,-74,-85,-88,0,-85,-76,-75,-62,-62,0,0,-81,-81,0,0,0,-84,0,0,0,-85,-85,0,-84,-82,-81,-56,-70
-66,-64,-64,-63,0,0,0,0,-79,-81,0,0,-75,-76,0,0,-82,-82,-53,-52,-55,-55,-81,-81,-71,-71,-84,-88,-84,-86,-76,-75,-62,-62,0,0,-81,-81,0,0,0,-83,-84,0,0,-85,0,-83,-81,-82,-81,-63,-71
-66,-64,-64,-63,0,0,0,0,-79,-81,0,0,-75,-76,0,0,-82,-82,-53,-52,-55,-55,-81,-81,-71,-71,-84,-88,-84,-86,-76,-75,-62,-62,0,0,-81,-81,0,0,0,-83,-84,0,0,-85,0,-83,-81,-82,-81,-63,-71
-66,-64,-64,-63,0,0,0,0,-79,-81,0,0,-75,-76,0,0,-82,-82,-53,-52,-55,-55,-81,-81,-71,-71,-84,-88,-84,-86,-76,-75,-62,-62,0,0,-81,-81,0,0,0,-83,-84,0,0,-85,0,-83,-81,-82,-81,-63,-71
-66,-64,-64,-63,0,0,0,0,-79,-81,0,0,-75,-76,0,0,-82,-82,-53,-52,-55,-55,-81,-81,-71,-71,-84,-88,-84,-86,-76,-75,-62,-62,0,0,-81,-81,0,0,0,-83,-84,0,0,-85,0,-83,-81,-82,-81,-63,-71
-67,-65,-63,-63,0,0,0,-77,-58,-79,-80,-77,-75,-75,0,0,-82,-82,-53,-52,-57,-56,-81,-76,-72,-73,-83,-87,-84,-86,-78,-75,-62,-62,0,0,-81,-81,0,0,0,-82,-83,0,0,-80,-80,-83,-81,-82,-81,-61,-69
-67,-65,-63,-63,0,0,0,-77,-58,-79,-80,-77,-75,-75,0,0,-82,-82,-53,-52,-57,-56,-81,-76,-72,-73,-83,-87,-84,-86,-78,-75,-62,-62,0,0,-81,-81,0,0,0,-82,-83,0,0,-80,-80,-83,-81,-82,-81,-61,-69
-67,-65,-63,-63,0,0,0,-77,-58,-79,-80,-77,-75,-75,0,0,-82,-82,-53,-52,-57,-56,-81,-76,-72,-73,-83,-87,-84,-86,-78,-75,-62,-62,0,0,-81,-81,0,0,0,-82,-83,0,0,-80,-80,-83,-81,-82,-81,-61,-69
-67,-65,-63,-63,0,0,0,-77,-58,-79,-80,-77,-75,-75,0,0,-82,-82,-53,-52,-57,-56,-81,-76,-72,-73,-83,-87,-84,-86,-78,-75,-62,-62,0,0,-81,-81,0,0,0,-82,-83,0,0,-80,-80,-83,-81,-82,-81,-61,-69
-67,-62,-65,-65,-84,0,0,-77,-78,-79,-80,-77,-75,-75,0,0,-82,-86,-52,-50,-55,-56,0,-76,-70,-70,-83,-87,-81,-81,-78,-81,-70,-70,0,0,0,0,0,0,0,-82,-83,0,0,-80,-80,-85,-79,0,0,-62,-71
-67,-62,-65,-65,-84,0,0,-77,-78,-79,-80,-77,-75,-75,0,0,-82,-86,-52,-50,-55,-56,0,-76,-70,-70,-83,-87,-81,-81,-78,-81,-70,-70,0,0,0,0,0,0,0,-82,-83,0,0,-80,-80,-85,-79,0,0,-62,-71
-67,-62,-65,-65,-84,0,0,-77,-78,-79,-80,-77,-75,-75,0,0,-82,-86,-52,-50,-55,-56,0,-76,-70,-70,-83,-87,-81,-81,-78,-81,-70,-70,0,0,0,0,0,0,0,-82,-83,0,0,-80,-80,-85,-79,0,0,-62,-71
-67,-69,-67,-68,-82,0,0,-77,-74,-74,-80,-77,-74,-74,0,0,-83,-84,-52,-51,-59,-58,-79,-76,-72,-72,-83,-87,-82,-82,-71,-83,-67,-67,0,0,0,0,0,0,0,-82,-83,0,0,-80,-80,-86,-80,0,-84,-61,-72
-67,-69,-67,-68,-82,0,0,-77,-74,-74,-80,-77,-74,-74,0,0,-83,-84,-52,-51,-59,-58,-79,-76,-72,-72,-83,-87,-82,-82,-71,-83,-67,-67,0,0,0,0,0,0,0,-82,-83,0,0,-80,-80,-86,-80,0,-84,-61,-72
-67,-69,-67,-68,-82,0,0,-77,-74,-74,-80,-77,-74,-74,0,0,-83,-84,-52,-51,-59,-58,-79,-76,-72,-72,-83,-87,-82,-82,-71,-83,-67,-67,0,0,0,0,0,0,0,-82,-83,0,0,-80,-80,-86,-80,0,-84,-61,-72
-67,-69,-67,-68,-82,0,0,-77,-74,-74,-80,-77,-74,-74,0,0,-83,-84,-52,-51,-59,-58,-79,-76,-72,-72,-83,-87,-82,-82,-71,-83,-67,-67,0,0,0,0,0,0,0,-82,-83,0,0,-80,-80,-86,-80,0,-84,-61,-72
-66,-62,-64,-64,-82,0,-84,-75,-77,-77,0,0,-73,-74,0,0,-83,-84,-58,-57,-59,-57,-80,-76,-70,-70,-85,0,-82,-82,-71,-83,-63,-63,0,0,0,0,0,0,0,0,0,0,0,0,0,-86,-80,0,-84,-52,-72
-66,-62,-64,-64,-82,0,-84,-75,-77,-77,0,0,-73,-74,0,0,-83,-84,-58,-57,-59,-57,-80,-76,-70,-70,-85,0,-82,-82,-71,-83,-63,-63,0,0,0,0,0,0,0,0,0,0,0,0,0,-86,-80,0,-84,-52,-72
-66,-62,-64,-64,-82,0,-84,-75,-77,-77,0,0,-73,-74,0,0,-83,-84,-58,-57,-59,-57,-80,-76,-70,-70,-85,0,-82,-82,-71,-83,-63,-63,0,0,0,0,0,0,0,0,0,0,0,0,0,-86,-80,0,-84,-52,-72
-66,-62,-64,-64,-82,0,-84,-75,-77,-77,0,0,-73,-74,0,0,-83,-84,-58,-57,-59,-57,-80,-76,-70,-70,-85,0,-82,-82,-71,-83,-63,-63,0,0,0,0,0,0,0,0,0,0,0,0,0,-86,-80,0,-84,-52,-72
-66,-65,-65,-65,-81,0,-84,-75,-79,-79,0,0,-73,-74,0,0,-83,-84,-60,-59,-53,-52,-80,-76,-73,-72,-85,0,-80,-79,-71,-83,-64,-65,0,0,0,0,0,0,0,-84,0,0,0,0,0,-86,-80,-81,-81,-52,-69
-66,-65,-65,-65,-81,0,-84,-75,-79,-79,0,0,-73,-74,0,0,-83,-84,-60,-59,-53,-52,-80,-76,-73,-72,-85,0,-80,-79,-71,-83,-64,-65,0,0,0,0,0,0,0,-84,0,0,0,0,0,-86,-80,-81,-81,-52,-69
-66,-65,-65,-65,-81,0,-84,-75,-79,-79,0,0,-73,-74,0,0,-83,-84,-60,-59,-53,-52,-80,-76,-73,-72,-85,0,-80,-79,-71,-83,-64,-65,0,0,0,0,0,0,0,-84,0,0,0,0,0,-86,-80,-81,-81,-52,-69
-66,-65,-65,-65,-81,0,-84,-75,-79,-79,0,0,-73,-74,0,0,-83,-84,-60,-59,-53,-52,-80,-76,-73,-72,-85,0,-80,-79,-71,-83,-64,-65,0,0,0,0,0,0,0,-84,0,0,0,0,0,-86,-80,-81,-81,-52,-69
-66,-63,-65,-66,-81,0,-84,-75,-78,-78,0,0,-75,-75,-80,-80,0,0,-58,-57,-55,-54,-80,0,-71,-71,-85,0,-78,-78,0,-82,-65,-64,0,0,0,0,0,0,0,-84,-84,0,0,0,0,0,0,-81,-81,-52,-77
-66,-63,-65,-66,-81,0,-84,-75,-78,-78,0,0,-75,-75,-80,-80,0,0,-58,-57,-55,-54,-80,0,-71,-71,-85,0,-78,-78,0,-82,-65,-64,0,0,0,0,0,0,0,-84,-84,0,0,0,0,0,0,-81,-81,-52,-77
-66,-63,-65,-66,-81,0,-84,-75,-78,-78,0,0,-75,-75,-80,-80,0,0,-58,-57,-55,-54,-80,0,-71,-71,-85,0,-78,-78,0,-82,-65,-64,0,0,0,0,0,0,0,-84,-84,0,0,0,0,0,0,-81,-81,-52,-77
-66,-63,-65,-66,-81,0,-84,-75,-78,-78,0,0,-75,-75,-80,-80,0,0,-58,-57,-55,-54,-80,0,-71,-71,-85,0,-78,-78,0,-82,-65,-64,0,0,0,0,0,0,0,-84,-84,0,0,0,0,0,0,-81,-81,-52,-77
0,-66,-64,-64,-81,0,0,-78,-78,-79,0,0,-79,-78,-81,-79,0,-85,-52,-51,-57,-58,-77,-76,-70,-70,0,0,-81,-80,0,-82,-62,-64,0,0,0,0,0,0,0,-84,-84,0,0,0,0,-85,-85,-85,-84,-58,-77
0,-66,-64,-64,-81,0,0,-78,-78,-79,0,0,-79,-78,-81,-79,0,-85,-52,-51,-57,-58,-77,-76,-70,-70,0,0,-81,-80,0,-82,-62,-64,0,0,0,0,0,0,0,-84,-84,0,0,0,0,-85,-85,-85,-84,-58,-77
0,-66,-64,-64,-81,0,0,-78,-78,-79,0,0,-79,-78,-81,-79,0,-85,-52,-51,-57,-58,-77,-76,-70,-70,0,0,-81,-80,0,-82,-62,-64,0,0,0,0,0,0,0,-84,-84,0,0,0,0,-85,-85,-85,-84,-58,-77
0,-66,-64,-64,-81,0,0,-78,-78,-79,0,0,-79,-78,-81,-79,0,-85,-52,-51,-57,-58,-77,-76,-70,-70,0,0,-81,-80,0,-82,-62,-64,0,0,0,0,0,0,0,-84,-84,0,0,0,0,-85,-85,-85,-84,-58,-77
0,-68,-66,-65,0,0,0,-78,-77,-77,0,0,-77,-78,-81,-79,-83,-84,-51,-52,-55,-54,-78,-78,-70,-70,0,0,-81,-80,0,-82,-68,-68,0,0,-83,-83,0,0,0,-84,-84,0,0,-83,-84,-85,-85,-85,-84,-54,-72
0,-68,-66,-65,0,0,0,-78,-77,-77,0,0,-77,-78,-81,-79,-83,-84,-51,-52,-55,-54,-78,-78,-70,-70,0,0,-81,-80,0,-82,-68,-68,0,0,-83,-83,0,0,0,-84,-84,0,0,-83,-84,-85,-85,-85,-84,-54,-72
0,-68,-66,-65,0,0,0,-78,-77,-77,0,0,-77,-78,-81,-79,-83,-84,-51,-52,-55,-54,-78,-78,-70,-70,0,0,-81,-80,0,-82,-68,-68,0,0,-83,-83,0,0,0,-84,-84,0,0,-83,-84,-85,-85,-85,-84,-54,-72
0,-68,-66,-65,0,0,0,-78,-77,-77,0,0,-77,-78,-81,-79,-83,-84,-51,-52,-55,-54,-78,-78,-70,-70,0,0,-81,-80,0,-82,-68,-68,0,0,-83,-83,0,0,0,-84,-84,0,0,-83,-84,-85,-85,-85,-84,-54,-72
-67,-63,-60,-60,0,0,0,-78,-73,-73,0,0,-77,-78,-81,-79,-83,-84,-55,-54,-60,-59,-78,-78,-72,-72,-86,-88,-82,-82,0,-74,-68,-67,0,0,-82,-83,0,0,0,0,0,0,0,-81,-81,-85,-85,-80,-79,-57,-68
-67,-63,-60,-60,0,0,0,-78,-73,-73,0,0,-77,-78,-81,-79,-83,-84,-55,-54,-60,-59,-78,-78,-72,-72,-86,-88,-82,-82,0,-74,-68,-67,0,0,-82,-83,0,0,0,0,0,0,0,-81,-81,-85,-85,-80,-79,-57,-68
-67,-63,-60,-60,0,0,0,-78,-73,-73,0,0,-77,-78,-81,-79,-83,-84,-55,-54,-60,-59,-78,-78,-72,-72,-86,-88,-82,-82,0,-74,-68,-67,0,0,-82,-83,0,0,0,0,0,0,0,-81,-81,-85,-85,-80,-79,-57,-68
-68,-66,-68,-69,0,0,0,-77,-75,-76,0,0,-73,-73,0,0,-83,-84,-54,-53,-62,-56,-78,-78,-71,-71,-86,-88,-84,-85,0,-78,-71,-70,-89,0,-82,-83,0,0,0,0,0,0,0,-81,-81,0,0,-80,-80,-56,-66
-68,-66,-68,-69,0,0,0,-77,-75,-76,0,0,-73,-73,0,0,-83,-84,-54,-53,-62,-56,-78,-78,-71,-71,-86,-88,-84,-85,0,-78,-71,-70,-89,0,-82,-83,0,0,0,0,0,0,0,-81,-81,0,0,-80,-80,-56,-66
-68,-66,-68,-69,0,0,0,-77,-75,-76,0,0,-73,-73,0,0,-83,-84,-54,-53,-62,-56,-78,-78,-71,-71,-86,-88,-84,-85,0,-78,-71,-70,-89,0,-82,-83,0,0,0,0,0,0,0,-81,-81,0,0,-80,-80,-56,-66
-68,-66,-68,-69,0,0,0,-77,-75,-76,0,0,-73,-73,0,0,-83,-84,-54,-53,-62,-56,-78,-78,-71,-71,-86,-88,-84,-85,0,-78,-71,-70,-89,0,-82,-83,0,0,0,0,0,0,0,-81,-81,0,0,-80,-80,-56,-66
-68,-69,-61,-61,0,0,0,-77,-77,-77,0,0,-73,-73,0,-84,0,0,-58,-57,-57,-55,0,0,-68,-68,-86,-88,-80,-80,0,-78,-67,-68,-89,0,-82,-83,0,0,0,0,0,-86,-84,-81,-81,-85,-81,-79,-79,-60,-67
-68,-69,-61,-61,0,0,0,-77,-77,-77,0,0,-73,-73,0,-84,0,0,-58,-57,-57,-55,0,0,-68,-68,-86,-88,-80,-80,0,-78,-67,-68,-89,0,-82,-83,0,0,0,0,0,-86,-84,-81,-81,-85,-81,-79,-79,-60,-67
-68,-69,-61,-61,0,0,0,-77,-77,-77,0,0,-73,-73,0,-84,0,0,-58,-57,-57,-55,0,0,-68,-68,-86,-88,-80,-80,0,-78,-67,-68,-89,0,-82,-83,0,0,0,0,0,-86,-84,-81,-81,-85,-81,-79,-79,-60,-67
-68,-69,-61,-61,0,0,0,-77,-77,-77,0,0,-73,-73,0,-84,0,0,-58,-57,-57,-55,0,0,-68,-68,-86,-88,-80,-80,0,-78,-67,-68,-89,0,-82,-83,0,0,0,0,0,-86,-84,-81,-81,-85,-81,-79,-79,-60,-67
-68,-67,-67,-68,0,0,0,-79,-72,-73,0,0,-77,-77,-82,-84,0,0,-55,-52,-60,-60,-74,-72,-70,-70,0,0,-81,-81,0,-78,-70,-70,-89,0,0,0,0,0,0,0,0,-86,-84,0,0,-85,-81,-79,-79,-55,-73
-68,-67,-67,-68,0,0,0,-79,-72,-73,0,0,-77,-77,-82,-84,0,0,-55,-52,-60,-60,-74,-72,-70,-70,0,0,-81,-81,0,-78,-70,-70,-89,0,0,0,0,0,0,0,0,-86,-84,0,0,-85,-81,-79,-79,-55,-73
-68,-67,-67,-68,0,0,0,-79,-72,-73,0,0,-77,-77,-82,-84,0,0,-55,-52,-60,-60,-74,-72,-70,-70,0,0,-81,-81,0,-78,-70,-70,-89,0,0,0,0,0,0,0,0,-86,-84,0,0,-85,-81,-79,-79,-55,-73
-68,-67,-67,-68,0,0,0,-79,-72,-73,0,0,-77,-77,-82,-84,0,0,-55,-52,-60,-60,-74,-72,-70,-70,0,0,-81,-81,0,-78,-70,-70,-89,0,0,0,0,0,0,0,0,-86,-84,0,0,-85,-81,-79,-79,-55,-73
0,-66,-65,-65,-84,0,0,-78,-75,-75,0,0,-77,-77,-82,-84,0,-84,-57,-55,-63,-60,-78,-72,-73,-73,0,0,-80,-80,0,0,-61,-61,0,0,0,0,0,0,0,0,0,-86,-84,0,0,-85,-84,-79,-79,-61,-71
0,-66,-65,-65,-84,0,0,-78,-75,-75,0,0,-77,-77,-82,-84,0,-84,-57,-55,-63,-60,-78,-72,-73,-73,0,0,-80,-80,0,0,-61,-61,0,0,0,0,0,0,0,0,0,-86,-84,0,0,-85,-84,-79,-79,-61,-71
0,-66,-65,-65,-84,0,0,-78,-75,-75,0,0,-77,-77,-82,-84,0,-84,-57,-55,-63,-60,-78,-72,-73,-73,0,0,-80,-80,0,0,-61,-61,0,0,0,0,0,0,0,0,0,-86,-84,0,0,-85,-84,-79,-79,-61,-71
0,-66,-65,-65,-84,0,0,-78,-75,-75,0,0,-77,-77,-82,-84,0,-84,-57,-55,-63,-60,-78,-72,-73,-73,0,0,-80,-80,0,0,-61,-61,0,0,0,0,0,0,0,0,0,-86,-84,0,0,-85,-84,-79,-79,-61,-71
0,-66,-66,-66,-84,0,0,-76,-77,-75,-82,-80,-77,-77,-82,0,0,-84,-53,-50,-57,-57,-78,-76,-71,-72,-86,0,-80,-80,0,-79,-68,-68,0,0,0,0,0,0,0,0,0,0,0,0,0,-79,-82,0,0,-53,-70
0,-66,-66,-66,-84,0,0,-76,-77,-75,-82,-80,-77,-77,-82,0,0,-84,-53,-50,-57,-57,-78,-76,-71,-72,-86,0,-80,-80,0,-79,-68,-68,0,0,0,0,0,0,0,0,0,0,0,0,0,-79,-82,0,0,-53,-70
0,-66,-66,-66,-84,0,0,-76,-77,-75,-82,-80,-77,-77,-82,0,0,-84,-53,-50,-57,-57,-78,-76,-71,-72,-86,0,-80,-80,0,-79,-68,-68,0,0,0,0,0,0,0,0,0,0,0,0,0,-79,-82,0,0,-53,-70
0,-66,-66,-66,-84,0,0,-76,-77,-75,-82,-80,-77,-77,-82,0,0,-84,-53,-50,-57,-57,-78,-76,-71,-72,-86,0,-80,-80,0,-79,-68,-68,0,0,0,0,0,0,0,0,0,0,0,0,0,-79,-82,0,0,-53,-70
-70,-69,-65,-66,-84,0,0,-77,-77,-78,-82,-80,-79,-79,0,0,-83,-83,-56,-55,-65,-61,-79,-76,-71,-71,-86,0,-83,-83,0,-79,-66,-66,0,0,0,0,0,0,0,0,0,0,0,0,0,-79,-82,-84,0,-57,-74
-70,-69,-65,-66,-84,0,0,-77,-77,-78,-82,-80,-79,-79,0,0,-83,-83,-56,-55,-65,-61,-79,-76,-71,-71,-86,0,-83,-83,0,-79,-66,-66,0,0,0,0,0,0,0,0,0,0,0,0,0,-79,-82,-84,0,-57,-74
-70,-69,-65,-66,-84,0,0,-77,-77,-78,-82,-80,-79,-79,0,0,-83,-83,-56,-55,-65,-61,-79,-76,-71,-71,-86,0,-83,-83,0,-79,-66,-66,0,0,0,0,0,0,0,0,0,0,0,0,0,-79,-82,-84,0,-57,-74
-70,-69,-65,-66,-84,0,0,-77,-77,-78,-82,-80,-79,-79,0,0,-83,-83,-56,-55,-65,-61,-79,-76,-71,-71,-86,0,-83,-83,0,-79,-66,-66,0,0,0,0,0,0,0,0,0,0,0,0,0,-79,-82,-84,0,-57,-74
-70,-62,-69,-70,0,0,0,-77,-73,-73,-80,-78,-74,-72,0,0,-85,-85,-56,-53,-62,-58,-79,-76,-70,-70,-84,0,-81,-80,0,-79,-63,-63,0,0,0,0,0,0,0,-86,0,0,0,0,0,-87,-83,-83,-81,-57,-67
-70,-62,-69,-70,0,0,0,-77,-73,-73,-80,-78,-74,-72,0,0,-85,-85,-56,-53,-62,-58,-79,-76,-70,-70,-84,0,-81,-80,0,-79,-63,-63,0,0,0,0,0,0,0,-86,0,0,0,0,0,-87,-83,-83,-81,-57,-67
-70,-62,-69,-70,0,0,0,-77,-73,-73,-80,-78,-74,-72,0,0,-85,-85,-56,-53,-62,-58,-79,-76,-70,-70,-84,0,-81,-80,0,-79,-63,-63,0,0,0,0,0,0,0,-86,0,0,0,0,0,-87,-83,-83,-81,-57,-67
-70,-62,-69,-70,0,0,0,-77,-73,-73,-80,-78,-74,-72,0,0,-85,-85,-56,-53,-62,-58,-79,-76,-70,-70,-84,0,-81,-80,0,-79,-63,-63,0,0,0,0,0,0,0,-86,0,0,0,0,0,-87,-83,-83,-81,-57,-67
-66,-63,-72,-71,0,0,0,-77,-75,-74,-80,-78,-73,-74,0,0,-83,-84,-56,-56,-58,-58,-79,0,-72,-72,-84,0,-78,-79,-72,-74,-61,-62,0,0,-84,-84,0,0,0,-86,0,0,0,0,-84,-87,-83,-83,-81,-56,-67
-66,-63,-72,-71,0,0,0,-77,-75,-74,-80,-78,-73,-74,0,0,-83,-84,-56,-56,-58,-58,-79,0,-72,-72,-84,0,-78,-79,-72,-74,-61,-62,0,0,-84,-84,0,0,0,-86,0,0,0,0,-84,-87,-83,-83,-81,-56,-67
-66,-63,-72,-71,0,0,0,-77,-75,-74,-80,-78,-73,-74,0,0,-83,-84,-56,-56,-58,-58,-79,0,-72,-72,-84,0,-78,-79,-72,-74,-61,-62,0,0,-84,-84,0,0,0,-86,0,0,0,0,-84,-87,-83,-83,-81,-56,-67
-67,-65,-67,-67,-81,0,0,-78,-74,-74,-80,-78,-76,-74,0,0,-83,-84,-58,-55,-59,-59,-78,0,-73,-73,-84,0,-79,-79,-73,-75,-62,-62,0,0,-84,-84,0,0,0,-86,0,0,0,0,-84,-87,-85,-83,-81,-58,-72
-67,-65,-67,-67,-81,0,0,-78,-74,-74,-80,-78,-76,-74,0,0,-83,-84,-58,-55,-59,-59,-78,0,-73,-73,-84,0,-79,-79,-73,-75,-62,-62,0,0,-84,-84,0,0,0,-86,0,0,0,0,-84,-87,-85,-83,-81,-58,-72
-67,-65,-67,-67,-81,0,0,-78,-74,-74,-80,-78,-76,-74,0,0,-83,-84,-58,-55,-59,-59,-78,0,-73,-73,-84,0,-79,-79,-73,-75,-62,-62,0,0,-84,-84,0,0,0,-86,0,0,0,0,-84,-87,-85,-83,-81,-58,-72
-67,-65,-67,-67,-81,0,0,-78,-74,-74,-80,-78,-76,-74,0,0,-83,-84,-58,-55,-59,-59,-78,0,-73,-73,-84,0,-79,-79,-73,-75,-62,-62,0,0,-84,-84,0,0,0,-86,0,0,0,0,-84,-87,-85,-83,-81,-58,-72
-66,-65,-66,-66,-81,0,0,-78,-75,-75,0,0,-75,-73,-83,-84,-83,-84,-60,-57,-59,-57,-78,-74,-72,-71,0,-87,-80,-80,-73,-74,-62,-62,0,0,-85,-85,0,0,0,0,0,0,0,0,-84,0,-85,0,0,-56,-72
-66,-65,-66,-66,-81,0,0,-78,-75,-75,0,0,-75,-73,-83,-84,-83,-84,-60,-57,-59,-57,-78,-74,-72,-71,0,-87,-80,-80,-73,-74,-62,-62,0,0,-85,-85,0,0,0,0,0,0,0,0,-84,0,-85,0,0,-56,-72
-66,-65,-66,-66,-81,0,0,-78,-75,-75,0,0,-75,-73,-83,-84,-83,-84,-60,-57,-59,-57,-78,-74,-72,-71,0,-87,-80,-80,-73,-74,-62,-62,0,0,-85,-85,0,0,0,0,0,0,0,0,-84,0,-85,0,0,-56,-72
-66,-65,-66,-66,-81,0,0,-78,-75,-75,0,0,-75,-73,-83,-84,-83,-84,-60,-57,-59,-57,-78,-74,-72,-71,0,-87,-80,-80,-73,-74,-62,-62,0,0,-85,-85,0,0,0,0,0,0,0,0,-84,0,-85,0,0,-56,-72
-66,-65,-67,-68,-81,0,0,-77,-76,-75,0,0,-74,-75,-83,-84,-83,-84,-59,-57,-59,-58,-78,-74,-72,-72,0,-87,-80,-80,-74,-76,-62,-62,0,0,-85,-85,0,0,0,0,0,0,0,0,0,0,-85,0,0,-57,-68
-66,-65,-67,-68,-81,0,0,-77,-76,-75,0,0,-74,-75,-83,-84,-83,-84,-59,-57,-59,-58,-78,-74,-72,-72,0,-87,-80,-80,-74,-76,-62,-62,0,0,-85,-85,0,0,0,0,0,0,0,0,0,0,-85,0,0,-57,-68
-66,-65,-67,-68,-81,0,0,-77,-76,-75,0,0,-74,-75,-83,-84,-83,-84,-59,-57,-59,-58,-78,-74,-72,-72,0,-87,-80,-80,-74,-76,-62,-62,0,0,-85,-85,0,0,0,0,0,0,0,0,0,0,-85,0,0,-57,-68
-66,-65,-67,-68,-81,0,0,-77,-76,-75,0,0,-74,-75,-83,-84,-83,-84,-59,-57,-59,-58,-78,-74,-72,-72,0,-87,-80,-80,-74,-76,-62,-62,0,0,-85,-85,0,0,0,0,0,0,0,0,0,0,-85,0,0,-57,-68
-66,-64,-66,-67,-80,0,0,-77,-74,-75,-78,-78,-82,-82,-83,-84,-83,-83,-56,-57,-58,-58,0,-73,-71,-71,0,-87,-79,-80,-74,-75,-62,-62,0,0,-85,-85,0,0,0,0,0,0,0,0,0,0,0,0,0,-57,-66
-66,-64,-66,-67,-80,0,0,-77,-74,-75,-78,-78,-82,-82,-83,-84,-83,-83,-56,-57,-58,-58,0,-73,-71,-71,0,-87,-79,-80,-74,-75,-62,-62,0,0,-85,-85,0,0,0,0,0,0,0,0,0,0,0,0,0,-57,-66
-66,-64,-66,-67,-80,0,0,-77,-74,-75,-78,-78,-82,-82,-83,-84,-83,-83,-56,-57,-58,-58,0,-73,-71,-71,0,-87,-79,-80,-74,-75,-62,-62,0,0,-85,-85,0,0,0,0,0,0,0,0,0,0,0,0,0,-57,-66
-66,-64,-66,-67,-80,0,0,-77,-74,-75,-78,-78,-82,-82,-83,-84,-83,-83,-56,-57,-58,-58,0,-73,-71,-71,0,-87,-79,-80,-74,-75,-62,-62,0,0,-85,-85,0,0,0,0,0,0,0,0,0,0,0,0,0,-57,-66
-68,-65,-67,-68,-80,0,0,-77,-74,-75,-78,-79,-75,-73,0,0,-83,-85,-56,-57,-60,-59,0,-73,-72,-73,0,-87,-79,-79,-73,-74,-62,-62,0,0,0,0,0,0,0,0,0,0,0,0,0,0,0,0,0,-57,-72
-68,-65,-67,-68,-80,0,0,-77,-74,-75,-78,-79,-75,-73,0,0,-83,-85,-56,-57,-60,-59,0,-73,-72,-73,0,-87,-79,-79,-73,-74,-62,-62,0,0,0,0,0,0,0,0,0,0,0,0,0,0,0,0,0,-57,-72
-68,-65,-67,-68,-80,0,0,-77,-74,-75,-78,-79,-75,-73,0,0,-83,-85,-56,-57,-60,-59,0,-73,-72,-73,0,-87,-79,-79,-73,-74,-62,-62,0,0,0,0,0,0,0,0,0,0,0,0,0,0,0,0,0,-57,-72
-68,-65,-67,-68,-80,0,0,-77,-74,-75,-78,-79,-75,-73,0,0,-83,-85,-56,-57,-60,-59,0,-73,-72,-73,0,-87,-79,-79,-73,-74,-62,-62,0,0,0,0,0,0,0,0,0,0,0,0,0,0,0,0,0,-57,-72
-68,-64,-69,-70,-80,0,0,-76,-74,-74,-78,-79,-73,-74,0,0,-83,-85,-54,-56,-68,-67,-78,-77,-74,-75,0,0,-77,-78,-73,-75,-65,-65,0,0,0,0,0,0,0,0,0,0,0,0,0,0,0,0,0,-58,-72
-68,-64,-69,-70,-80,0,0,-76,-74,-74,-78,-79,-73,-74,0,0,-83,-85,-54,-56,-68,-67,-78,-77,-74,-75,0,0,-77,-78,-73,-75,-65,-65,0,0,0,0,0,0,0,0,0,0,0,0,0,0,0,0,0,-58,-72
-68,-64,-69,-70,-80,0,0,-76,-74,-74,-78,-79,-73,-74,0,0,-83,-85,-54,-56,-68,-67,-78,-77,-74,-75,0,0,-77,-78,-73,-75,-65,-65,0,0,0,0,0,0,0,0,0,0,0,0,0,0,0,0,0,-58,-72
-68,-64,-69,-70,-80,0,0,-76,-74,-74,-78,-79,-73,-74,0,0,-83,-85,-54,-56,-68,-67,-78,-77,-74,-75,0,0,-77,-78,-73,-75,-65,-65,0,0,0,0,0,0,0,0,0,0,0,0,0,0,0,0,0,-58,-72
-67,-64,-62,-62,0,0,0,-76,-74,-75,0,-79,-75,-75,-85,0,0,-85,-57,-55,-64,-64,-78,-77,-76,-75,0,0,-80,-81,-72,-71,-65,-65,0,0,0,0,0,0,0,0,0,0,0,0,0,0,0,-84,-83,-59,-73
-67,-64,-62,-62,0,0,0,-76,-74,-75,0,-79,-75,-75,-85,0,0,-85,-57,-55,-64,-64,-78,-77,-76,-75,0,0,-80,-81,-72,-71,-65,-65,0,0,0,0,0,0,0,0,0,0,0,0,0,0,0,-84,-83,-59,-73
-67,-64,-62,-62,0,0,0,-76,-74,-75,0,-79,-75,-75,-85,0,0,-85,-57,-55,-64,-64,-78,-77,-76,-75,0,0,-80,-81,-72,-71,-65,-65,0,0,0,0,0,0,0,0,0,0,0,0,0,0,0,-84,-83,-59,-73
-67,-64,-62,-62,0,0,0,-76,-74,-75,0,-79,-75,-75,-85,0,0,-85,-57,-55,-64,-64,-78,-77,-76,-75,0,0,-80,-81,-72,-71,-65,-65,0,0,0,0,0,0,0,0,0,0,0,0,0,0,0,-84,-83,-59,-73
-62,-60,-73,-75,0,0,0,-76,-75,-76,0,0,-74,-73,-85,0,0,0,-57,-56,-66,-65,-78,-73,-74,-73,0,0,-78,-79,-70,-71,-66,-66,-87,0,-82,-83,0,0,0,0,0,0,0,-85,-83,0,0,-84,-83,-59,-71
-62,-60,-73,-75,0,0,0,-76,-75,-76,0,0,-74,-73,-85,0,0,0,-57,-56,-66,-65,-78,-73,-74,-73,0,0,-78,-79,-70,-71,-66,-66,-87,0,-82,-83,0,0,0,0,0,0,0,-85,-83,0,0,-84,-83,-59,-71
-62,-60,-73,-75,0,0,0,-76,-75,-76,0,0,-74,-73,-85,0,0,0,-57,-56,-66,-65,-78,-73,-74,-73,0,0,-78,-79,-70,-71,-66,-66,-87,0,-82,-83,0,0,0,0,0,0,0,-85,-83,0,0,-84,-83,-59,-71
-64,-61,-64,-65,0,0,0,-76,-76,-75,0,0,-74,-75,-85,0,0,0,-58,-56,-66,-64,-77,-75,-72,-73,0,0,-80,-79,-70,-71,-64,-64,-87,0,-82,-83,0,0,0,0,0,0,0,-85,-83,0,0,-84,-83,-58,-70
-64,-61,-64,-65,0,0,0,-76,-76,-75,0,0,-74,-75,-85,0,0,0,-58,-56,-66,-64,-77,-75,-72,-73,0,0,-80,-79,-70,-71,-64,-64,-87,0,-82,-83,0,0,0,0,0,0,0,-85,-83,0,0,-84,-83,-58,-70
-64,-61,-64,-65,0,0,0,-76,-76,-75,0,0,-74,-75,-85,0,0,0,-58,-56,-66,-64,-77,-75,-72,-73,0,0,-80,-79,-70,-71,-64,-64,-87,0,-82,-83,0,0,0,0,0,0,0,-85,-83,0,0,-84,-83,-58,-70
-64,-61,-64,-65,0,0,0,-76,-76,-75,0,0,-74,-75,-85,0,0,0,-58,-56,-66,-64,-77,-75,-72,-73,0,0,-80,-79,-70,-71,-64,-64,-87,0,-82,-83,0,0,0,0,0,0,0,-85,-83,0,0,-84,-83,-58,-70
-63,-60,-66,-65,0,0,0,-76,-75,-75,0,0,-75,-73,0,0,0,0,-58,-56,-68,-67,-77,-75,-71,-71,0,0,-79,-79,-70,-71,-66,-66,-87,0,-82,-83,0,0,0,0,0,0,0,-85,-83,0,-86,-84,-84,-58,-70
-63,-60,-66,-65,0,0,0,-76,-75,-75,0,0,-75,-73,0,0,0,0,-58,-56,-68,-67,-77,-75,-71,-71,0,0,-79,-79,-70,-71,-66,-66,-87,0,-82,-83,0,0,0,0,0,0,0,-85,-83,0,-86,-84,-84,-58,-70
-63,-60,-66,-65,0,0,0,-76,-75,-75,0,0,-75,-73,0,0,0,0,-58,-56,-68,-67,-77,-75,-71,-71,0,0,-79,-79,-70,-71,-66,-66,-87,0,-82,-83,0,0,0,0,0,0,0,-85,-83,0,-86,-84,-84,-58,-70
-63,-60,-66,-65,0,0,0,-76,-75,-75,0,0,-75,-73,0,0,0,0,-58,-56,-68,-67,-77,-75,-71,-71,0,0,-79,-79,-70,-71,-66,-66,-87,0,-82,-83,0,0,0,0,0,0,0,-85,-83,0,-86,-84,-84,-58,-70
-62,-61,-68,-68,0,0,0,-76,-75,-75,-78,-76,-76,-74,0,0,0,0,-58,-56,-68,-67,-77,-75,-73,-73,0,0,-79,-78,0,-71,-63,-63,0,0,0,0,0,0,0,0,0,0,0,0,0,-87,-86,-84,-84,-59,-62
-62,-61,-68,-68,0,0,0,-76,-75,-75,-78,-76,-76,-74,0,0,0,0,-58,-56,-68,-67,-77,-75,-73,-73,0,0,-79,-78,0,-71,-63,-63,0,0,0,0,0,0,0,0,0,0,0,0,0,-87,-86,-84,-84,-59,-62
-62,-61,-68,-68,0,0,0,-76,-75,-75,-78,-76,-76,-74,0,0,0,0,-58,-56,-68,-67,-77,-75,-73,-73,0,0,-79,-78,0,-71,-63,-63,0,0,0,0,0,0,0,0,0,0,0,0,0,-87,-86,-84,-84,-59,-62
-62,-61,-68,-68,0,0,0,-76,-75,-75,-78,-76,-76,-74,0,0,0,0,-58,-56,-68,-67,-77,-75,-73,-73,0,0,-79,-78,0,-71,-63,-63,0,0,0,0,0,0,0,0,0,0,0,0,0,-87,-86,-84,-84,-59,-62
-62,-60,-67,-67,0,0,0,0,-75,-75,-78,-76,-74,-74,0,0,0,0,-58,-56,-67,-66,0,0,-74,-74,0,0,-78,-78,0,-71,-63,-63,0,0,0,0,0,0,0,0,0,0,0,0,0,-87,-86,-84,-85,-57,-70
-62,-60,-67,-67,0,0,0,0,-75,-75,-78,-76,-74,-74,0,0,0,0,-58,-56,-67,-66,0,0,-74,-74,0,0,-78,-78,0,-71,-63,-63,0,0,0,0,0,0,0,0,0,0,0,0,0,-87,-86,-84,-85,-57,-70
-62,-60,-67,-67,0,0,0,0,-75,-75,-78,-76,-74,-74,0,0,0,0,-58,-56,-67,-66,0,0,-74,-74,0,0,-78,-78,0,-71,-63,-63,0,0,0,0,0,0,0,0,0,0,0,0,0,-87,-86,-84,-85,-57,-70
-62,-60,-67,-67,0,0,0,0,-75,-75,-78,-76,-74,-74,0,0,0,0,-58,-56,-67,-66,0,0,-74,-74,0,0,-78,-78,0,-71,-63,-63,0,0,0,0,0,0,0,0,0,0,0,0,0,-87,-86,-84,-85,-57,-70
-62,-61,-64,-66,0,0,0,0,-76,-77,-78,-76,-75,-75,0,0,0,0,-57,-57,-65,-64,0,0,-71,-71,0,0,-79,-79,0,-71,-63,-64,0,0,-81,-82,0,0,0,0,0,0,0,-83,-85,-87,0,0,-85,-58,-73
-62,-61,-64,-66,0,0,0,0,-76,-77,-78,-76,-75,-75,0,0,0,0,-57,-57,-65,-64,0,0,-71,-71,0,0,-79,-79,0,-71,-63,-64,0,0,-81,-82,0,0,0,0,0,0,0,-83,-85,-87,0,0,-85,-58,-73
-62,-61,-64,-66,0,0,0,0,-76,-77,-78,-76,-75,-75,0,0,0,0,-57,-57,-65,-64,0,0,-71,-71,0,0,-79,-79,0,-71,-63,-64,0,0,-81,-82,0,0,0,0,0,0,0,-83,-85,-87,0,0,-85,-58,-73
-62,-61,-64,-66,0,0,0,0,-76,-77,-78,-76,-75,-75,0,0,0,0,-57,-57,-65,-64,0,0,-71,-71,0,0,-79,-79,0,-71,-63,-64,0,0,-81,-82,0,0,0,0,0,0,0,-83,-85,-87,0,0,-85,-58,-73
-63,-60,-66,-67,-82,0,0,-75,-75,-76,0,0,-74,-76,0,0,0,0,-57,-57,-68,-67,0,-75,-71,-71,0,0,-79,-79,0,-72,-66,-67,-86,-88,-81,-82,0,0,0,0,0,0,0,-83,-85,0,0,0,-85,-59,-69
-63,-60,-66,-67,-82,0,0,-75,-75,-76,0,0,-74,-76,0,0,0,0,-57,-57,-68,-67,0,-75,-71,-71,0,0,-79,-79,0,-72,-66,-67,-86,-88,-81,-82,0,0,0,0,0,0,0,-83,-85,0,0,0,-85,-59,-69
-63,-60,-66,-67,-82,0,0,-75,-75,-76,0,0,-74,-76,0,0,0,0,-57,-57,-68,-67,0,-75,-71,-71,0,0,-79,-79,0,-72,-66,-67,-86,-88,-81,-82,0,0,0,0,0,0,0,-83,-85,0,0,0,-85,-59,-69
-63,-60,-66,-67,-82,0,0,-75,-75,-76,0,0,-74,-76,0,0,0,0,-57,-57,-68,-67,0,-75,-71,-71,0,0,-79,-79,0,-72,-66,-67,-86,-88,-81,-82,0,0,0,0,0,0,0,-83,-85,0,0,0,-85,-59,-69
-62,-60,-67,-67,-81,0,0,-75,-75,-75,0,0,-75,-74,0,0,0,0,-57,-57,-68,-67,-78,-75,-72,-73,0,0,-79,-79,-71,-71,-66,-66,-86,-88,-81,-82,0,0,0,0,0,0,0,-83,-83,0,0,0,0,-57,-69
-62,-60,-67,-67,-81,0,0,-75,-75,-75,0,0,-75,-74,0,0,0,0,-57,-57,-68,-67,-78,-75,-72,-73,0,0,-79,-79,-71,-71,-66,-66,-86,-88,-81,-82,0,0,0,0,0,0,0,-83,-83,0,0,0,0,-57,-69
-62,-60,-67,-67,-81,0,0,-75,-75,-75,0,0,-75,-74,0,0,0,0,-57,-57,-68,-67,-78,-75,-72,-73,0,0,-79,-79,-71,-71,-66,-66,-86,-88,-81,-82,0,0,0,0,0,0,0,-83,-83,0,0,0,0,-57,-69
-62,-60,-65,-65,-81,0,0,-76,-75,-75,0,0,-74,-74,0,0,0,0,-59,-57,-66,-64,-78,-75,-74,-72,0,0,-79,-78,-71,-71,-64,-64,-86,-88,-82,-82,-89,0,0,0,0,0,0,-84,-84,0,0,0,0,-58,-71
-62,-60,-65,-65,-81,0,0,-76,-75,-75,0,0,-74,-74,0,0,0,0,-59,-57,-66,-64,-78,-75,-74,-72,0,0,-79,-78,-71,-71,-64,-64,-86,-88,-82,-82,-89,0,0,0,0,0,0,-84,-84,0,0,0,0,-58,-71
-62,-60,-65,-65,-81,0,0,-76,-75,-75,0,0,-74,-74,0,0,0,0,-59,-57,-66,-64,-78,-75,-74,-72,0,0,-79,-78,-71,-71,-64,-64,-86,-88,-82,-82,-89,0,0,0,0,0,0,-84,-84,0,0,0,0,-58,-71
-62,-60,-65,-65,-81,0,0,-76,-75,-75,0,0,-74,-74,0,0,0,0,-59,-57,-66,-64,-78,-75,-74,-72,0,0,-79,-78,-71,-71,-64,-64,-86,-88,-82,-82,-89,0,0,0,0,0,0,-84,-84,0,0,0,0,-58,-71
-63,-60,-61,-61,-81,0,0,-75,-72,-73,0,0,-75,-75,0,0,-84,-83,-58,-56,-63,-62,-79,-76,-73,-73,0,0,-78,-78,-71,-71,-72,-71,-88,0,-82,-82,-89,0,0,0,0,0,0,-84,-84,0,0,0,0,-59,-70
