-61,-59,-75,-75,0,0,0,-81,-83,-85,-87,-86,-75,-78,0,-78,0,0,-62,-61,-70,-59,-78,0,-73,-74,-82,-84,-82,-82,-81,-74,-61,-61,0,0,-85,-83,0,0,0,0,0,0,0,-79,-80,0,-88,-83,-84,-58,-77
-61,-59,-75,-75,0,0,0,-81,-83,-85,-87,-86,-75,-78,0,-78,0,0,-62,-61,-70,-59,-78,0,-73,-74,-82,-84,-82,-82,-81,-74,-61,-61,0,0,-85,-83,0,0,0,0,0,0,0,-79,-80,0,-88,-83,-84,-58,-77
-68,-63,-61,-61,0,0,0,-81,-73,-74,-87,-86,-78,-78,0,-78,0,0,-56,-54,-68,-68,-71,-69,-68,-68,-82,-84,-77,-77,-81,-74,-61,-61,0,0,0,-84,0,0,0,0,0,0,0,-79,-80,0,-88,-84,-85,-62,-65
-68,-63,-61,-61,0,0,0,-81,-73,-74,-87,-86,-78,-78,0,-78,0,0,-56,-54,-68,-68,-71,-69,-68,-68,-82,-84,-77,-77,-81,-74,-61,-61,0,0,0,-84,0,0,0,0,0,0,0,-79,-80,0,-88,-84,-85,-62,-65
-68,-63,-61,-61,0,0,0,-81,-73,-74,-87,-86,-78,-78,0,-78,0,0,-56,-54,-68,-68,-71,-69,-68,-68,-82,-84,-77,-77,-81,-74,-61,-61,0,0,0,-84,0,0,0,0,0,0,0,-79,-80,0,-88,-84,-85,-62,-65
-68,-63,-61,-61,0,0,0,-81,-73,-74,-87,-86,-78,-78,0,-78,0,0,-56,-54,-68,-68,-71,-69,-68,-68,-82,-84,-77,-77,-81,-74,-61,-61,0,0,0,-84,0,0,0,0,0,0,0,-79,-80,0,-88,-84,-85,-62,-65
-64,-62,-64,-64,0,0,0,-81,-83,-83,0,0,-76,-75,-80,-79,0,0,-58,-56,-65,-65,-71,-69,-71,-71,0,0,-79,-79,0,-74,-69,-69,0,0,0,-84,0,0,0,0,0,0,-85,-79,-80,-88,-85,-84,-85,-57,-80
-64,-62,-64,-64,0,0,0,-81,-83,-83,0,0,-76,-75,-80,-79,0,0,-58,-56,-65,-65,-71,-69,-71,-71,0,0,-79,-79,0,-74,-69,-69,0,0,0,-84,0,0,0,0,0,0,-85,-79,-80,-88,-85,-84,-85,-57,-80
-64,-62,-64,-64,0,0,0,-81,-83,-83,0,0,-76,-75,-80,-79,0,0,-58,-56,-65,-65,-71,-69,-71,-71,0,0,-79,-79,0,-74,-69,-69,0,0,0,-84,0,0,0,0,0,0,-85,-79,-80,-88,-85,-84,-85,-57,-80
-64,-62,-64,-64,0,0,0,-81,-83,-83,0,0,-76,-75,-80,-79,0,0,-58,-56,-65,-65,-71,-69,-71,-71,0,0,-79,-79,0,-74,-69,-69,0,0,0,-84,0,0,0,0,0,0,-85,-79,-80,-88,-85,-84,-85,-57,-80
-64,-63,-64,-65,-92,0,0,-72,-79,-79,0,0,-76,-75,-78,-76,-83,0,-56,-53,-70,-69,-71,-69,-73,-74,0,0,-75,-75,0,0,-68,-69,0,0,0,-84,0,0,-89,0,0,0,-85,-79,-80,-88,-85,-84,-85,-55,-71
-64,-63,-64,-65,-92,0,0,-72,-79,-79,0,0,-76,-75,-78,-76,-83,0,-56,-53,-70,-69,-71,-69,-73,-74,0,0,-75,-75,0,0,-68,-69,0,0,0,-84,0,0,-89,0,0,0,-85,-79,-80,-88,-85,-84,-85,-55,-71
-64,-63,-64,-65,-92,0,0,-72,-79,-79,0,0,-76,-75,-78,-76,-83,0,-56,-53,-70,-69,-71,-69,-73,-74,0,0,-75,-75,0,0,-68,-69,0,0,0,-84,0,0,-89,0,0,0,-85,-79,-80,-88,-85,-84,-85,-55,-71
-64,-63,-64,-65,-92,0,0,-72,-79,-79,0,0,-76,-75,-78,-76,-83,0,-56,-53,-70,-69,-71,-69,-73,-74,0,0,-75,-75,0,0,-68,-69,0,0,0,-84,0,0,-89,0,0,0,-85,-79,-80,-88,-85,-84,-85,-55,-71
-64,-63,-65,-65,-92,-86,0,-72,-82,-82,0,0,-78,-80,-78,-76,-68,0,-57,-54,-67,-67,-78,0,-72,-72,-81,0,-75,-76,-82,-82,-67,-67,0,0,0,0,0,0,-89,0,0,0,-85,0,0,-88,-85,0,0,-54,-64
-64,-63,-65,-65,-92,-86,0,-72,-82,-82,0,0,-78,-80,-78,-76,-68,0,-57,-54,-67,-67,-78,0,-72,-72,-81,0,-75,-76,-82,-82,-67,-67,0,0,0,0,0,0,-89,0,0,0,-85,0,0,-88,-85,0,0,-54,-64
-64,-63,-65,-65,-92,-86,0,-72,-82,-82,0,0,-78,-80,-78,-76,-68,0,-57,-54,-67,-67,-78,0,-72,-72,-81,0,-75,-76,-82,-82,-67,-67,0,0,0,0,0,0,-89,0,0,0,-85,0,0,-88,-85,0,0,-54,-64
-64,-63,-65,-65,-92,-86,0,-72,-82,-82,0,0,-78,-80,-78,-76,-68,0,-57,-54,-67,-67,-78,0,-72,-72,-81,0,-75,-76,-82,-82,-67,-67,0,0,0,0,0,0,-89,0,0,0,-85,0,0,-88,-85,0,0,-54,-64
-66,-63,-66,-66,-92,-85,0,-85,-81,-81,0,0,-78,-80,-78,-78,-68,0,-57,-54,-67,-63,-78,0,-71,-71,-81,0,-75,-76,-82,-82,-65,-66,0,0,0,0,0,0,-87,0,0,-86,0,0,0,0,-86,0,0,-54,-71
-66,-63,-66,-66,-92,-85,0,-85,-81,-81,0,0,-78,-80,-78,-78,-68,0,-57,-54,-67,-63,-78,0,-71,-71,-81,0,-75,-76,-82,-82,-65,-66,0,0,0,0,0,0,-87,0,0,-86,0,0,0,0,-86,0,0,-54,-71
-66,-63,-66,-66,-92,-85,0,-85,-81,-81,0,0,-78,-80,-78,-78,-68,0,-57,-54,-67,-63,-78,0,-71,-71,-81,0,-75,-76,-82,-82,-65,-66,0,0,0,0,0,0,-87,0,0,-86,0,0,0,0,-86,0,0,-54,-71
-65,-64,-66,-67,0,-85,-85,-77,-79,-80,0,0,-78,-80,-78,-78,-86,0,-57,-54,-64,-63,-78,0,-71,-72,-82,-82,-75,-76,-82,-80,-66,-66,0,0,0,0,0,0,-87,0,0,-86,0,-78,-78,0,-86,0,0,-53,-65
-65,-64,-66,-67,0,-85,-85,-77,-79,-80,0,0,-78,-80,-78,-78,-86,0,-57,-54,-64,-63,-78,0,-71,-72,-82,-82,-75,-76,-82,-80,-66,-66,0,0,0,0,0,0,-87,0,0,-86,0,-78,-78,0,-86,0,0,-53,-65
-65,-64,-66,-67,0,-85,-85,-77,-79,-80,0,0,-78,-80,-78,-78,-86,0,-57,-54,-64,-63,-78,0,-71,-72,-82,-82,-75,-76,-82,-80,-66,-66,0,0,0,0,0,0,-87,0,0,-86,0,-78,-78,0,-86,0,0,-53,-65
-65,-64,-66,-67,0,-85,-85,-77,-79,-80,0,0,-78,-80,-78,-78,-86,0,-57,-54,-64,-63,-78,0,-71,-72,-82,-82,-75,-76,-82,-80,-66,-66,0,0,0,0,0,0,-87,0,0,-86,0,-78,-78,0,-86,0,0,-53,-65
-65,-61,-67,-67,0,-85,-85,-75,-79,-79,0,0,0,0,-79,-78,-86,0,-57,-55,-64,-64,0,0,-71,-71,-82,-82,-74,-74,0,-80,-66,-66,0,0,0,0,0,0,-87,0,0,-86,0,-78,-78,0,-86,0,0,-53,-71
-65,-61,-67,-67,0,-85,-85,-75,-79,-79,0,0,0,0,-79,-78,-86,0,-57,-55,-64,-64,0,0,-71,-71,-82,-82,-74,-74,0,-80,-66,-66,0,0,0,0,0,0,-87,0,0,-86,0,-78,-78,0,-86,0,0,-53,-71
-65,-61,-67,-67,0,-85,-85,-75,-79,-79,0,0,0,0,-79,-78,-86,0,-57,-55,-64,-64,0,0,-71,-71,-82,-82,-74,-74,0,-80,-66,-66,0,0,0,0,0,0,-87,0,0,-86,0,-78,-78,0,-86,0,0,-53,-71
-65,-61,-67,-67,0,-85,-85,-75,-79,-79,0,0,0,0,-79,-78,-86,0,-57,-55,-64,-64,0,0,-71,-71,-82,-82,-74,-74,0,-80,-66,-66,0,0,0,0,0,0,-87,0,0,-86,0,-78,-78,0,-86,0,0,-53,-71
-66,-63,-67,-67,0,-86,-85,-86,-80,-79,0,0,0,0,-79,-78,-86,0,-57,-55,-65,-64,-79,-78,-71,-71,-82,-82,-75,-76,0,-80,-68,-68,0,0,0,0,0,0,0,0,0,-86,-86,-78,-78,0,-86,0,0,-54,-72
-66,-63,-67,-67,0,-86,-85,-86,-80,-79,0,0,0,0,-79,-78,-86,0,-57,-55,-65,-64,-79,-78,-71,-71,-82,-82,-75,-76,0,-80,-68,-68,0,0,0,0,0,0,0,0,0,-86,-86,-78,-78,0,-86,0,0,-54,-72
-66,-63,-67,-67,0,-86,-85,-86,-80,-79,0,0,0,0,-79,-78,-86,0,-57,-55,-65,-64,-79,-78,-71,-71,-82,-82,-75,-76,0,-80,-68,-68,0,0,0,0,0,0,0,0,0,-86,-86,-78,-78,0,-86,0,0,-54,-72
-66,-63,-67,-67,0,-86,-85,-86,-80,-79,0,0,0,0,-79,-78,-86,0,-57,-55,-65,-64,-79,-78,-71,-71,-82,-82,-75,-76,0,-80,-68,-68,0,0,0,0,0,0,0,0,0,-86,-86,-78,-78,0,-86,0,0,-54,-72
-64,-62,-67,-66,0,-85,-85,-84,-81,-80,0,0,0,0,-77,-78,-85,0,-57,-54,-65,-63,-79,-78,-71,-71,-82,0,-76,-75,0,0,-69,-69,0,0,0,0,0,0,-87,0,0,-86,-86,0,0,0,-86,0,0,-55,-70
-64,-62,-67,-66,0,-85,-85,-84,-81,-80,0,0,0,0,-77,-78,-85,0,-57,-54,-65,-63,-79,-78,-71,-71,-82,0,-76,-75,0,0,-69,-69,0,0,0,0,0,0,-87,0,0,-86,-86,0,0,0,-86,0,0,-55,-70
-64,-62,-67,-66,0,-85,-85,-84,-81,-80,0,0,0,0,-77,-78,-85,0,-57,-54,-65,-63,-79,-78,-71,-71,-82,0,-76,-75,0,0,-69,-69,0,0,0,0,0,0,-87,0,0,-86,-86,0,0,0,-86,0,0,-55,-70
-64,-62,-67,-66,0,-85,-85,-84,-81,-80,0,0,0,0,-77,-78,-85,0,-57,-54,-65,-63,-79,-78,-71,-71,-82,0,-76,-75,0,0,-69,-69,0,0,0,0,0,0,-87,0,0,-86,-86,0,0,0,-86,0,0,-55,-70
-65,-62,-67,-67,0,-85,0,-84,-80,-82,0,0,0,0,-78,-77,-85,-86,-56,-56,-65,-64,-79,-78,-71,-71,-82,0,-76,-76,0,0,-67,-67,0,0,0,0,0,0,-84,0,0,0,-86,0,0,0,-86,0,0,-54,-71
-65,-62,-67,-67,0,-85,0,-84,-80,-82,0,0,0,0,-78,-77,-85,-86,-56,-56,-65,-64,-79,-78,-71,-71,-82,0,-76,-76,0,0,-67,-67,0,0,0,0,0,0,-84,0,0,0,-86,0,0,0,-86,0,0,-54,-71
-65,-62,-67,-67,0,-85,0,-84,-80,-82,0,0,0,0,-78,-77,-85,-86,-56,-56,-65,-64,-79,-78,-71,-71,-82,0,-76,-76,0,0,-67,-67,0,0,0,0,0,0,-84,0,0,0,-86,0,0,0,-86,0,0,-54,-71
-65,-62,-67,-67,0,-85,0,-84,-80,-82,0,0,0,0,-78,-77,-85,-86,-56,-56,-65,-64,-79,-78,-71,-71,-82,0,-76,-76,0,0,-67,-67,0,0,0,0,0,0,-84,0,0,0,-86,0,0,0,-86,0,0,-54,-71
-65,-64,-66,-67,0,-85,0,-84,-80,-82,0,0,0,0,-79,-77,-85,-86,-56,-56,-65,-64,-78,-77,-71,-71,-82,-82,-76,-75,-83,-81,-67,-67,0,0,0,0,0,0,-84,0,0,0,0,0,0,0,-88,0,0,-54,-71
-65,-64,-66,-67,0,-85,0,-84,-80,-82,0,0,0,0,-79,-77,-85,-86,-56,-56,-65,-64,-78,-77,-71,-71,-82,-82,-76,-75,-83,-81,-67,-67,0,0,0,0,0,0,-84,0,0,0,0,0,0,0,-88,0,0,-54,-71
-65,-64,-66,-67,0,-85,0,-84,-80,-82,0,0,0,0,-79,-77,-85,-86,-56,-56,-65,-64,-78,-77,-71,-71,-82,-82,-76,-75,-83,-81,-67,-67,0,0,0,0,0,0,-84,0,0,0,0,0,0,0,-88,0,0,-54,-71
-65,-64,-66,-67,0,-85,0,-84,-80,-82,0,0,0,0,-79,-77,-85,-86,-56,-56,-65,-64,-78,-77,-71,-71,-82,-82,-76,-75,-83,-81,-67,-67,0,0,0,0,0,0,-84,0,0,0,0,0,0,0,-88,0,0,-54,-71
-66,-63,-66,-67,0,0,0,-84,-81,-81,0,0,0,0,-78,-77,-85,-86,-57,-55,-64,-64,-78,-77,-71,-71,-82,-82,-74,-74,-83,-81,-69,-69,0,0,0,0,0,0,-84,0,0,0,0,-79,-79,0,-88,0,0,-54,-72
-66,-63,-66,-67,0,0,0,-84,-81,-81,0,0,0,0,-78,-77,-85,-86,-57,-55,-64,-64,-78,-77,-71,-71,-82,-82,-74,-74,-83,-81,-69,-69,0,0,0,0,0,0,-84,0,0,0,0,-79,-79,0,-88,0,0,-54,-72
-66,-63,-66,-67,0,0,0,-84,-81,-81,0,0,0,0,-78,-77,-85,-86,-57,-55,-64,-64,-78,-77,-71,-71,-82,-82,-74,-74,-83,-81,-69,-69,0,0,0,0,0,0,-84,0,0,0,0,-79,-79,0,-88,0,0,-54,-72
-66,-62,-66,-66,0,0,0,0,-80,-81,0,0,0,0,-78,-77,-85,0,-58,-55,-65,-65,-78,-77,-71,-71,-82,-82,-76,-76,-83,-80,-70,-69,0,0,0,0,0,0,0,0,0,0,0,-79,-79,0,-88,0,0,-54,-72
-66,-62,-66,-66,0,0,0,0,-80,-81,0,0,0,0,-78,-77,-85,0,-58,-55,-65,-65,-78,-77,-71,-71,-82,-82,-76,-76,-83,-80,-70,-69,0,0,0,0,0,0,0,0,0,0,0,-79,-79,0,-88,0,0,-54,-72
-66,-62,-66,-66,0,0,0,0,-80,-81,0,0,0,0,-78,-77,-85,0,-58,-55,-65,-65,-78,-77,-71,-71,-82,-82,-76,-76,-83,-80,-70,-69,0,0,0,0,0,0,0,0,0,0,0,-79,-79,0,-88,0,0,-54,-72
-66,-62,-66,-66,0,0,0,0,-80,-81,0,0,0,0,-78,-77,-85,0,-58,-55,-65,-65,-78,-77,-71,-71,-82,-82,-76,-76,-83,-80,-70,-69,0,0,0,0,0,0,0,0,0,0,0,-79,-79,0,-88,0,0,-54,-72
-66,-63,-66,-67,0,0,0,0,-81,-81,0,0,0,0,-78,-78,-85,0,-58,-55,-66,-64,0,0,-64,-71,-82,-82,-76,-76,-84,-79,-69,-69,0,0,0,0,0,0,0,0,-85,0,0,-79,-79,0,0,0,0,-55,-72
-66,-63,-66,-67,0,0,0,0,-81,-81,0,0,0,0,-78,-78,-85,0,-58,-55,-66,-64,0,0,-64,-71,-82,-82,-76,-76,-84,-79,-69,-69,0,0,0,0,0,0,0,0,-85,0,0,-79,-79,0,0,0,0,-55,-72
-66,-63,-66,-67,0,0,0,0,-81,-81,0,0,0,0,-78,-78,-85,0,-58,-55,-66,-64,0,0,-64,-71,-82,-82,-76,-76,-84,-79,-69,-69,0,0,0,0,0,0,0,0,-85,0,0,-79,-79,0,0,0,0,-55,-72
-66,-63,-66,-67,0,0,0,0,-81,-81,0,0,0,0,-78,-78,-85,0,-58,-55,-66,-64,0,0,-64,-71,-82,-82,-76,-76,-84,-79,-69,-69,0,0,0,0,0,0,0,0,-85,0,0,-79,-79,0,0,0,0,-55,-72
0,-62,-67,-67,0,0,0,0,-81,0,0,0,0,0,-78,-76,-85,0,-65,-64,-65,-64,0,0,-77,-80,-83,-82,-75,-76,-83,-82,-68,-68,0,0,0,0,0,0,0,-86,-85,0,0,0,0,0,0,0,0,-55,-68
0,-62,-67,-67,0,0,0,0,-81,0,0,0,0,0,-78,-76,-85,0,-65,-64,-65,-64,0,0,-77,-80,-83,-82,-75,-76,-83,-82,-68,-68,0,0,0,0,0,0,0,-86,-85,0,0,0,0,0,0,0,0,-55,-68
0,-62,-67,-67,0,0,0,0,-81,0,0,0,0,0,-78,-76,-85,0,-65,-64,-65,-64,0,0,-77,-80,-83,-82,-75,-76,-83,-82,-68,-68,0,0,0,0,0,0,0,-86,-85,0,0,0,0,0,0,0,0,-55,-68
0,-62,-67,-67,0,0,0,0,-81,0,0,0,0,0,-78,-76,-85,0,-65,-64,-65,-64,0,0,-77,-80,-83,-82,-75,-76,-83,-82,-68,-68,0,0,0,0,0,0,0,-86,-85,0,0,0,0,0,0,0,0,-55,-68
0,-62,-66,-66,0,0,0,0,-81,-82,-83,-82,-80,0,-78,-76,-84,-85,-57,-56,-65,-64,0,0,-71,-71,-83,0,-76,-76,-83,-82,-69,-69,0,0,0,0,0,0,0,-86,-85,0,0,-80,-80,0,0,0,0,-55,-70
0,-62,-66,-66,0,0,0,0,-81,-82,-83,-82,-80,0,-78,-76,-84,-85,-57,-56,-65,-64,0,0,-71,-71,-83,0,-76,-76,-83,-82,-69,-69,0,0,0,0,0,0,0,-86,-85,0,0,-80,-80,0,0,0,0,-55,-70
0,-62,-66,-66,0,0,0,0,-81,-82,-83,-82,-80,0,-78,-76,-84,-85,-57,-56,-65,-64,0,0,-71,-71,-83,0,-76,-76,-83,-82,-69,-69,0,0,0,0,0,0,0,-86,-85,0,0,-80,-80,0,0,0,0,-55,-70
0,-62,-66,-66,0,0,0,0,-81,-82,-83,-82,-80,0,-78,-76,-84,-85,-57,-56,-65,-64,0,0,-71,-71,-83,0,-76,-76,-83,-82,-69,-69,0,0,0,0,0,0,0,-86,-85,0,0,-80,-80,0,0,0,0,-55,-70
0,-62,-66,-66,-85,0,0,-75,-81,-82,-85,-82,-80,0,-78,-77,-84,-84,-58,-56,-65,-65,0,-77,-71,-72,-82,0,-76,-76,-83,-80,-69,-69,0,0,0,0,0,0,0,-86,0,0,0,-80,-80,0,0,0,0,-55,-65
0,-62,-66,-66,-85,0,0,-75,-81,-82,-85,-82,-80,0,-78,-77,-84,-84,-58,-56,-65,-65,0,-77,-71,-72,-82,0,-76,-76,-83,-80,-69,-69,0,0,0,0,0,0,0,-86,0,0,0,-80,-80,0,0,0,0,-55,-65
0,-62,-66,-66,-85,0,0,-75,-81,-82,-85,-82,-80,0,-78,-77,-84,-84,-58,-56,-65,-65,0,-77,-71,-72,-82,0,-76,-76,-83,-80,-69,-69,0,0,0,0,0,0,0,-86,0,0,0,-80,-80,0,0,0,0,-55,-65
-66,-63,-66,-65,-85,0,0,-75,-79,-80,-85,-82,-80,0,0,-76,-84,-84,-58,-57,-65,-65,0,-77,-71,-71,-82,0,-76,-77,-83,-80,-70,-71,0,0,0,0,0,0,0,0,0,0,0,-81,-79,0,0,-83,-83,-54,-71
-66,-63,-66,-65,-85,0,0,-75,-79,-80,-85,-82,-80,0,0,-76,-84,-84,-58,-57,-65,-65,0,-77,-71,-71,-82,0,-76,-77,-83,-80,-70,-71,0,0,0,0,0,0,0,0,0,0,0,-81,-79,0,0,-83,-83,-54,-71
-66,-63,-66,-65,-85,0,0,-75,-79,-80,-85,-82,-80,0,0,-76,-84,-84,-58,-57,-65,-65,0,-77,-71,-71,-82,0,-76,-77,-83,-80,-70,-71,0,0,0,0,0,0,0,0,0,0,0,-81,-79,0,0,-83,-83,-54,-71
-66,-63,-66,-65,-85,0,0,-75,-79,-80,-85,-82,-80,0,0,-76,-84,-84,-58,-57,-65,-65,0,-77,-71,-71,-82,0,-76,-77,-83,-80,-70,-71,0,0,0,0,0,0,0,0,0,0,0,-81,-79,0,0,-83,-83,-54,-71
-66,-65,-66,-65,-85,0,0,-75,-79,-80,-85,-82,0,0,0,-75,-84,-84,-59,-56,-65,-64,0,-77,-71,-71,-82,0,-76,-77,0,-80,-69,-69,0,0,0,0,0,0,0,0,0,0,0,-81,-79,0,0,-83,-83,-55,-71
-66,-65,-66,-65,-85,0,0,-75,-79,-80,-85,-82,0,0,0,-75,-84,-84,-59,-56,-65,-64,0,-77,-71,-71,-82,0,-76,-77,0,-80,-69,-69,0,0,0,0,0,0,0,0,0,0,0,-81,-79,0,0,-83,-83,-55,-71
-66,-65,-66,-65,-85,0,0,-75,-79,-80,-85,-82,0,0,0,-75,-84,-84,-59,-56,-65,-64,0,-77,-71,-71,-82,0,-76,-77,0,-80,-69,-69,0,0,0,0,0,0,0,0,0,0,0,-81,-79,0,0,-83,-83,-55,-71
-66,-65,-66,-65,-85,0,0,-75,-79,-80,-85,-82,0,0,0,-75,-84,-84,-59,-56,-65,-64,0,-77,-71,-71,-82,0,-76,-77,0,-80,-69,-69,0,0,0,0,0,0,0,0,0,0,0,-81,-79,0,0,-83,-83,-55,-71
-65,-63,-66,-66,0,0,0,-75,-81,-80,0,0,-78,0,0,-77,-84,0,-58,-56,-66,-65,0,0,-71,-72,-82,0,-74,-74,-84,0,-62,-62,0,0,0,0,0,0,0,0,-85,0,0,-81,-79,0,0,-83,-83,-55,-71
-65,-63,-66,-66,0,0,0,-75,-81,-80,0,0,-78,0,0,-77,-84,0,-58,-56,-66,-65,0,0,-71,-72,-82,0,-74,-74,-84,0,-62,-62,0,0,0,0,0,0,0,0,-85,0,0,-81,-79,0,0,-83,-83,-55,-71
-65,-63,-66,-66,0,0,0,-75,-81,-80,0,0,-78,0,0,-77,-84,0,-58,-56,-66,-65,0,0,-71,-72,-82,0,-74,-74,-84,0,-62,-62,0,0,0,0,0,0,0,0,-85,0,0,-81,-79,0,0,-83,-83,-55,-71
-65,-63,-66,-66,0,0,0,-75,-81,-80,0,0,-78,0,0,-77,-84,0,-58,-56,-66,-65,0,0,-71,-72,-82,0,-74,-74,-84,0,-62,-62,0,0,0,0,0,0,0,0,-85,0,0,-81,-79,0,0,-83,-83,-55,-71
-65,-61,-61,-61,0,0,0,-75,-78,-78,0,0,-78,0,-79,-78,-84,0,-55,-51,-68,-67,-74,-72,-72,-72,-81,0,-78,-78,-75,-77,-66,-66,0,0,0,0,0,0,-82,0,-85,0,0,0,0,-88,-85,0,0,-53,-71
-65,-61,-61,-61,0,0,0,-75,-78,-78,0,0,-78,0,-79,-78,-84,0,-55,-51,-68,-67,-74,-72,-72,-72,-81,0,-78,-78,-75,-77,-66,-66,0,0,0,0,0,0,-82,0,-85,0,0,0,0,-88,-85,0,0,-53,-71
-65,-61,-61,-61,0,0,0,-75,-78,-78,0,0,-78,0,-79,-78,-84,0,-55,-51,-68,-67,-74,-72,-72,-72,-81,0,-78,-78,-75,-77,-66,-66,0,0,0,0,0,0,-82,0,-85,0,0,0,0,-88,-85,0,0,-53,-71
-65,-61,-61,-61,0,0,0,-75,-78,-78,0,0,-78,0,-79,-78,-84,0,-55,-51,-68,-67,-74,-72,-72,-72,-81,0,-78,-78,-75,-77,-66,-66,0,0,0,0,0,0,-82,0,-85,0,0,0,0,-88,-85,0,0,-53,-71
-64,-65,-62,-62,-85,0,0,0,-82,-82,0,0,-79,-78,-79,-79,-84,0,-56,-55,-63,-63,-77,-72,-72,-72,-81,0,-77,-77,-75,-77,-66,-66,0,0,0,0,0,0,-82,0,-85,-86,0,0,0,-88,-86,0,0,-57,-70
-64,-65,-62,-62,-85,0,0,0,-82,-82,0,0,-79,-78,-79,-79,-84,0,-56,-55,-63,-63,-77,-72,-72,-72,-81,0,-77,-77,-75,-77,-66,-66,0,0,0,0,0,0,-82,0,-85,-86,0,0,0,-88,-86,0,0,-57,-70
-64,-65,-62,-62,-85,0,0,0,-82,-82,0,0,-79,-78,-79,-79,-84,0,-56,-55,-63,-63,-77,-72,-72,-72,-81,0,-77,-77,-75,-77,-66,-66,0,0,0,0,0,0,-82,0,-85,-86,0,0,0,-88,-86,0,0,-57,-70
-64,-65,-62,-62,-85,0,0,0,-82,-82,0,0,-79,-78,-79,-79,-84,0,-56,-55,-63,-63,-77,-72,-72,-72,-81,0,-77,-77,-75,-77,-66,-66,0,0,0,0,0,0,-82,0,-85,-86,0,0,0,-88,-86,0,0,-57,-70
-64,-64,-62,-62,-85,0,0,-74,-83,-82,0,0,-78,-79,-78,-78,0,0,-57,-54,-64,-63,-77,-72,-71,-72,-81,0,-75,-76,-81,-77,-69,-70,0,0,0,0,0,0,-82,0,0,-86,0,0,0,-88,-86,0,0,-56,-72
-64,-64,-62,-62,-85,0,0,-74,-83,-82,0,0,-78,-79,-78,-78,0,0,-57,-54,-64,-63,-77,-72,-71,-72,-81,0,-75,-76,-81,-77,-69,-70,0,0,0,0,0,0,-82,0,0,-86,0,0,0,-88,-86,0,0,-56,-72
-64,-64,-62,-62,-85,0,0,-74,-83,-82,0,0,-78,-79,-78,-78,0,0,-57,-54,-64,-63,-77,-72,-71,-72,-81,0,-75,-76,-81,-77,-69,-70,0,0,0,0,0,0,-82,0,0,-86,0,0,0,-88,-86,0,0,-56,-72
-66,-64,-62,-62,-85,0,0,-74,-81,-81,0,0,-79,-78,-78,-78,0,0,-56,-55,-67,-63,-77,0,-71,-72,-81,-78,-75,-75,-81,-80,-70,-69,0,0,0,0,0,0,-87,0,0,-86,0,-81,-80,0,-86,0,0,-57,-69
-66,-64,-62,-62,-85,0,0,-74,-81,-81,0,0,-79,-78,-78,-78,0,0,-56,-55,-67,-63,-77,0,-71,-72,-81,-78,-75,-75,-81,-80,-70,-69,0,0,0,0,0,0,-87,0,0,-86,0,-81,-80,0,-86,0,0,-57,-69
-66,-64,-62,-62,-85,0,0,-74,-81,-81,0,0,-79,-78,-78,-78,0,0,-56,-55,-67,-63,-77,0,-71,-72,-81,-78,-75,-75,-81,-80,-70,-69,0,0,0,0,0,0,-87,0,0,-86,0,-81,-80,0,-86,0,0,-57,-69
-66,-64,-62,-62,-85,0,0,-74,-81,-81,0,0,-79,-78,-78,-78,0,0,-56,-55,-67,-63,-77,0,-71,-72,-81,-78,-75,-75,-81,-80,-70,-69,0,0,0,0,0,0,-87,0,0,-86,0,-81,-80,0,-86,0,0,-57,-69
-65,-63,-62,-62,0,0,0,-74,-80,-82,0,0,-78,-78,-78,-77,-84,0,-58,-56,-62,-62,0,0,-71,-71,-80,-78,-75,-75,-81,-81,-70,-70,0,-89,0,0,0,0,-87,0,0,0,0,-81,-80,0,-86,0,0,-57,-71
-65,-63,-62,-62,0,0,0,-74,-80,-82,0,0,-78,-78,-78,-77,-84,0,-58,-56,-62,-62,0,0,-71,-71,-80,-78,-75,-75,-81,-81,-70,-70,0,-89,0,0,0,0,-87,0,0,0,0,-81,-80,0,-86,0,0,-57,-71
-65,-63,-62,-62,0,0,0,-74,-80,-82,0,0,-78,-78,-78,-77,-84,0,-58,-56,-62,-62,0,0,-71,-71,-80,-78,-75,-75,-81,-81,-70,-70,0,-89,0,0,0,0,-87,0,0,0,0,-81,-80,0,-86,0,0,-57,-71
-65,-63,-62,-62,0,0,0,-74,-80,-82,0,0,-78,-78,-78,-77,-84,0,-58,-56,-62,-62,0,0,-71,-71,-80,-78,-75,-75,-81,-81,-70,-70,0,-89,0,0,0,0,-87,0,0,0,0,-81,-80,0,-86,0,0,-57,-71
-65,-63,-62,-62,0,0,0,-83,-79,-80,0,0,-78,-78,0,-77,-84,0,-59,-57,-63,-63,-77,-76,-72,-71,-80,-77,-74,-74,0,-81,-70,-70,0,-89,0,0,0,0,-87,0,0,0,0,-81,-80,0,-86,0,0,-60,-72
-65,-63,-62,-62,0,0,0,-83,-79,-80,0,0,-78,-78,0,-77,-84,0,-59,-57,-63,-63,-77,-76,-72,-71,-80,-77,-74,-74,0,-81,-70,-70,0,-89,0,0,0,0,-87,0,0,0,0,-81,-80,0,-86,0,0,-60,-72
-65,-63,-62,-62,0,0,0,-83,-79,-80,0,0,-78,-78,0,-77,-84,0,-59,-57,-63,-63,-77,-76,-72,-71,-80,-77,-74,-74,0,-81,-70,-70,0,-89,0,0,0,0,-87,0,0,0,0,-81,-80,0,-86,0,0,-60,-72
-65,-63,-62,-62,0,0,0,-83,-79,-80,0,0,-78,-78,0,-77,-84,0,-59,-57,-63,-63,-77,-76,-72,-71,-80,-77,-74,-74,0,-81,-70,-70,0,-89,0,0,0,0,-87,0,0,0,0,-81,-80,0,-86,0,0,-60,-72
-65,-64,-61,-61,-87,0,0,-74,-79,-80,0,0,-78,-78,0,-77,-84,0,-58,-57,-63,-62,-77,-76,-72,-73,-81,-77,-74,-74,0,-81,-73,-73,0,-89,0,0,0,0,0,0,0,0,0,0,0,0,-86,0,0,-57,-72
-65,-64,-61,-61,-87,0,0,-74,-79,-80,0,0,-78,-78,0,-77,-84,0,-58,-57,-63,-62,-77,-76,-72,-73,-81,-77,-74,-74,0,-81,-73,-73,0,-89,0,0,0,0,0,0,0,0,0,0,0,0,-86,0,0,-57,-72
-65,-64,-61,-61,-87,0,0,-74,-79,-80,0,0,-78,-78,0,-77,-84,0,-58,-57,-63,-62,-77,-76,-72,-73,-81,-77,-74,-74,0,-81,-73,-73,0,-89,0,0,0,0,0,0,0,0,0,0,0,0,-86,0,0,-57,-72
-65,-64,-61,-61,-87,0,0,-74,-79,-80,0,0,-78,-78,0,-77,-84,0,-58,-57,-63,-62,-77,-76,-72,-73,-81,-77,-74,-74,0,-81,-73,-73,0,-89,0,0,0,0,0,0,0,0,0,0,0,0,-86,0,0,-57,-72
0,-66,-64,-64,-87,0,0,-74,-83,-82,0,0,-78,-77,0,-79,0,0,-58,-55,-65,-64,-77,-76,-73,-72,-81,-77,-75,-75,0,0,-71,-71,0,0,0,0,0,0,0,0,0,0,0,0,0,-87,-83,0,0,-55,-69
0,-66,-64,-64,-87,0,0,-74,-83,-82,0,0,-78,-77,0,-79,0,0,-58,-55,-65,-64,-77,-76,-73,-72,-81,-77,-75,-75,0,0,-71,-71,0,0,0,0,0,0,0,0,0,0,0,0,0,-87,-83,0,0,-55,-69
0,-66,-64,-64,-87,0,0,-74,-83,-82,0,0,-78,-77,0,-79,0,0,-58,-55,-65,-64,-77,-76,-73,-72,-81,-77,-75,-75,0,0,-71,-71,0,0,0,0,0,0,0,0,0,0,0,0,0,-87,-83,0,0,-55,-69
0,-66,-64,-64,-87,0,0,-74,-83,-82,0,0,-78,-77,0,-79,0,0,-58,-55,-65,-64,-77,-76,-73,-72,-81,-77,-75,-75,0,0,-71,-71,0,0,0,0,0,0,0,0,0,0,0,0,0,-87,-83,0,0,-55,-69
0,-62,-61,-62,-87,0,0,-74,-83,-80,0,0,-77,-78,0,-77,0,-85,-59,-57,-66,-64,0,-76,-72,-72,-80,0,-76,-76,0,0,-71,-71,0,0,0,0,0,0,0,0,0,0,0,0,0,-87,-83,-85,-83,-56,-68
0,-62,-61,-62,-87,0,0,-74,-83,-80,0,0,-77,-78,0,-77,0,-85,-59,-57,-66,-64,0,-76,-72,-72,-80,0,-76,-76,0,0,-71,-71,0,0,0,0,0,0,0,0,0,0,0,0,0,-87,-83,-85,-83,-56,-68
0,-62,-61,-62,-87,0,0,-74,-83,-80,0,0,-77,-78,0,-77,0,-85,-59,-57,-66,-64,0,-76,-72,-72,-80,0,-76,-76,0,0,-71,-71,0,0,0,0,0,0,0,0,0,0,0,0,0,-87,-83,-85,-83,-56,-68
-69,-64,-60,-61,0,0,0,-74,-80,-79,0,-84,-76,-76,0,-75,-85,-83,-63,-59,-66,-65,0,-76,-73,-73,-81,-76,-74,-75,0,0,-71,-71,0,0,-84,-86,0,0,-86,0,0,0,0,-85,-83,-87,-83,-85,-85,-55,-67
-69,-64,-60,-61,0,0,0,-74,-80,-79,0,-84,-76,-76,0,-75,-85,-83,-63,-59,-66,-65,0,-76,-73,-73,-81,-76,-74,-75,0,0,-71,-71,0,0,-84,-86,0,0,-86,0,0,0,0,-85,-83,-87,-83,-85,-85,-55,-67
-69,-64,-60,-61,0,0,0,-74,-80,-79,0,-84,-76,-76,0,-75,-85,-83,-63,-59,-66,-65,0,-76,-73,-73,-81,-76,-74,-75,0,0,-71,-71,0,0,-84,-86,0,0,-86,0,0,0,0,-85,-83,-87,-83,-85,-85,-55,-67
-69,-64,-60,-61,0,0,0,-74,-80,-79,0,-84,-76,-76,0,-75,-85,-83,-63,-59,-66,-65,0,-76,-73,-73,-81,-76,-74,-75,0,0,-71,-71,0,0,-84,-86,0,0,-86,0,0,0,0,-85,-83,-87,-83,-85,-85,-55,-67
-69,-65,-59,-59,0,-82,-83,-76,-82,-81,0,-84,-76,-77,0,-74,-85,-85,-63,-62,-66,-66,0,-78,-73,-73,-81,-76,-75,-75,0,0,-73,-73,0,0,-84,-86,0,0,-86,0,0,0,0,-85,-83,0,0,-85,-85,-56,-68
-69,-65,-59,-59,0,-82,-83,-76,-82,-81,0,-84,-76,-77,0,-74,-85,-85,-63,-62,-66,-66,0,-78,-73,-73,-81,-76,-75,-75,0,0,-73,-73,0,0,-84,-86,0,0,-86,0,0,0,0,-85,-83,0,0,-85,-85,-56,-68
-69,-65,-59,-59,0,-82,-83,-76,-82,-81,0,-84,-76,-77,0,-74,-85,-85,-63,-62,-66,-66,0,-78,-73,-73,-81,-76,-75,-75,0,0,-73,-73,0,0,-84,-86,0,0,-86,0,0,0,0,-85,-83,0,0,-85,-85,-56,-68
-69,-65,-59,-59,0,-82,-83,-76,-82,-81,0,-84,-76,-77,0,-74,-85,-85,-63,-62,-66,-66,0,-78,-73,-73,-81,-76,-75,-75,0,0,-73,-73,0,0,-84,-86,0,0,-86,0,0,0,0,-85,-83,0,0,-85,-85,-56,-68
-69,-66,-62,-61,0,-82,-83,-76,-82,-82,0,-84,-76,-76,0,-79,-83,-84,-60,-63,-66,-65,0,-78,-71,-71,-81,-76,-75,-75,0,0,-71,-71,0,0,-83,-85,0,0,-86,0,0,0,0,-84,-84,0,0,0,-85,-55,-65
-69,-66,-62,-61,0,-82,-83,-76,-82,-82,0,-84,-76,-76,0,-79,-83,-84,-60,-63,-66,-65,0,-78,-71,-71,-81,-76,-75,-75,0,0,-71,-71,0,0,-83,-85,0,0,-86,0,0,0,0,-84,-84,0,0,0,-85,-55,-65
-69,-66,-62,-61,0,-82,-83,-76,-82,-82,0,-84,-76,-76,0,-79,-83,-84,-60,-63,-66,-65,0,-78,-71,-71,-81,-76,-75,-75,0,0,-71,-71,0,0,-83,-85,0,0,-86,0,0,0,0,-84,-84,0,0,0,-85,-55,-65
-69,-66,-62,-61,0,-82,-83,-76,-82,-82,0,-84,-76,-76,0,-79,-83,-84,-60,-63,-66,-65,0,-78,-71,-71,-81,-76,-75,-75,0,0,-71,-71,0,0,-83,-85,0,0,-86,0,0,0,0,-84,-84,0,0,0,-85,-55,-65
-68,-66,-61,-60,0,-82,-83,-76,-83,-82,-85,0,-76,-77,-78,-78,-85,-85,-60,-63,-65,-64,0,-78,-72,-72,0,0,-75,-75,-80,0,-71,-71,0,0,-85,-84,0,0,-89,0,0,0,0,-84,-84,0,0,-85,-85,-56,-66
-68,-66,-61,-60,0,-82,-83,-76,-83,-82,-85,0,-76,-77,-78,-78,-85,-85,-60,-63,-65,-64,0,-78,-72,-72,0,0,-75,-75,-80,0,-71,-71,0,0,-85,-84,0,0,-89,0,0,0,0,-84,-84,0,0,-85,-85,-56,-66
-68,-66,-61,-60,0,-82,-83,-76,-83,-82,-85,0,-76,-77,-78,-78,-85,-85,-60,-63,-65,-64,0,-78,-72,-72,0,0,-75,-75,-80,0,-71,-71,0,0,-85,-84,0,0,-89,0,0,0,0,-84,-84,0,0,-85,-85,-56,-66
-68,-66,-61,-60,0,-82,-83,-76,-83,-82,-85,0,-76,-77,-78,-78,-85,-85,-60,-63,-65,-64,0,-78,-72,-72,0,0,-75,-75,-80,0,-71,-71,0,0,-85,-84,0,0,-89,0,0,0,0,-84,-84,0,0,-85,-85,-56,-66
-68,-65,-60,-60,0,0,0,-76,-81,-82,-85,0,-76,-77,-78,-77,-85,-85,-62,-59,-65,-65,-79,-78,-72,-72,0,0,-75,-75,-80,-82,-71,-71,0,0,-85,-84,0,0,-89,0,0,0,0,-84,-84,0,0,-83,-85,-56,-67
-68,-65,-60,-60,0,0,0,-76,-81,-82,-85,0,-76,-77,-78,-77,-85,-85,-62,-59,-65,-65,-79,-78,-72,-72,0,0,-75,-75,-80,-82,-71,-71,0,0,-85,-84,0,0,-89,0,0,0,0,-84,-84,0,0,-83,-85,-56,-67
-68,-65,-60,-60,0,0,0,-76,-81,-82,-85,0,-76,-77,-78,-77,-85,-85,-62,-59,-65,-65,-79,-78,-72,-72,0,0,-75,-75,-80,-82,-71,-71,0,0,-85,-84,0,0,-89,0,0,0,0,-84,-84,0,0,-83,-85,-56,-67
-68,-66,-60,-61,0,0,0,-76,-82,-82,-85,0,-78,-77,-79,-78,-85,-85,-63,-61,-65,-65,-79,-78,-71,-72,-82,0,-75,-75,-80,-82,-71,-71,0,0,-85,-84,0,0,-89,0,0,0,0,0,0,0,0,-83,-85,-56,-66
-68,-66,-60,-61,0,0,0,-76,-82,-82,-85,0,-78,-77,-79,-78,-85,-85,-63,-61,-65,-65,-79,-78,-71,-72,-82,0,-75,-75,-80,-82,-71,-71,0,0,-85,-84,0,0,-89,0,0,0,0,0,0,0,0,-83,-85,-56,-66
-68,-66,-60,-61,0,0,0,-76,-82,-82,-85,0,-78,-77,-79,-78,-85,-85,-63,-61,-65,-65,-79,-78,-71,-72,-82,0,-75,-75,-80,-82,-71,-71,0,0,-85,-84,0,0,-89,0,0,0,0,0,0,0,0,-83,-85,-56,-66
-68,-66,-60,-61,0,0,0,-76,-82,-82,-85,0,-78,-77,-79,-78,-85,-85,-63,-61,-65,-65,-79,-78,-71,-72,-82,0,-75,-75,-80,-82,-71,-71,0,0,-85,-84,0,0,-89,0,0,0,0,0,0,0,0,-83,-85,-56,-66
-66,-66,-61,-61,0,0,0,-75,-81,-81,0,0,-86,-85,-79,-77,0,-85,-63,-61,-65,-64,-79,-78,-71,-72,-82,0,-76,-76,-80,-82,-71,-71,0,0,0,0,0,0,0,0,0,0,0,0,0,0,0,-83,-85,-56,-65
-66,-66,-61,-61,0,0,0,-75,-81,-81,0,0,-86,-85,-79,-77,0,-85,-63,-61,-65,-64,-79,-78,-71,-72,-82,0,-76,-76,-80,-82,-71,-71,0,0,0,0,0,0,0,0,0,0,0,0,0,0,0,-83,-85,-56,-65
-66,-66,-61,-61,0,0,0,-75,-81,-81,0,0,-86,-85,-79,-77,0,-85,-63,-61,-65,-64,-79,-78,-71,-72,-82,0,-76,-76,-80,-82,-71,-71,0,0,0,0,0,0,0,0,0,0,0,0,0,0,0,-83,-85,-56,-65
-66,-66,-61,-61,0,0,0,-75,-81,-81,0,0,-86,-85,-79,-77,0,-85,-63,-61,-65,-64,-79,-78,-71,-72,-82,0,-76,-76,-80,-82,-71,-71,0,0,0,0,0,0,0,0,0,0,0,0,0,0,0,-83,-85,-56,-65
-68,-65,-60,-61,-85,-84,-82,-76,-82,-82,-84,-83,-78,-77,-79,-77,-86,-84,-63,-61,-65,-65,-77,0,-72,-72,-82,0,-76,-75,-80,-82,-72,-72,0,0,0,0,0,0,0,0,0,0,0,0,0,0,0,0,0,-55,-66
-68,-65,-60,-61,-85,-84,-82,-76,-82,-82,-84,-83,-78,-77,-79,-77,-86,-84,-63,-61,-65,-65,-77,0,-72,-72,-82,0,-76,-75,-80,-82,-72,-72,0,0,0,0,0,0,0,0,0,0,0,0,0,0,0,0,0,-55,-66
-68,-65,-60,-61,-85,-84,-82,-76,-82,-82,-84,-83,-78,-77,-79,-77,-86,-84,-63,-61,-65,-65,-77,0,-72,-72,-82,0,-76,-75,-80,-82,-72,-72,0,0,0,0,0,0,0,0,0,0,0,0,0,0,0,0,0,-55,-66
-68,-65,-60,-61,-85,-84,-82,-76,-82,-82,-84,-83,-78,-77,-79,-77,-86,-84,-63,-61,-65,-65,-77,0,-72,-72,-82,0,-76,-75,-80,-82,-72,-72,0,0,0,0,0,0,0,0,0,0,0,0,0,0,0,0,0,-55,-66
-68,-65,-59,-60,-85,-84,-82,-76,-80,-81,-84,-83,-79,-79,-79,-77,-85,-84,-62,-62,-65,-65,-78,-74,-72,-72,-82,0,-74,-75,-81,-82,-69,-69,0,0,0,0,0,0,0,0,0,0,0,0,0,0,0,-83,-83,-56,-65
-68,-65,-59,-60,-85,-84,-82,-76,-80,-81,-84,-83,-79,-79,-79,-77,-85,-84,-62,-62,-65,-65,-78,-74,-72,-72,-82,0,-74,-75,-81,-82,-69,-69,0,0,0,0,0,0,0,0,0,0,0,0,0,0,0,-83,-83,-56,-65
-68,-65,-59,-60,-85,-84,-82,-76,-80,-81,-84,-83,-79,-79,-79,-77,-85,-84,-62,-62,-65,-65,-78,-74,-72,-72,-82,0,-74,-75,-81,-82,-69,-69,0,0,0,0,0,0,0,0,0,0,0,0,0,0,0,-83,-83,-56,-65
-68,-65,-59,-60,-85,-84,-82,-76,-80,-81,-84,-83,-79,-79,-79,-77,-85,-84,-62,-62,-65,-65,-78,-74,-72,-72,-82,0,-74,-75,-81,-82,-69,-69,0,0,0,0,0,0,0,0,0,0,0,0,0,0,0,-83,-83,-56,-65
-68,-65,-61,-61,-85,-84,-82,-76,-79,-78,-84,-83,-79,-79,-79,-77,-83,-84,-62,-62,-58,-59,-76,-75,-72,-72,-81,0,-76,-75,-81,-82,-74,-73,0,0,0,0,0,0,0,0,0,0,0,0,0,0,0,-82,-82,-55,-63
-68,-65,-61,-61,-85,-84,-82,-76,-79,-78,-84,-83,-79,-79,-79,-77,-83,-84,-62,-62,-58,-59,-76,-75,-72,-72,-81,0,-76,-75,-81,-82,-74,-73,0,0,0,0,0,0,0,0,0,0,0,0,0,0,0,-82,-82,-55,-63
-68,-65,-61,-61,-85,-84,-82,-76,-79,-78,-84,-83,-79,-79,-79,-77,-83,-84,-62,-62,-58,-59,-76,-75,-72,-72,-81,0,-76,-75,-81,-82,-74,-73,0,0,0,0,0,0,0,0,0,0,0,0,0,0,0,-82,-82,-55,-63
-68,-65,-61,-61,-85,-84,-82,-76,-79,-78,-84,-83,-79,-79,-79,-77,-83,-84,-62,-62,-58,-59,-76,-75,-72,-72,-81,0,-76,-75,-81,-82,-74,-73,0,0,0,0,0,0,0,0,0,0,0,0,0,0,0,-82,-82,-55,-63
-65,-60,-62,-63,0,0,0,0,-79,-78,0,0,-79,-79,0,0,-83,-84,-57,-57,-63,-64,-76,-75,-70,-70,-81,0,-76,-75,-81,0,-75,-75,0,0,-86,-85,0,0,0,0,0,0,0,-78,-77,0,0,-84,-82,-56,-69
-65,-60,-62,-63,0,0,0,0,-79,-78,0,0,-79,-79,0,0,-83,-84,-57,-57,-63,-64,-76,-75,-70,-70,-81,0,-76,-75,-81,0,-75,-75,0,0,-86,-85,0,0,0,0,0,0,0,-78,-77,0,0,-84,-82,-56,-69
-65,-60,-62,-63,0,0,0,0,-79,-78,0,0,-79,-79,0,0,-83,-84,-57,-57,-63,-64,-76,-75,-70,-70,-81,0,-76,-75,-81,0,-75,-75,0,0,-86,-85,0,0,0,0,0,0,0,-78,-77,0,0,-84,-82,-56,-69
-65,-61,-62,-62,0,0,0,0,-79,-78,-84,-82,0,0,-79,0,-83,-84,-60,-57,-64,-64,-77,-77,-70,-70,-81,0,-76,-77,-84,-82,-75,-75,0,0,-86,-85,0,0,0,0,0,0,0,-78,-77,0,0,-83,-82,-55,-70
-65,-61,-62,-62,0,0,0,0,-79,-78,-84,-82,0,0,-79,0,-83,-84,-60,-57,-64,-64,-77,-77,-70,-70,-81,0,-76,-77,-84,-82,-75,-75,0,0,-86,-85,0,0,0,0,0,0,0,-78,-77,0,0,-83,-82,-55,-70
-65,-61,-62,-62,0,0,0,0,-79,-78,-84,-82,0,0,-79,0,-83,-84,-60,-57,-64,-64,-77,-77,-70,-70,-81,0,-76,-77,-84,-82,-75,-75,0,0,-86,-85,0,0,0,0,0,0,0,-78,-77,0,0,-83,-82,-55,-70
-65,-61,-62,-62,0,0,0,0,-79,-78,-84,-82,0,0,-79,0,-83,-84,-60,-57,-64,-64,-77,-77,-70,-70,-81,0,-76,-77,-84,-82,-75,-75,0,0,-86,-85,0,0,0,0,0,0,0,-78,-77,0,0,-83,-82,-55,-70
-62,-63,-61,-61,-82,0,0,0,-84,-84,-84,-82,0,0,-79,0,0,0,-60,-58,-63,-63,-77,-78,-71,-70,0,0,-77,-77,-84,-82,-75,-75,0,0,-86,-85,0,0,0,0,0,0,0,-78,-77,0,0,-82,-83,-55,-70
-62,-63,-61,-61,-82,0,0,0,-84,-84,-84,-82,0,0,-79,0,0,0,-60,-58,-63,-63,-77,-78,-71,-70,0,0,-77,-77,-84,-82,-75,-75,0,0,-86,-85,0,0,0,0,0,0,0,-78,-77,0,0,-82,-83,-55,-70
-62,-63,-61,-61,-82,0,0,0,-84,-84,-84,-82,0,0,-79,0,0,0,-60,-58,-63,-63,-77,-78,-71,-70,0,0,-77,-77,-84,-82,-75,-75,0,0,-86,-85,0,0,0,0,0,0,0,-78,-77,0,0,-82,-83,-55,-70
-62,-63,-61,-61,-82,0,0,0,-84,-84,-84,-82,0,0,-79,0,0,0,-60,-58,-63,-63,-77,-78,-71,-70,0,0,-77,-77,-84,-82,-75,-75,0,0,-86,-85,0,0,0,0,0,0,0,-78,-77,0,0,-82,-83,-55,-70
-62,-62,-61,-62,-82,0,0,0,-84,-84,-84,-82,0,0,-79,-78,0,0,-60,-57,-63,-62,-77,-78,-70,-71,0,0,-77,-78,-84,-82,-77,-77,0,0,0,0,0,0,0,0,0,0,0,0,0,0,-84,-82,-83,-55,-71
-62,-62,-61,-62,-82,0,0,0,-84,-84,-84,-82,0,0,-79,-78,0,0,-60,-57,-63,-62,-77,-78,-70,-71,0,0,-77,-78,-84,-82,-77,-77,0,0,0,0,0,0,0,0,0,0,0,0,0,0,-84,-82,-83,-55,-71
-62,-62,-61,-62,-82,0,0,0,-84,-84,-84,-82,0,0,-79,-78,0,0,-60,-57,-63,-62,-77,-78,-70,-71,0,0,-77,-78,-84,-82,-77,-77,0,0,0,0,0,0,0,0,0,0,0,0,0,0,-84,-82,-83,-55,-71
-62,-62,-61,-62,-82,0,0,0,-84,-84,-84,-82,0,0,-79,-78,0,0,-60,-57,-63,-62,-77,-78,-70,-71,0,0,-77,-78,-84,-82,-77,-77,0,0,0,0,0,0,0,0,0,0,0,0,0,0,-84,-82,-83,-55,-71
-62,-61,-62,-64,-82,0,0,0,-79,-79,0,0,-79,-78,0,-78,0,0,-59,-57,-64,-63,-77,-78,-72,-72,-82,0,-76,-76,0,-82,-71,-71,0,0,0,0,0,0,-90,0,0,0,0,0,0,0,-85,-82,-83,-61,-72
-62,-61,-62,-64,-82,0,0,0,-79,-79,0,0,-79,-78,0,-78,0,0,-59,-57,-64,-63,-77,-78,-72,-72,-82,0,-76,-76,0,-82,-71,-71,0,0,0,0,0,0,-90,0,0,0,0,0,0,0,-85,-82,-83,-61,-72
-62,-61,-62,-64,-82,0,0,0,-79,-79,0,0,-79,-78,0,-78,0,0,-59,-57,-64,-63,-77,-78,-72,-72,-82,0,-76,-76,0,-82,-71,-71,0,0,0,0,0,0,-90,0,0,0,0,0,0,0,-85,-82,-83,-61,-72
-62,-61,-62,-64,-82,0,0,0,-79,-79,0,0,-79,-78,0,-78,0,0,-59,-57,-64,-63,-77,-78,-72,-72,-82,0,-76,-76,0,-82,-71,-71,0,0,0,0,0,0,-90,0,0,0,0,0,0,0,-85,-82,-83,-61,-72
-64,-63,-65,-65,0,0,0,0,-79,-80,0,0,-77,-77,-78,-76,0,0,-57,-55,-63,-64,-77,-76,-71,-71,-82,0,-75,-75,0,0,-71,-71,0,0,0,0,0,0,-90,0,0,0,0,0,-80,0,-85,0,0,-56,-72
-64,-63,-65,-65,0,0,0,0,-79,-80,0,0,-77,-77,-78,-76,0,0,-57,-55,-63,-64,-77,-76,-71,-71,-82,0,-75,-75,0,0,-71,-71,0,0,0,0,0,0,-90,0,0,0,0,0,-80,0,-85,0,0,-56,-72
-64,-63,-65,-65,0,0,0,0,-79,-80,0,0,-77,-77,-78,-76,0,0,-57,-55,-63,-64,-77,-76,-71,-71,-82,0,-75,-75,0,0,-71,-71,0,0,0,0,0,0,-90,0,0,0,0,0,-80,0,-85,0,0,-56,-72
-64,-63,-65,-65,0,0,0,0,-79,-80,0,0,-77,-77,-78,-76,0,0,-57,-55,-63,-64,-77,-76,-71,-71,-82,0,-75,-75,0,0,-71,-71,0,0,0,0,0,0,-90,0,0,0,0,0,-80,0,-85,0,0,-56,-72
-62,-61,-65,-67,0,0,0,0,-83,-82,0,0,-75,-75,-78,-76,0,0,-59,-56,-62,-62,-77,-76,-73,-73,-82,0,-74,-75,0,0,-65,-65,0,0,0,0,0,-85,-85,0,0,0,0,0,-80,0,-85,0,-84,-58,-73
-62,-61,-65,-67,0,0,0,0,-83,-82,0,0,-75,-75,-78,-76,0,0,-59,-56,-62,-62,-77,-76,-73,-73,-82,0,-74,-75,0,0,-65,-65,0,0,0,0,0,-85,-85,0,0,0,0,0,-80,0,-85,0,-84,-58,-73
-62,-61,-65,-67,0,0,0,0,-83,-82,0,0,-75,-75,-78,-76,0,0,-59,-56,-62,-62,-77,-76,-73,-73,-82,0,-74,-75,0,0,-65,-65,0,0,0,0,0,-85,-85,0,0,0,0,0,-80,0,-85,0,-84,-58,-73
-62,-61,-65,-67,0,0,0,0,-83,-82,0,0,-75,-75,-78,-76,0,0,-59,-56,-62,-62,-77,-76,-73,-73,-82,0,-74,-75,0,0,-65,-65,0,0,0,0,0,-85,-85,0,0,0,0,0,-80,0,-85,0,-84,-58,-73
-62,-63,-62,-62,0,0,0,0,-81,-82,0,0,-79,-78,-78,-80,0,-86,-60,-60,-61,-61,-77,-76,-69,-70,0,0,-78,-75,0,0,-70,-70,0,0,-84,-84,0,-85,-85,0,0,0,0,-78,-77,0,-88,-84,-83,-62,-63
-62,-63,-62,-62,0,0,0,0,-81,-82,0,0,-79,-78,-78,-80,0,-86,-60,-60,-61,-61,-77,-76,-69,-70,0,0,-78,-75,0,0,-70,-70,0,0,-84,-84,0,-85,-85,0,0,0,0,-78,-77,0,-88,-84,-83,-62,-63
-62,-63,-62,-62,0,0,0,0,-81,-82,0,0,-79,-78,-78,-80,0,-86,-60,-60,-61,-61,-77,-76,-69,-70,0,0,-78,-75,0,0,-70,-70,0,0,-84,-84,0,-85,-85,0,0,0,0,-78,-77,0,-88,-84,-83,-62,-63
-62,-63,-62,-62,0,0,0,0,-81,-82,0,0,-79,-78,-78,-80,0,-86,-60,-60,-61,-61,-77,-76,-69,-70,0,0,-78,-75,0,0,-70,-70,0,0,-84,-84,0,-85,-85,0,0,0,0,-78,-77,0,-88,-84,-83,-62,-63
-62,-63,-61,-62,0,0,0,0,-78,-77,0,0,-77,-79,0,-80,0,-86,-59,-58,-62,-60,0,-75,-72,-73,-81,0,-78,-78,-74,-73,-75,-75,0,0,-84,-84,0,-85,-85,0,0,0,0,-82,-81,0,-88,-79,-79,-68,-75
-62,-63,-61,-62,0,0,0,0,-78,-77,0,0,-77,-79,0,-80,0,-86,-59,-58,-62,-60,0,-75,-72,-73,-81,0,-78,-78,-74,-73,-75,-75,0,0,-84,-84,0,-85,-85,0,0,0,0,-82,-81,0,-88,-79,-79,-68,-75
-62,-63,-61,-62,0,0,0,0,-78,-77,0,0,-77,-79,0,-80,0,-86,-59,-58,-62,-60,0,-75,-72,-73,-81,0,-78,-78,-74,-73,-75,-75,0,0,-84,-84,0,-85,-85,0,0,0,0,-82,-81,0,-88,-79,-79,-68,-75
-65,-63,-66,-66,0,0,0,-76,-81,-77,0,0,-77,-79,0,-80,-86,-86,-61,-58,-60,-59,0,-75,-70,-70,-81,0,-79,-79,-74,-73,-66,-66,0,0,-84,-85,0,0,0,0,0,0,0,-82,-81,-87,-84,-80,-79,-68,-71
-65,-63,-66,-66,0,0,0,-76,-81,-77,0,0,-77,-79,0,-80,-86,-86,-61,-58,-60,-59,0,-75,-70,-70,-81,0,-79,-79,-74,-73,-66,-66,0,0,-84,-85,0,0,0,0,0,0,0,-82,-81,-87,-84,-80,-79,-68,-71
-65,-63,-66,-66,0,0,0,-76,-81,-77,0,0,-77,-79,0,-80,-86,-86,-61,-58,-60,-59,0,-75,-70,-70,-81,0,-79,-79,-74,-73,-66,-66,0,0,-84,-85,0,0,0,0,0,0,0,-82,-81,-87,-84,-80,-79,-68,-71
-65,-63,-66,-66,0,0,0,-76,-81,-77,0,0,-77,-79,0,-80,-86,-86,-61,-58,-60,-59,0,-75,-70,-70,-81,0,-79,-79,-74,-73,-66,-66,0,0,-84,-85,0,0,0,0,0,0,0,-82,-81,-87,-84,-80,-79,-68,-71
-65,-64,-66,-66,0,0,0,-76,-80,-81,0,0,-78,-77,0,-88,-86,0,-60,-57,-60,-59,0,-75,-74,-74,-84,0,-83,-83,-76,-75,-71,-71,0,0,-84,-85,0,0,0,0,0,0,0,-82,-81,-87,-84,-79,-79,-68,-66
-65,-64,-66,-66,0,0,0,-76,-80,-81,0,0,-78,-77,0,-88,-86,0,-60,-57,-60,-59,0,-75,-74,-74,-84,0,-83,-83,-76,-75,-71,-71,0,0,-84,-85,0,0,0,0,0,0,0,-82,-81,-87,-84,-79,-79,-68,-66
-65,-64,-66,-66,0,0,0,-76,-80,-81,0,0,-78,-77,0,-88,-86,0,-60,-57,-60,-59,0,-75,-74,-74,-84,0,-83,-83,-76,-75,-71,-71,0,0,-84,-85,0,0,0,0,0,0,0,-82,-81,-87,-84,-79,-79,-68,-66
-65,-64,-66,-66,0,0,0,-76,-80,-81,0,0,-78,-77,0,-88,-86,0,-60,-57,-60,-59,0,-75,-74,-74,-84,0,-83,-83,-76,-75,-71,-71,0,0,-84,-85,0,0,0,0,0,0,0,-82,-81,-87,-84,-79,-79,-68,-66
-65,-63,-65,-66,-84,0,0,-76,-77,-77,0,0,-74,-74,0,-88,-86,0,-59,-58,-60,-59,-77,-75,-74,-74,-84,0,-83,-82,-76,-76,-66,-66,0,0,-84,-85,0,0,0,0,0,0,0,0,0,-87,-84,-79,-79,-68,-73
-65,-63,-65,-66,-84,0,0,-76,-77,-77,0,0,-74,-74,0,-88,-86,0,-59,-58,-60,-59,-77,-75,-74,-74,-84,0,-83,-82,-76,-76,-66,-66,0,0,-84,-85,0,0,0,0,0,0,0,0,0,-87,-84,-79,-79,-68,-73
-65,-63,-65,-66,-84,0,0,-76,-77,-77,0,0,-74,-74,0,-88,-86,0,-59,-58,-60,-59,-77,-75,-74,-74,-84,0,-83,-82,-76,-76,-66,-66,0,0,-84,-85,0,0,0,0,0,0,0,0,0,-87,-84,-79,-79,-68,-73
-65,-63,-65,-66,-84,0,0,-76,-77,-77,0,0,-74,-74,0,-88,-86,0,-59,-58,-60,-59,-77,-75,-74,-74,-84,0,-83,-82,-76,-76,-66,-66,0,0,-84,-85,0,0,0,0,0,0,0,0,0,-87,-84,-79,-79,-68,-73
-66,-64,-61,-61,-84,0,0,-77,-76,-76,0,0,-74,-74,0,-88,0,0,-59,-59,-60,-59,-77,-75,-70,-71,-84,0,-81,-81,-76,-76,-69,-70,0,0,0,0,0,0,0,0,0,0,0,0,0,0,0,-79,-79,-63,-68
-66,-64,-61,-61,-84,0,0,-77,-76,-76,0,0,-74,-74,0,-88,0,0,-59,-59,-60,-59,-77,-75,-70,-71,-84,0,-81,-81,-76,-76,-69,-70,0,0,0,0,0,0,0,0,0,0,0,0,0,0,0,-79,-79,-63,-68
-66,-64,-61,-61,-84,0,0,-77,-76,-76,0,0,-74,-74,0,-88,0,0,-59,-59,-60,-59,-77,-75,-70,-71,-84,0,-81,-81,-76,-76,-69,-70,0,0,0,0,0,0,0,0,0,0,0,0,0,0,0,-79,-79,-63,-68
-66,-64,-61,-61,-84,0,0,-77,-76,-76,0,0,-74,-74,0,-88,0,0,-59,-59,-60,-59,-77,-75,-70,-71,-84,0,-81,-81,-76,-76,-69,-70,0,0,0,0,0,0,0,0,0,0,0,0,0,0,0,-79,-79,-63,-68
-63,-61,-60,-60,-84,0,0,-77,-77,-76,0,0,-78,-80,-88,-85,0,0,-57,-55,-61,-61,-77,-75,-72,-72,-84,0,-81,-81,-76,-76,-75,-74,0,0,0,0,0,-85,-86,0,0,0,0,0,0,0,0,-79,-79,-61,-70
-63,-61,-60,-60,-84,0,0,-77,-77,-76,0,0,-78,-80,-88,-85,0,0,-57,-55,-61,-61,-77,-75,-72,-72,-84,0,-81,-81,-76,-76,-75,-74,0,0,0,0,0,-85,-86,0,0,0,0,0,0,0,0,-79,-79,-61,-70
-63,-61,-60,-60,-84,0,0,-77,-77,-76,0,0,-78,-80,-88,-85,0,0,-57,-55,-61,-61,-77,-75,-72,-72,-84,0,-81,-81,-76,-76,-75,-74,0,0,0,0,0,-85,-86,0,0,0,0,0,0,0,0,-79,-79,-61,-70
-63,-61,-60,-60,-84,0,0,-77,-77,-76,0,0,-78,-80,-88,-85,0,0,-57,-55,-61,-61,-77,-75,-72,-72,-84,0,-81,-81,-76,-76,-75,-74,0,0,0,0,0,-85,-86,0,0,0,0,0,0,0,0,-79,-79,-61,-70
-64,-61,-61,-60,0,0,0,-77,-77,-77,0,0,-78,-78,-86,-84,0,0,-65,-66,-60,-60,-77,-77,-72,-72,-84,-87,-81,-81,-76,0,-70,-71,0,0,0,0,0,-85,-86,0,0,0,0,0,0,0,0,0,0,-60,-71
-64,-61,-61,-60,0,0,0,-77,-77,-77,0,0,-78,-78,-86,-84,0,0,-65,-66,-60,-60,-77,-77,-72,-72,-84,-87,-81,-81,-76,0,-70,-71,0,0,0,0,0,-85,-86,0,0,0,0,0,0,0,0,0,0,-60,-71
-64,-61,-61,-60,0,0,0,-77,-77,-77,0,0,-78,-78,-86,-84,0,0,-65,-66,-60,-60,-77,-77,-72,-72,-84,-87,-81,-81,-76,0,-70,-71,0,0,0,0,0,-85,-86,0,0,0,0,0,0,0,0,0,0,-60,-71
-64,-61,-61,-60,0,0,0,-77,-77,-77,0,0,-78,-78,-86,-84,0,0,-65,-66,-60,-60,-77,-77,-72,-72,-84,-87,-81,-81,-76,0,-70,-71,0,0,0,0,0,-85,-86,0,0,0,0,0,0,0,0,0,0,-60,-71
-63,-61,-58,-58,0,0,0,0,-76,-76,0,0,-78,-78,-86,-84,0,0,-58,-58,-60,-60,-77,-76,-72,-71,-84,-88,-81,-81,0,-81,-72,-72,0,0,0,0,0,-85,-87,0,0,0,0,0,0,0,0,0,0,-59,-69
-63,-61,-58,-58,0,0,0,0,-76,-76,0,0,-78,-78,-86,-84,0,0,-58,-58,-60,-60,-77,-76,-72,-71,-84,-88,-81,-81,0,-81,-72,-72,0,0,0,0,0,-85,-87,0,0,0,0,0,0,0,0,0,0,-59,-69
-63,-61,-58,-58,0,0,0,0,-76,-76,0,0,-78,-78,-86,-84,0,0,-58,-58,-60,-60,-77,-76,-72,-71,-84,-88,-81,-81,0,-81,-72,-72,0,0,0,0,0,-85,-87,0,0,0,0,0,0,0,0,0,0,-59,-69
-63,-61,-58,-58,0,0,0,0,-76,-76,0,0,-78,-78,-86,-84,0,0,-58,-58,-60,-60,-77,-76,-72,-71,-84,-88,-81,-81,0,-81,-72,-72,0,0,0,0,0,-85,-87,0,0,0,0,0,0,0,0,0,0,-59,-69
-67,-65,-72,-72,0,0,0,0,-84,-84,0,0,-79,-79,-86,-84,-85,-86,-60,-60,-69,-65,-80,-77,-72,-71,-84,-88,-75,-75,0,-81,-70,-70,0,0,0,0,0,-85,-87,0,0,0,0,0,0,0,0,0,0,-63,-79
-67,-65,-72,-72,0,0,0,0,-84,-84,0,0,-79,-79,-86,-84,-85,-86,-60,-60,-69,-65,-80,-77,-72,-71,-84,-88,-75,-75,0,-81,-70,-70,0,0,0,0,0,-85,-87,0,0,0,0,0,0,0,0,0,0,-63,-79
-67,-65,-72,-72,0,0,0,0,-84,-84,0,0,-79,-79,-86,-84,-85,-86,-60,-60,-69,-65,-80,-77,-72,-71,-84,-88,-75,-75,0,-81,-70,-70,0,0,0,0,0,-85,-87,0,0,0,0,0,0,0,0,0,0,-63,-79
-67,-65,-72,-72,0,0,0,0,-84,-84,0,0,-79,-79,-86,-84,-85,-86,-60,-60,-69,-65,-80,-77,-72,-71,-84,-88,-75,-75,0,-81,-70,-70,0,0,0,0,0,-85,-87,0,0,0,0,0,0,0,0,0,0,-63,-79
-67,-65,-65,-64,0,0,0,0,-78,-78,-82,-82,-79,-79,-75,-75,-85,-86,-59,-57,-64,-62,-80,-77,-79,-78,-81,-88,-77,-77,-79,-81,-65,-67,0,0,0,0,0,-85,-87,0,0,-85,-85,0,0,0,0,-81,-82,-51,-69
-67,-65,-65,-64,0,0,0,0,-78,-78,-82,-82,-79,-79,-75,-75,-85,-86,-59,-57,-64,-62,-80,-77,-79,-78,-81,-88,-77,-77,-79,-81,-65,-67,0,0,0,0,0,-85,-87,0,0,-85,-85,0,0,0,0,-81,-82,-51,-69
-67,-65,-65,-64,0,0,0,0,-78,-78,-82,-82,-79,-79,-75,-75,-85,-86,-59,-57,-64,-62,-80,-77,-79,-78,-81,-88,-77,-77,-79,-81,-65,-67,0,0,0,0,0,-85,-87,0,0,-85,-85,0,0,0,0,-81,-82,-51,-69
-67,-65,-65,-64,0,0,0,0,-78,-78,-82,-82,-79,-79,-75,-75,-85,-86,-59,-57,-64,-62,-80,-77,-79,-78,-81,-88,-77,-77,-79,-81,-65,-67,0,0,0,0,0,-85,-87,0,0,-85,-85,0,0,0,0,-81,-82,-51,-69
-67,-65,-60,-59,0,0,0,-71,-74,-74,-82,-82,-78,-78,-75,-75,-85,-86,-57,-56,-64,-61,-80,-77,-73,-73,-80,0,-77,-77,-79,-74,-63,-64,0,0,0,0,0,0,0,0,0,-85,-85,0,0,0,0,-81,-82,-58,-67
-67,-65,-60,-59,0,0,0,-71,-74,-74,-82,-82,-78,-78,-75,-75,-85,-86,-57,-56,-64,-61,-80,-77,-73,-73,-80,0,-77,-77,-79,-74,-63,-64,0,0,0,0,0,0,0,0,0,-85,-85,0,0,0,0,-81,-82,-58,-67
-67,-65,-60,-59,0,0,0,-71,-74,-74,-82,-82,-78,-78,-75,-75,-85,-86,-57,-56,-64,-61,-80,-77,-73,-73,-80,0,-77,-77,-79,-74,-63,-64,0,0,0,0,0,0,0,0,0,-85,-85,0,0,0,0,-81,-82,-58,-67
-67,-65,-60,-59,0,0,0,-71,-74,-74,-82,-82,-78,-78,-75,-75,-85,-86,-57,-56,-64,-61,-80,-77,-73,-73,-80,0,-77,-77,-79,-74,-63,-64,0,0,0,0,0,0,0,0,0,-85,-85,0,0,0,0,-81,-82,-58,-67
-65,-64,-63,-62,0,0,0,-75,-78,-77,-82,-82,-76,-76,-75,-86,0,0,-59,-56,-61,-61,-77,-73,-71,-71,-80,0,-79,-81,-79,-70,-62,-62,0,0,0,0,0,0,0,0,0,-85,-85,0,0,0,0,-81,-82,-66,-72
-65,-64,-63,-62,0,0,0,-75,-78,-77,-82,-82,-76,-76,-75,-86,0,0,-59,-56,-61,-61,-77,-73,-71,-71,-80,0,-79,-81,-79,-70,-62,-62,0,0,0,0,0,0,0,0,0,-85,-85,0,0,0,0,-81,-82,-66,-72
-65,-64,-63,-62,0,0,0,-75,-78,-77,-82,-82,-76,-76,-75,-86,0,0,-59,-56,-61,-61,-77,-73,-71,-71,-80,0,-79,-81,-79,-70,-62,-62,0,0,0,0,0,0,0,0,0,-85,-85,0,0,0,0,-81,-82,-66,-72
