-69,-66,-74,-70,0,0,-83,-82,-77,-77,0,0,-69,-69,0,0,-75,-75,0,-70,-67,-68,-77,-75,-68,-69,-78,-88,-73,-76,-72,-70,-69,-69,0,-86,-80,-81,0,0,-82,-77,-76,0,0,0,-85,0,0,-81,-80,-44,-67
-69,-66,-73,-72,0,0,-83,-82,-80,-80,0,0,-73,-73,0,0,-75,-75,0,-68,-69,-68,-77,-70,-75,-75,-78,0,-73,-73,-72,-75,-70,-70,0,-86,-80,-79,0,0,0,-77,-76,0,0,-85,-85,0,0,-81,-80,-54,-67
-69,-66,-73,-72,0,0,-83,-82,-80,-80,0,0,-73,-73,0,0,-75,-75,0,-68,-69,-68,-77,-70,-75,-75,-78,0,-73,-73,-72,-75,-70,-70,0,-86,-80,-79,0,0,0,-77,-76,0,0,-85,-85,0,0,-81,-80,-54,-67
-69,-66,-73,-72,0,0,-83,-82,-80,-80,0,0,-73,-73,0,0,-75,-75,0,-68,-69,-68,-77,-70,-75,-75,-78,0,-73,-73,-72,-75,-70,-70,0,-86,-80,-79,0,0,0,-77,-76,0,0,-85,-85,0,0,-81,-80,-54,-67
-69,-66,-73,-72,0,0,-83,-82,-80,-80,0,0,-73,-73,0,0,-75,-75,0,-68,-69,-68,-77,-70,-75,-75,-78,0,-73,-73,-72,-75,-70,-70,0,-86,-80,-79,0,0,0,-77,-76,0,0,-85,-85,0,0,-81,-80,-54,-67
-70,-69,-72,-73,0,0,-83,-74,-80,-82,0,0,-74,-74,0,0,-80,-80,-71,-70,-71,-71,-81,-82,-66,-66,-78,0,-70,-72,-72,-73,-72,-71,0,0,-81,-80,0,0,0,-79,-79,0,0,-85,-85,0,0,-81,-80,-50,-60
-70,-69,-72,-73,0,0,-83,-74,-80,-82,0,0,-74,-74,0,0,-80,-80,-71,-70,-71,-71,-81,-82,-66,-66,-78,0,-70,-72,-72,-73,-72,-71,0,0,-81,-80,0,0,0,-79,-79,0,0,-85,-85,0,0,-81,-80,-50,-60
-70,-69,-72,-73,0,0,-83,-74,-80,-82,0,0,-74,-74,0,0,-80,-80,-71,-70,-71,-71,-81,-82,-66,-66,-78,0,-70,-72,-72,-73,-72,-71,0,0,-81,-80,0,0,0,-79,-79,0,0,-85,-85,0,0,-81,-80,-50,-60
-70,-69,-72,-73,0,0,-83,-74,-80,-82,0,0,-74,-74,0,0,-80,-80,-71,-70,-71,-71,-81,-82,-66,-66,-78,0,-70,-72,-72,-73,-72,-71,0,0,-81,-80,0,0,0,-79,-79,0,0,-85,-85,0,0,-81,-80,-50,-60
-70,-69,-72,-73,-78,0,0,-79,-81,-81,0,0,-74,-74,-74,-71,-78,-78,-69,-65,-70,-70,-76,-74,-67,-67,-80,-81,-74,-75,-74,-76,-71,-71,0,0,-82,-81,0,0,0,-77,-79,0,0,-85,-85,0,0,-78,-80,-49,-67
-70,-69,-72,-73,-78,0,0,-79,-81,-81,0,0,-74,-74,-74,-71,-78,-78,-69,-65,-70,-70,-76,-74,-67,-67,-80,-81,-74,-75,-74,-76,-71,-71,0,0,-82,-81,0,0,0,-77,-79,0,0,-85,-85,0,0,-78,-80,-49,-67
-70,-69,-72,-73,-78,0,0,-79,-81,-81,0,0,-74,-74,-74,-71,-78,-78,-69,-65,-70,-70,-76,-74,-67,-67,-80,-81,-74,-75,-74,-76,-71,-71,0,0,-82,-81,0,0,0,-77,-79,0,0,-85,-85,0,0,-78,-80,-49,-67
-70,-69,-72,-73,-78,0,0,-79,-81,-81,0,0,-74,-74,-74,-71,-78,-78,-69,-65,-70,-70,-76,-74,-67,-67,-80,-81,-74,-75,-74,-76,-71,-71,0,0,-82,-81,0,0,0,-77,-79,0,0,-85,-85,0,0,-78,-80,-49,-67
-71,-68,-71,-72,-78,0,0,-79,-85,-85,0,0,-78,-77,-73,-72,-77,-77,-68,-65,-69,-69,-76,-74,-66,-67,-80,-81,-71,-75,-74,-75,-71,-71,0,0,-82,-81,-77,0,0,-78,-79,-83,-84,0,0,0,0,-78,-80,-49,-67
-71,-68,-71,-72,-78,0,0,-79,-85,-85,0,0,-78,-77,-73,-72,-77,-77,-68,-65,-69,-69,-76,-74,-66,-67,-80,-81,-71,-75,-74,-75,-71,-71,0,0,-82,-81,-77,0,0,-78,-79,-83,-84,0,0,0,0,-78,-80,-49,-67
-71,-68,-71,-72,-78,0,0,-79,-85,-85,0,0,-78,-77,-73,-72,-77,-77,-68,-65,-69,-69,-76,-74,-66,-67,-80,-81,-71,-75,-74,-75,-71,-71,0,0,-82,-81,-77,0,0,-78,-79,-83,-84,0,0,0,0,-78,-80,-49,-67
-71,-68,-71,-72,-78,0,0,-79,-85,-85,0,0,-78,-77,-73,-72,-77,-77,-68,-65,-69,-69,-76,-74,-66,-67,-80,-81,-71,-75,-74,-75,-71,-71,0,0,-82,-81,-77,0,0,-78,-79,-83,-84,0,0,0,0,-78,-80,-49,-67
-71,-69,-71,-71,-78,0,0,-79,-84,-85,0,-85,-77,-77,-73,-70,-77,-77,-68,-65,-68,-69,-76,-74,-68,-67,-80,-81,-72,-72,-74,-75,-70,-70,0,0,-80,-82,-77,0,0,-78,-79,-83,-84,-82,-84,0,0,-80,-80,-50,-67
-71,-69,-71,-71,-78,0,0,-79,-84,-85,0,-85,-77,-77,-73,-70,-77,-77,-68,-65,-68,-69,-76,-74,-68,-67,-80,-81,-72,-72,-74,-75,-70,-70,0,0,-80,-82,-77,0,0,-78,-79,-83,-84,-82,-84,0,0,-80,-80,-50,-67
-71,-69,-71,-71,-78,0,0,-79,-84,-85,0,-85,-77,-77,-73,-70,-77,-77,-68,-65,-68,-69,-76,-74,-68,-67,-80,-81,-72,-72,-74,-75,-70,-70,0,0,-80,-82,-77,0,0,-78,-79,-83,-84,-82,-84,0,0,-80,-80,-50,-67
-71,-69,-71,-71,-78,0,0,-79,-84,-85,0,-85,-77,-77,-73,-70,-77,-77,-68,-65,-68,-69,-76,-74,-68,-67,-80,-81,-72,-72,-74,-75,-70,-70,0,0,-80,-82,-77,0,0,-78,-79,-83,-84,-82,-84,0,0,-80,-80,-50,-67
-71,-67,-70,-70,0,-83,-82,0,-82,-84,0,-85,-79,-79,-73,-70,-78,-79,-67,-66,-68,-68,0,-75,-69,-69,0,0,-72,-73,0,-75,-71,-71,0,0,-82,-82,-76,0,0,-78,-79,-83,-84,-83,-83,0,-88,-81,-81,-48,-67
-71,-67,-70,-70,0,-83,-82,0,-82,-84,0,-85,-79,-79,-73,-70,-78,-79,-67,-66,-68,-68,0,-75,-69,-69,0,0,-72,-73,0,-75,-71,-71,0,0,-82,-82,-76,0,0,-78,-79,-83,-84,-83,-83,0,-88,-81,-81,-48,-67
-71,-67,-70,-70,0,-83,-82,0,-82,-84,0,-85,-79,-79,-73,-70,-78,-79,-67,-66,-68,-68,0,-75,-69,-69,0,0,-72,-73,0,-75,-71,-71,0,0,-82,-82,-76,0,0,-78,-79,-83,-84,-83,-83,0,-88,-81,-81,-48,-67
-71,-67,-70,-70,0,-83,-82,0,-82,-84,0,-85,-79,-79,-73,-70,-78,-79,-67,-66,-68,-68,0,-75,-69,-69,0,0,-72,-73,0,-75,-71,-71,0,0,-82,-82,-76,0,0,-78,-79,-83,-84,-83,-83,0,-88,-81,-81,-48,-67
-71,-70,-72,-71,0,-83,-82,0,-80,-81,-79,-75,-77,-77,-73,-71,-79,-79,-67,-66,-68,-68,-77,-74,-70,-70,0,0,-72,-73,0,0,-73,-74,0,0,-84,-83,-76,0,0,-80,-80,0,0,-83,-83,0,-88,-83,-82,-47,-67
-71,-70,-72,-71,0,-83,-82,0,-80,-81,-79,-75,-77,-77,-73,-71,-79,-79,-67,-66,-68,-68,-77,-74,-70,-70,0,0,-72,-73,0,0,-73,-74,0,0,-84,-83,-76,0,0,-80,-80,0,0,-83,-83,0,-88,-83,-82,-47,-67
-71,-70,-72,-71,0,-83,-82,0,-80,-81,-79,-75,-77,-77,-73,-71,-79,-79,-67,-66,-68,-68,-77,-74,-70,-70,0,0,-72,-73,0,0,-73,-74,0,0,-84,-83,-76,0,0,-80,-80,0,0,-83,-83,0,-88,-83,-82,-47,-67
-71,-70,-72,-71,0,-83,-82,0,-80,-81,-79,-75,-77,-77,-73,-71,-79,-79,-67,-66,-68,-68,-77,-74,-70,-70,0,0,-72,-73,0,0,-73,-74,0,0,-84,-83,-76,0,0,-80,-80,0,0,-83,-83,0,-88,-83,-82,-47,-67
-72,-70,-70,-70,0,-83,-82,0,-81,-82,-79,-75,-79,-78,-73,-74,-82,-80,-67,-64,-77,-77,-79,-77,-73,-73,-80,0,-73,-74,-74,-72,-74,-74,0,0,-84,-84,-76,0,-87,-79,-79,0,0,-83,-83,0,-88,-83,-82,-53,-67
-72,-70,-70,-70,0,-83,-82,0,-81,-82,-79,-75,-79,-78,-73,-74,-82,-80,-67,-64,-77,-77,-79,-77,-73,-73,-80,0,-73,-74,-74,-72,-74,-74,0,0,-84,-84,-76,0,-87,-79,-79,0,0,-83,-83,0,-88,-83,-82,-53,-67
-72,-70,-70,-70,0,-83,-82,0,-81,-82,-79,-75,-79,-78,-73,-74,-82,-80,-67,-64,-77,-77,-79,-77,-73,-73,-80,0,-73,-74,-74,-72,-74,-74,0,0,-84,-84,-76,0,-87,-79,-79,0,0,-83,-83,0,-88,-83,-82,-53,-67
-72,-70,-70,-70,0,-83,-82,0,-81,-82,-79,-75,-79,-78,-73,-74,-82,-80,-67,-64,-77,-77,-79,-77,-73,-73,-80,0,-73,-74,-74,-72,-74,-74,0,0,-84,-84,-76,0,-87,-79,-79,0,0,-83,-83,0,-88,-83,-82,-53,-67
-72,-70,-72,-71,0,0,0,0,-79,-78,-79,-85,-75,-75,-73,-74,-81,-82,0,-68,-70,-70,-79,-77,-71,-71,-78,0,-72,-73,-74,-72,-73,-73,0,0,-84,-84,0,0,-87,-77,-77,0,0,0,0,0,0,-82,-81,-49,-61
-72,-70,-72,-71,0,0,0,0,-79,-78,-79,-85,-75,-75,-73,-74,-81,-82,0,-68,-70,-70,-79,-77,-71,-71,-78,0,-72,-73,-74,-72,-73,-73,0,0,-84,-84,0,0,-87,-77,-77,0,0,0,0,0,0,-82,-81,-49,-61
-72,-70,-72,-71,0,0,0,0,-79,-78,-79,-85,-75,-75,-73,-74,-81,-82,0,-68,-70,-70,-79,-77,-71,-71,-78,0,-72,-73,-74,-72,-73,-73,0,0,-84,-84,0,0,-87,-77,-77,0,0,0,0,0,0,-82,-81,-49,-61
-72,-70,-72,-71,0,0,0,0,-79,-78,-79,-85,-75,-75,-73,-74,-81,-82,0,-68,-70,-70,-79,-77,-71,-71,-78,0,-72,-73,-74,-72,-73,-73,0,0,-84,-84,0,0,-87,-77,-77,0,0,0,0,0,0,-82,-81,-49,-61
-73,-69,-73,-73,0,0,0,0,-81,-81,0,-85,-75,-76,-80,-74,-81,-82,0,-68,-81,-78,-79,-77,-69,-70,-80,0,-69,-69,-74,-75,-73,-72,0,0,-86,-84,0,0,-87,-79,-79,0,0,0,0,0,0,-82,-81,-47,-64
-73,-69,-73,-73,0,0,0,0,-81,-81,0,-85,-75,-76,-80,-74,-81,-82,0,-68,-81,-78,-79,-77,-69,-70,-80,0,-69,-69,-74,-75,-73,-72,0,0,-86,-84,0,0,-87,-79,-79,0,0,0,0,0,0,-82,-81,-47,-64
-73,-69,-73,-73,0,0,0,0,-81,-81,0,-85,-75,-76,-80,-74,-81,-82,0,-68,-81,-78,-79,-77,-69,-70,-80,0,-69,-69,-74,-75,-73,-72,0,0,-86,-84,0,0,-87,-79,-79,0,0,0,0,0,0,-82,-81,-47,-64
-73,-69,-73,-73,0,0,0,0,-81,-81,0,-85,-75,-76,-80,-74,-81,-82,0,-68,-81,-78,-79,-77,-69,-70,-80,0,-69,-69,-74,-75,-73,-72,0,0,-86,-84,0,0,-87,-79,-79,0,0,0,0,0,0,-82,-81,-47,-64
-73,-69,-72,-72,0,0,0,0,-77,-78,0,-85,-75,-76,-80,0,-81,-82,0,-68,-72,-72,-82,-82,-71,-71,-81,0,-73,-74,-74,-71,-75,-75,0,0,-83,-83,0,0,0,-78,-78,0,0,0,0,0,0,-82,-82,-46,-61
-73,-69,-72,-72,0,0,0,0,-77,-78,0,-85,-75,-76,-80,0,-81,-82,0,-68,-72,-72,-82,-82,-71,-71,-81,0,-73,-74,-74,-71,-75,-75,0,0,-83,-83,0,0,0,-78,-78,0,0,0,0,0,0,-82,-82,-46,-61
-73,-69,-72,-72,0,0,0,0,-77,-78,0,-85,-75,-76,-80,0,-81,-82,0,-68,-72,-72,-82,-82,-71,-71,-81,0,-73,-74,-74,-71,-75,-75,0,0,-83,-83,0,0,0,-78,-78,0,0,0,0,0,0,-82,-82,-46,-61
-73,-69,-72,-72,0,0,0,0,-77,-78,0,-85,-75,-76,-80,0,-81,-82,0,-68,-72,-72,-82,-82,-71,-71,-81,0,-73,-74,-74,-71,-75,-75,0,0,-83,-83,0,0,0,-78,-78,0,0,0,0,0,0,-82,-82,-46,-61
-70,-68,-72,-71,0,0,0,0,-81,-82,0,0,-75,-76,-80,0,-81,-80,-72,-71,-74,-72,-82,-82,-68,-68,-82,0,-72,-74,-77,-73,-75,-74,0,0,-83,-83,0,0,0,-77,-77,-84,-83,0,0,0,0,-82,-82,-46,-60
-70,-68,-72,-71,0,0,0,0,-81,-82,0,0,-75,-76,-80,0,-81,-80,-72,-71,-74,-72,-82,-82,-68,-68,-82,0,-72,-74,-77,-73,-75,-74,0,0,-83,-83,0,0,0,-77,-77,-84,-83,0,0,0,0,-82,-82,-46,-60
-70,-68,-72,-71,0,0,0,0,-81,-82,0,0,-75,-76,-80,0,-81,-80,-72,-71,-74,-72,-82,-82,-68,-68,-82,0,-72,-74,-77,-73,-75,-74,0,0,-83,-83,0,0,0,-77,-77,-84,-83,0,0,0,0,-82,-82,-46,-60
-70,-68,-72,-71,0,0,0,0,-81,-82,0,0,-75,-76,-80,0,-81,-80,-72,-71,-74,-72,-82,-82,-68,-68,-82,0,-72,-74,-77,-73,-75,-74,0,0,-83,-83,0,0,0,-77,-77,-84,-83,0,0,0,0,-82,-82,-46,-60
-70,-69,-72,-72,0,0,-83,0,-79,-80,-80,-77,0,0,0,0,-80,-79,-72,-71,-74,-74,-82,-82,-70,-71,-82,0,-75,-76,-77,-73,-76,-77,0,-90,-83,-83,0,0,0,-75,-75,-84,-83,0,0,0,-87,-83,-80,-47,-61
-70,-69,-72,-72,0,0,-83,0,-79,-80,-80,-77,0,0,0,0,-80,-79,-72,-71,-74,-74,-82,-82,-70,-71,-82,0,-75,-76,-77,-73,-76,-77,0,-90,-83,-83,0,0,0,-75,-75,-84,-83,0,0,0,-87,-83,-80,-47,-61
-70,-69,-72,-72,0,0,-83,0,-79,-80,-80,-77,0,0,0,0,-80,-79,-72,-71,-74,-74,-82,-82,-70,-71,-82,0,-75,-76,-77,-73,-76,-77,0,-90,-83,-83,0,0,0,-75,-75,-84,-83,0,0,0,-87,-83,-80,-47,-61
-70,-68,-76,-76,0,0,-83,0,-79,-82,-80,-77,0,0,0,0,-82,-81,-71,-70,-74,-74,-82,0,-69,-70,-82,0,-74,-76,-79,-75,-75,-75,0,-90,0,0,0,0,0,-77,-77,-84,-83,0,0,0,-87,-83,-80,-48,-58
-70,-68,-76,-76,0,0,-83,0,-79,-82,-80,-77,0,0,0,0,-82,-81,-71,-70,-74,-74,-82,0,-69,-70,-82,0,-74,-76,-79,-75,-75,-75,0,-90,0,0,0,0,0,-77,-77,-84,-83,0,0,0,-87,-83,-80,-48,-58
-70,-68,-76,-76,0,0,-83,0,-79,-82,-80,-77,0,0,0,0,-82,-81,-71,-70,-74,-74,-82,0,-69,-70,-82,0,-74,-76,-79,-75,-75,-75,0,-90,0,0,0,0,0,-77,-77,-84,-83,0,0,0,-87,-83,-80,-48,-58
-70,-68,-76,-76,0,0,-83,0,-79,-82,-80,-77,0,0,0,0,-82,-81,-71,-70,-74,-74,-82,0,-69,-70,-82,0,-74,-76,-79,-75,-75,-75,0,-90,0,0,0,0,0,-77,-77,-84,-83,0,0,0,-87,-83,-80,-48,-58
-70,-68,-76,-76,0,0,-83,0,-79,-82,-80,-77,0,0,0,0,-82,-81,-71,-70,-74,-74,-82,0,-69,-70,-82,0,-74,-76,-79,-75,-75,-75,0,-90,0,0,0,0,0,-77,-77,-84,-83,0,0,0,-87,-83,-80,-48,-58
-71,-69,-76,-77,0,-81,-82,-79,-79,-82,-80,-77,-77,-78,0,0,-81,-80,-70,-69,-72,-72,-82,0,-70,-71,-82,0,-72,-72,-77,-74,-73,-73,0,-90,0,0,0,0,0,-78,-78,-86,-87,0,0,0,-87,-82,-82,-46,-61
-71,-69,-76,-77,0,-81,-82,-79,-79,-82,-80,-77,-77,-78,0,0,-81,-80,-70,-69,-72,-72,-82,0,-70,-71,-82,0,-72,-72,-77,-74,-73,-73,0,-90,0,0,0,0,0,-78,-78,-86,-87,0,0,0,-87,-82,-82,-46,-61
-71,-69,-76,-77,0,-81,-82,-79,-79,-82,-80,-77,-77,-78,0,0,-81,-80,-70,-69,-72,-72,-82,0,-70,-71,-82,0,-72,-72,-77,-74,-73,-73,0,-90,0,0,0,0,0,-78,-78,-86,-87,0,0,0,-87,-82,-82,-46,-61
-71,-69,-76,-77,0,-81,-82,-79,-79,-82,-80,-77,-77,-78,0,0,-81,-80,-70,-69,-72,-72,-82,0,-70,-71,-82,0,-72,-72,-77,-74,-73,-73,0,-90,0,0,0,0,0,-78,-78,-86,-87,0,0,0,-87,-82,-82,-46,-61
-71,-71,-69,-69,0,-81,-82,-79,0,-82,0,0,-80,-79,0,-81,-82,-82,-70,-69,-72,-72,-82,0,-68,-68,-75,0,-74,-75,-77,-74,-75,-76,0,0,-85,-86,0,0,0,-77,-77,-86,-87,-84,-85,0,-88,-82,-82,-48,-61
-71,-71,-69,-69,0,-81,-82,-79,0,-82,0,0,-80,-79,0,-81,-82,-82,-70,-69,-72,-72,-82,0,-68,-68,-75,0,-74,-75,-77,-74,-75,-76,0,0,-85,-86,0,0,0,-77,-77,-86,-87,-84,-85,0,-88,-82,-82,-48,-61
-71,-71,-69,-69,0,-81,-82,-79,0,-82,0,0,-80,-79,0,-81,-82,-82,-70,-69,-72,-72,-82,0,-68,-68,-75,0,-74,-75,-77,-74,-75,-76,0,0,-85,-86,0,0,0,-77,-77,-86,-87,-84,-85,0,-88,-82,-82,-48,-61
-71,-71,-70,-68,0,-84,-82,-79,-84,0,0,-76,-76,-77,0,-81,-82,-82,-70,-65,-74,-73,-82,0,-70,-70,-80,0,-68,-69,-79,-72,-74,-75,0,0,-87,-86,0,0,0,-78,-79,-86,-87,-84,-84,0,-88,-83,-82,-46,-63
-71,-71,-70,-68,0,-84,-82,-79,-84,0,0,-76,-76,-77,0,-81,-82,-82,-70,-65,-74,-73,-82,0,-70,-70,-80,0,-68,-69,-79,-72,-74,-75,0,0,-87,-86,0,0,0,-78,-79,-86,-87,-84,-84,0,-88,-83,-82,-46,-63
-71,-71,-70,-68,0,-84,-82,-79,-84,0,0,-76,-76,-77,0,-81,-82,-82,-70,-65,-74,-73,-82,0,-70,-70,-80,0,-68,-69,-79,-72,-74,-75,0,0,-87,-86,0,0,0,-78,-79,-86,-87,-84,-84,0,-88,-83,-82,-46,-63
-71,-71,-70,-68,0,-84,-82,-79,-84,0,0,-76,-76,-77,0,-81,-82,-82,-70,-65,-74,-73,-82,0,-70,-70,-80,0,-68,-69,-79,-72,-74,-75,0,0,-87,-86,0,0,0,-78,-79,-86,-87,-84,-84,0,-88,-83,-82,-46,-63
-74,-72,-67,-67,0,-80,-82,0,-83,-83,0,-76,-79,-79,-76,-81,-80,-80,-70,-67,-73,-74,-82,0,-69,-69,-75,0,-70,-72,-79,-76,-74,-75,0,0,-87,-86,0,-80,-82,-80,-79,0,0,-84,-84,0,-88,-80,-79,-50,-62
-74,-72,-67,-67,0,-80,-82,0,-83,-83,0,-76,-79,-79,-76,-81,-80,-80,-70,-67,-73,-74,-82,0,-69,-69,-75,0,-70,-72,-79,-76,-74,-75,0,0,-87,-86,0,-80,-82,-80,-79,0,0,-84,-84,0,-88,-80,-79,-50,-62
-74,-72,-67,-67,0,-80,-82,0,-83,-83,0,-76,-79,-79,-76,-81,-80,-80,-70,-67,-73,-74,-82,0,-69,-69,-75,0,-70,-72,-79,-76,-74,-75,0,0,-87,-86,0,-80,-82,-80,-79,0,0,-84,-84,0,-88,-80,-79,-50,-62
-74,-72,-67,-67,0,-80,-82,0,-83,-83,0,-76,-79,-79,-76,-81,-80,-80,-70,-67,-73,-74,-82,0,-69,-69,-75,0,-70,-72,-79,-76,-74,-75,0,0,-87,-86,0,-80,-82,-80,-79,0,0,-84,-84,0,-88,-80,-79,-50,-62
-73,-71,-66,-66,0,-82,-81,-77,-83,-83,0,-76,-79,-79,-76,-76,-81,-81,-69,-67,-72,-73,0,-72,-71,-70,-79,-85,-77,-78,-79,-76,-71,-72,0,0,-82,-82,0,-80,-82,-82,-81,-84,-85,-84,-84,0,0,-82,-79,-55,-60
-73,-71,-66,-66,0,-82,-81,-77,-83,-83,0,-76,-79,-79,-76,-76,-81,-81,-69,-67,-72,-73,0,-72,-71,-70,-79,-85,-77,-78,-79,-76,-71,-72,0,0,-82,-82,0,-80,-82,-82,-81,-84,-85,-84,-84,0,0,-82,-79,-55,-60
-73,-71,-66,-66,0,-82,-81,-77,-83,-83,0,-76,-79,-79,-76,-76,-81,-81,-69,-67,-72,-73,0,-72,-71,-70,-79,-85,-77,-78,-79,-76,-71,-72,0,0,-82,-82,0,-80,-82,-82,-81,-84,-85,-84,-84,0,0,-82,-79,-55,-60
-73,-71,-66,-66,0,-82,-81,-77,-83,-83,0,-76,-79,-79,-76,-76,-81,-81,-69,-67,-72,-73,0,-72,-71,-70,-79,-85,-77,-78,-79,-76,-71,-72,0,0,-82,-82,0,-80,-82,-82,-81,-84,-85,-84,-84,0,0,-82,-79,-55,-60
-73,-71,-69,-69,0,-83,-83,-77,-81,-80,-78,0,-79,-79,-76,-76,-81,-81,-69,-66,-74,-76,0,-72,-71,-71,-75,-85,-70,-73,-79,-75,-68,-68,-88,0,-83,-83,0,-80,-82,-81,-81,-84,-85,-83,-85,0,0,-84,-84,-50,-66
-73,-71,-69,-69,0,-83,-83,-77,-81,-80,-78,0,-79,-79,-76,-76,-81,-81,-69,-66,-74,-76,0,-72,-71,-71,-75,-85,-70,-73,-79,-75,-68,-68,-88,0,-83,-83,0,-80,-82,-81,-81,-84,-85,-83,-85,0,0,-84,-84,-50,-66
-73,-71,-69,-69,0,-83,-83,-77,-81,-80,-78,0,-79,-79,-76,-76,-81,-81,-69,-66,-74,-76,0,-72,-71,-71,-75,-85,-70,-73,-79,-75,-68,-68,-88,0,-83,-83,0,-80,-82,-81,-81,-84,-85,-83,-85,0,0,-84,-84,-50,-66
-73,-71,-69,-69,0,-83,-83,-77,-81,-80,-78,0,-79,-79,-76,-76,-81,-81,-69,-66,-74,-76,0,-72,-71,-71,-75,-85,-70,-73,-79,-75,-68,-68,-88,0,-83,-83,0,-80,-82,-81,-81,-84,-85,-83,-85,0,0,-84,-84,-50,-66
-73,-71,-69,-69,0,-83,-83,-77,-81,-80,-78,0,-79,-79,-76,-76,-81,-81,-69,-66,-74,-76,0,-72,-71,-71,-75,-85,-70,-73,-79,-75,-68,-68,-88,0,-83,-83,0,-80,-82,-81,-81,-84,-85,-83,-85,0,0,-84,-84,-50,-66
-73,-71,-67,-67,0,-81,-81,-77,-80,-80,-78,0,-79,-79,0,-76,-83,-83,-69,-69,-71,-71,0,-72,-71,-71,-78,-85,-79,-79,-77,-73,-68,-68,-88,0,-82,-82,0,0,0,-79,-79,-84,-85,-83,-85,0,0,-83,-85,-48,-64
-73,-71,-67,-67,0,-81,-81,-77,-80,-80,-78,0,-79,-79,0,-76,-83,-83,-69,-69,-71,-71,0,-72,-71,-71,-78,-85,-79,-79,-77,-73,-68,-68,-88,0,-82,-82,0,0,0,-79,-79,-84,-85,-83,-85,0,0,-83,-85,-48,-64
-73,-71,-67,-67,0,-81,-81,-77,-80,-80,-78,0,-79,-79,0,-76,-83,-83,-69,-69,-71,-71,0,-72,-71,-71,-78,-85,-79,-79,-77,-73,-68,-68,-88,0,-82,-82,0,0,0,-79,-79,-84,-85,-83,-85,0,0,-83,-85,-48,-64
0,0,-67,-68,0,-84,-85,0,-81,-81,-78,0,-75,-74,-80,-79,-79,-80,-68,-68,-70,-71,0,0,-70,-70,-79,0,-76,-78,-77,-71,-73,-73,-88,0,-82,-82,0,0,0,-82,-81,0,0,-83,-85,0,0,-83,-85,-48,-63
0,0,-67,-68,0,-84,-85,0,-81,-81,-78,0,-75,-74,-80,-79,-79,-80,-68,-68,-70,-71,0,0,-70,-70,-79,0,-76,-78,-77,-71,-73,-73,-88,0,-82,-82,0,0,0,-82,-81,0,0,-83,-85,0,0,-83,-85,-48,-63
0,0,-67,-68,0,-84,-85,0,-81,-81,-78,0,-75,-74,-80,-79,-79,-80,-68,-68,-70,-71,0,0,-70,-70,-79,0,-76,-78,-77,-71,-73,-73,-88,0,-82,-82,0,0,0,-82,-81,0,0,-83,-85,0,0,-83,-85,-48,-63
0,0,-67,-68,0,-84,-85,0,-81,-81,-78,0,-75,-74,-80,-79,-79,-80,-68,-68,-70,-71,0,0,-70,-70,-79,0,-76,-78,-77,-71,-73,-73,-88,0,-82,-82,0,0,0,-82,-81,0,0,-83,-85,0,0,-83,-85,-48,-63
-76,-74,-70,-69,0,-83,-83,0,-79,-80,0,0,-74,-74,-77,-70,-81,-81,-68,-70,-73,-74,0,0,-71,-71,-77,-83,-71,-71,-76,-73,-68,-68,0,0,-84,-84,0,0,0,-80,-80,0,0,0,-85,0,0,-83,-85,-53,-62
-76,-74,-70,-69,0,-83,-83,0,-79,-80,0,0,-74,-74,-77,-70,-81,-81,-68,-70,-73,-74,0,0,-71,-71,-77,-83,-71,-71,-76,-73,-68,-68,0,0,-84,-84,0,0,0,-80,-80,0,0,0,-85,0,0,-83,-85,-53,-62
-76,-74,-70,-69,0,-83,-83,0,-79,-80,0,0,-74,-74,-77,-70,-81,-81,-68,-70,-73,-74,0,0,-71,-71,-77,-83,-71,-71,-76,-73,-68,-68,0,0,-84,-84,0,0,0,-80,-80,0,0,0,-85,0,0,-83,-85,-53,-62
-76,-74,-70,-69,0,-83,-83,0,-79,-80,0,0,-74,-74,-77,-70,-81,-81,-68,-70,-73,-74,0,0,-71,-71,-77,-83,-71,-71,-76,-73,-68,-68,0,0,-84,-84,0,0,0,-80,-80,0,0,0,-85,0,0,-83,-85,-53,-62
-76,-70,-66,-68,-79,-83,-80,0,-81,-80,0,0,-76,-75,-77,-70,-78,-81,-67,-67,-72,-72,-73,-74,-70,-71,-76,-83,-74,-75,-72,-68,-72,-72,0,0,-85,-83,0,0,0,-78,-78,0,0,0,0,0,0,0,0,-45,-65
-76,-70,-66,-68,-79,-83,-80,0,-81,-80,0,0,-76,-75,-77,-70,-78,-81,-67,-67,-72,-72,-73,-74,-70,-71,-76,-83,-74,-75,-72,-68,-72,-72,0,0,-85,-83,0,0,0,-78,-78,0,0,0,0,0,0,0,0,-45,-65
-76,-70,-66,-68,-79,-83,-80,0,-81,-80,0,0,-76,-75,-77,-70,-78,-81,-67,-67,-72,-72,-73,-74,-70,-71,-76,-83,-74,-75,-72,-68,-72,-72,0,0,-85,-83,0,0,0,-78,-78,0,0,0,0,0,0,0,0,-45,-65
-76,-70,-66,-68,-79,-83,-80,0,-81,-80,0,0,-76,-75,-77,-70,-78,-81,-67,-67,-72,-72,-73,-74,-70,-71,-76,-83,-74,-75,-72,-68,-72,-72,0,0,-85,-83,0,0,0,-78,-78,0,0,0,0,0,0,0,0,-45,-65
-76,-68,-70,-70,-79,-83,-82,0,-79,-79,-75,-72,-76,-75,-77,-76,-80,-80,-67,-67,-71,-72,-77,-76,-66,-66,-76,-83,-74,-74,-72,-73,-66,-66,0,0,-85,-83,0,0,0,-79,-78,0,0,0,0,0,0,-80,-78,-44,-71
-76,-68,-70,-70,-79,-83,-82,0,-79,-79,-75,-72,-76,-75,-77,-76,-80,-80,-67,-67,-71,-72,-77,-76,-66,-66,-76,-83,-74,-74,-72,-73,-66,-66,0,0,-85,-83,0,0,0,-79,-78,0,0,0,0,0,0,-80,-78,-44,-71
-76,-68,-70,-70,-79,-83,-82,0,-79,-79,-75,-72,-76,-75,-77,-76,-80,-80,-67,-67,-71,-72,-77,-76,-66,-66,-76,-83,-74,-74,-72,-73,-66,-66,0,0,-85,-83,0,0,0,-79,-78,0,0,0,0,0,0,-80,-78,-44,-71
-76,-68,-70,-70,-79,-83,-82,0,-79,-79,-75,-72,-76,-75,-77,-76,-80,-80,-67,-67,-71,-72,-77,-76,-66,-66,-76,-83,-74,-74,-72,-73,-66,-66,0,0,-85,-83,0,0,0,-79,-78,0,0,0,0,0,0,-80,-78,-44,-71
-76,-68,-70,-70,-79,-83,-82,0,-79,-79,-75,-72,-76,-75,-77,-76,-80,-80,-67,-67,-71,-72,-77,-76,-66,-66,-76,-83,-74,-74,-72,-73,-66,-66,0,0,-85,-83,0,0,0,-79,-78,0,0,0,0,0,0,-80,-78,-44,-71
0,-68,-71,-71,-79,0,-82,0,-78,-77,-75,-72,-76,-75,0,-76,-79,-78,-64,-64,-68,-68,-77,-76,-70,-71,-76,0,-76,-78,-73,-70,-68,-70,0,0,-83,-81,0,0,0,-76,-77,0,0,0,0,0,-87,-83,-84,-42,-63
0,-68,-71,-71,-79,0,-82,0,-78,-77,-75,-72,-76,-75,0,-76,-79,-78,-64,-64,-68,-68,-77,-76,-70,-71,-76,0,-76,-78,-73,-70,-68,-70,0,0,-83,-81,0,0,0,-76,-77,0,0,0,0,0,-87,-83,-84,-42,-63
0,-68,-71,-71,-79,0,-82,0,-78,-77,-75,-72,-76,-75,0,-76,-79,-78,-64,-64,-68,-68,-77,-76,-70,-71,-76,0,-76,-78,-73,-70,-68,-70,0,0,-83,-81,0,0,0,-76,-77,0,0,0,0,0,-87,-83,-84,-42,-63
-71,-66,-71,-77,0,-82,-82,0,-80,-80,-75,-72,-78,-79,0,-76,-81,-81,-64,-64,-74,-74,-77,-76,-71,-70,-82,-84,-72,-76,-77,-74,-70,-70,0,0,-84,-84,-84,-84,0,-80,-77,0,0,0,0,0,-87,-80,-82,-45,-68
-71,-66,-71,-77,0,-82,-82,0,-80,-80,-75,-72,-78,-79,0,-76,-81,-81,-64,-64,-74,-74,-77,-76,-71,-70,-82,-84,-72,-76,-77,-74,-70,-70,0,0,-84,-84,-84,-84,0,-80,-77,0,0,0,0,0,-87,-80,-82,-45,-68
-71,-66,-71,-77,0,-82,-82,0,-80,-80,-75,-72,-78,-79,0,-76,-81,-81,-64,-64,-74,-74,-77,-76,-71,-70,-82,-84,-72,-76,-77,-74,-70,-70,0,0,-84,-84,-84,-84,0,-80,-77,0,0,0,0,0,-87,-80,-82,-45,-68
-71,-66,-71,-77,0,-82,-82,0,-80,-80,-75,-72,-78,-79,0,-76,-81,-81,-64,-64,-74,-74,-77,-76,-71,-70,-82,-84,-72,-76,-77,-74,-70,-70,0,0,-84,-84,-84,-84,0,-80,-77,0,0,0,0,0,-87,-80,-82,-45,-68
-72,-68,-75,-75,0,-81,-82,-78,-80,-81,-75,-72,-77,-78,0,-78,-82,-82,-67,-62,-77,-76,0,0,-69,-69,-81,-84,-77,-78,-76,-72,-70,-70,0,0,-82,-81,-84,-84,0,-80,-80,0,0,0,0,0,-87,-80,-79,-45,-68
-72,-68,-75,-75,0,-81,-82,-78,-80,-81,-75,-72,-77,-78,0,-78,-82,-82,-67,-62,-77,-76,0,0,-69,-69,-81,-84,-77,-78,-76,-72,-70,-70,0,0,-82,-81,-84,-84,0,-80,-80,0,0,0,0,0,-87,-80,-79,-45,-68
-72,-68,-75,-75,0,-81,-82,-78,-80,-81,-75,-72,-77,-78,0,-78,-82,-82,-67,-62,-77,-76,0,0,-69,-69,-81,-84,-77,-78,-76,-72,-70,-70,0,0,-82,-81,-84,-84,0,-80,-80,0,0,0,0,0,-87,-80,-79,-45,-68
-72,-68,-75,-75,0,-81,-82,-78,-80,-81,-75,-72,-77,-78,0,-78,-82,-82,-67,-62,-77,-76,0,0,-69,-69,-81,-84,-77,-78,-76,-72,-70,-70,0,0,-82,-81,-84,-84,0,-80,-80,0,0,0,0,0,-87,-80,-79,-45,-68
-72,-68,-75,-75,0,-81,-82,-78,-80,-81,-75,-72,-77,-78,0,-78,-82,-82,-67,-62,-77,-76,0,0,-69,-69,-81,-84,-77,-78,-76,-72,-70,-70,0,0,-82,-81,-84,-84,0,-80,-80,0,0,0,0,0,-87,-80,-79,-45,-68
-72,-66,-75,-75,-79,-85,-82,-78,-80,-79,0,0,-77,-77,0,-78,-83,-83,-67,-66,-75,-75,0,0,-70,-71,-81,-84,-70,-74,-76,-77,-71,-71,0,0,-82,-81,-84,-84,0,-79,-79,0,0,0,0,0,0,-80,-81,-49,-64
-72,-66,-75,-75,-79,-85,-82,-78,-80,-79,0,0,-77,-77,0,-78,-83,-83,-67,-66,-75,-75,0,0,-70,-71,-81,-84,-70,-74,-76,-77,-71,-71,0,0,-82,-81,-84,-84,0,-79,-79,0,0,0,0,0,0,-80,-81,-49,-64
-72,-66,-75,-75,-79,-85,-82,-78,-80,-79,0,0,-77,-77,0,-78,-83,-83,-67,-66,-75,-75,0,0,-70,-71,-81,-84,-70,-74,-76,-77,-71,-71,0,0,-82,-81,-84,-84,0,-79,-79,0,0,0,0,0,0,-80,-81,-49,-64
-68,-65,-69,-69,-79,-83,-85,-78,-81,-82,0,0,-77,-77,0,-80,-80,-81,-72,-69,-69,-69,0,0,-74,-73,-80,0,-72,-78,-76,-73,-75,-75,0,0,-82,-81,0,-78,0,-75,-76,-85,0,0,0,0,0,-80,-81,-43,-63
-68,-65,-69,-69,-79,-83,-85,-78,-81,-82,0,0,-77,-77,0,-80,-80,-81,-72,-69,-69,-69,0,0,-74,-73,-80,0,-72,-78,-76,-73,-75,-75,0,0,-82,-81,0,-78,0,-75,-76,-85,0,0,0,0,0,-80,-81,-43,-63
-68,-65,-69,-69,-79,-83,-85,-78,-81,-82,0,0,-77,-77,0,-80,-80,-81,-72,-69,-69,-69,0,0,-74,-73,-80,0,-72,-78,-76,-73,-75,-75,0,0,-82,-81,0,-78,0,-75,-76,-85,0,0,0,0,0,-80,-81,-43,-63
-68,-65,-69,-69,-79,-83,-85,-78,-81,-82,0,0,-77,-77,0,-80,-80,-81,-72,-69,-69,-69,0,0,-74,-73,-80,0,-72,-78,-76,-73,-75,-75,0,0,-82,-81,0,-78,0,-75,-76,-85,0,0,0,0,0,-80,-81,-43,-63
-70,-67,-71,-70,-79,-80,-79,0,-81,-79,-76,0,-77,-77,-78,-74,-81,-79,-72,-69,-73,-73,0,0,-72,-72,-81,0,-71,-74,-75,-76,-73,-74,0,0,0,-84,0,-78,0,-74,-74,-85,0,0,0,0,0,-80,-81,-52,-66
-70,-67,-71,-70,-79,-80,-79,0,-81,-79,-76,0,-77,-77,-78,-74,-81,-79,-72,-69,-73,-73,0,0,-72,-72,-81,0,-71,-74,-75,-76,-73,-74,0,0,0,-84,0,-78,0,-74,-74,-85,0,0,0,0,0,-80,-81,-52,-66
-70,-67,-71,-70,-79,-80,-79,0,-81,-79,-76,0,-77,-77,-78,-74,-81,-79,-72,-69,-73,-73,0,0,-72,-72,-81,0,-71,-74,-75,-76,-73,-74,0,0,0,-84,0,-78,0,-74,-74,-85,0,0,0,0,0,-80,-81,-52,-66
-70,-67,-71,-70,-79,-80,-79,0,-81,-79,-76,0,-77,-77,-78,-74,-81,-79,-72,-69,-73,-73,0,0,-72,-72,-81,0,-71,-74,-75,-76,-73,-74,0,0,0,-84,0,-78,0,-74,-74,-85,0,0,0,0,0,-80,-81,-52,-66
-68,-66,-70,-69,0,-80,-80,-81,-80,-79,-76,0,-77,-77,-78,-72,-81,-82,-69,-66,-74,-74,0,0,-72,-72,-81,0,-73,-75,-76,-71,-72,-72,0,0,-85,-86,0,-78,0,-76,-77,-86,-86,0,0,0,0,0,0,-42,-61
-68,-66,-70,-69,0,-80,-80,-81,-80,-79,-76,0,-77,-77,-78,-72,-81,-82,-69,-66,-74,-74,0,0,-72,-72,-81,0,-73,-75,-76,-71,-72,-72,0,0,-85,-86,0,-78,0,-76,-77,-86,-86,0,0,0,0,0,0,-42,-61
-68,-66,-70,-69,0,-80,-80,-81,-80,-79,-76,0,-77,-77,-78,-72,-81,-82,-69,-66,-74,-74,0,0,-72,-72,-81,0,-73,-75,-76,-71,-72,-72,0,0,-85,-86,0,-78,0,-76,-77,-86,-86,0,0,0,0,0,0,-42,-61
-68,-66,-70,-69,0,-80,-80,-81,-80,-79,-76,0,-77,-77,-78,-72,-81,-82,-69,-66,-74,-74,0,0,-72,-72,-81,0,-73,-75,-76,-71,-72,-72,0,0,-85,-86,0,-78,0,-76,-77,-86,-86,0,0,0,0,0,0,-42,-61
-68,-65,-69,-68,-82,-80,-80,-81,-81,-83,-76,0,0,0,-78,-72,-82,-80,-69,-66,-68,-69,-75,-75,-73,-72,-83,0,-74,-75,-76,-72,-74,-74,0,0,-85,-86,0,0,0,-76,-76,-86,-86,0,0,0,0,-80,-80,-44,-59
-68,-65,-69,-68,-82,-80,-80,-81,-81,-83,-76,0,0,0,-78,-72,-82,-80,-69,-66,-68,-69,-75,-75,-73,-72,-83,0,-74,-75,-76,-72,-74,-74,0,0,-85,-86,0,0,0,-76,-76,-86,-86,0,0,0,0,-80,-80,-44,-59
-68,-65,-69,-68,-82,-80,-80,-81,-81,-83,-76,0,0,0,-78,-72,-82,-80,-69,-66,-68,-69,-75,-75,-73,-72,-83,0,-74,-75,-76,-72,-74,-74,0,0,-85,-86,0,0,0,-76,-76,-86,-86,0,0,0,0,-80,-80,-44,-59
-68,-65,-69,-68,-82,-80,-80,-81,-81,-83,-76,0,0,0,-78,-72,-82,-80,-69,-66,-68,-69,-75,-75,-73,-72,-83,0,-74,-75,-76,-72,-74,-74,0,0,-85,-86,0,0,0,-76,-76,-86,-86,0,0,0,0,-80,-80,-44,-59
-68,-67,-70,-69,-82,-84,-83,-81,-84,-85,0,0,0,0,0,-72,-80,-81,-69,-68,-69,-70,-75,-75,-75,-75,-81,-79,-75,-76,-74,-72,-74,-74,0,0,-85,-87,0,0,0,-77,-79,-87,-87,0,0,0,0,-80,-80,-44,-60
-68,-67,-70,-69,-82,-84,-83,-81,-84,-85,0,0,0,0,0,-72,-80,-81,-69,-68,-69,-70,-75,-75,-75,-75,-81,-79,-75,-76,-74,-72,-74,-74,0,0,-85,-87,0,0,0,-77,-79,-87,-87,0,0,0,0,-80,-80,-44,-60
-68,-67,-70,-69,-82,-84,-83,-81,-84,-85,0,0,0,0,0,-72,-80,-81,-69,-68,-69,-70,-75,-75,-75,-75,-81,-79,-75,-76,-74,-72,-74,-74,0,0,-85,-87,0,0,0,-77,-79,-87,-87,0,0,0,0,-80,-80,-44,-60
-68,-67,-70,-69,-82,-84,-83,-81,-84,-85,0,0,0,0,0,-72,-80,-81,-69,-68,-69,-70,-75,-75,-75,-75,-81,-79,-75,-76,-74,-72,-74,-74,0,0,-85,-87,0,0,0,-77,-79,-87,-87,0,0,0,0,-80,-80,-44,-60
-68,-65,-68,-68,-79,-84,-83,0,-84,-85,0,0,0,0,-77,-75,-80,-81,0,-68,-69,-69,-75,-75,-70,-69,-82,-79,-78,-78,-74,-70,-73,-73,0,0,0,-87,0,0,0,-75,-76,-87,-87,0,0,0,0,-80,-79,-43,-59
-68,-65,-68,-68,-79,-84,-83,0,-84,-85,0,0,0,0,-77,-75,-80,-81,0,-68,-69,-69,-75,-75,-70,-69,-82,-79,-78,-78,-74,-70,-73,-73,0,0,0,-87,0,0,0,-75,-76,-87,-87,0,0,0,0,-80,-79,-43,-59
-68,-65,-68,-68,-79,-84,-83,0,-84,-85,0,0,0,0,-77,-75,-80,-81,0,-68,-69,-69,-75,-75,-70,-69,-82,-79,-78,-78,-74,-70,-73,-73,0,0,0,-87,0,0,0,-75,-76,-87,-87,0,0,0,0,-80,-79,-43,-59
-68,-65,-68,-68,-79,-84,-83,0,-84,-85,0,0,0,0,-77,-75,-80,-81,0,-68,-69,-69,-75,-75,-70,-69,-82,-79,-78,-78,-74,-70,-73,-73,0,0,0,-87,0,0,0,-75,-76,-87,-87,0,0,0,0,-80,-79,-43,-59
-68,-65,-68,-68,-79,-84,-83,0,-84,-85,0,0,0,0,-77,-75,-80,-81,0,-68,-69,-69,-75,-75,-70,-69,-82,-79,-78,-78,-74,-70,-73,-73,0,0,0,-87,0,0,0,-75,-76,-87,-87,0,0,0,0,-80,-79,-43,-59
-69,-66,-69,-69,-79,-83,-82,0,-84,-85,0,0,-77,-77,-78,-78,-81,-82,0,-68,-67,-68,-75,-74,-72,-72,-81,-78,-76,-77,-74,-70,-71,-71,0,0,0,-87,0,0,0,-76,-75,-87,-87,0,0,0,0,-80,-81,-44,-60
-69,-66,-69,-69,-79,-83,-82,0,-84,-85,0,0,-77,-77,-78,-78,-81,-82,0,-68,-67,-68,-75,-74,-72,-72,-81,-78,-76,-77,-74,-70,-71,-71,0,0,0,-87,0,0,0,-76,-75,-87,-87,0,0,0,0,-80,-81,-44,-60
-69,-66,-69,-69,-79,-83,-82,0,-84,-85,0,0,-77,-77,-78,-78,-81,-82,0,-68,-67,-68,-75,-74,-72,-72,-81,-78,-76,-77,-74,-70,-71,-71,0,0,0,-87,0,0,0,-76,-75,-87,-87,0,0,0,0,-80,-81,-44,-60
-77,-77,-74,-76,-79,-83,-82,0,-83,0,0,0,-76,-77,-78,-78,-79,-80,-72,-70,-68,-68,-75,-78,-67,-67,-80,-78,-73,-73,-77,-78,-72,-73,0,0,-86,-85,0,-79,0,-78,-77,0,0,0,0,0,0,-80,-81,-56,-65
-77,-77,-74,-76,-79,-83,-82,0,-83,0,0,0,-76,-77,-78,-78,-79,-80,-72,-70,-68,-68,-75,-78,-67,-67,-80,-78,-73,-73,-77,-78,-72,-73,0,0,-86,-85,0,-79,0,-78,-77,0,0,0,0,0,0,-80,-81,-56,-65
-77,-77,-74,-76,-79,-83,-82,0,-83,0,0,0,-76,-77,-78,-78,-79,-80,-72,-70,-68,-68,-75,-78,-67,-67,-80,-78,-73,-73,-77,-78,-72,-73,0,0,-86,-85,0,-79,0,-78,-77,0,0,0,0,0,0,-80,-81,-56,-65
-77,-77,-74,-76,-79,-83,-82,0,-83,0,0,0,-76,-77,-78,-78,-79,-80,-72,-70,-68,-68,-75,-78,-67,-67,-80,-78,-73,-73,-77,-78,-72,-73,0,0,-86,-85,0,-79,0,-78,-77,0,0,0,0,0,0,-80,-81,-56,-65
-67,-65,-71,-70,0,-85,-82,0,-83,0,0,-81,-75,-76,-78,-78,-81,-83,-72,-70,-67,-66,-76,-75,-66,-67,-78,-78,-75,-75,-77,-75,-72,-73,0,-90,-86,-85,0,-79,0,-79,-79,0,0,0,0,0,-91,-83,-83,-54,-66
-67,-65,-71,-70,0,-85,-82,0,-83,0,0,-81,-75,-76,-78,-78,-81,-83,-72,-70,-67,-66,-76,-75,-66,-67,-78,-78,-75,-75,-77,-75,-72,-73,0,-90,-86,-85,0,-79,0,-79,-79,0,0,0,0,0,-91,-83,-83,-54,-66
-67,-65,-71,-70,0,-85,-82,0,-83,0,0,-81,-75,-76,-78,-78,-81,-83,-72,-70,-67,-66,-76,-75,-66,-67,-78,-78,-75,-75,-77,-75,-72,-73,0,-90,-86,-85,0,-79,0,-79,-79,0,0,0,0,0,-91,-83,-83,-54,-66
-67,-65,-71,-70,0,-85,-82,0,-83,0,0,-81,-75,-76,-78,-78,-81,-83,-72,-70,-67,-66,-76,-75,-66,-67,-78,-78,-75,-75,-77,-75,-72,-73,0,-90,-86,-85,0,-79,0,-79,-79,0,0,0,0,0,-91,-83,-83,-54,-66
-67,-65,-71,-70,0,-85,-82,0,-83,0,0,-81,-75,-76,-78,-78,-81,-83,-72,-70,-67,-66,-76,-75,-66,-67,-78,-78,-75,-75,-77,-75,-72,-73,0,-90,-86,-85,0,-79,0,-79,-79,0,0,0,0,0,-91,-83,-83,-54,-66
-67,-63,-71,-71,0,-85,-82,0,-83,0,0,-81,-76,-76,0,-72,-83,-82,-72,-68,-67,-66,-76,-76,-68,-68,-78,0,-76,-77,-77,-75,-70,-70,0,-90,-86,-85,0,-79,0,-80,-80,0,0,0,-86,0,-91,-83,-83,-47,-65
-67,-63,-71,-71,0,-85,-82,0,-83,0,0,-81,-76,-76,0,-72,-83,-82,-72,-68,-67,-66,-76,-76,-68,-68,-78,0,-76,-77,-77,-75,-70,-70,0,-90,-86,-85,0,-79,0,-80,-80,0,0,0,-86,0,-91,-83,-83,-47,-65
-67,-63,-71,-71,0,-85,-82,0,-83,0,0,-81,-76,-76,0,-72,-83,-82,-72,-68,-67,-66,-76,-76,-68,-68,-78,0,-76,-77,-77,-75,-70,-70,0,-90,-86,-85,0,-79,0,-80,-80,0,0,0,-86,0,-91,-83,-83,-47,-65
-67,-63,-71,-71,0,-85,-82,0,-83,0,0,-81,-76,-76,0,-72,-83,-82,-72,-68,-67,-66,-76,-76,-68,-68,-78,0,-76,-77,-77,-75,-70,-70,0,-90,-86,-85,0,-79,0,-80,-80,0,0,0,-86,0,-91,-83,-83,-47,-65
-66,-64,-71,-72,0,-85,-83,0,0,-82,0,-81,-77,-77,-71,-79,-82,-82,0,-71,-69,-69,-76,-76,-71,-71,-78,0,-74,-75,0,-75,-72,-72,0,-90,-86,-86,0,-80,-81,-77,-78,-85,0,0,-86,0,-91,-81,-81,-46,-66
-66,-64,-71,-72,0,-85,-83,0,0,-82,0,-81,-77,-77,-71,-79,-82,-82,0,-71,-69,-69,-76,-76,-71,-71,-78,0,-74,-75,0,-75,-72,-72,0,-90,-86,-86,0,-80,-81,-77,-78,-85,0,0,-86,0,-91,-81,-81,-46,-66
-66,-64,-71,-72,0,-85,-83,0,0,-82,0,-81,-77,-77,-71,-79,-82,-82,0,-71,-69,-69,-76,-76,-71,-71,-78,0,-74,-75,0,-75,-72,-72,0,-90,-86,-86,0,-80,-81,-77,-78,-85,0,0,-86,0,-91,-81,-81,-46,-66
-71,-66,-76,-77,0,-82,-83,0,-81,-81,0,0,-79,-78,-73,-72,-78,-78,0,-69,-71,-71,0,-78,-70,-70,-78,-82,-73,-73,0,-76,-75,-74,0,0,-83,-86,0,-80,-86,-82,-81,-85,0,0,-86,0,0,-81,-81,-46,-64
-71,-66,-76,-77,0,-82,-83,0,-81,-81,0,0,-79,-78,-73,-72,-78,-78,0,-69,-71,-71,0,-78,-70,-70,-78,-82,-73,-73,0,-76,-75,-74,0,0,-83,-86,0,-80,-86,-82,-81,-85,0,0,-86,0,0,-81,-81,-46,-64
-71,-66,-76,-77,0,-82,-83,0,-81,-81,0,0,-79,-78,-73,-72,-78,-78,0,-69,-71,-71,0,-78,-70,-70,-78,-82,-73,-73,0,-76,-75,-74,0,0,-83,-86,0,-80,-86,-82,-81,-85,0,0,-86,0,0,-81,-81,-46,-64
-71,-66,-76,-77,0,-82,-83,0,-81,-81,0,0,-79,-78,-73,-72,-78,-78,0,-69,-71,-71,0,-78,-70,-70,-78,-82,-73,-73,0,-76,-75,-74,0,0,-83,-86,0,-80,-86,-82,-81,-85,0,0,-86,0,0,-81,-81,-46,-64
-69,-65,-68,-68,0,-83,-85,0,-82,-81,0,0,-73,-74,-78,-72,-79,-78,-66,-64,-70,-71,0,-78,-72,-73,-80,-76,-70,-73,0,-78,-67,-67,0,0,-83,-86,0,-80,-86,-77,-77,-85,0,0,0,0,0,-81,-81,-47,-71
-69,-65,-68,-68,0,-83,-85,0,-82,-81,0,0,-73,-74,-78,-72,-79,-78,-66,-64,-70,-71,0,-78,-72,-73,-80,-76,-70,-73,0,-78,-67,-67,0,0,-83,-86,0,-80,-86,-77,-77,-85,0,0,0,0,0,-81,-81,-47,-71
-69,-65,-68,-68,0,-83,-85,0,-82,-81,0,0,-73,-74,-78,-72,-79,-78,-66,-64,-70,-71,0,-78,-72,-73,-80,-76,-70,-73,0,-78,-67,-67,0,0,-83,-86,0,-80,-86,-77,-77,-85,0,0,0,0,0,-81,-81,-47,-71
-69,-65,-68,-68,0,-83,-85,0,-82,-81,0,0,-73,-74,-78,-72,-79,-78,-66,-64,-70,-71,0,-78,-72,-73,-80,-76,-70,-73,0,-78,-67,-67,0,0,-83,-86,0,-80,-86,-77,-77,-85,0,0,0,0,0,-81,-81,-47,-71
-69,-66,-70,-69,-81,-83,-84,-79,-82,-84,0,0,-80,-80,-74,-75,-79,-79,-66,-70,-69,-69,0,-78,-71,-70,-78,-76,-72,-73,-75,-79,-68,-68,0,0,-83,-86,-83,0,-86,-78,-78,0,0,0,0,0,0,0,0,-47,-66
-69,-66,-70,-69,-81,-83,-84,-79,-82,-84,0,0,-80,-80,-74,-75,-79,-79,-66,-70,-69,-69,0,-78,-71,-70,-78,-76,-72,-73,-75,-79,-68,-68,0,0,-83,-86,-83,0,-86,-78,-78,0,0,0,0,0,0,0,0,-47,-66
-69,-66,-70,-69,-81,-83,-84,-79,-82,-84,0,0,-80,-80,-74,-75,-79,-79,-66,-70,-69,-69,0,-78,-71,-70,-78,-76,-72,-73,-75,-79,-68,-68,0,0,-83,-86,-83,0,-86,-78,-78,0,0,0,0,0,0,0,0,-47,-66
-69,-66,-70,-69,-81,-83,-84,-79,-82,-84,0,0,-80,-80,-74,-75,-79,-79,-66,-70,-69,-69,0,-78,-71,-70,-78,-76,-72,-73,-75,-79,-68,-68,0,0,-83,-86,-83,0,-86,-78,-78,0,0,0,0,0,0,0,0,-47,-66
-71,-68,-71,-70,-82,-84,-86,-79,-81,-81,0,0,-80,-80,-74,-75,-80,-80,-69,-69,-71,-71,-79,-77,-68,-68,-78,-76,-72,-73,-75,-79,-70,-70,0,0,-83,-83,-83,0,0,-80,-79,0,0,0,0,0,0,0,0,-48,-66
-71,-68,-71,-70,-82,-84,-86,-79,-81,-81,0,0,-80,-80,-74,-75,-80,-80,-69,-69,-71,-71,-79,-77,-68,-68,-78,-76,-72,-73,-75,-79,-70,-70,0,0,-83,-83,-83,0,0,-80,-79,0,0,0,0,0,0,0,0,-48,-66
-71,-68,-71,-70,-82,-84,-86,-79,-81,-81,0,0,-80,-80,-74,-75,-80,-80,-69,-69,-71,-71,-79,-77,-68,-68,-78,-76,-72,-73,-75,-79,-70,-70,0,0,-83,-83,-83,0,0,-80,-79,0,0,0,0,0,0,0,0,-48,-66
-71,-68,-71,-70,-82,-84,-86,-79,-81,-81,0,0,-80,-80,-74,-75,-80,-80,-69,-69,-71,-71,-79,-77,-68,-68,-78,-76,-72,-73,-75,-79,-70,-70,0,0,-83,-83,-83,0,0,-80,-79,0,0,0,0,0,0,0,0,-48,-66
-71,-68,-70,-70,-82,-84,-86,-79,-82,-81,0,0,-78,-77,-74,-74,-80,-79,-70,-68,-72,-71,-78,-77,-67,-69,-78,0,-72,-73,-74,-78,-71,-71,0,0,-83,-85,-83,0,-82,-79,-77,0,0,0,0,0,0,0,0,-48,-65
-71,-68,-70,-70,-82,-84,-86,-79,-82,-81,0,0,-78,-77,-74,-74,-80,-79,-70,-68,-72,-71,-78,-77,-67,-69,-78,0,-72,-73,-74,-78,-71,-71,0,0,-83,-85,-83,0,-82,-79,-77,0,0,0,0,0,0,0,0,-48,-65
-71,-68,-70,-70,-82,-84,-86,-79,-82,-81,0,0,-78,-77,-74,-74,-80,-79,-70,-68,-72,-71,-78,-77,-67,-69,-78,0,-72,-73,-74,-78,-71,-71,0,0,-83,-85,-83,0,-82,-79,-77,0,0,0,0,0,0,0,0,-48,-65
-71,-68,-70,-70,-82,-84,-86,-79,-82,-81,0,0,-78,-77,-74,-74,-80,-79,-70,-68,-72,-71,-78,-77,-67,-69,-78,0,-72,-73,-74,-78,-71,-71,0,0,-83,-85,-83,0,-82,-79,-77,0,0,0,0,0,0,0,0,-48,-65
-71,-66,-66,-66,-82,-85,-86,0,-83,-81,0,0,-74,-74,-76,-74,-78,-79,-70,-70,-67,-68,-77,-78,-73,-73,-78,-81,-72,-73,-74,-76,-75,-75,0,0,-83,-85,0,0,-82,-79,-78,0,0,0,0,0,0,-80,-81,-53,-67
-71,-66,-66,-66,-82,-85,-86,0,-83,-81,0,0,-74,-74,-76,-74,-78,-79,-70,-70,-67,-68,-77,-78,-73,-73,-78,-81,-72,-73,-74,-76,-75,-75,0,0,-83,-85,0,0,-82,-79,-78,0,0,0,0,0,0,-80,-81,-53,-67
-71,-66,-66,-66,-82,-85,-86,0,-83,-81,0,0,-74,-74,-76,-74,-78,-79,-70,-70,-67,-68,-77,-78,-73,-73,-78,-81,-72,-73,-74,-76,-75,-75,0,0,-83,-85,0,0,-82,-79,-78,0,0,0,0,0,0,-80,-81,-53,-67
-71,-66,-66,-66,-82,-85,-86,0,-83,-81,0,0,-74,-74,-76,-74,-78,-79,-70,-70,-67,-68,-77,-78,-73,-73,-78,-81,-72,-73,-74,-76,-75,-75,0,0,-83,-85,0,0,-82,-79,-78,0,0,0,0,0,0,-80,-81,-53,-67
-71,-66,-66,-66,-82,-85,-86,0,-83,-81,0,0,-74,-74,-76,-74,-78,-79,-70,-70,-67,-68,-77,-78,-73,-73,-78,-81,-72,-73,-74,-76,-75,-75,0,0,-83,-85,0,0,-82,-79,-78,0,0,0,0,0,0,-80,-81,-53,-67
0,-66,-66,-66,0,-85,0,0,-84,-84,-79,-76,-74,-75,-76,-74,-80,-80,-70,-67,-67,-67,-77,-78,-72,-72,-77,-78,-75,-76,-74,-76,-76,-76,0,0,0,-85,0,0,-82,-79,-79,0,0,0,0,0,0,-81,-81,-47,-62
0,-66,-66,-66,0,-85,0,0,-84,-84,-79,-76,-74,-75,-76,-74,-80,-80,-70,-67,-67,-67,-77,-78,-72,-72,-77,-78,-75,-76,-74,-76,-76,-76,0,0,0,-85,0,0,-82,-79,-79,0,0,0,0,0,0,-81,-81,-47,-62
0,-66,-66,-66,0,-85,0,0,-84,-84,-79,-76,-74,-75,-76,-74,-80,-80,-70,-67,-67,-67,-77,-78,-72,-72,-77,-78,-75,-76,-74,-76,-76,-76,0,0,0,-85,0,0,-82,-79,-79,0,0,0,0,0,0,-81,-81,-47,-62
-69,-66,-67,-67,0,-83,0,0,-84,-84,-79,-76,-75,-75,-76,-73,-81,-82,-71,-67,-67,-67,-77,-78,-75,-75,-78,-78,-73,-74,-74,-76,-77,-77,0,0,-83,-84,0,0,0,-78,-77,0,0,0,0,0,0,-80,-79,-47,-63
-69,-66,-67,-67,0,-83,0,0,-84,-84,-79,-76,-75,-75,-76,-73,-81,-82,-71,-67,-67,-67,-77,-78,-75,-75,-78,-78,-73,-74,-74,-76,-77,-77,0,0,-83,-84,0,0,0,-78,-77,0,0,0,0,0,0,-80,-79,-47,-63
-69,-66,-67,-67,0,-83,0,0,-84,-84,-79,-76,-75,-75,-76,-73,-81,-82,-71,-67,-67,-67,-77,-78,-75,-75,-78,-78,-73,-74,-74,-76,-77,-77,0,0,-83,-84,0,0,0,-78,-77,0,0,0,0,0,0,-80,-79,-47,-63
-69,-66,-67,-67,0,-83,0,0,-84,-84,-79,-76,-75,-75,-76,-73,-81,-82,-71,-67,-67,-67,-77,-78,-75,-75,-78,-78,-73,-74,-74,-76,-77,-77,0,0,-83,-84,0,0,0,-78,-77,0,0,0,0,0,0,-80,-79,-47,-63
-69,-65,-68,-67,-89,-82,0,0,-84,-84,-79,-76,-77,-76,0,-73,-81,-82,-70,-69,-67,-67,0,0,-75,-76,-77,-78,-71,-71,-74,-76,-75,-76,0,0,-85,-85,0,0,0,-78,-78,0,0,0,0,0,0,-80,-80,-47,-63
-69,-65,-68,-67,-89,-82,0,0,-84,-84,-79,-76,-77,-76,0,-73,-81,-82,-70,-69,-67,-67,0,0,-75,-76,-77,-78,-71,-71,-74,-76,-75,-76,0,0,-85,-85,0,0,0,-78,-78,0,0,0,0,0,0,-80,-80,-47,-63
-69,-65,-68,-67,-89,-82,0,0,-84,-84,-79,-76,-77,-76,0,-73,-81,-82,-70,-69,-67,-67,0,0,-75,-76,-77,-78,-71,-71,-74,-76,-75,-76,0,0,-85,-85,0,0,0,-78,-78,0,0,0,0,0,0,-80,-80,-47,-63
-69,-65,-68,-67,-89,-82,0,0,-84,-84,-79,-76,-77,-76,0,-73,-81,-82,-70,-69,-67,-67,0,0,-75,-76,-77,-78,-71,-71,-74,-76,-75,-76,0,0,-85,-85,0,0,0,-78,-78,0,0,0,0,0,0,-80,-80,-47,-63
-69,-65,-66,-67,-80,-83,-83,0,-84,0,0,0,-79,-80,-75,-73,-80,-80,-70,-69,-68,-66,0,0,-74,-73,-77,0,-72,-73,-74,-75,-75,-75,0,0,-85,-87,0,0,0,-77,-77,0,0,0,0,0,0,-80,-80,-46,-63
-69,-65,-66,-67,-80,-83,-83,0,-84,0,0,0,-79,-80,-75,-73,-80,-80,-70,-69,-68,-66,0,0,-74,-73,-77,0,-72,-73,-74,-75,-75,-75,0,0,-85,-87,0,0,0,-77,-77,0,0,0,0,0,0,-80,-80,-46,-63
-69,-65,-66,-67,-80,-83,-83,0,-84,0,0,0,-79,-80,-75,-73,-80,-80,-70,-69,-68,-66,0,0,-74,-73,-77,0,-72,-73,-74,-75,-75,-75,0,0,-85,-87,0,0,0,-77,-77,0,0,0,0,0,0,-80,-80,-46,-63
-69,-65,-66,-67,-80,-83,-83,0,-84,0,0,0,-79,-80,-75,-73,-80,-80,-70,-69,-68,-66,0,0,-74,-73,-77,0,-72,-73,-74,-75,-75,-75,0,0,-85,-87,0,0,0,-77,-77,0,0,0,0,0,0,-80,-80,-46,-63
-69,-68,-67,-67,-80,-83,-83,0,-84,-84,0,0,-79,-80,-73,-71,-79,-79,-70,-67,-68,-68,0,0,-74,-73,-78,0,-73,-73,-74,-74,-73,-72,0,0,-85,-86,0,0,0,-78,-78,0,0,0,0,0,0,-80,-80,-47,-63
-69,-68,-67,-67,-80,-83,-83,0,-84,-84,0,0,-79,-80,-73,-71,-79,-79,-70,-67,-68,-68,0,0,-74,-73,-78,0,-73,-73,-74,-74,-73,-72,0,0,-85,-86,0,0,0,-78,-78,0,0,0,0,0,0,-80,-80,-47,-63
-69,-68,-67,-67,-80,-83,-83,0,-84,-84,0,0,-79,-80,-73,-71,-79,-79,-70,-67,-68,-68,0,0,-74,-73,-78,0,-73,-73,-74,-74,-73,-72,0,0,-85,-86,0,0,0,-78,-78,0,0,0,0,0,0,-80,-80,-47,-63
-69,-68,-67,-67,-80,-83,-83,0,-84,-84,0,0,-79,-80,-73,-71,-79,-79,-70,-67,-68,-68,0,0,-74,-73,-78,0,-73,-73,-74,-74,-73,-72,0,0,-85,-86,0,0,0,-78,-78,0,0,0,0,0,0,-80,-80,-47,-63
-68,-67,-67,-67,-80,-83,-83,0,-83,-84,0,0,-78,-78,-73,-72,-78,-81,-70,-67,-67,-67,0,0,-72,-72,-77,-79,-72,-73,-74,-75,-74,-74,0,0,-85,-86,0,0,-80,-79,-79,0,0,0,0,0,0,-80,-81,-46,-63
-68,-67,-67,-67,-80,-83,-83,0,-83,-84,0,0,-78,-78,-73,-72,-78,-81,-70,-67,-67,-67,0,0,-72,-72,-77,-79,-72,-73,-74,-75,-74,-74,0,0,-85,-86,0,0,-80,-79,-79,0,0,0,0,0,0,-80,-81,-46,-63
-68,-67,-67,-67,-80,-83,-83,0,-83,-84,0,0,-78,-78,-73,-72,-78,-81,-70,-67,-67,-67,0,0,-72,-72,-77,-79,-72,-73,-74,-75,-74,-74,0,0,-85,-86,0,0,-80,-79,-79,0,0,0,0,0,0,-80,-81,-46,-63
-68,-67,-67,-67,-80,-83,-83,0,-83,-84,0,0,-78,-78,-73,-72,-78,-81,-70,-67,-67,-67,0,0,-72,-72,-77,-79,-72,-73,-74,-75,-74,-74,0,0,-85,-86,0,0,-80,-79,-79,0,0,0,0,0,0,-80,-81,-46,-63
-69,-66,-67,-68,0,0,-83,0,-83,-84,0,0,-79,-80,-73,-72,-79,-79,-70,-67,-68,-68,0,0,-73,-73,-78,-79,-71,-72,-75,-75,-74,-74,-87,0,-85,-85,0,0,-80,-78,-79,0,0,0,0,0,0,-80,-80,-48,-63
-69,-66,-67,-68,0,0,-83,0,-83,-84,0,0,-79,-80,-73,-72,-79,-79,-70,-67,-68,-68,0,0,-73,-73,-78,-79,-71,-72,-75,-75,-74,-74,-87,0,-85,-85,0,0,-80,-78,-79,0,0,0,0,0,0,-80,-80,-48,-63
-69,-66,-67,-68,0,0,-83,0,-83,-84,0,0,-79,-80,-73,-72,-79,-79,-70,-67,-68,-68,0,0,-73,-73,-78,-79,-71,-72,-75,-75,-74,-74,-87,0,-85,-85,0,0,-80,-78,-79,0,0,0,0,0,0,-80,-80,-48,-63
-69,-66,-67,-68,0,0,-83,0,-83,-84,0,0,-79,-80,-73,-72,-79,-79,-70,-67,-68,-68,0,0,-73,-73,-78,-79,-71,-72,-75,-75,-74,-74,-87,0,-85,-85,0,0,-80,-78,-79,0,0,0,0,0,0,-80,-80,-48,-63
-67,-65,-67,-67,0,-83,0,0,-83,-85,0,0,-78,-78,-74,-73,-80,-80,-70,-69,-67,-68,0,0,-73,-73,-78,-79,-73,-74,-73,-75,-70,-70,-87,0,0,-85,0,0,-80,-79,-80,0,0,0,0,0,0,-80,-80,-47,-63
-67,-65,-67,-67,0,-83,0,0,-83,-85,0,0,-78,-78,-74,-73,-80,-80,-70,-69,-67,-68,0,0,-73,-73,-78,-79,-73,-74,-73,-75,-70,-70,-87,0,0,-85,0,0,-80,-79,-80,0,0,0,0,0,0,-80,-80,-47,-63
-67,-65,-67,-67,0,-83,0,0,-83,-85,0,0,-78,-78,-74,-73,-80,-80,-70,-69,-67,-68,0,0,-73,-73,-78,-79,-73,-74,-73,-75,-70,-70,-87,0,0,-85,0,0,-80,-79,-80,0,0,0,0,0,0,-80,-80,-47,-63
-67,-65,-67,-67,0,-83,0,0,-83,-85,0,0,-78,-78,-74,-73,-80,-80,-70,-69,-67,-68,0,0,-73,-73,-78,-79,-73,-74,-73,-75,-70,-70,-87,0,0,-85,0,0,-80,-79,-80,0,0,0,0,0,0,-80,-80,-47,-63
-67,-65,-67,-67,0,-83,0,-83,0,-84,0,0,-78,-78,-80,-80,-79,-79,0,-68,-67,-67,-79,-75,-72,-72,-78,-79,-70,-71,-75,-74,-75,-74,-87,0,-85,-85,0,0,0,-78,-79,0,0,0,0,0,0,-82,-81,-47,-63
-67,-65,-67,-67,0,-83,0,-83,0,-84,0,0,-78,-78,-80,-80,-79,-79,0,-68,-67,-67,-79,-75,-72,-72,-78,-79,-70,-71,-75,-74,-75,-74,-87,0,-85,-85,0,0,0,-78,-79,0,0,0,0,0,0,-82,-81,-47,-63
-67,-65,-67,-67,0,-83,0,-83,0,-84,0,0,-78,-78,-80,-80,-79,-79,0,-68,-67,-67,-79,-75,-72,-72,-78,-79,-70,-71,-75,-74,-75,-74,-87,0,-85,-85,0,0,0,-78,-79,0,0,0,0,0,0,-82,-81,-47,-63
-67,-65,-67,-67,0,-83,0,-83,0,-84,0,0,-78,-78,-80,-80,-79,-79,0,-68,-67,-67,-79,-75,-72,-72,-78,-79,-70,-71,-75,-74,-75,-74,-87,0,-85,-85,0,0,0,-78,-79,0,0,0,0,0,0,-82,-81,-47,-63
-67,-66,-68,-69,0,-84,0,-83,0,-84,0,0,-78,-79,-73,-72,-79,-79,0,-70,-68,-69,-79,-75,-73,-73,0,-79,-72,-73,-75,-74,-71,-71,0,0,-85,-86,0,0,0,-78,-78,0,0,-86,0,0,0,-79,-81,-47,-61
-67,-66,-68,-69,0,-84,0,-83,0,-84,0,0,-78,-79,-73,-72,-79,-79,0,-70,-68,-69,-79,-75,-73,-73,0,-79,-72,-73,-75,-74,-71,-71,0,0,-85,-86,0,0,0,-78,-78,0,0,-86,0,0,0,-79,-81,-47,-61
-67,-66,-68,-69,0,-84,0,-83,0,-84,0,0,-78,-79,-73,-72,-79,-79,0,-70,-68,-69,-79,-75,-73,-73,0,-79,-72,-73,-75,-74,-71,-71,0,0,-85,-86,0,0,0,-78,-78,0,0,-86,0,0,0,-79,-81,-47,-61
-67,-66,-68,-69,0,-84,0,-83,0,-84,0,0,-78,-79,-73,-72,-79,-79,0,-70,-68,-69,-79,-75,-73,-73,0,-79,-72,-73,-75,-74,-71,-71,0,0,-85,-86,0,0,0,-78,-78,0,0,-86,0,0,0,-79,-81,-47,-61
0,-66,-69,-68,0,-84,0,-83,0,-84,0,0,0,-79,-73,-72,-80,-80,-77,-78,-68,-67,-77,-75,-72,-72,-77,0,-74,-74,-73,-74,-74,-74,0,0,-85,-86,-84,0,-82,-79,-79,0,0,-86,0,0,0,-79,-81,-48,-61
0,-66,-69,-68,0,-84,0,-83,0,-84,0,0,0,-79,-73,-72,-80,-80,-77,-78,-68,-67,-77,-75,-72,-72,-77,0,-74,-74,-73,-74,-74,-74,0,0,-85,-86,-84,0,-82,-79,-79,0,0,-86,0,0,0,-79,-81,-48,-61
0,-66,-69,-68,0,-84,0,-83,0,-84,0,0,0,-79,-73,-72,-80,-80,-77,-78,-68,-67,-77,-75,-72,-72,-77,0,-74,-74,-73,-74,-74,-74,0,0,-85,-86,-84,0,-82,-79,-79,0,0,-86,0,0,0,-79,-81,-48,-61
0,-66,-69,-68,0,-84,0,-83,0,-84,0,0,0,-79,-73,-72,-80,-80,-77,-78,-68,-67,-77,-75,-72,-72,-77,0,-74,-74,-73,-74,-74,-74,0,0,-85,-86,-84,0,-82,-79,-79,0,0,-86,0,0,0,-79,-81,-48,-61
-68,-65,-68,-69,0,-81,-83,0,-80,-80,-79,-77,-74,-74,-73,-74,-80,-80,-77,-70,-69,-69,-79,-77,-67,-67,-76,0,-71,-72,-75,-74,-69,-70,0,0,-82,-83,-84,0,-82,-81,-83,0,0,-86,0,0,-88,-82,-82,-46,-61
-68,-65,-68,-69,0,-81,-83,0,-80,-80,-79,-77,-74,-74,-73,-74,-80,-80,-77,-70,-69,-69,-79,-77,-67,-67,-76,0,-71,-72,-75,-74,-69,-70,0,0,-82,-83,-84,0,-82,-81,-83,0,0,-86,0,0,-88,-82,-82,-46,-61
-68,-65,-68,-69,0,-81,-83,0,-80,-80,-79,-77,-74,-74,-73,-74,-80,-80,-77,-70,-69,-69,-79,-77,-67,-67,-76,0,-71,-72,-75,-74,-69,-70,0,0,-82,-83,-84,0,-82,-81,-83,0,0,-86,0,0,-88,-82,-82,-46,-61
