-67,-62,-77,-76,0,-81,-81,0,-84,-83,0,-80,-74,-74,0,-68,-81,-82,-68,-65,-75,-74,-77,-75,-70,-70,-76,0,-77,-79,-72,-71,-64,-64,0,-89,-82,-81,0,0,0,-81,-81,0,0,-85,-84,0,-85,-80,-80,-51,-66
-67,-62,-77,-76,0,-81,-81,0,-84,-83,0,-80,-74,-74,0,-68,-81,-82,-68,-65,-75,-74,-77,-75,-70,-70,-76,0,-77,-79,-72,-71,-64,-64,0,-89,-82,-81,0,0,0,-81,-81,0,0,-85,-84,0,-85,-80,-80,-51,-66
-75,-62,-72,-72,0,-81,-81,0,-80,-80,0,-77,-71,-71,0,-68,-74,-75,-68,-69,-72,-74,-77,-75,-65,-65,-81,0,-73,-76,-72,-71,-68,-68,0,0,-80,-80,0,0,0,-76,-75,0,0,-88,-84,0,-85,-80,-80,-55,-64
-75,-62,-72,-72,0,-81,-81,0,-80,-80,0,-77,-71,-71,0,-68,-74,-75,-68,-69,-72,-74,-77,-75,-65,-65,-81,0,-73,-76,-72,-71,-68,-68,0,0,-80,-80,0,0,0,-76,-75,0,0,-88,-84,0,-85,-80,-80,-55,-64
-75,-62,-72,-72,0,-81,-81,0,-80,-80,0,-77,-71,-71,0,-68,-74,-75,-68,-69,-72,-74,-77,-75,-65,-65,-81,0,-73,-76,-72,-71,-68,-68,0,0,-80,-80,0,0,0,-76,-75,0,0,-88,-84,0,-85,-80,-80,-55,-64
-75,-62,-72,-72,0,-81,-81,0,-80,-80,0,-77,-71,-71,0,-68,-74,-75,-68,-69,-72,-74,-77,-75,-65,-65,-81,0,-73,-76,-72,-71,-68,-68,0,0,-80,-80,0,0,0,-76,-75,0,0,-88,-84,0,-85,-80,-80,-55,-64
-75,0,-70,-71,0,-84,-85,-74,-80,-79,0,-77,-71,-71,-73,-68,-82,-82,-68,-69,-72,-72,-76,0,-70,-70,-81,0,-72,-72,-72,-71,-68,-68,0,0,-79,-78,0,-84,-87,-80,-75,0,0,-88,0,-86,-85,-80,-80,-45,-65
-75,0,-70,-71,0,-84,-85,-74,-80,-79,0,-77,-71,-71,-73,-68,-82,-82,-68,-69,-72,-72,-76,0,-70,-70,-81,0,-72,-72,-72,-71,-68,-68,0,0,-79,-78,0,-84,-87,-80,-75,0,0,-88,0,-86,-85,-80,-80,-45,-65
-75,0,-70,-71,0,-84,-85,-74,-80,-79,0,-77,-71,-71,-73,-68,-82,-82,-68,-69,-72,-72,-76,0,-70,-70,-81,0,-72,-72,-72,-71,-68,-68,0,0,-79,-78,0,-84,-87,-80,-75,0,0,-88,0,-86,-85,-80,-80,-45,-65
-75,0,-74,-73,0,-84,-85,-74,-80,-80,0,-77,-78,-78,-73,0,-74,-75,0,-65,-75,-75,-76,0,-70,-70,-76,0,-73,-73,-79,0,-70,-70,0,0,-81,-81,0,-84,-87,-79,-79,0,0,-88,0,-86,-83,-81,-81,-46,-62
-75,0,-74,-73,0,-84,-85,-74,-80,-80,0,-77,-78,-78,-73,0,-74,-75,0,-65,-75,-75,-76,0,-70,-70,-76,0,-73,-73,-79,0,-70,-70,0,0,-81,-81,0,-84,-87,-79,-79,0,0,-88,0,-86,-83,-81,-81,-46,-62
-75,0,-74,-73,0,-84,-85,-74,-80,-80,0,-77,-78,-78,-73,0,-74,-75,0,-65,-75,-75,-76,0,-70,-70,-76,0,-73,-73,-79,0,-70,-70,0,0,-81,-81,0,-84,-87,-79,-79,0,0,-88,0,-86,-83,-81,-81,-46,-62
-75,0,-74,-73,0,-84,-85,-74,-80,-80,0,-77,-78,-78,-73,0,-74,-75,0,-65,-75,-75,-76,0,-70,-70,-76,0,-73,-73,-79,0,-70,-70,0,0,-81,-81,0,-84,-87,-79,-79,0,0,-88,0,-86,-83,-81,-81,-46,-62
-69,-65,-74,-73,0,-84,-85,-74,-79,-79,0,0,-84,-84,-73,-70,-74,-74,-68,-63,-74,-74,-76,0,-70,-71,-76,-74,-73,-73,-78,-77,-73,-73,0,0,-83,-82,0,-84,-87,-80,-80,0,0,0,0,-86,-83,-82,-83,-48,-62
-69,-65,-74,-73,0,-84,-85,-74,-79,-79,0,0,-84,-84,-73,-70,-74,-74,-68,-63,-74,-74,-76,0,-70,-71,-76,-74,-73,-73,-78,-77,-73,-73,0,0,-83,-82,0,-84,-87,-80,-80,0,0,0,0,-86,-83,-82,-83,-48,-62
-69,-65,-74,-73,0,-84,-85,-74,-79,-79,0,0,-84,-84,-73,-70,-74,-74,-68,-63,-74,-74,-76,0,-70,-71,-76,-74,-73,-73,-78,-77,-73,-73,0,0,-83,-82,0,-84,-87,-80,-80,0,0,0,0,-86,-83,-82,-83,-48,-62
-69,-65,-74,-73,0,-84,-85,-74,-79,-79,0,0,-84,-84,-73,-70,-74,-74,-68,-63,-74,-74,-76,0,-70,-71,-76,-74,-73,-73,-78,-77,-73,-73,0,0,-83,-82,0,-84,-87,-80,-80,0,0,0,0,-86,-83,-82,-83,-48,-62
-68,-65,-74,-73,0,0,0,0,-80,-80,0,0,-84,-84,0,-71,-74,-74,-68,-66,-74,-74,-76,0,-70,-70,-77,-74,-73,-73,-78,-77,-71,-71,0,0,-82,-83,-87,0,-81,-80,-80,0,0,0,0,-87,-83,-82,-81,-47,-62
-68,-65,-74,-73,0,0,0,0,-80,-80,0,0,-84,-84,0,-71,-74,-74,-68,-66,-74,-74,-76,0,-70,-70,-77,-74,-73,-73,-78,-77,-71,-71,0,0,-82,-83,-87,0,-81,-80,-80,0,0,0,0,-87,-83,-82,-81,-47,-62
-68,-65,-74,-73,0,0,0,0,-80,-80,0,0,-84,-84,0,-71,-74,-74,-68,-66,-74,-74,-76,0,-70,-70,-77,-74,-73,-73,-78,-77,-71,-71,0,0,-82,-83,-87,0,-81,-80,-80,0,0,0,0,-87,-83,-82,-81,-47,-62
-68,-65,-74,-73,0,0,0,0,-80,-80,0,0,-84,-84,0,-71,-74,-74,-68,-66,-74,-74,-76,0,-70,-70,-77,-74,-73,-73,-78,-77,-71,-71,0,0,-82,-83,-87,0,-81,-80,-80,0,0,0,0,-87,-83,-82,-81,-47,-62
-68,-66,-73,-73,0,0,0,0,-81,-81,0,0,-81,-84,0,-71,-74,-74,-68,-63,-74,-75,0,0,-70,-70,-77,-73,-72,-73,-78,-77,-71,-71,0,0,-84,-84,-87,0,-81,-83,-80,0,0,0,0,-87,0,-82,-83,-46,-62
-68,-66,-73,-73,0,0,0,0,-81,-81,0,0,-81,-84,0,-71,-74,-74,-68,-63,-74,-75,0,0,-70,-70,-77,-73,-72,-73,-78,-77,-71,-71,0,0,-84,-84,-87,0,-81,-83,-80,0,0,0,0,-87,0,-82,-83,-46,-62
-68,-66,-73,-73,0,0,0,0,-81,-81,0,0,-81,-84,0,-71,-74,-74,-68,-63,-74,-75,0,0,-70,-70,-77,-73,-72,-73,-78,-77,-71,-71,0,0,-84,-84,-87,0,-81,-83,-80,0,0,0,0,-87,0,-82,-83,-46,-62
-68,-66,-73,-73,0,0,0,0,-81,-81,0,0,-81,-84,0,-71,-74,-74,-68,-63,-74,-75,0,0,-70,-70,-77,-73,-72,-73,-78,-77,-71,-71,0,0,-84,-84,-87,0,-81,-83,-80,0,0,0,0,-87,0,-82,-83,-46,-62
-68,-66,-73,-74,-78,0,0,-78,-82,-80,0,0,-81,0,-74,-70,-75,-76,-67,-63,-75,-74,0,0,-69,-69,-77,-73,-72,-73,0,-79,-71,-71,0,0,-83,-84,-87,0,-81,-82,-80,0,0,0,0,-87,0,-82,-82,-47,-63
-68,-66,-73,-74,-78,0,0,-78,-82,-80,0,0,-81,0,-74,-70,-75,-76,-67,-63,-75,-74,0,0,-69,-69,-77,-73,-72,-73,0,-79,-71,-71,0,0,-83,-84,-87,0,-81,-82,-80,0,0,0,0,-87,0,-82,-82,-47,-63
-68,-66,-73,-74,-78,0,0,-78,-82,-80,0,0,-81,0,-74,-70,-75,-76,-67,-63,-75,-74,0,0,-69,-69,-77,-73,-72,-73,0,-79,-71,-71,0,0,-83,-84,-87,0,-81,-82,-80,0,0,0,0,-87,0,-82,-82,-47,-63
-68,-66,-73,-74,-78,0,0,-78,-82,-80,0,0,-81,0,-74,-70,-75,-76,-67,-63,-75,-74,0,0,-69,-69,-77,-73,-72,-73,0,-79,-71,-71,0,0,-83,-84,-87,0,-81,-82,-80,0,0,0,0,-87,0,-82,-82,-47,-63
0,-66,-73,-73,-78,0,0,-78,-73,-80,0,0,-81,-81,-72,-72,-77,-76,-66,-63,-75,-75,-79,-75,-70,-69,-77,-73,-73,-73,-78,-79,-71,-71,0,0,-85,-86,0,0,0,-82,-80,0,0,0,0,0,0,-81,-82,-46,-63
0,-66,-73,-73,-78,0,0,-78,-73,-80,0,0,-81,-81,-72,-72,-77,-76,-66,-63,-75,-75,-79,-75,-70,-69,-77,-73,-73,-73,-78,-79,-71,-71,0,0,-85,-86,0,0,0,-82,-80,0,0,0,0,0,0,-81,-82,-46,-63
0,-66,-73,-73,-78,0,0,-78,-73,-80,0,0,-81,-81,-72,-72,-77,-76,-66,-63,-75,-75,-79,-75,-70,-69,-77,-73,-73,-73,-78,-79,-71,-71,0,0,-85,-86,0,0,0,-82,-80,0,0,0,0,0,0,-81,-82,-46,-63
0,-66,-73,-73,-78,0,0,-78,-73,-80,0,0,-81,-81,-72,-72,-77,-76,-66,-63,-75,-75,-79,-75,-70,-69,-77,-73,-73,-73,-78,-79,-71,-71,0,0,-85,-86,0,0,0,-82,-80,0,0,0,0,0,0,-81,-82,-46,-63
-69,-66,-74,-73,-78,0,0,-78,-81,-81,0,0,-81,-80,-72,-71,-76,-76,-67,-64,-75,-76,-79,-75,-70,-70,-77,-73,-73,-73,-78,-79,-71,-74,0,0,-85,-85,0,0,0,-81,-81,0,0,0,0,0,0,-81,-82,-47,-65
-69,-66,-74,-73,-78,0,0,-78,-81,-81,0,0,-81,-80,-72,-71,-76,-76,-67,-64,-75,-76,-79,-75,-70,-70,-77,-73,-73,-73,-78,-79,-71,-74,0,0,-85,-85,0,0,0,-81,-81,0,0,0,0,0,0,-81,-82,-47,-65
-69,-66,-74,-73,-78,0,0,-78,-81,-81,0,0,-81,-80,-72,-71,-76,-76,-67,-64,-75,-76,-79,-75,-70,-70,-77,-73,-73,-73,-78,-79,-71,-74,0,0,-85,-85,0,0,0,-81,-81,0,0,0,0,0,0,-81,-82,-47,-65
-69,-66,-74,-73,-78,0,0,-78,-81,-81,0,0,-81,-80,-72,-71,-76,-76,-67,-64,-75,-76,-79,-75,-70,-70,-77,-73,-73,-73,-78,-79,-71,-74,0,0,-85,-85,0,0,0,-81,-81,0,0,0,0,0,0,-81,-82,-47,-65
-69,-66,-74,-74,-80,0,0,-77,-80,-81,0,0,-83,-80,-73,-70,-76,-77,-67,-63,-75,-76,-79,-75,-70,-70,-77,-73,-73,-73,-78,-80,-71,-74,0,0,-85,-86,0,0,0,-82,-80,0,0,0,0,0,0,-81,-80,-47,-64
-69,-66,-74,-74,-80,0,0,-77,-80,-81,0,0,-83,-80,-73,-70,-76,-77,-67,-63,-75,-76,-79,-75,-70,-70,-77,-73,-73,-73,-78,-80,-71,-74,0,0,-85,-86,0,0,0,-82,-80,0,0,0,0,0,0,-81,-80,-47,-64
-69,-66,-74,-74,-80,0,0,-77,-80,-81,0,0,-83,-80,-73,-70,-76,-77,-67,-63,-75,-76,-79,-75,-70,-70,-77,-73,-73,-73,-78,-80,-71,-74,0,0,-85,-86,0,0,0,-82,-80,0,0,0,0,0,0,-81,-80,-47,-64
-69,-66,-74,-74,-80,0,0,-77,-80,-81,0,0,-83,-80,-73,-70,-76,-77,-67,-63,-75,-76,-79,-75,-70,-70,-77,-73,-73,-73,-78,-80,-71,-74,0,0,-85,-86,0,0,0,-82,-80,0,0,0,0,0,0,-81,-80,-47,-64
-69,-66,-75,-76,-80,0,0,-77,-83,-81,0,0,-79,-80,-73,-70,-78,-79,-66,-63,-71,-71,0,0,-68,-69,-77,-75,-73,-73,-78,-80,-70,-70,0,0,-85,-85,0,0,0,-82,-81,-85,-84,0,0,0,-85,-81,-80,-45,-62
-69,-66,-75,-76,-80,0,0,-77,-83,-81,0,0,-79,-80,-73,-70,-78,-79,-66,-63,-71,-71,0,0,-68,-69,-77,-75,-73,-73,-78,-80,-70,-70,0,0,-85,-85,0,0,0,-82,-81,-85,-84,0,0,0,-85,-81,-80,-45,-62
-69,-66,-75,-76,-80,0,0,-77,-83,-81,0,0,-79,-80,-73,-70,-78,-79,-66,-63,-71,-71,0,0,-68,-69,-77,-75,-73,-73,-78,-80,-70,-70,0,0,-85,-85,0,0,0,-82,-81,-85,-84,0,0,0,-85,-81,-80,-45,-62
-69,-66,-75,-76,-80,0,0,-77,-83,-81,0,0,-79,-80,-73,-70,-78,-79,-66,-63,-71,-71,0,0,-68,-69,-77,-75,-73,-73,-78,-80,-70,-70,0,0,-85,-85,0,0,0,-82,-81,-85,-84,0,0,0,-85,-81,-80,-45,-62
-69,-66,-75,-76,-80,0,0,-77,-84,-83,0,0,-79,-79,-73,-71,-79,-78,-66,-63,-73,-72,0,0,-69,-70,-78,-75,-72,-72,-79,-82,-74,-74,0,0,-85,-83,0,0,0,-82,-81,-85,-84,0,0,-86,-85,-81,-80,-46,-64
-69,-66,-75,-76,-80,0,0,-77,-84,-83,0,0,-79,-79,-73,-71,-79,-78,-66,-63,-73,-72,0,0,-69,-70,-78,-75,-72,-72,-79,-82,-74,-74,0,0,-85,-83,0,0,0,-82,-81,-85,-84,0,0,-86,-85,-81,-80,-46,-64
-69,-66,-75,-76,-80,0,0,-77,-84,-83,0,0,-79,-79,-73,-71,-79,-78,-66,-63,-73,-72,0,0,-69,-70,-78,-75,-72,-72,-79,-82,-74,-74,0,0,-85,-83,0,0,0,-82,-81,-85,-84,0,0,-86,-85,-81,-80,-46,-64
-69,-66,-75,-76,-80,0,0,-77,-84,-83,0,0,-79,-79,-73,-71,-79,-78,-66,-63,-73,-72,0,0,-69,-70,-78,-75,-72,-72,-79,-82,-74,-74,0,0,-85,-83,0,0,0,-82,-81,-85,-84,0,0,-86,-85,-81,-80,-46,-64
-68,-64,-76,-77,0,0,0,0,-82,-83,0,0,-79,-80,-73,-71,-78,-78,-66,-64,-75,-74,0,0,-69,-69,-78,-73,-74,-74,-79,-83,-74,-74,0,0,-85,-83,0,0,0,-83,-83,-85,-84,0,0,-86,-85,0,0,-49,-63
-68,-64,-76,-77,0,0,0,0,-82,-83,0,0,-79,-80,-73,-71,-78,-78,-66,-64,-75,-74,0,0,-69,-69,-78,-73,-74,-74,-79,-83,-74,-74,0,0,-85,-83,0,0,0,-83,-83,-85,-84,0,0,-86,-85,0,0,-49,-63
-68,-64,-76,-77,0,0,0,0,-82,-83,0,0,-79,-80,-73,-71,-78,-78,-66,-64,-75,-74,0,0,-69,-69,-78,-73,-74,-74,-79,-83,-74,-74,0,0,-85,-83,0,0,0,-83,-83,-85,-84,0,0,-86,-85,0,0,-49,-63
-68,-64,-76,-77,0,0,0,0,-82,-83,0,0,-79,-80,-73,-71,-78,-78,-66,-64,-75,-74,0,0,-69,-69,-78,-73,-74,-74,-79,-83,-74,-74,0,0,-85,-83,0,0,0,-83,-83,-85,-84,0,0,-86,-85,0,0,-49,-63
-67,-65,-73,-73,0,0,0,-82,-82,-84,0,0,-79,-79,-73,-72,-80,-79,-66,-63,-76,-75,-76,-77,-70,-70,-77,-73,-75,-75,-79,-83,-74,-74,0,0,-82,-84,0,0,0,-83,-84,0,0,0,0,-86,0,0,0,-49,-65
-67,-65,-73,-73,0,0,0,-82,-82,-84,0,0,-79,-79,-73,-72,-80,-79,-66,-63,-76,-75,-76,-77,-70,-70,-77,-73,-75,-75,-79,-83,-74,-74,0,0,-82,-84,0,0,0,-83,-84,0,0,0,0,-86,0,0,0,-49,-65
-67,-65,-73,-73,0,0,0,-82,-82,-84,0,0,-79,-79,-73,-72,-80,-79,-66,-63,-76,-75,-76,-77,-70,-70,-77,-73,-75,-75,-79,-83,-74,-74,0,0,-82,-84,0,0,0,-83,-84,0,0,0,0,-86,0,0,0,-49,-65
-67,-65,-73,-73,0,0,0,-82,-82,-84,0,0,-79,-79,-73,-72,-80,-79,-66,-63,-76,-75,-76,-77,-70,-70,-77,-73,-75,-75,-79,-83,-74,-74,0,0,-82,-84,0,0,0,-83,-84,0,0,0,0,-86,0,0,0,-49,-65
-67,-65,-71,-72,0,0,0,-82,-84,-84,0,0,-77,-78,-74,-70,-79,-79,-66,-65,-77,-77,-76,-77,-69,-70,-78,-74,-76,-77,-80,-81,-74,-74,0,0,-82,-82,0,0,0,-82,-82,0,0,0,0,-86,0,0,0,-49,-65
-67,-65,-71,-72,0,0,0,-82,-84,-84,0,0,-77,-78,-74,-70,-79,-79,-66,-65,-77,-77,-76,-77,-69,-70,-78,-74,-76,-77,-80,-81,-74,-74,0,0,-82,-82,0,0,0,-82,-82,0,0,0,0,-86,0,0,0,-49,-65
-67,-65,-71,-72,0,0,0,-82,-84,-84,0,0,-77,-78,-74,-70,-79,-79,-66,-65,-77,-77,-76,-77,-69,-70,-78,-74,-76,-77,-80,-81,-74,-74,0,0,-82,-82,0,0,0,-82,-82,0,0,0,0,-86,0,0,0,-49,-65
-67,-65,-71,-72,0,0,0,-82,-84,-84,0,0,-77,-78,-74,-70,-79,-79,-66,-65,-77,-77,-76,-77,-69,-70,-78,-74,-76,-77,-80,-81,-74,-74,0,0,-82,-82,0,0,0,-82,-82,0,0,0,0,-86,0,0,0,-49,-65
-68,-64,-71,-72,0,0,0,-81,-78,-78,0,0,-76,-76,-74,-70,-84,-82,-66,-63,-73,-73,-76,-77,-65,-65,-78,-74,-77,-78,-79,-83,-71,-71,0,0,-83,-84,-87,0,0,-80,-82,0,0,0,0,-86,0,0,0,-45,-64
-68,-64,-71,-72,0,0,0,-81,-78,-78,0,0,-76,-76,-74,-70,-84,-82,-66,-63,-73,-73,-76,-77,-65,-65,-78,-74,-77,-78,-79,-83,-71,-71,0,0,-83,-84,-87,0,0,-80,-82,0,0,0,0,-86,0,0,0,-45,-64
-68,-64,-71,-72,0,0,0,-81,-78,-78,0,0,-76,-76,-74,-70,-84,-82,-66,-63,-73,-73,-76,-77,-65,-65,-78,-74,-77,-78,-79,-83,-71,-71,0,0,-83,-84,-87,0,0,-80,-82,0,0,0,0,-86,0,0,0,-45,-64
-68,-64,-71,-72,0,0,0,-81,-78,-78,0,0,-76,-76,-74,-70,-84,-82,-66,-63,-73,-73,-76,-77,-65,-65,-78,-74,-77,-78,-79,-83,-71,-71,0,0,-83,-84,-87,0,0,-80,-82,0,0,0,0,-86,0,0,0,-45,-64
-67,-67,-75,-75,0,0,0,-81,-78,-80,0,0,-77,-77,-73,-71,-80,-79,-63,-65,-71,-71,-78,-77,-65,-66,-79,-72,-77,-77,-77,-85,-71,-71,0,0,-83,-82,-87,0,0,-87,-82,0,0,0,0,-86,0,-81,-82,-46,-68
-67,-67,-75,-75,0,0,0,-81,-78,-80,0,0,-77,-77,-73,-71,-80,-79,-63,-65,-71,-71,-78,-77,-65,-66,-79,-72,-77,-77,-77,-85,-71,-71,0,0,-83,-82,-87,0,0,-87,-82,0,0,0,0,-86,0,-81,-82,-46,-68
-67,-67,-75,-75,0,0,0,-81,-78,-80,0,0,-77,-77,-73,-71,-80,-79,-63,-65,-71,-71,-78,-77,-65,-66,-79,-72,-77,-77,-77,-85,-71,-71,0,0,-83,-82,-87,0,0,-87,-82,0,0,0,0,-86,0,-81,-82,-46,-68
-67,-67,-75,-75,0,0,0,-81,-78,-80,0,0,-77,-77,-73,-71,-80,-79,-63,-65,-71,-71,-78,-77,-65,-66,-79,-72,-77,-77,-77,-85,-71,-71,0,0,-83,-82,-87,0,0,-87,-82,0,0,0,0,-86,0,-81,-82,-46,-68
-68,-67,-74,-74,-80,0,0,-83,-82,-82,0,0,-76,-77,-73,-72,-78,-78,-66,-62,-73,-73,-78,-77,-66,-67,-79,-74,-76,-76,-79,-84,-74,-75,0,0,-83,-84,-87,0,0,-83,-84,0,0,0,0,0,0,-82,-81,-47,-67
-68,-67,-74,-74,-80,0,0,-83,-82,-82,0,0,-76,-77,-73,-72,-78,-78,-66,-62,-73,-73,-78,-77,-66,-67,-79,-74,-76,-76,-79,-84,-74,-75,0,0,-83,-84,-87,0,0,-83,-84,0,0,0,0,0,0,-82,-81,-47,-67
-68,-67,-74,-74,-80,0,0,-83,-82,-82,0,0,-76,-77,-73,-72,-78,-78,-66,-62,-73,-73,-78,-77,-66,-67,-79,-74,-76,-76,-79,-84,-74,-75,0,0,-83,-84,-87,0,0,-83,-84,0,0,0,0,0,0,-82,-81,-47,-67
-68,-67,-74,-74,-80,0,0,-83,-82,-82,0,0,-76,-77,-73,-72,-78,-78,-66,-62,-73,-73,-78,-77,-66,-67,-79,-74,-76,-76,-79,-84,-74,-75,0,0,-83,-84,-87,0,0,-83,-84,0,0,0,0,0,0,-82,-81,-47,-67
-68,-67,-74,-74,-80,0,0,-82,-81,-82,0,0,-77,-76,-73,-72,-79,-80,-63,-61,-72,-72,-78,-77,-65,-65,-79,-74,-76,-76,-78,-84,-75,-75,0,0,-83,-84,0,-82,-82,-81,-82,0,0,0,0,0,0,-82,-82,-46,-67
-68,-67,-74,-74,-80,0,0,-82,-81,-82,0,0,-77,-76,-73,-72,-79,-80,-63,-61,-72,-72,-78,-77,-65,-65,-79,-74,-76,-76,-78,-84,-75,-75,0,0,-83,-84,0,-82,-82,-81,-82,0,0,0,0,0,0,-82,-82,-46,-67
-68,-67,-74,-74,-80,0,0,-82,-81,-82,0,0,-77,-76,-73,-72,-79,-80,-63,-61,-72,-72,-78,-77,-65,-65,-79,-74,-76,-76,-78,-84,-75,-75,0,0,-83,-84,0,-82,-82,-81,-82,0,0,0,0,0,0,-82,-82,-46,-67
-68,-67,-74,-74,-80,0,0,-82,-81,-82,0,0,-77,-76,-73,-72,-79,-80,-63,-61,-72,-72,-78,-77,-65,-65,-79,-74,-76,-76,-78,-84,-75,-75,0,0,-83,-84,0,-82,-82,-81,-82,0,0,0,0,0,0,-82,-82,-46,-67
-67,-65,-76,-76,-82,0,0,-82,-82,-81,0,0,-77,-77,-73,-70,-79,-80,-63,-60,-72,-73,-76,-74,-65,-65,-79,-75,-75,-75,-78,-84,-71,-71,0,0,-81,-81,-89,-82,-82,-82,-80,0,0,0,0,0,0,-83,-82,-47,-67
-67,-65,-76,-76,-82,0,0,-82,-82,-81,0,0,-77,-77,-73,-70,-79,-80,-63,-60,-72,-73,-76,-74,-65,-65,-79,-75,-75,-75,-78,-84,-71,-71,0,0,-81,-81,-89,-82,-82,-82,-80,0,0,0,0,0,0,-83,-82,-47,-67
-67,-65,-76,-76,-82,0,0,-82,-82,-81,0,0,-77,-77,-73,-70,-79,-80,-63,-60,-72,-73,-76,-74,-65,-65,-79,-75,-75,-75,-78,-84,-71,-71,0,0,-81,-81,-89,-82,-82,-82,-80,0,0,0,0,0,0,-83,-82,-47,-67
-67,-65,-76,-76,-82,0,0,-82,-82,-81,0,0,-77,-77,-73,-70,-79,-80,-63,-60,-72,-73,-76,-74,-65,-65,-79,-75,-75,-75,-78,-84,-71,-71,0,0,-81,-81,-89,-82,-82,-82,-80,0,0,0,0,0,0,-83,-82,-47,-67
-68,-65,-73,-73,-80,0,0,-82,-83,-83,0,0,-78,-77,-74,-72,-85,-79,-66,-65,-73,-73,-76,-74,-65,-65,-79,-74,-74,-75,-78,0,-71,-71,0,0,-83,-83,-89,-82,-82,-81,-80,0,0,0,0,0,0,-83,-83,-46,-68
-68,-65,-73,-73,-80,0,0,-82,-83,-83,0,0,-78,-77,-74,-72,-85,-79,-66,-65,-73,-73,-76,-74,-65,-65,-79,-74,-74,-75,-78,0,-71,-71,0,0,-83,-83,-89,-82,-82,-81,-80,0,0,0,0,0,0,-83,-83,-46,-68
-68,-65,-73,-73,-80,0,0,-82,-83,-83,0,0,-78,-77,-74,-72,-85,-79,-66,-65,-73,-73,-76,-74,-65,-65,-79,-74,-74,-75,-78,0,-71,-71,0,0,-83,-83,-89,-82,-82,-81,-80,0,0,0,0,0,0,-83,-83,-46,-68
-68,-65,-73,-73,-80,0,0,-82,-83,-83,0,0,-78,-77,-74,-72,-85,-79,-66,-65,-73,-73,-76,-74,-65,-65,-79,-74,-74,-75,-78,0,-71,-71,0,0,-83,-83,-89,-82,-82,-81,-80,0,0,0,0,0,0,-83,-83,-46,-68
-68,-66,-73,-73,-80,0,0,0,-83,-83,0,0,-75,-77,-74,-70,-80,-79,-66,-60,-75,-75,-76,-74,-66,-65,-79,-74,-74,-75,0,0,-68,-69,0,0,-83,-84,-89,0,0,-81,-80,0,0,-83,-82,0,0,-83,-83,-46,-68
-68,-66,-73,-73,-80,0,0,0,-83,-83,0,0,-75,-77,-74,-70,-80,-79,-66,-60,-75,-75,-76,-74,-66,-65,-79,-74,-74,-75,0,0,-68,-69,0,0,-83,-84,-89,0,0,-81,-80,0,0,-83,-82,0,0,-83,-83,-46,-68
-68,-66,-73,-73,-80,0,0,0,-83,-83,0,0,-75,-77,-74,-70,-80,-79,-66,-60,-75,-75,-76,-74,-66,-65,-79,-74,-74,-75,0,0,-68,-69,0,0,-83,-84,-89,0,0,-81,-80,0,0,-83,-82,0,0,-83,-83,-46,-68
-68,-66,-73,-73,-80,0,0,0,-83,-83,0,0,-75,-77,-74,-70,-80,-79,-66,-60,-75,-75,-76,-74,-66,-65,-79,-74,-74,-75,0,0,-68,-69,0,0,-83,-84,-89,0,0,-81,-80,0,0,-83,-82,0,0,-83,-83,-46,-68
-68,-66,-70,-70,-80,-82,-83,0,-77,-77,0,0,-75,-76,-74,-68,-80,-79,-66,-60,-70,-71,-73,-70,-71,-71,-79,-74,-76,-76,0,-80,-72,-72,0,0,-80,-80,0,0,0,-78,-77,0,0,-83,-82,-85,-79,-83,-85,-50,-63
-68,-66,-70,-70,-80,-82,-83,0,-77,-77,0,0,-75,-76,-74,-68,-80,-79,-66,-60,-70,-71,-73,-70,-71,-71,-79,-74,-76,-76,0,-80,-72,-72,0,0,-80,-80,0,0,0,-78,-77,0,0,-83,-82,-85,-79,-83,-85,-50,-63
-68,-66,-70,-70,-80,-82,-83,0,-77,-77,0,0,-75,-76,-74,-68,-80,-79,-66,-60,-70,-71,-73,-70,-71,-71,-79,-74,-76,-76,0,-80,-72,-72,0,0,-80,-80,0,0,0,-78,-77,0,0,-83,-82,-85,-79,-83,-85,-50,-63
-68,-66,-70,-70,-80,-82,-83,0,-77,-77,0,0,-75,-76,-74,-68,-80,-79,-66,-60,-70,-71,-73,-70,-71,-71,-79,-74,-76,-76,0,-80,-72,-72,0,0,-80,-80,0,0,0,-78,-77,0,0,-83,-82,-85,-79,-83,-85,-50,-63
-72,-70,-72,-72,-80,-80,-82,0,-78,-78,0,0,-75,-76,0,-71,-77,-78,0,-61,-67,-67,-73,-70,-67,-67,-83,-74,-75,-77,0,-80,-74,-75,0,-77,-79,-80,0,0,0,-78,-77,0,0,-83,-84,-85,-79,-83,-85,-50,-62
-72,-70,-72,-72,-80,-80,-82,0,-78,-78,0,0,-75,-76,0,-71,-77,-78,0,-61,-67,-67,-73,-70,-67,-67,-83,-74,-75,-77,0,-80,-74,-75,0,-77,-79,-80,0,0,0,-78,-77,0,0,-83,-84,-85,-79,-83,-85,-50,-62
-72,-70,-72,-72,-80,-80,-82,0,-78,-78,0,0,-75,-76,0,-71,-77,-78,0,-61,-67,-67,-73,-70,-67,-67,-83,-74,-75,-77,0,-80,-74,-75,0,-77,-79,-80,0,0,0,-78,-77,0,0,-83,-84,-85,-79,-83,-85,-50,-62
-72,-70,-72,-72,-80,-80,-82,0,-78,-78,0,0,-75,-76,0,-71,-77,-78,0,-61,-67,-67,-73,-70,-67,-67,-83,-74,-75,-77,0,-80,-74,-75,0,-77,-79,-80,0,0,0,-78,-77,0,0,-83,-84,-85,-79,-83,-85,-50,-62
-72,-71,-72,-72,-73,-84,-84,0,-79,-80,0,0,-76,-76,0,-71,-76,-75,-68,-66,-72,-72,-73,-70,-71,-70,-80,0,-75,-76,0,-79,-74,-75,-80,-80,-82,-82,0,-83,-85,-83,-83,0,0,-83,-84,-85,-79,-81,-81,-43,-65
-72,-71,-72,-72,-73,-84,-84,0,-79,-80,0,0,-76,-76,0,-71,-76,-75,-68,-66,-72,-72,-73,-70,-71,-70,-80,0,-75,-76,0,-79,-74,-75,-80,-80,-82,-82,0,-83,-85,-83,-83,0,0,-83,-84,-85,-79,-81,-81,-43,-65
-72,-71,-72,-72,-73,-84,-84,0,-79,-80,0,0,-76,-76,0,-71,-76,-75,-68,-66,-72,-72,-73,-70,-71,-70,-80,0,-75,-76,0,-79,-74,-75,-80,-80,-82,-82,0,-83,-85,-83,-83,0,0,-83,-84,-85,-79,-81,-81,-43,-65
-72,-71,-72,-72,-73,-84,-84,0,-79,-80,0,0,-76,-76,0,-71,-76,-75,-68,-66,-72,-72,-73,-70,-71,-70,-80,0,-75,-76,0,-79,-74,-75,-80,-80,-82,-82,0,-83,-85,-83,-83,0,0,-83,-84,-85,-79,-81,-81,-43,-65
-72,-71,-72,-72,-73,-84,-85,0,-79,-81,0,0,-76,-76,0,-71,-74,-74,-66,-66,-67,-67,-74,0,-72,-71,-80,0,-77,-77,0,-83,-74,-75,-80,-80,-79,-78,0,-83,-85,-80,-82,0,0,-83,-84,0,0,-81,-84,-44,-62
-72,-71,-72,-72,-73,-84,-85,0,-79,-81,0,0,-76,-76,0,-71,-74,-74,-66,-66,-67,-67,-74,0,-72,-71,-80,0,-77,-77,0,-83,-74,-75,-80,-80,-79,-78,0,-83,-85,-80,-82,0,0,-83,-84,0,0,-81,-84,-44,-62
-72,-71,-72,-72,-73,-84,-85,0,-79,-81,0,0,-76,-76,0,-71,-74,-74,-66,-66,-67,-67,-74,0,-72,-71,-80,0,-77,-77,0,-83,-74,-75,-80,-80,-79,-78,0,-83,-85,-80,-82,0,0,-83,-84,0,0,-81,-84,-44,-62
-72,-71,-72,-72,-73,-84,-85,0,-79,-81,0,0,-76,-76,0,-71,-74,-74,-66,-66,-67,-67,-74,0,-72,-71,-80,0,-77,-77,0,-83,-74,-75,-80,-80,-79,-78,0,-83,-85,-80,-82,0,0,-83,-84,0,0,-81,-84,-44,-62
-67,-64,-72,-72,-75,-82,-84,0,-85,-81,0,0,-76,-76,-73,-71,-79,-78,-65,-60,-65,-65,-74,0,-72,-72,-81,0,-73,-73,-75,-83,-73,-72,-80,-80,-81,-82,0,-83,-85,-81,-81,0,0,0,0,0,0,-86,-84,-46,-59
-67,-64,-72,-72,-75,-82,-84,0,-85,-81,0,0,-76,-76,-73,-71,-79,-78,-65,-60,-65,-65,-74,0,-72,-72,-81,0,-73,-73,-75,-83,-73,-72,-80,-80,-81,-82,0,-83,-85,-81,-81,0,0,0,0,0,0,-86,-84,-46,-59
-67,-64,-72,-72,-75,-82,-84,0,-85,-81,0,0,-76,-76,-73,-71,-79,-78,-65,-60,-65,-65,-74,0,-72,-72,-81,0,-73,-73,-75,-83,-73,-72,-80,-80,-81,-82,0,-83,-85,-81,-81,0,0,0,0,0,0,-86,-84,-46,-59
-67,-64,-72,-72,-75,-82,-84,0,-85,-81,0,0,-76,-76,-73,-71,-79,-78,-65,-60,-65,-65,-74,0,-72,-72,-81,0,-73,-73,-75,-83,-73,-72,-80,-80,-81,-82,0,-83,-85,-81,-81,0,0,0,0,0,0,-86,-84,-46,-59
-66,-63,-72,-72,-75,-82,-85,0,-85,-81,0,0,0,0,-73,-71,-74,-74,-65,-62,-65,-65,-74,0,-72,-72,-81,-77,-74,-74,-75,-82,-69,-69,-86,0,-79,-80,0,0,0,-84,-84,-83,-83,-86,-84,0,0,-86,-84,-44,-59
-66,-63,-72,-72,-75,-82,-85,0,-85,-81,0,0,0,0,-73,-71,-74,-74,-65,-62,-65,-65,-74,0,-72,-72,-81,-77,-74,-74,-75,-82,-69,-69,-86,0,-79,-80,0,0,0,-84,-84,-83,-83,-86,-84,0,0,-86,-84,-44,-59
-66,-63,-72,-72,-75,-82,-85,0,-85,-81,0,0,0,0,-73,-71,-74,-74,-65,-62,-65,-65,-74,0,-72,-72,-81,-77,-74,-74,-75,-82,-69,-69,-86,0,-79,-80,0,0,0,-84,-84,-83,-83,-86,-84,0,0,-86,-84,-44,-59
-66,-63,-72,-72,-75,-82,-85,0,-85,-81,0,0,0,0,-73,-71,-74,-74,-65,-62,-65,-65,-74,0,-72,-72,-81,-77,-74,-74,-75,-82,-69,-69,-86,0,-79,-80,0,0,0,-84,-84,-83,-83,-86,-84,0,0,-86,-84,-44,-59
-69,-66,-71,-71,-75,-82,-85,0,-81,-82,0,0,-78,-78,-72,-70,-74,-74,-63,-63,-74,-75,0,0,-71,-71,-78,-77,-74,-77,-75,-82,-76,-76,-86,0,-82,-81,0,0,-87,-84,-84,-86,-83,-86,-84,0,0,-82,-82,-43,-68
-69,-66,-71,-71,-75,-82,-85,0,-81,-82,0,0,-78,-78,-72,-70,-74,-74,-63,-63,-74,-75,0,0,-71,-71,-78,-77,-74,-77,-75,-82,-76,-76,-86,0,-82,-81,0,0,-87,-84,-84,-86,-83,-86,-84,0,0,-82,-82,-43,-68
-69,-66,-71,-71,-75,-82,-85,0,-81,-82,0,0,-78,-78,-72,-70,-74,-74,-63,-63,-74,-75,0,0,-71,-71,-78,-77,-74,-77,-75,-82,-76,-76,-86,0,-82,-81,0,0,-87,-84,-84,-86,-83,-86,-84,0,0,-82,-82,-43,-68
-69,-66,-71,-71,-75,-82,-85,0,-81,-82,0,0,-78,-78,-72,-70,-74,-74,-63,-63,-74,-75,0,0,-71,-71,-78,-77,-74,-77,-75,-82,-76,-76,-86,0,-82,-81,0,0,-87,-84,-84,-86,-83,-86,-84,0,0,-82,-82,-43,-68
-69,-63,-75,-75,0,0,-85,0,-76,-76,0,0,-77,-76,-72,-68,-74,-74,-62,-61,-71,-71,-79,0,-68,-68,-78,-77,-74,-74,0,-82,-75,-75,-86,0,-84,-86,0,0,-87,-80,-79,-84,-84,-83,-85,0,-86,-82,-82,-44,-67
-69,-63,-75,-75,0,0,-85,0,-76,-76,0,0,-77,-76,-72,-68,-74,-74,-62,-61,-71,-71,-79,0,-68,-68,-78,-77,-74,-74,0,-82,-75,-75,-86,0,-84,-86,0,0,-87,-80,-79,-84,-84,-83,-85,0,-86,-82,-82,-44,-67
-69,-63,-75,-75,0,0,-85,0,-76,-76,0,0,-77,-76,-72,-68,-74,-74,-62,-61,-71,-71,-79,0,-68,-68,-78,-77,-74,-74,0,-82,-75,-75,-86,0,-84,-86,0,0,-87,-80,-79,-84,-84,-83,-85,0,-86,-82,-82,-44,-67
-69,-63,-75,-75,0,0,-85,0,-76,-76,0,0,-77,-76,-72,-68,-74,-74,-62,-61,-71,-71,-79,0,-68,-68,-78,-77,-74,-74,0,-82,-75,-75,-86,0,-84,-86,0,0,-87,-80,-79,-84,-84,-83,-85,0,-86,-82,-82,-44,-67
-69,-63,-74,-74,0,0,-83,0,-77,-77,0,-88,-79,-77,-72,-68,0,0,-62,-61,-72,-72,-77,0,-69,-68,-78,0,-74,-74,-75,0,-70,-71,0,0,-83,-83,0,0,-87,-82,-81,-84,-84,-83,-85,0,-88,-82,-84,-43,-68
-69,-63,-74,-74,0,0,-83,0,-77,-77,0,-88,-79,-77,-72,-68,0,0,-62,-61,-72,-72,-77,0,-69,-68,-78,0,-74,-74,-75,0,-70,-71,0,0,-83,-83,0,0,-87,-82,-81,-84,-84,-83,-85,0,-88,-82,-84,-43,-68
-69,-63,-74,-74,0,0,-83,0,-77,-77,0,-88,-79,-77,-72,-68,0,0,-62,-61,-72,-72,-77,0,-69,-68,-78,0,-74,-74,-75,0,-70,-71,0,0,-83,-83,0,0,-87,-82,-81,-84,-84,-83,-85,0,-88,-82,-84,-43,-68
-69,-63,-74,-74,0,0,-83,0,-77,-77,0,-88,-79,-77,-72,-68,0,0,-62,-61,-72,-72,-77,0,-69,-68,-78,0,-74,-74,-75,0,-70,-71,0,0,-83,-83,0,0,-87,-82,-81,-84,-84,-83,-85,0,-88,-82,-84,-43,-68
0,-64,-75,-76,-79,-84,-83,0,-78,-78,0,-88,-84,-83,-71,-68,-81,-84,-65,-60,-69,-70,-77,0,-70,-70,-78,0,-73,-74,-75,0,-71,-71,0,0,-81,-81,0,0,0,-79,-81,-84,-84,-83,-85,0,-88,-84,-83,-42,-70
0,-64,-75,-76,-79,-84,-83,0,-78,-78,0,-88,-84,-83,-71,-68,-81,-84,-65,-60,-69,-70,-77,0,-70,-70,-78,0,-73,-74,-75,0,-71,-71,0,0,-81,-81,0,0,0,-79,-81,-84,-84,-83,-85,0,-88,-84,-83,-42,-70
0,-64,-75,-76,-79,-84,-83,0,-78,-78,0,-88,-84,-83,-71,-68,-81,-84,-65,-60,-69,-70,-77,0,-70,-70,-78,0,-73,-74,-75,0,-71,-71,0,0,-81,-81,0,0,0,-79,-81,-84,-84,-83,-85,0,-88,-84,-83,-42,-70
0,-64,-75,-76,-79,-84,-83,0,-78,-78,0,-88,-84,-83,-71,-68,-81,-84,-65,-60,-69,-70,-77,0,-70,-70,-78,0,-73,-74,-75,0,-71,-71,0,0,-81,-81,0,0,0,-79,-81,-84,-84,-83,-85,0,-88,-84,-83,-42,-70
0,-64,-74,-73,-78,-84,-83,0,-77,-77,0,-88,-78,-77,-72,-70,-83,-82,-64,-62,-71,-72,-78,0,-70,-70,-78,0,-74,-74,-75,0,-75,-74,0,0,-82,-84,0,0,0,-81,-80,0,0,0,0,0,-88,-83,-84,-43,-71
0,-64,-74,-73,-78,-84,-83,0,-77,-77,0,-88,-78,-77,-72,-70,-83,-82,-64,-62,-71,-72,-78,0,-70,-70,-78,0,-74,-74,-75,0,-75,-74,0,0,-82,-84,0,0,0,-81,-80,0,0,0,0,0,-88,-83,-84,-43,-71
0,-64,-74,-73,-78,-84,-83,0,-77,-77,0,-88,-78,-77,-72,-70,-83,-82,-64,-62,-71,-72,-78,0,-70,-70,-78,0,-74,-74,-75,0,-75,-74,0,0,-82,-84,0,0,0,-81,-80,0,0,0,0,0,-88,-83,-84,-43,-71
0,-64,-74,-73,-78,-84,-83,0,-77,-77,0,-88,-78,-77,-72,-70,-83,-82,-64,-62,-71,-72,-78,0,-70,-70,-78,0,-74,-74,-75,0,-75,-74,0,0,-82,-84,0,0,0,-81,-80,0,0,0,0,0,-88,-83,-84,-43,-71
-67,-64,-75,-76,-78,-85,-84,0,-78,-77,0,0,-76,-77,-72,-70,-84,-85,-64,-62,-72,-73,-78,0,-70,-70,-78,-72,-74,-75,0,0,-71,-72,0,0,-84,-84,0,0,0,-79,-81,0,0,0,0,-88,0,-83,-84,-42,-69
-67,-64,-75,-76,-78,-85,-84,0,-78,-77,0,0,-76,-77,-72,-70,-84,-85,-64,-62,-72,-73,-78,0,-70,-70,-78,-72,-74,-75,0,0,-71,-72,0,0,-84,-84,0,0,0,-79,-81,0,0,0,0,-88,0,-83,-84,-42,-69
-67,-64,-75,-76,-78,-85,-84,0,-78,-77,0,0,-76,-77,-72,-70,-84,-85,-64,-62,-72,-73,-78,0,-70,-70,-78,-72,-74,-75,0,0,-71,-72,0,0,-84,-84,0,0,0,-79,-81,0,0,0,0,-88,0,-83,-84,-42,-69
-67,-64,-75,-76,-78,-85,-84,0,-78,-77,0,0,-76,-77,-72,-70,-84,-85,-64,-62,-72,-73,-78,0,-70,-70,-78,-72,-74,-75,0,0,-71,-72,0,0,-84,-84,0,0,0,-79,-81,0,0,0,0,-88,0,-83,-84,-42,-69
-67,-62,-74,-75,-78,-85,-84,0,-76,-76,0,0,-76,-78,-72,-70,-83,-83,-64,-61,-72,-72,-76,-70,-69,-69,-77,-72,-74,-75,0,-76,-73,-73,0,0,-82,-83,0,0,0,-78,-80,0,0,0,0,-88,0,-81,-81,-43,-70
-67,-62,-74,-75,-78,-85,-84,0,-76,-76,0,0,-76,-78,-72,-70,-83,-83,-64,-61,-72,-72,-76,-70,-69,-69,-77,-72,-74,-75,0,-76,-73,-73,0,0,-82,-83,0,0,0,-78,-80,0,0,0,0,-88,0,-81,-81,-43,-70
-67,-62,-74,-75,-78,-85,-84,0,-76,-76,0,0,-76,-78,-72,-70,-83,-83,-64,-61,-72,-72,-76,-70,-69,-69,-77,-72,-74,-75,0,-76,-73,-73,0,0,-82,-83,0,0,0,-78,-80,0,0,0,0,-88,0,-81,-81,-43,-70
-67,-62,-74,-75,-78,-85,-84,0,-76,-76,0,0,-76,-78,-72,-70,-83,-83,-64,-61,-72,-72,-76,-70,-69,-69,-77,-72,-74,-75,0,-76,-73,-73,0,0,-82,-83,0,0,0,-78,-80,0,0,0,0,-88,0,-81,-81,-43,-70
-67,-65,-75,-75,0,-85,-84,0,-77,-78,0,0,-76,-78,-72,-70,-83,-83,-64,-63,-74,-73,-76,-70,-70,-70,-78,-72,-73,-74,0,-76,-75,-74,0,0,-84,-85,0,0,0,-78,-79,-86,-85,-83,-83,-88,0,-84,-82,-43,-70
-67,-65,-75,-75,0,-85,-84,0,-77,-78,0,0,-76,-78,-72,-70,-83,-83,-64,-63,-74,-73,-76,-70,-70,-70,-78,-72,-73,-74,0,-76,-75,-74,0,0,-84,-85,0,0,0,-78,-79,-86,-85,-83,-83,-88,0,-84,-82,-43,-70
-67,-65,-75,-75,0,-85,-84,0,-77,-78,0,0,-76,-78,-72,-70,-83,-83,-64,-63,-74,-73,-76,-70,-70,-70,-78,-72,-73,-74,0,-76,-75,-74,0,0,-84,-85,0,0,0,-78,-79,-86,-85,-83,-83,-88,0,-84,-82,-43,-70
-67,-65,-75,-75,0,-85,-84,0,-77,-78,0,0,-76,-78,-72,-70,-83,-83,-64,-63,-74,-73,-76,-70,-70,-70,-78,-72,-73,-74,0,-76,-75,-74,0,0,-84,-85,0,0,0,-78,-79,-86,-85,-83,-83,-88,0,-84,-82,-43,-70
-67,-65,-74,-74,0,-84,0,0,-78,-78,0,0,-75,-76,-72,-71,-83,-84,-65,-62,-72,-73,-76,-70,-69,-69,-77,-73,-74,-75,-75,-78,-75,-74,0,0,-83,-84,0,0,0,-79,-80,-86,-85,-83,-83,0,0,-84,-82,-43,-72
-67,-65,-74,-74,0,-84,0,0,-78,-78,0,0,-75,-76,-72,-71,-83,-84,-65,-62,-72,-73,-76,-70,-69,-69,-77,-73,-74,-75,-75,-78,-75,-74,0,0,-83,-84,0,0,0,-79,-80,-86,-85,-83,-83,0,0,-84,-82,-43,-72
-67,-65,-74,-74,0,-84,0,0,-78,-78,0,0,-75,-76,-72,-71,-83,-84,-65,-62,-72,-73,-76,-70,-69,-69,-77,-73,-74,-75,-75,-78,-75,-74,0,0,-83,-84,0,0,0,-79,-80,-86,-85,-83,-83,0,0,-84,-82,-43,-72
-67,-65,-74,-74,0,-84,0,0,-78,-78,0,0,-75,-76,-72,-71,-83,-84,-65,-62,-72,-73,-76,-70,-69,-69,-77,-73,-74,-75,-75,-78,-75,-74,0,0,-83,-84,0,0,0,-79,-80,-86,-85,-83,-83,0,0,-84,-82,-43,-72
-67,-63,-73,-73,0,-84,0,-85,-80,-78,-79,-77,-76,-75,-73,-72,-84,-82,-65,-62,-71,-70,-77,-75,-69,-69,-78,-69,-77,-77,-75,-78,-75,-74,0,0,-84,-84,0,0,0,-78,-79,-86,-85,-83,-83,0,-88,-83,-83,-43,-71
-67,-63,-73,-73,0,-84,0,-85,-80,-78,-79,-77,-76,-75,-73,-72,-84,-82,-65,-62,-71,-70,-77,-75,-69,-69,-78,-69,-77,-77,-75,-78,-75,-74,0,0,-84,-84,0,0,0,-78,-79,-86,-85,-83,-83,0,-88,-83,-83,-43,-71
-67,-63,-73,-73,0,-84,0,-85,-80,-78,-79,-77,-76,-75,-73,-72,-84,-82,-65,-62,-71,-70,-77,-75,-69,-69,-78,-69,-77,-77,-75,-78,-75,-74,0,0,-84,-84,0,0,0,-78,-79,-86,-85,-83,-83,0,-88,-83,-83,-43,-71
-67,-63,-73,-73,0,-84,0,-85,-80,-78,-79,-77,-76,-75,-73,-72,-84,-82,-65,-62,-71,-70,-77,-75,-69,-69,-78,-69,-77,-77,-75,-78,-75,-74,0,0,-84,-84,0,0,0,-78,-79,-86,-85,-83,-83,0,-88,-83,-83,-43,-71
-67,-63,-73,-73,0,-84,0,-85,-79,-79,-79,-77,-77,-76,-73,-72,-81,-82,-65,-62,-73,-73,-77,-75,-69,-69,-78,-69,-75,-75,-76,-81,-73,-74,0,0,-84,-85,0,0,0,-80,-79,0,0,0,0,0,-88,-82,-82,-41,-71
-67,-63,-73,-73,0,-84,0,-85,-79,-79,-79,-77,-77,-76,-73,-72,-81,-82,-65,-62,-73,-73,-77,-75,-69,-69,-78,-69,-75,-75,-76,-81,-73,-74,0,0,-84,-85,0,0,0,-80,-79,0,0,0,0,0,-88,-82,-82,-41,-71
-67,-63,-73,-73,0,-84,0,-85,-79,-79,-79,-77,-77,-76,-73,-72,-81,-82,-65,-62,-73,-73,-77,-75,-69,-69,-78,-69,-75,-75,-76,-81,-73,-74,0,0,-84,-85,0,0,0,-80,-79,0,0,0,0,0,-88,-82,-82,-41,-71
-67,-63,-73,-73,0,-84,0,-85,-79,-79,-79,-77,-77,-76,-73,-72,-81,-82,-65,-62,-73,-73,-77,-75,-69,-69,-78,-69,-75,-75,-76,-81,-73,-74,0,0,-84,-85,0,0,0,-80,-79,0,0,0,0,0,-88,-82,-82,-41,-71
-66,-64,-74,-74,-77,0,0,-85,-80,-80,-79,-77,-77,-75,-73,-72,-80,-80,-64,-62,-72,-73,-77,-75,-69,-69,-78,-69,-75,-76,-76,-81,-75,-75,0,0,-84,-83,0,0,0,-80,-78,0,0,0,0,0,-88,-83,-83,-42,-70
-66,-64,-74,-74,-77,0,0,-85,-80,-80,-79,-77,-77,-75,-73,-72,-80,-80,-64,-62,-72,-73,-77,-75,-69,-69,-78,-69,-75,-76,-76,-81,-75,-75,0,0,-84,-83,0,0,0,-80,-78,0,0,0,0,0,-88,-83,-83,-42,-70
-66,-64,-74,-74,-77,0,0,-85,-80,-80,-79,-77,-77,-75,-73,-72,-80,-80,-64,-62,-72,-73,-77,-75,-69,-69,-78,-69,-75,-76,-76,-81,-75,-75,0,0,-84,-83,0,0,0,-80,-78,0,0,0,0,0,-88,-83,-83,-42,-70
-66,-64,-74,-74,-77,0,0,-85,-80,-80,-79,-77,-77,-75,-73,-72,-80,-80,-64,-62,-72,-73,-77,-75,-69,-69,-78,-69,-75,-76,-76,-81,-75,-75,0,0,-84,-83,0,0,0,-80,-78,0,0,0,0,0,-88,-83,-83,-42,-70
-67,-62,-74,-74,-77,0,0,0,-79,-80,0,0,-76,-76,-73,-73,-80,-82,-66,-63,-72,-72,0,-75,-68,-68,-77,0,-76,-76,-76,-83,-75,-75,0,0,-84,-84,0,0,-87,-78,-78,0,0,0,0,0,0,-83,-83,-42,-70
-67,-62,-74,-74,-77,0,0,0,-79,-80,0,0,-76,-76,-73,-73,-80,-82,-66,-63,-72,-72,0,-75,-68,-68,-77,0,-76,-76,-76,-83,-75,-75,0,0,-84,-84,0,0,-87,-78,-78,0,0,0,0,0,0,-83,-83,-42,-70
-67,-62,-74,-74,-77,0,0,0,-79,-80,0,0,-76,-76,-73,-73,-80,-82,-66,-63,-72,-72,0,-75,-68,-68,-77,0,-76,-76,-76,-83,-75,-75,0,0,-84,-84,0,0,-87,-78,-78,0,0,0,0,0,0,-83,-83,-42,-70
-67,-62,-74,-74,-77,0,0,0,-79,-80,0,0,-76,-76,-73,-73,-80,-82,-66,-63,-72,-72,0,-75,-68,-68,-77,0,-76,-76,-76,-83,-75,-75,0,0,-84,-84,0,0,-87,-78,-78,0,0,0,0,0,0,-83,-83,-42,-70
-67,-63,-73,-73,-77,0,0,0,-71,-79,0,0,-76,-76,-74,-72,-79,-78,-66,-62,-70,-70,0,-75,-67,-68,-77,0,-77,-77,-74,-83,-73,-73,0,0,-85,-84,-89,0,-87,-83,-84,0,0,0,0,0,0,-81,-81,-43,-71
-67,-63,-73,-73,-77,0,0,0,-71,-79,0,0,-76,-76,-74,-72,-79,-78,-66,-62,-70,-70,0,-75,-67,-68,-77,0,-77,-77,-74,-83,-73,-73,0,0,-85,-84,-89,0,-87,-83,-84,0,0,0,0,0,0,-81,-81,-43,-71
-67,-63,-73,-73,-77,0,0,0,-71,-79,0,0,-76,-76,-74,-72,-79,-78,-66,-62,-70,-70,0,-75,-67,-68,-77,0,-77,-77,-74,-83,-73,-73,0,0,-85,-84,-89,0,-87,-83,-84,0,0,0,0,0,0,-81,-81,-43,-71
-67,-63,-73,-73,-77,0,0,0,-71,-79,0,0,-76,-76,-74,-72,-79,-78,-66,-62,-70,-70,0,-75,-67,-68,-77,0,-77,-77,-74,-83,-73,-73,0,0,-85,-84,-89,0,-87,-83,-84,0,0,0,0,0,0,-81,-81,-43,-71
-67,-64,-73,-73,0,-86,0,0,-81,-81,0,0,-80,-79,-80,-81,-77,-78,-66,-61,-73,-72,0,-81,-72,-73,-81,0,-74,-75,-75,-83,-69,-69,0,0,-81,-82,-89,0,-87,-80,-84,0,0,0,0,0,0,-85,-85,-41,-66
-67,-64,-73,-73,0,-86,0,0,-81,-81,0,0,-80,-79,-80,-81,-77,-78,-66,-61,-73,-72,0,-81,-72,-73,-81,0,-74,-75,-75,-83,-69,-69,0,0,-81,-82,-89,0,-87,-80,-84,0,0,0,0,0,0,-85,-85,-41,-66
-67,-64,-73,-73,0,-86,0,0,-81,-81,0,0,-80,-79,-80,-81,-77,-78,-66,-61,-73,-72,0,-81,-72,-73,-81,0,-74,-75,-75,-83,-69,-69,0,0,-81,-82,-89,0,-87,-80,-84,0,0,0,0,0,0,-85,-85,-41,-66
-67,-64,-73,-73,0,-86,0,0,-81,-81,0,0,-80,-79,-80,-81,-77,-78,-66,-61,-73,-72,0,-81,-72,-73,-81,0,-74,-75,-75,-83,-69,-69,0,0,-81,-82,-89,0,-87,-80,-84,0,0,0,0,0,0,-85,-85,-41,-66
-67,-67,-71,-70,0,-86,0,-80,-82,-81,0,0,-80,-79,-74,-71,-84,-83,-64,-63,-68,-68,-76,-75,-70,-70,-81,0,-75,-76,-76,-77,-72,-72,0,0,-81,-81,-89,0,0,-81,-82,0,0,0,0,0,0,-84,-82,-41,-68
-67,-67,-71,-70,0,-86,0,-80,-82,-81,0,0,-80,-79,-74,-71,-84,-83,-64,-63,-68,-68,-76,-75,-70,-70,-81,0,-75,-76,-76,-77,-72,-72,0,0,-81,-81,-89,0,0,-81,-82,0,0,0,0,0,0,-84,-82,-41,-68
-67,-67,-71,-70,0,-86,0,-80,-82,-81,0,0,-80,-79,-74,-71,-84,-83,-64,-63,-68,-68,-76,-75,-70,-70,-81,0,-75,-76,-76,-77,-72,-72,0,0,-81,-81,-89,0,0,-81,-82,0,0,0,0,0,0,-84,-82,-41,-68
-67,-67,-71,-70,0,-86,0,-80,-82,-81,0,0,-80,-79,-74,-71,-84,-83,-64,-63,-68,-68,-76,-75,-70,-70,-81,0,-75,-76,-76,-77,-72,-72,0,0,-81,-81,-89,0,0,-81,-82,0,0,0,0,0,0,-84,-82,-41,-68
-67,-64,-71,-70,0,-82,-86,-80,-81,-80,0,0,-78,-78,-74,-71,-75,-75,-64,-60,-75,-74,-76,-75,-72,-72,-79,-76,-71,-75,-76,-77,-68,-68,0,0,-83,-83,0,0,0,-81,-84,0,0,0,0,0,0,-83,-82,-42,-66
-67,-64,-71,-70,0,-82,-86,-80,-81,-80,0,0,-78,-78,-74,-71,-75,-75,-64,-60,-75,-74,-76,-75,-72,-72,-79,-76,-71,-75,-76,-77,-68,-68,0,0,-83,-83,0,0,0,-81,-84,0,0,0,0,0,0,-83,-82,-42,-66
-67,-64,-71,-70,0,-82,-86,-80,-81,-80,0,0,-78,-78,-74,-71,-75,-75,-64,-60,-75,-74,-76,-75,-72,-72,-79,-76,-71,-75,-76,-77,-68,-68,0,0,-83,-83,0,0,0,-81,-84,0,0,0,0,0,0,-83,-82,-42,-66
-67,-64,-71,-70,0,-82,-86,-80,-81,-80,0,0,-78,-78,-74,-71,-75,-75,-64,-60,-75,-74,-76,-75,-72,-72,-79,-76,-71,-75,-76,-77,-68,-68,0,0,-83,-83,0,0,0,-81,-84,0,0,0,0,0,0,-83,-82,-42,-66
-70,-66,-77,-75,0,-86,-84,-80,-81,-81,0,0,-78,-78,-79,-78,-77,-78,-66,-64,-76,-78,-76,-75,-72,-72,-79,-76,-74,-75,-75,-83,-72,-73,0,0,-82,-83,0,0,0,-81,-82,0,0,0,0,0,0,-81,-82,-46,-69
-70,-66,-77,-75,0,-86,-84,-80,-81,-81,0,0,-78,-78,-79,-78,-77,-78,-66,-64,-76,-78,-76,-75,-72,-72,-79,-76,-74,-75,-75,-83,-72,-73,0,0,-82,-83,0,0,0,-81,-82,0,0,0,0,0,0,-81,-82,-46,-69
-70,-66,-77,-75,0,-86,-84,-80,-81,-81,0,0,-78,-78,-79,-78,-77,-78,-66,-64,-76,-78,-76,-75,-72,-72,-79,-76,-74,-75,-75,-83,-72,-73,0,0,-82,-83,0,0,0,-81,-82,0,0,0,0,0,0,-81,-82,-46,-69
-70,-66,-77,-75,0,-86,-84,-80,-81,-81,0,0,-78,-78,-79,-78,-77,-78,-66,-64,-76,-78,-76,-75,-72,-72,-79,-76,-74,-75,-75,-83,-72,-73,0,0,-82,-83,0,0,0,-81,-82,0,0,0,0,0,0,-81,-82,-46,-69
-68,-66,-71,-71,0,-83,-84,0,-81,-81,0,0,-80,-80,-73,-72,-77,-78,-65,-63,-75,-77,0,-80,-71,-71,-78,-73,-71,-72,-75,-83,-73,-73,0,0,-84,-85,0,0,0,-80,-81,0,0,0,0,0,0,-81,-81,-44,-70
-68,-66,-71,-71,0,-83,-84,0,-81,-81,0,0,-80,-80,-73,-72,-77,-78,-65,-63,-75,-77,0,-80,-71,-71,-78,-73,-71,-72,-75,-83,-73,-73,0,0,-84,-85,0,0,0,-80,-81,0,0,0,0,0,0,-81,-81,-44,-70
-68,-66,-71,-71,0,-83,-84,0,-81,-81,0,0,-80,-80,-73,-72,-77,-78,-65,-63,-75,-77,0,-80,-71,-71,-78,-73,-71,-72,-75,-83,-73,-73,0,0,-84,-85,0,0,0,-80,-81,0,0,0,0,0,0,-81,-81,-44,-70
-68,-66,-71,-71,0,-83,-84,0,-81,-81,0,0,-80,-80,-73,-72,-77,-78,-65,-63,-75,-77,0,-80,-71,-71,-78,-73,-71,-72,-75,-83,-73,-73,0,0,-84,-85,0,0,0,-80,-81,0,0,0,0,0,0,-81,-81,-44,-70
-68,-65,-70,-70,0,-84,-84,0,-78,-80,0,0,-78,-78,-72,-72,-77,-78,-65,-63,-76,-77,0,-80,-70,-70,-78,-75,-72,-73,-76,-83,-75,-75,0,0,-85,-83,0,0,0,-81,-81,-84,-85,-85,-84,0,0,-80,-80,-44,-69
-68,-65,-70,-70,0,-84,-84,0,-78,-80,0,0,-78,-78,-72,-72,-77,-78,-65,-63,-76,-77,0,-80,-70,-70,-78,-75,-72,-73,-76,-83,-75,-75,0,0,-85,-83,0,0,0,-81,-81,-84,-85,-85,-84,0,0,-80,-80,-44,-69
-68,-65,-70,-70,0,-84,-84,0,-78,-80,0,0,-78,-78,-72,-72,-77,-78,-65,-63,-76,-77,0,-80,-70,-70,-78,-75,-72,-73,-76,-83,-75,-75,0,0,-85,-83,0,0,0,-81,-81,-84,-85,-85,-84,0,0,-80,-80,-44,-69
-68,-65,-70,-70,0,-84,-84,0,-78,-80,0,0,-78,-78,-72,-72,-77,-78,-65,-63,-76,-77,0,-80,-70,-70,-78,-75,-72,-73,-76,-83,-75,-75,0,0,-85,-83,0,0,0,-81,-81,-84,-85,-85,-84,0,0,-80,-80,-44,-69
-67,-64,-69,-69,0,-83,-83,-87,-81,-80,0,0,-78,-78,-72,-72,-77,-77,-65,-63,-73,-74,-77,-79,-68,-68,-78,-75,-73,-73,-76,0,-74,-74,0,0,-84,-85,0,0,0,-82,-81,-84,-85,-85,-84,0,-88,-80,-79,-42,-68
-67,-64,-69,-69,0,-83,-83,-87,-81,-80,0,0,-78,-78,-72,-72,-77,-77,-65,-63,-73,-74,-77,-79,-68,-68,-78,-75,-73,-73,-76,0,-74,-74,0,0,-84,-85,0,0,0,-82,-81,-84,-85,-85,-84,0,-88,-80,-79,-42,-68
-67,-64,-69,-69,0,-83,-83,-87,-81,-80,0,0,-78,-78,-72,-72,-77,-77,-65,-63,-73,-74,-77,-79,-68,-68,-78,-75,-73,-73,-76,0,-74,-74,0,0,-84,-85,0,0,0,-82,-81,-84,-85,-85,-84,0,-88,-80,-79,-42,-68
-67,-64,-69,-69,0,-83,-83,-87,-81,-80,0,0,-78,-78,-72,-72,-77,-77,-65,-63,-73,-74,-77,-79,-68,-68,-78,-75,-73,-73,-76,0,-74,-74,0,0,-84,-85,0,0,0,-82,-81,-84,-85,-85,-84,0,-88,-80,-79,-42,-68
-67,-65,-69,-70,0,-83,-83,-84,-81,-80,0,0,-78,-78,-72,-72,-77,-78,-65,-63,-73,-73,-77,-79,-67,-68,-78,-75,-73,-74,-77,-82,-79,-80,0,0,-85,-83,0,0,0,-83,-82,-84,-85,-85,-84,0,-88,-79,-80,-42,-69
-67,-65,-69,-70,0,-83,-83,-84,-81,-80,0,0,-78,-78,-72,-72,-77,-78,-65,-63,-73,-73,-77,-79,-67,-68,-78,-75,-73,-74,-77,-82,-79,-80,0,0,-85,-83,0,0,0,-83,-82,-84,-85,-85,-84,0,-88,-79,-80,-42,-69
-67,-65,-69,-70,0,-83,-83,-84,-81,-80,0,0,-78,-78,-72,-72,-77,-78,-65,-63,-73,-73,-77,-79,-67,-68,-78,-75,-73,-74,-77,-82,-79,-80,0,0,-85,-83,0,0,0,-83,-82,-84,-85,-85,-84,0,-88,-79,-80,-42,-69
-67,-65,-69,-70,0,-83,-83,-84,-81,-80,0,0,-78,-78,-72,-72,-77,-78,-65,-63,-73,-73,-77,-79,-67,-68,-78,-75,-73,-74,-77,-82,-79,-80,0,0,-85,-83,0,0,0,-83,-82,-84,-85,-85,-84,0,-88,-79,-80,-42,-69
-68,-64,-75,-75,0,-84,-85,-84,-79,-78,0,0,-77,-77,-72,-71,-77,-78,-62,-60,-73,-73,-77,-80,-69,-69,-78,-75,-71,-74,-77,-82,-74,-76,0,0,-83,-85,0,0,0,-82,-81,0,0,0,0,0,-88,-79,-80,-41,-69
-68,-64,-75,-75,0,-84,-85,-84,-79,-78,0,0,-77,-77,-72,-71,-77,-78,-62,-60,-73,-73,-77,-80,-69,-69,-78,-75,-71,-74,-77,-82,-74,-76,0,0,-83,-85,0,0,0,-82,-81,0,0,0,0,0,-88,-79,-80,-41,-69
-68,-64,-75,-75,0,-84,-85,-84,-79,-78,0,0,-77,-77,-72,-71,-77,-78,-62,-60,-73,-73,-77,-80,-69,-69,-78,-75,-71,-74,-77,-82,-74,-76,0,0,-83,-85,0,0,0,-82,-81,0,0,0,0,0,-88,-79,-80,-41,-69
-68,-64,-75,-75,0,-84,-85,-84,-79,-78,0,0,-77,-77,-72,-71,-77,-78,-62,-60,-73,-73,-77,-80,-69,-69,-78,-75,-71,-74,-77,-82,-74,-76,0,0,-83,-85,0,0,0,-82,-81,0,0,0,0,0,-88,-79,-80,-41,-69
-68,-64,-72,-72,0,-84,-84,-84,-77,-77,0,0,-76,-76,-74,-72,-78,-80,-64,-61,-71,-71,-79,-80,-68,-68,-78,-75,-74,-74,-77,-82,-74,-74,0,0,-84,-84,0,0,0,-81,-81,-83,0,-84,0,0,0,-79,-80,-41,-68
-68,-64,-72,-72,0,-84,-84,-84,-77,-77,0,0,-76,-76,-74,-72,-78,-80,-64,-61,-71,-71,-79,-80,-68,-68,-78,-75,-74,-74,-77,-82,-74,-74,0,0,-84,-84,0,0,0,-81,-81,-83,0,-84,0,0,0,-79,-80,-41,-68
-68,-64,-72,-72,0,-84,-84,-84,-77,-77,0,0,-76,-76,-74,-72,-78,-80,-64,-61,-71,-71,-79,-80,-68,-68,-78,-75,-74,-74,-77,-82,-74,-74,0,0,-84,-84,0,0,0,-81,-81,-83,0,-84,0,0,0,-79,-80,-41,-68
-68,-64,-72,-72,0,-84,-84,-84,-77,-77,0,0,-76,-76,-74,-72,-78,-80,-64,-61,-71,-71,-79,-80,-68,-68,-78,-75,-74,-74,-77,-82,-74,-74,0,0,-84,-84,0,0,0,-81,-81,-83,0,-84,0,0,0,-79,-80,-41,-68
-68,-66,-71,-71,0,-84,-84,0,-77,-78,0,0,-77,-76,-74,-72,-79,-79,-64,-58,-72,-71,-79,-79,-67,-67,-78,-75,-74,-74,-78,-83,-75,-75,-85,-89,-85,-85,0,0,0,-82,-81,-83,0,-84,0,0,0,-83,-82,-41,-68
-68,-66,-71,-71,0,-84,-84,0,-77,-78,0,0,-77,-76,-74,-72,-79,-79,-64,-58,-72,-71,-79,-79,-67,-67,-78,-75,-74,-74,-78,-83,-75,-75,-85,-89,-85,-85,0,0,0,-82,-81,-83,0,-84,0,0,0,-83,-82,-41,-68
-68,-66,-71,-71,0,-84,-84,0,-77,-78,0,0,-77,-76,-74,-72,-79,-79,-64,-58,-72,-71,-79,-79,-67,-67,-78,-75,-74,-74,-78,-83,-75,-75,-85,-89,-85,-85,0,0,0,-82,-81,-83,0,-84,0,0,0,-83,-82,-41,-68
-68,-66,-71,-71,0,-84,-84,0,-77,-78,0,0,-77,-76,-74,-72,-79,-79,-64,-58,-72,-71,-79,-79,-67,-67,-78,-75,-74,-74,-78,-83,-75,-75,-85,-89,-85,-85,0,0,0,-82,-81,-83,0,-84,0,0,0,-83,-82,-41,-68
-68,-66,-71,-71,-84,0,-84,0,-77,-77,0,0,-77,-77,-73,-72,-79,-79,-64,-61,-70,-70,-79,-79,-73,-78,-78,-75,-75,-75,-78,-83,-75,-75,-85,-89,-86,-84,0,0,0,-82,-82,-83,0,-84,0,0,0,-80,-82,-41,-67
-68,-66,-71,-71,-84,0,-84,0,-77,-77,0,0,-77,-77,-73,-72,-79,-79,-64,-61,-70,-70,-79,-79,-73,-78,-78,-75,-75,-75,-78,-83,-75,-75,-85,-89,-86,-84,0,0,0,-82,-82,-83,0,-84,0,0,0,-80,-82,-41,-67
-68,-66,-71,-71,-84,0,-84,0,-77,-77,0,0,-77,-77,-73,-72,-79,-79,-64,-61,-70,-70,-79,-79,-73,-78,-78,-75,-75,-75,-78,-83,-75,-75,-85,-89,-86,-84,0,0,0,-82,-82,-83,0,-84,0,0,0,-80,-82,-41,-67
-68,-66,-71,-71,-84,0,-84,0,-77,-77,0,0,-77,-77,-73,-72,-79,-79,-64,-61,-70,-70,-79,-79,-73,-78,-78,-75,-75,-75,-78,-83,-75,-75,-85,-89,-86,-84,0,0,0,-82,-82,-83,0,-84,0,0,0,-80,-82,-41,-67
-68,-66,-71,-70,-84,0,-84,0,-78,-78,0,0,-76,-76,-73,-72,-80,-79,-64,-63,-70,-70,-79,-78,-67,-67,-78,-75,-75,-75,-78,-83,-75,-75,-85,-89,-83,-82,0,0,0,-82,-83,0,0,0,0,0,0,-80,-81,-41,-68
-68,-66,-71,-70,-84,0,-84,0,-78,-78,0,0,-76,-76,-73,-72,-80,-79,-64,-63,-70,-70,-79,-78,-67,-67,-78,-75,-75,-75,-78,-83,-75,-75,-85,-89,-83,-82,0,0,0,-82,-83,0,0,0,0,0,0,-80,-81,-41,-68
-68,-66,-71,-70,-84,0,-84,0,-78,-78,0,0,-76,-76,-73,-72,-80,-79,-64,-63,-70,-70,-79,-78,-67,-67,-78,-75,-75,-75,-78,-83,-75,-75,-85,-89,-83,-82,0,0,0,-82,-83,0,0,0,0,0,0,-80,-81,-41,-68
-68,-66,-71,-70,-84,0,-84,0,-78,-78,0,0,-76,-76,-73,-72,-80,-79,-64,-63,-70,-70,-79,-78,-67,-67,-78,-75,-75,-75,-78,-83,-75,-75,-85,-89,-83,-82,0,0,0,-82,-83,0,0,0,0,0,0,-80,-81,-41,-68
-68,-66,-71,-71,-84,-84,-85,0,-76,-77,0,0,-76,-76,-73,-72,-78,-78,-60,-60,-71,-73,-79,-78,-70,-70,-78,-75,-74,-75,0,0,-70,-69,0,0,-86,-87,0,0,0,-81,-82,-83,-83,-82,-83,0,0,-80,-81,-39,-74
-68,-66,-71,-71,-84,-84,-85,0,-76,-77,0,0,-76,-76,-73,-72,-78,-78,-60,-60,-71,-73,-79,-78,-70,-70,-78,-75,-74,-75,0,0,-70,-69,0,0,-86,-87,0,0,0,-81,-82,-83,-83,-82,-83,0,0,-80,-81,-39,-74
-68,-66,-71,-71,-84,-84,-85,0,-76,-77,0,0,-76,-76,-73,-72,-78,-78,-60,-60,-71,-73,-79,-78,-70,-70,-78,-75,-74,-75,0,0,-70,-69,0,0,-86,-87,0,0,0,-81,-82,-83,-83,-82,-83,0,0,-80,-81,-39,-74
-68,-66,-71,-71,-84,-84,-85,0,-76,-77,0,0,-76,-76,-73,-72,-78,-78,-60,-60,-71,-73,-79,-78,-70,-70,-78,-75,-74,-75,0,0,-70,-69,0,0,-86,-87,0,0,0,-81,-82,-83,-83,-82,-83,0,0,-80,-81,-39,-74
-67,-63,-72,-73,-84,-84,-85,0,-78,-78,0,0,-76,-76,-73,-71,-76,-76,-64,-62,-76,-75,-79,-78,-70,-69,-78,-75,-73,-73,-78,0,-70,-69,-87,0,-84,-87,0,0,0,-81,-81,-83,-84,-82,-86,0,0,-80,-81,-40,-69
-67,-63,-72,-73,-84,-84,-85,0,-78,-78,0,0,-76,-76,-73,-71,-76,-76,-64,-62,-76,-75,-79,-78,-70,-69,-78,-75,-73,-73,-78,0,-70,-69,-87,0,-84,-87,0,0,0,-81,-81,-83,-84,-82,-86,0,0,-80,-81,-40,-69
-67,-63,-72,-73,-84,-84,-85,0,-78,-78,0,0,-76,-76,-73,-71,-76,-76,-64,-62,-76,-75,-79,-78,-70,-69,-78,-75,-73,-73,-78,0,-70,-69,-87,0,-84,-87,0,0,0,-81,-81,-83,-84,-82,-86,0,0,-80,-81,-40,-69
-67,-63,-72,-73,-84,-84,-85,0,-78,-78,0,0,-76,-76,-73,-71,-76,-76,-64,-62,-76,-75,-79,-78,-70,-69,-78,-75,-73,-73,-78,0,-70,-69,-87,0,-84,-87,0,0,0,-81,-81,-83,-84,-82,-86,0,0,-80,-81,-40,-69
-66,-63,-71,-70,0,-84,-85,0,-79,-79,0,-89,-69,-69,-73,-72,-76,-76,-64,-62,-73,-72,0,0,-68,-68,-77,-75,-73,-73,-78,0,-68,-69,-87,0,-84,-85,0,0,0,-79,-80,-83,-85,-82,-83,0,0,0,0,-44,-64
-66,-63,-71,-70,0,-84,-85,0,-79,-79,0,-89,-69,-69,-73,-72,-76,-76,-64,-62,-73,-72,0,0,-68,-68,-77,-75,-73,-73,-78,0,-68,-69,-87,0,-84,-85,0,0,0,-79,-80,-83,-85,-82,-83,0,0,0,0,-44,-64
