0,0,-73,-73,0,-82,-81,-70,-78,-77,-62,-59,-52,-53,0,0,-80,-81,0,0,-72,-73,-72,-69,-65,-65,0,0,-76,-76,-58,-57,-63,-64,0,0,-77,-76,0,0,0,0,0,0,0,0,0,0,0,-80,-80,-47,-63
0,0,-73,-73,0,-82,-81,-70,-78,-77,-62,-59,-52,-53,0,0,-80,-81,0,0,-72,-73,-72,-69,-65,-65,0,0,-76,-76,-58,-57,-63,-64,0,0,-77,-76,0,0,0,0,0,0,0,0,0,0,0,-80,-80,-47,-63
0,0,-73,-73,0,-82,-81,-70,-78,-77,-62,-59,-52,-53,0,0,-80,-81,0,0,-72,-73,-72,-69,-65,-65,0,0,-76,-76,-58,-57,-63,-64,0,0,-77,-76,0,0,0,0,0,0,0,0,0,0,0,-80,-80,-47,-63
0,0,-73,-73,0,-82,-81,-70,-78,-77,-62,-59,-52,-53,0,0,-80,-81,0,0,-72,-73,-72,-69,-65,-65,0,0,-76,-76,-58,-57,-63,-65,0,0,-77,-76,0,0,0,0,0,0,0,0,0,0,0,-80,-80,-47,-63
0,0,-73,-73,0,-82,-81,-70,-78,-77,-62,-59,-52,-53,0,0,-80,-81,0,0,-72,-73,-72,-69,-65,-65,0,0,-76,-76,-58,-57,-63,-65,0,0,-77,-76,0,0,0,0,0,0,0,0,0,0,0,-80,-80,-47,-63
0,0,-71,-71,0,-82,0,-66,-82,-81,0,-53,-52,-53,0,-66,-80,-81,0,0,-73,-73,-76,-75,-65,-65,0,0,-77,-79,-59,-65,-66,-66,0,0,-75,-75,0,-80,-80,0,-81,0,0,0,0,0,0,-80,-80,-45,-59
0,0,-71,-71,0,-82,0,-66,-82,-81,0,-53,-52,-53,0,-66,-80,-81,0,0,-73,-73,-76,-75,-65,-65,0,0,-77,-79,-59,-65,-66,-66,0,0,-75,-75,0,-80,-80,0,-81,0,0,0,0,0,0,-80,-80,-45,-59
0,0,-71,-71,0,-82,0,-66,-82,-81,0,-53,-52,-53,0,-66,-80,-81,0,0,-73,-73,-76,-75,-65,-65,0,0,-77,-79,-59,-65,-66,-66,0,0,-75,-75,0,-80,-80,0,-81,0,0,0,0,0,0,-80,-80,-45,-59
0,0,-71,-71,0,-82,0,-66,-82,-81,0,-53,-52,-53,0,-66,-80,-81,0,0,-73,-73,-76,-75,-65,-65,0,0,-77,-79,-59,-65,-66,-66,0,0,-75,-75,0,-80,-80,0,-81,0,0,0,0,0,0,-80,-80,-45,-59
0,0,-71,-71,0,-82,0,-66,-82,-81,0,-53,-52,-53,0,-66,-80,-81,0,0,-73,-73,-76,-75,-65,-65,0,0,-77,-79,-59,-65,-66,-66,0,0,-75,-75,0,-80,-80,0,-81,0,0,0,0,0,0,-80,-80,-45,-59
0,-68,-73,-72,0,0,0,-66,-80,-79,0,-53,-53,-54,0,-63,-80,-81,0,0,-74,-74,-74,-71,-65,-65,0,-83,-77,-77,-59,-59,-68,-68,0,0,-74,-75,-77,-81,-80,-82,-80,0,0,0,0,0,0,-77,-77,-48,-56
0,-68,-73,-72,0,0,0,-66,-80,-79,0,-53,-53,-54,0,-63,-80,-81,0,0,-74,-74,-74,-71,-65,-65,0,-83,-77,-77,-59,-59,-68,-68,0,0,-74,-75,-77,-81,-80,-82,-80,0,0,0,0,0,0,-77,-77,-48,-56
0,-68,-73,-72,0,0,0,-66,-80,-79,0,-53,-53,-54,0,-63,-80,-81,0,0,-74,-74,-74,-71,-65,-65,0,-83,-77,-77,-59,-59,-68,-68,0,0,-74,-75,-77,-81,-80,-82,-80,0,0,0,0,0,0,-77,-77,-48,-56
0,-68,-73,-72,0,0,0,-66,-80,-79,0,-53,-53,-54,0,-63,-80,-81,0,0,-74,-74,-74,-71,-65,-65,0,-83,-77,-77,-59,-59,-68,-68,0,0,-74,-75,-77,-81,-80,-82,-80,0,0,0,0,0,0,-77,-77,-48,-56
0,-68,-73,-72,0,0,0,-66,-80,-79,0,-53,-53,-54,0,-63,-80,-81,0,0,-74,-74,-74,-71,-65,-65,0,-83,-77,-77,-59,-59,-68,-68,0,0,-74,-75,-77,-81,-80,-82,-80,0,0,0,0,0,0,-77,-77,-48,-56
0,-68,-73,-72,0,-79,-81,-66,-79,-79,-56,-54,-54,-54,0,-63,-81,-81,-62,-58,-72,-72,-70,-67,-69,-69,0,-83,-76,-76,-60,-56,-67,-68,0,0,-74,-75,-77,-81,0,-82,-80,0,0,-80,-80,0,0,-80,-78,-47,-59
0,-68,-73,-72,0,-79,-81,-66,-79,-79,-56,-54,-54,-54,0,-63,-81,-81,-62,-58,-72,-72,-70,-67,-69,-69,0,-83,-76,-76,-60,-56,-67,-68,0,0,-74,-75,-77,-81,0,-82,-80,0,0,-80,-80,0,0,-80,-78,-47,-59
0,-68,-73,-72,0,-79,-81,-66,-79,-79,-56,-54,-54,-54,0,-63,-81,-81,-62,-58,-72,-72,-70,-67,-69,-69,0,-83,-76,-76,-60,-56,-67,-68,0,0,-74,-75,-77,-81,0,-82,-80,0,0,-80,-80,0,0,-80,-78,-47,-59
0,-68,-73,-72,0,-79,-81,-66,-79,-79,-56,-54,-54,-54,0,-63,-81,-81,-62,-58,-72,-72,-70,-67,-69,-69,0,-83,-76,-76,-60,-56,-67,-68,0,0,-74,-75,-77,-81,0,-82,-80,0,0,-80,-80,0,0,-80,-78,-47,-59
0,-68,-73,-72,0,-79,-81,-66,-79,-79,-56,-54,-54,-54,0,-63,-81,-81,-62,-58,-72,-72,-70,-67,-69,-69,0,-83,-76,-76,-60,-56,-67,-68,0,0,-74,-75,-77,-81,0,-82,-80,0,0,-80,-80,0,0,-80,-78,-47,-59
0,0,-73,-72,0,-79,-78,0,-79,-80,-56,-54,-54,-54,0,-74,-81,-80,-60,-58,-72,-72,-69,-65,-71,-73,0,0,-76,-76,-59,-56,-67,-68,0,0,-75,-75,-77,0,0,-82,-81,0,0,-80,-80,0,0,-80,-79,-47,-58
0,0,-73,-72,0,-79,-78,0,-79,-80,-56,-54,-54,-54,0,-74,-81,-80,-60,-58,-72,-72,-69,-65,-71,-73,0,0,-76,-76,-59,-56,-67,-68,0,0,-75,-75,-77,0,0,-82,-81,0,0,-80,-80,0,0,-80,-79,-47,-58
0,0,-73,-72,0,-79,-78,0,-79,-80,-56,-54,-54,-54,0,-74,-81,-80,-60,-58,-72,-72,-69,-65,-71,-73,0,0,-76,-76,-59,-56,-67,-68,0,0,-75,-75,-77,0,0,-82,-81,0,0,-80,-80,0,0,-80,-79,-47,-58
0,0,-73,-72,0,-79,-78,0,-79,-80,-56,-54,-54,-54,0,-74,-81,-80,-60,-58,-72,-72,-69,-65,-71,-73,0,0,-76,-76,-59,-56,-67,-68,0,0,-75,-75,-77,0,0,-82,-81,0,0,-80,-80,0,0,-80,-79,-47,-58
0,0,-73,-72,0,-79,-78,0,-79,-80,-56,-54,-54,-54,0,-74,-81,-80,-60,-58,-72,-72,-69,-65,-71,-73,0,0,-76,-76,-59,-56,-67,-68,0,0,-75,-75,-77,0,0,-82,-81,0,0,-80,-80,0,0,-80,-79,-47,-58
0,0,-72,-72,0,-79,-78,-65,-78,-80,0,-51,-54,-53,0,-74,-82,-81,-61,-58,-72,-72,-69,-65,-71,-71,0,0,-75,-75,-59,-56,-67,-67,0,0,-73,-73,0,0,0,-80,-81,0,0,0,0,0,0,-81,-82,-46,-58
0,0,-72,-72,0,-79,-78,-65,-78,-80,0,-51,-54,-53,0,-74,-82,-81,-61,-58,-72,-72,-69,-65,-71,-71,0,0,-75,-75,-59,-56,-67,-67,0,0,-73,-73,0,0,0,-80,-81,0,0,0,0,0,0,-81,-82,-46,-58
0,0,-72,-72,0,-79,-78,-65,-78,-80,0,-51,-54,-53,0,-74,-82,-81,-61,-58,-72,-72,-69,-65,-71,-71,0,0,-75,-75,-59,-56,-67,-67,0,0,-73,-73,0,0,0,-80,-81,0,0,0,0,0,0,-81,-82,-46,-58
0,0,-72,-72,0,-79,-78,-65,-78,-80,0,-51,-54,-53,0,-74,-82,-81,-61,-58,-72,-72,-69,-65,-71,-71,0,0,-75,-75,-59,-56,-67,-67,0,0,-73,-73,0,0,0,-80,-81,0,0,0,0,0,0,-81,-82,-46,-58
0,0,-72,-72,0,-79,-78,-65,-78,-80,0,-51,-54,-53,0,-74,-82,-81,-61,-58,-72,-72,-69,-65,-71,-71,0,0,-75,-75,-59,-56,-67,-67,0,0,-73,-73,0,0,0,-80,-81,0,0,0,0,0,0,-81,-82,-46,-58
0,-63,-72,-72,0,0,0,-65,-78,-79,0,-51,-54,-53,0,-68,-83,-83,-61,-58,-76,-72,0,0,-70,-70,0,0,-75,-75,-59,-56,-67,-67,0,0,-73,-73,-78,0,0,-80,-81,0,0,0,0,0,0,-81,-81,-47,-51
0,-63,-72,-72,0,0,0,-65,-78,-79,0,-51,-54,-53,0,-68,-83,-83,-61,-58,-76,-72,0,0,-70,-70,0,0,-75,-75,-59,-56,-67,-67,0,0,-73,-73,-78,0,0,-80,-81,0,0,0,0,0,0,-81,-81,-47,-51
0,-63,-72,-72,0,0,0,-65,-78,-79,0,-51,-54,-53,0,-68,-83,-83,-61,-58,-76,-72,0,0,-70,-70,0,0,-75,-75,-59,-56,-67,-67,0,0,-73,-73,-78,0,0,-80,-81,0,0,0,0,0,0,-81,-81,-47,-51
0,-63,-72,-72,0,0,0,-65,-78,-79,0,-51,-54,-53,0,-68,-83,-83,-61,-58,-76,-72,0,0,-70,-70,0,0,-75,-75,-59,-56,-67,-67,0,0,-73,-73,-78,0,0,-80,-81,0,0,0,0,0,0,-81,-81,-47,-51
0,-63,-72,-72,0,0,0,-65,-78,-79,0,-51,-54,-53,0,-68,-83,-83,-61,-58,-76,-72,0,0,-70,-70,0,0,-75,-75,-59,-56,-67,-67,0,0,-73,-73,-78,0,0,-80,-81,0,0,0,0,0,0,-81,-81,-47,-51
-67,-64,-72,-72,0,-82,0,-65,-78,-79,0,0,-56,-57,0,-68,-81,-81,-59,-57,-72,-72,-67,-70,-69,-69,0,0,-75,-74,-59,-56,-61,-61,0,0,-73,-73,-78,0,-80,-80,-81,0,0,-81,-81,0,0,-81,-80,-47,-57
-67,-64,-72,-72,0,-82,0,-65,-78,-79,0,0,-56,-57,0,-68,-81,-81,-59,-57,-72,-72,-67,-70,-69,-69,0,0,-75,-74,-59,-56,-61,-61,0,0,-73,-73,-78,0,-80,-80,-81,0,0,-81,-81,0,0,-81,-80,-47,-57
-67,-64,-72,-72,0,-82,0,-65,-78,-79,0,0,-56,-57,0,-68,-81,-81,-59,-57,-72,-72,-67,-70,-69,-69,0,0,-75,-74,-59,-56,-61,-62,0,0,-73,-73,-78,0,-80,-80,-81,0,0,-81,-81,0,0,-81,-80,-47,-57
-67,-64,-72,-72,0,-82,0,-65,-78,-79,0,0,-56,-57,0,-68,-81,-81,-59,-57,-72,-72,-67,-70,-69,-69,0,0,-75,-74,-59,-56,-61,-62,0,0,-73,-73,-78,0,-80,-80,-81,0,0,-81,-81,0,0,-81,-80,-47,-57
-67,-64,-72,-72,0,-82,0,-65,-78,-79,0,0,-56,-57,0,-68,-81,-81,-59,-57,-72,-72,-67,-70,-69,-69,0,0,-75,-74,-59,-56,-61,-62,0,0,-73,-73,-78,0,-80,-80,-81,0,0,-81,-81,0,0,-81,-80,-47,-57
-67,-64,-76,-76,0,-82,-81,-62,-78,-79,-57,-55,-54,-54,0,0,-76,-75,-63,-63,-72,-71,-68,-66,-63,-63,0,0,-74,-71,-59,-56,-64,-65,0,0,-74,-73,0,0,-80,-76,-77,0,0,-81,-81,0,0,-77,-76,-46,-57
-67,-64,-76,-76,0,-82,-81,-62,-78,-79,-57,-55,-54,-54,0,0,-76,-75,-63,-63,-72,-71,-68,-66,-63,-63,0,0,-74,-71,-59,-56,-64,-65,0,0,-74,-73,0,0,-80,-76,-77,0,0,-81,-81,0,0,-77,-76,-46,-57
-67,-64,-76,-76,0,-82,-81,-62,-78,-79,-57,-55,-54,-54,0,0,-76,-75,-63,-63,-72,-71,-68,-66,-63,-63,0,0,-74,-71,-59,-56,-64,-65,0,0,-74,-73,0,0,-80,-76,-77,0,0,-81,-81,0,0,-77,-76,-46,-57
-67,-64,-76,-76,0,-82,-81,-62,-78,-79,-57,-55,-54,-54,0,0,-76,-75,-63,-63,-72,-71,-68,-66,-63,-63,0,0,-74,-71,-59,-56,-64,-63,0,0,-74,-73,0,0,-80,-76,-77,0,0,-81,-81,0,0,-77,-76,-46,-57
-67,-64,-76,-76,0,-82,-81,-62,-78,-79,-57,-55,-54,-54,0,0,-76,-75,-63,-63,-72,-71,-68,-66,-63,-63,0,0,-74,-71,-59,-56,-64,-63,0,0,-74,-73,0,0,-80,-76,-77,0,0,-81,-81,0,0,-77,-76,-46,-57
0,0,-78,-77,0,-82,-81,-64,-80,-80,-57,-55,-53,-53,0,0,-79,-78,-63,-62,-70,-71,-71,-66,-64,-65,0,0,-74,-74,-60,-56,-68,-67,0,0,-73,-73,0,0,0,-80,-80,0,0,0,0,0,0,-79,-78,-42,-55
0,0,-78,-77,0,-82,-81,-64,-80,-80,-57,-55,-53,-53,0,0,-79,-78,-63,-62,-70,-71,-71,-66,-64,-65,0,0,-74,-74,-60,-56,-68,-67,0,0,-73,-73,0,0,0,-80,-80,0,0,0,0,0,0,-79,-78,-42,-55
0,0,-78,-77,0,-82,-81,-64,-80,-80,-57,-55,-53,-53,0,0,-79,-78,-63,-62,-70,-71,-71,-66,-64,-65,0,0,-74,-74,-60,-56,-68,-67,0,0,-73,-73,0,0,0,-80,-80,0,0,0,0,0,0,-79,-78,-42,-55
0,0,-78,-77,0,-82,-81,-64,-80,-80,-57,-55,-53,-53,0,0,-79,-78,-63,-62,-70,-71,-71,-66,-64,-65,0,0,-74,-74,-60,-56,-68,-68,0,0,-73,-73,0,0,0,-80,-80,0,0,0,0,0,0,-79,-78,-42,-55
0,0,-78,-77,0,-82,-81,-64,-80,-80,-57,-55,-53,-53,0,0,-79,-78,-63,-62,-70,-71,-71,-66,-64,-65,0,0,-74,-74,-60,-56,-68,-68,0,0,-73,-73,0,0,0,-80,-80,0,0,0,0,0,0,-79,-78,-42,-55
0,0,-75,-76,-70,-79,-79,-64,-80,-80,0,0,-53,-53,0,-63,-82,-82,0,-59,-70,-71,-70,-69,-64,-65,0,0,-74,-74,-60,-59,-68,-68,0,0,-73,-73,0,0,0,-77,-78,0,0,0,0,0,0,-79,-78,-42,-59
0,0,-75,-76,-70,-79,-79,-64,-80,-80,0,0,-53,-53,0,-63,-82,-82,0,-59,-70,-71,-70,-69,-64,-65,0,0,-74,-74,-60,-59,-68,-68,0,0,-73,-73,0,0,0,-77,-78,0,0,0,0,0,0,-79,-78,-42,-59
0,0,-75,-76,-70,-79,-79,-64,-80,-80,0,0,-53,-53,0,-63,-82,-82,0,-59,-70,-71,-70,-69,-64,-65,0,0,-74,-74,-60,-59,-68,-68,0,0,-73,-73,0,0,0,-77,-78,0,0,0,0,0,0,-79,-78,-42,-59
0,0,-75,-76,-70,-79,-79,-64,-80,-80,0,0,-53,-53,0,-63,-82,-82,0,-59,-70,-71,-70,-69,-64,-65,0,0,-74,-74,-60,-59,-68,-68,0,0,-73,-73,0,0,0,-77,-78,0,0,0,0,0,0,-79,-78,-42,-59
0,0,-75,-76,-70,-79,-79,-64,-80,-80,0,0,-53,-53,0,-63,-82,-82,0,-59,-70,-71,-70,-69,-64,-65,0,0,-74,-74,-60,-59,-68,-68,0,0,-73,-73,0,0,0,-77,-78,0,0,0,0,0,0,-79,-78,-42,-59
0,0,-75,-75,-70,-79,-79,-66,-80,-80,0,0,-53,-53,0,-63,-84,-82,-62,-59,-70,-71,-71,-68,-65,-65,0,0,-71,-72,-60,-63,-67,-68,0,0,-72,-72,0,0,0,-77,-78,0,0,-80,-79,0,0,-80,-78,-42,-58
0,0,-75,-75,-70,-79,-79,-66,-80,-80,0,0,-53,-53,0,-63,-84,-82,-62,-59,-70,-71,-71,-68,-65,-65,0,0,-71,-72,-60,-63,-67,-68,0,0,-72,-72,0,0,0,-77,-78,0,0,-80,-79,0,0,-80,-78,-42,-58
0,0,-75,-75,-70,-79,-79,-66,-80,-80,0,0,-53,-53,0,-63,-84,-82,-62,-59,-70,-71,-71,-68,-65,-65,0,0,-71,-72,-60,-63,-67,-68,0,0,-72,-72,0,0,0,-77,-78,0,0,-80,-79,0,0,-80,-78,-42,-58
0,0,-75,-75,-70,-79,-79,-66,-80,-80,0,0,-53,-53,0,-63,-84,-82,-62,-59,-70,-71,-71,-68,-65,-65,0,0,-71,-72,-60,-63,-67,-68,0,0,-72,-72,0,0,0,-77,-78,0,0,-80,-79,0,0,-80,-78,-42,-58
0,0,-75,-75,-70,-79,-79,-66,-80,-80,0,0,-53,-53,0,-63,-84,-82,-62,-59,-70,-71,-71,-68,-65,-65,0,0,-71,-72,-60,-63,-67,-68,0,0,-72,-72,0,0,0,-77,-78,0,0,-80,-79,0,0,-80,-78,-42,-58
0,0,-81,-83,0,-79,-79,-66,-79,-80,0,-53,-53,-53,0,-63,-83,0,-62,-57,-69,-70,-71,-68,-64,-64,0,0,-71,-71,-60,-63,-68,-69,0,0,-71,-71,-77,0,0,-75,-75,0,0,-80,-79,0,0,-78,-79,-42,-59
0,0,-81,-83,0,-79,-79,-66,-79,-80,0,-53,-53,-53,0,-63,-83,0,-62,-57,-69,-70,-71,-68,-64,-64,0,0,-71,-71,-60,-63,-68,-68,0,0,-71,-71,-77,0,0,-75,-75,0,0,-80,-79,0,0,-78,-79,-42,-59
0,0,-81,-83,0,-79,-79,-66,-79,-80,0,-53,-53,-53,0,-63,-83,0,-62,-57,-69,-70,-71,-68,-64,-64,0,0,-71,-71,-60,-63,-68,-68,0,0,-71,-71,-77,0,0,-75,-75,0,0,-80,-79,0,0,-78,-79,-42,-59
0,0,-81,-83,0,-79,-79,-66,-79,-80,0,-53,-53,-53,0,-63,-83,0,-62,-57,-69,-70,-71,-68,-64,-64,0,0,-71,-71,-60,-63,-68,-68,0,0,-71,-71,-77,0,0,-75,-75,0,0,-80,-79,0,0,-78,-79,-42,-59
0,0,-81,-83,0,-79,-79,-66,-79,-80,0,-53,-53,-53,0,-63,-83,0,-62,-57,-69,-70,-71,-68,-64,-64,0,0,-71,-71,-60,-63,-68,-68,0,0,-71,-71,-77,0,0,-75,-75,0,0,-80,-79,0,0,-78,-79,-42,-59
0,0,-73,-75,0,-79,-79,-68,-80,-79,0,-53,-53,-54,0,-62,-83,0,0,-57,-70,-70,-71,-69,-64,-64,0,0,-72,-71,-62,-64,-68,-69,0,0,-71,-71,-77,0,0,-78,-79,0,0,-79,-81,0,0,-78,-79,-43,-59
0,0,-73,-75,0,-79,-79,-68,-80,-79,0,-53,-53,-54,0,-62,-83,0,0,-57,-70,-70,-71,-69,-64,-64,0,0,-72,-71,-62,-64,-68,-69,0,0,-71,-71,-77,0,0,-78,-79,0,0,-79,-81,0,0,-78,-79,-43,-59
0,0,-73,-75,0,-79,-79,-68,-80,-79,0,-53,-53,-54,0,-62,-83,0,0,-57,-70,-70,-71,-69,-64,-64,0,0,-72,-71,-62,-64,-68,-69,0,0,-71,-71,-77,0,0,-78,-79,0,0,-79,-81,0,0,-78,-79,-43,-59
0,0,-73,-75,0,-79,-79,-68,-80,-79,0,-53,-53,-54,0,-62,-83,0,0,-57,-70,-70,-71,-69,-64,-64,0,0,-72,-71,-62,-64,-68,-69,0,0,-71,-71,-77,0,0,-78,-79,0,0,-79,-81,0,0,-78,-79,-43,-59
0,0,-73,-75,0,-79,-79,-68,-80,-79,0,-53,-53,-54,0,-62,-83,0,0,-57,-70,-70,-71,-69,-64,-64,0,0,-72,-71,-62,-64,-68,-69,0,0,-71,-71,-77,0,0,-78,-79,0,0,-79,-81,0,0,-78,-79,-43,-59
-68,0,-72,-73,0,-79,-79,-68,-80,-79,0,-53,-54,-52,0,-62,-84,0,0,0,-70,-70,-71,-69,-64,-64,0,0,-72,-74,-62,-64,-68,-69,0,-72,-71,-72,0,0,0,-76,-75,0,0,-79,-81,0,0,-78,-79,-42,-58
-68,0,-72,-73,0,-79,-79,-68,-80,-79,0,-53,-54,-52,0,-62,-84,0,0,0,-70,-70,-71,-69,-64,-64,0,0,-72,-74,-62,-64,-68,-69,0,-72,-71,-72,0,0,0,-76,-75,0,0,-79,-81,0,0,-78,-79,-42,-58
-68,0,-72,-73,0,-79,-79,-68,-80,-79,0,-53,-54,-52,0,-62,-84,0,0,0,-70,-70,-71,-69,-64,-64,0,0,-72,-74,-62,-64,-68,-68,0,-72,-71,-72,0,0,0,-76,-75,0,0,-79,-81,0,0,-78,-79,-42,-58
-68,0,-72,-73,0,-79,-79,-68,-80,-79,0,-53,-54,-52,0,-62,-84,0,0,0,-70,-70,-71,-69,-64,-64,0,0,-72,-74,-62,-64,-68,-68,0,-72,-71,-72,0,0,0,-76,-75,0,0,-79,-81,0,0,-78,-79,-42,-58
-68,0,-72,-73,0,-79,-79,-68,-80,-79,0,-53,-54,-52,0,-62,-84,0,0,0,-70,-70,-71,-69,-64,-64,0,0,-72,-74,-62,-64,-68,-68,0,-72,-71,-72,0,0,0,-76,-75,0,0,-79,-81,0,0,-78,-79,-42,-58
-68,-64,-72,-73,0,-78,-79,-63,-80,-79,0,-54,-54,-53,-65,-62,-84,0,0,0,-70,-70,-71,-69,-64,-65,0,0,-71,-73,-61,0,-68,-68,0,-72,-71,-72,0,0,0,-77,-76,0,0,0,0,-79,-77,-78,-79,-41,-58
-68,-64,-72,-73,0,-78,-79,-63,-80,-79,0,-54,-54,-53,-65,-62,-84,0,0,0,-70,-70,-71,-69,-64,-65,0,0,-71,-73,-61,0,-68,-68,0,-72,-71,-72,0,0,0,-77,-76,0,0,0,0,-79,-77,-78,-79,-41,-58
-68,-64,-72,-73,0,-78,-79,-63,-80,-79,0,-54,-54,-53,-65,-62,-84,0,0,0,-70,-70,-71,-69,-64,-65,0,0,-71,-73,-61,0,-68,-68,0,-72,-71,-72,0,0,0,-77,-76,0,0,0,0,-79,-77,-78,-79,-41,-58
-68,-64,-72,-73,0,-78,-79,-63,-80,-79,0,-54,-54,-53,-65,-62,-84,0,0,0,-70,-70,-71,-69,-64,-65,0,0,-71,-73,-61,0,-68,-68,0,-72,-71,-72,0,0,0,-77,-76,0,0,0,0,-79,-77,-78,-79,-41,-58
-68,-64,-72,-73,0,-78,-79,-63,-80,-79,0,-54,-54,-53,-65,-62,-84,0,0,0,-70,-70,-71,-69,-64,-65,0,0,-71,-73,-61,0,-68,-68,0,-72,-71,-72,0,0,0,-77,-76,0,0,0,0,-79,-77,-78,-79,-41,-58
0,-64,-74,-73,-70,-79,-78,-63,-80,-79,-60,-54,-54,-53,-65,-64,-84,-85,0,0,-70,-70,-71,-68,-64,-65,0,0,-72,-73,-61,-62,-66,-67,0,0,-70,-70,0,0,0,-77,-77,0,0,0,0,-79,-77,-79,-79,-44,-58
0,-64,-74,-73,-70,-79,-78,-63,-80,-79,-60,-54,-54,-53,-65,-64,-84,-85,0,0,-70,-70,-71,-68,-64,-65,0,0,-72,-73,-61,-62,-66,-67,0,0,-70,-70,0,0,0,-77,-77,0,0,0,0,-79,-77,-79,-79,-44,-58
0,-64,-74,-73,-70,-79,-78,-63,-80,-79,-60,-54,-54,-53,-65,-64,-84,-85,0,0,-70,-70,-71,-68,-64,-65,0,0,-72,-73,-61,-62,-66,-67,0,0,-70,-70,0,0,0,-77,-77,0,0,0,0,-79,-77,-79,-79,-44,-58
0,-64,-74,-73,-70,-79,-78,-63,-80,-79,-60,-54,-54,-53,-65,-64,-84,-85,0,0,-70,-70,-71,-68,-64,-65,0,0,-72,-73,-61,-62,-66,-67,0,0,-70,-70,0,0,0,-77,-77,0,0,0,0,-79,-77,-79,-79,-44,-58
0,-64,-74,-73,-70,-79,-78,-63,-80,-79,-60,-54,-54,-53,-65,-64,-84,-85,0,0,-70,-70,-71,-68,-64,-65,0,0,-72,-73,-61,-62,-66,-67,0,0,-70,-70,0,0,0,-77,-77,0,0,0,0,-79,-77,-79,-79,-44,-58
-66,-63,-73,-73,-70,-79,-78,-63,-79,-80,-60,-54,-54,-53,-68,-63,-83,-85,-63,0,-69,-70,-71,-69,-64,-65,0,-80,-75,-75,-61,-60,-67,-68,0,0,-71,-71,0,0,0,-75,-77,0,0,0,0,-80,-78,-79,-79,-44,-56
-66,-63,-73,-73,-70,-79,-78,-63,-79,-80,-60,-54,-54,-53,-68,-63,-83,-85,-63,0,-69,-70,-71,-69,-64,-65,0,-80,-75,-75,-61,-60,-67,-68,0,0,-71,-71,0,0,0,-75,-77,0,0,0,0,-80,-78,-79,-79,-44,-56
-66,-63,-73,-73,-70,-79,-78,-63,-79,-80,-60,-54,-54,-53,-68,-63,-83,-85,-63,0,-69,-70,-71,-69,-64,-65,0,-80,-75,-75,-61,-60,-67,-68,0,0,-71,-71,0,0,0,-75,-77,0,0,0,0,-80,-78,-79,-79,-44,-56
-66,-63,-73,-73,-70,-79,-78,-63,-79,-80,-60,-54,-54,-53,-68,-63,-83,-85,-63,0,-69,-70,-71,-69,-64,-65,0,-80,-75,-75,-61,-60,-67,-68,0,0,-71,-71,0,0,0,-75,-77,0,0,0,0,-80,-78,-79,-79,-44,-56
-66,-63,-73,-73,-70,-79,-78,-63,-79,-80,-60,-54,-54,-53,-68,-63,-83,-85,-63,0,-69,-70,-71,-69,-64,-65,0,-80,-75,-75,-61,-60,-67,-68,0,0,-71,-71,0,0,0,-75,-77,0,0,0,0,-80,-78,-79,-79,-44,-56
-66,-64,-73,-72,0,-79,-78,0,-79,-79,0,-54,-54,-53,-68,-63,-83,0,-63,-60,-69,-70,-71,-69,-64,-65,0,-80,-73,-75,-62,-62,-67,-67,0,0,-71,-71,0,0,0,-75,-76,0,0,0,0,-80,-77,-79,-79,-43,-58
-66,-64,-73,-72,0,-79,-78,0,-79,-79,0,-54,-54,-53,-68,-63,-83,0,-63,-60,-69,-70,-71,-69,-64,-65,0,-80,-73,-75,-62,-62,-67,-67,0,0,-71,-71,0,0,0,-75,-76,0,0,0,0,-80,-77,-79,-79,-43,-58
-66,-64,-73,-72,0,-79,-78,0,-79,-79,0,-54,-54,-53,-68,-63,-83,0,-63,-60,-69,-70,-71,-69,-64,-65,0,-80,-73,-75,-62,-62,-67,-67,0,0,-71,-71,0,0,0,-75,-76,0,0,0,0,-80,-77,-79,-79,-43,-58
-66,-64,-73,-72,0,-79,-78,0,-79,-79,0,-54,-54,-53,-68,-63,-83,0,-63,-60,-69,-70,-71,-69,-64,-65,0,-80,-73,-75,-62,-62,-67,-67,0,0,-71,-71,0,0,0,-75,-76,0,0,0,0,-80,-77,-79,-79,-43,-58
-66,-64,-73,-72,0,-79,-78,0,-79,-79,0,-54,-54,-53,-68,-63,-83,0,-63,-60,-69,-70,-71,-69,-64,-65,0,-80,-73,-75,-62,-62,-67,-67,0,0,-71,-71,0,0,0,-75,-76,0,0,0,0,-80,-77,-79,-79,-43,-58
0,-64,-73,-73,0,-81,-78,-66,-79,-79,-58,-53,-54,-53,0,-63,-83,0,0,-60,-69,-70,-71,-68,-64,-65,0,0,-74,-75,-61,-63,-68,-67,0,0,-71,-71,0,0,0,-75,-75,0,0,0,0,-80,-77,-79,-78,-41,-58
0,-64,-73,-73,0,-81,-78,-66,-79,-79,-58,-53,-54,-53,0,-63,-83,0,0,-60,-69,-70,-71,-68,-64,-65,0,0,-74,-75,-61,-63,-68,-67,0,0,-71,-71,0,0,0,-75,-75,0,0,0,0,-80,-77,-79,-78,-41,-58
0,-64,-73,-73,0,-81,-78,-66,-79,-79,-58,-53,-54,-53,0,-63,-83,0,0,-60,-69,-70,-71,-68,-64,-65,0,0,-74,-75,-61,-63,-68,-67,0,0,-71,-71,0,0,0,-75,-75,0,0,0,0,-80,-77,-79,-78,-41,-58
0,-64,-73,-73,0,-81,-78,-66,-79,-79,-58,-53,-54,-53,0,-63,-83,0,0,-60,-69,-70,-71,-68,-64,-65,0,0,-74,-75,-61,-63,-68,-67,0,0,-71,-71,0,0,0,-75,-75,0,0,0,0,-80,-77,-79,-78,-41,-58
0,-64,-73,-73,0,-81,-78,-66,-79,-79,-58,-53,-54,-53,0,-63,-83,0,0,-60,-69,-70,-71,-68,-64,-65,0,0,-74,-75,-61,-63,-68,-66,0,0,-71,-71,0,0,0,-75,-75,0,0,0,0,-80,-77,-79,-78,-41,-58
0,0,-73,-73,0,-80,-79,-66,-79,-80,-58,-54,-54,-53,0,-63,-82,-81,0,-59,-69,-70,-71,-68,-62,-63,0,0,-74,-75,-61,-63,-66,-66,0,0,-69,-69,0,0,0,-74,-76,0,0,0,0,0,0,-78,-78,-43,-59
0,0,-73,-73,0,-80,-79,-66,-79,-80,-58,-54,-54,-53,0,-63,-82,-81,0,-59,-69,-70,-71,-68,-62,-63,0,0,-74,-75,-61,-63,-66,-67,0,0,-69,-69,0,0,0,-74,-76,0,0,0,0,0,0,-78,-78,-43,-59
0,0,-73,-73,0,-80,-79,-66,-79,-80,-58,-54,-54,-53,0,-63,-82,-81,0,-59,-69,-70,-71,-68,-62,-63,0,0,-74,-75,-61,-63,-66,-67,0,0,-69,-69,0,0,0,-74,-76,0,0,0,0,0,0,-78,-78,-43,-59
0,0,-73,-73,0,-80,-79,-66,-79,-80,-58,-54,-54,-53,0,-63,-82,-81,0,-59,-69,-70,-71,-68,-62,-63,0,0,-74,-75,-61,-63,-66,-67,0,0,-69,-69,0,0,0,-74,-76,0,0,0,0,0,0,-78,-78,-43,-59
0,0,-73,-73,0,-80,-79,-66,-79,-80,-58,-54,-54,-53,0,-63,-82,-81,0,-59,-69,-70,-71,-68,-62,-63,0,0,-74,-75,-61,-63,-66,-67,0,0,-69,-69,0,0,0,-74,-76,0,0,0,0,0,0,-78,-78,-43,-59
0,-65,-72,-72,-70,-79,-79,-66,-80,-79,-57,-53,-52,-53,-63,-60,-82,-82,0,-59,-69,-70,-70,-68,-63,-63,0,0,-72,-71,-61,-63,-66,-67,0,0,-70,-70,0,-79,-79,-76,-76,0,0,0,0,-80,-72,-78,-78,-41,-58
0,-65,-72,-72,-70,-79,-79,-66,-80,-79,-57,-53,-52,-53,-63,-60,-82,-82,0,-59,-69,-70,-70,-68,-63,-63,0,0,-72,-71,-61,-63,-66,-67,0,0,-70,-70,0,-79,-79,-76,-76,0,0,0,0,-80,-72,-78,-78,-41,-58
0,-65,-72,-72,-70,-79,-79,-66,-80,-79,-57,-53,-52,-53,-63,-60,-82,-82,0,-59,-69,-70,-70,-68,-63,-63,0,0,-72,-71,-61,-63,-66,-67,0,0,-70,-70,0,-79,-79,-76,-76,0,0,0,0,-80,-72,-78,-78,-41,-58
0,-65,-72,-72,-70,-79,-79,-66,-80,-79,-57,-53,-52,-53,-63,-60,-82,-82,0,-59,-69,-70,-70,-68,-63,-63,0,0,-72,-71,-61,-63,-66,-67,0,0,-70,-70,0,-79,-79,-76,-76,0,0,0,0,-80,-72,-78,-78,-41,-58
0,-65,-72,-72,-70,-79,-79,-66,-80,-79,-57,-53,-52,-53,-63,-60,-82,-82,0,-59,-69,-70,-70,-68,-63,-63,0,0,-72,-71,-61,-63,-66,-67,0,0,-70,-70,0,-79,-79,-76,-76,0,0,0,0,-80,-72,-78,-78,-41,-58
0,-65,-72,-73,-70,-80,-79,-64,-77,-78,-57,-53,-52,-52,-63,-60,-81,-81,0,-59,-69,-69,-70,-68,-62,-61,0,0,-72,-72,-61,-60,-66,-65,0,0,-72,-72,0,-79,-79,-78,-76,0,0,0,0,-78,-72,-76,-77,-43,-54
0,-65,-72,-73,-70,-80,-79,-64,-77,-78,-57,-53,-52,-52,-63,-60,-81,-81,0,-59,-69,-69,-70,-68,-62,-61,0,0,-72,-72,-61,-60,-66,-65,0,0,-72,-72,0,-79,-79,-78,-76,0,0,0,0,-78,-72,-76,-77,-43,-54
0,-65,-72,-73,-70,-80,-79,-64,-77,-78,-57,-53,-52,-52,-63,-60,-81,-81,0,-59,-69,-69,-70,-68,-62,-61,0,0,-72,-72,-61,-60,-66,-66,0,0,-72,-72,0,-79,-79,-78,-76,0,0,0,0,-78,-72,-76,-77,-43,-54
0,-65,-72,-73,-70,-80,-79,-64,-77,-78,-57,-53,-52,-52,-63,-60,-81,-81,0,-59,-69,-69,-70,-68,-62,-61,0,0,-72,-72,-61,-60,-66,-66,0,0,-72,-72,0,-79,-79,-78,-76,0,0,0,0,-78,-72,-76,-77,-43,-54
0,-65,-72,-73,-70,-80,-79,-64,-77,-78,-57,-53,-52,-52,-63,-60,-81,-81,0,-59,-69,-69,-70,-68,-62,-61,0,0,-72,-72,-61,-60,-66,-66,0,0,-72,-72,0,-79,-79,-78,-76,0,0,0,0,-78,-72,-76,-77,-43,-54
0,0,-72,-72,0,-79,-80,-61,-77,-77,-58,-53,-52,-52,-67,0,-81,-81,0,-59,-69,-70,-70,-67,-60,-60,0,0,-74,-74,-61,-60,-66,-66,0,0,-72,-72,0,0,0,-79,-78,0,0,0,0,-78,0,-75,-75,-43,-52
0,0,-72,-72,0,-79,-80,-61,-77,-77,-58,-53,-52,-52,-67,0,-81,-81,0,-59,-69,-70,-70,-67,-60,-60,0,0,-74,-74,-61,-60,-66,-66,0,0,-72,-72,0,0,0,-79,-78,0,0,0,0,-78,0,-75,-75,-43,-52
0,0,-72,-72,0,-79,-80,-61,-77,-77,-58,-53,-52,-52,-67,0,-81,-81,0,-59,-69,-70,-70,-67,-60,-60,0,0,-74,-74,-61,-60,-66,-66,0,0,-72,-72,0,0,0,-79,-78,0,0,0,0,-78,0,-75,-75,-43,-52
0,0,-72,-72,0,-79,-80,-61,-77,-77,-58,-53,-52,-52,-67,0,-81,-81,0,-59,-69,-70,-70,-67,-60,-60,0,0,-74,-74,-61,-60,-66,-66,0,0,-72,-72,0,0,0,-79,-78,0,0,0,0,-78,0,-75,-75,-43,-52
0,0,-72,-72,0,-79,-80,-61,-77,-77,-58,-53,-52,-52,-67,0,-81,-81,0,-59,-69,-70,-70,-67,-60,-60,0,0,-74,-74,-61,-60,-66,-66,0,0,-72,-72,0,0,0,-79,-78,0,0,0,0,-78,0,-75,-75,-43,-52
-68,-64,-72,-72,-75,-79,-80,-61,-77,-77,-58,-52,-52,-52,-67,0,-81,-80,0,0,-70,-70,-70,-67,-60,-59,0,0,-73,-73,-61,-60,-67,-67,0,0,-72,-72,0,0,0,-80,-78,0,0,0,0,-78,0,-75,-74,-44,-52
-68,-64,-72,-72,-75,-79,-80,-61,-77,-77,-58,-52,-52,-52,-67,0,-81,-80,0,0,-70,-70,-70,-67,-60,-59,0,0,-73,-73,-61,-60,-67,-67,0,0,-72,-72,0,0,0,-80,-78,0,0,0,0,-78,0,-75,-74,-44,-52
-68,-64,-72,-72,-75,-79,-80,-61,-77,-77,-58,-52,-52,-52,-67,0,-81,-80,0,0,-70,-70,-70,-67,-60,-59,0,0,-73,-73,-61,-60,-67,-67,0,0,-72,-72,0,0,0,-80,-78,0,0,0,0,-78,0,-75,-74,-44,-52
-68,-64,-72,-72,-75,-79,-80,-61,-77,-77,-58,-52,-52,-52,-67,0,-81,-80,0,0,-70,-70,-70,-67,-60,-59,0,0,-73,-73,-61,-60,-67,-67,0,0,-72,-72,0,0,0,-80,-78,0,0,0,0,-78,0,-75,-74,-44,-52
-68,-64,-72,-72,-75,-79,-80,-61,-77,-77,-58,-52,-52,-52,-67,0,-81,-80,0,0,-70,-70,-70,-67,-60,-59,0,0,-73,-73,-61,-60,-67,-67,0,0,-72,-72,0,0,0,-80,-78,0,0,0,0,-78,0,-75,-74,-44,-52
-68,-64,-73,-72,-75,-79,-79,0,-77,-77,0,-52,-52,-52,-67,0,-79,-80,0,-60,-70,-70,-70,-67,-60,-59,0,0,-74,-75,-61,-60,-67,-67,0,0,-72,-72,0,0,0,-80,-80,0,0,0,0,0,-77,-75,-75,-40,-52
-68,-64,-73,-72,-75,-79,-79,0,-77,-77,0,-52,-52,-52,-67,0,-79,-80,0,-60,-70,-70,-70,-67,-60,-59,0,0,-74,-75,-61,-60,-67,-67,0,0,-72,-72,0,0,0,-80,-80,0,0,0,0,0,-77,-75,-75,-40,-52
-68,-64,-73,-72,-75,-79,-79,0,-77,-77,0,-52,-52,-52,-67,0,-79,-80,0,-60,-70,-70,-70,-67,-60,-59,0,0,-74,-75,-61,-60,-67,-67,0,0,-72,-72,0,0,0,-80,-80,0,0,0,0,0,-77,-75,-75,-40,-52
-68,-64,-73,-72,-75,-79,-79,0,-77,-77,0,-52,-52,-52,-67,0,-79,-80,0,-60,-70,-70,-70,-67,-60,-59,0,0,-74,-75,-61,-60,-67,-68,0,0,-72,-72,0,0,0,-80,-80,0,0,0,0,0,-77,-75,-75,-40,-52
-68,-64,-73,-72,-75,-79,-79,0,-77,-77,0,-52,-52,-52,-67,0,-79,-80,0,-60,-70,-70,-70,-67,-60,-59,0,0,-74,-75,-61,-60,-67,-68,0,0,-72,-72,0,0,0,-80,-80,0,0,0,0,0,-77,-75,-75,-40,-52
0,0,-72,-71,0,-79,-79,-63,-78,-77,0,0,-51,-51,-67,-63,-78,-79,0,-63,-71,-70,-70,-67,-60,-60,0,0,-74,-73,-60,-60,-69,-69,0,0,-72,-72,0,0,0,-77,-78,0,0,0,0,0,-77,-75,-75,-43,-54
0,0,-72,-71,0,-79,-79,-63,-78,-77,0,0,-51,-51,-67,-63,-78,-79,0,-63,-71,-70,-70,-67,-60,-60,0,0,-74,-73,-60,-60,-69,-69,0,0,-72,-72,0,0,0,-77,-78,0,0,0,0,0,-77,-75,-75,-43,-54
0,0,-72,-71,0,-79,-79,-63,-78,-77,0,0,-51,-51,-67,-63,-78,-79,0,-63,-71,-70,-70,-67,-60,-60,0,0,-74,-73,-60,-60,-69,-69,0,0,-72,-72,0,0,0,-77,-78,0,0,0,0,0,-77,-75,-75,-43,-54
0,0,-72,-71,0,-79,-79,-63,-78,-77,0,0,-51,-51,-67,-63,-78,-79,0,-63,-71,-70,-70,-67,-60,-60,0,0,-74,-73,-60,-60,-69,-69,0,0,-72,-72,0,0,0,-77,-78,0,0,0,0,0,-77,-75,-75,-43,-54
0,0,-72,-71,0,-79,-79,-63,-78,-77,0,0,-51,-51,-67,-63,-78,-79,0,-63,-71,-70,-70,-67,-60,-60,0,0,-74,-73,-60,-60,-69,-67,0,0,-72,-72,0,0,0,-77,-78,0,0,0,0,0,-77,-75,-75,-43,-54
0,0,-72,-71,0,-81,-79,-63,-78,-77,0,0,-51,-52,0,-63,-79,-80,-63,-63,-70,-70,-70,-67,-60,-60,0,0,-70,-70,-60,-60,-67,-67,0,0,-72,-72,0,-81,-80,-77,-79,0,0,-82,-83,0,0,-75,-75,-43,-51
0,0,-72,-71,0,-81,-79,-63,-78,-77,0,0,-51,-52,0,-63,-79,-80,-63,-63,-70,-70,-70,-67,-60,-60,0,0,-70,-70,-60,-60,-67,-67,0,0,-72,-72,0,-81,-80,-77,-79,0,0,-82,-83,0,0,-75,-75,-43,-51
0,0,-72,-71,0,-81,-79,-63,-78,-77,0,0,-51,-52,0,-63,-79,-80,-63,-63,-70,-70,-70,-67,-60,-60,0,0,-70,-70,-60,-60,-67,-67,0,0,-72,-72,0,-81,-80,-77,-79,0,0,-82,-83,0,0,-75,-75,-43,-51
0,0,-72,-71,0,-81,-79,-63,-78,-77,0,0,-51,-52,0,-63,-79,-80,-63,-63,-70,-70,-70,-67,-60,-60,0,0,-70,-70,-60,-60,-67,-67,0,0,-72,-72,0,-81,-80,-77,-79,0,0,-82,-83,0,0,-75,-75,-43,-51
0,0,-72,-71,0,-81,-79,-63,-78,-77,0,0,-51,-52,0,-63,-79,-80,-63,-63,-70,-70,-70,-67,-60,-60,0,0,-70,-70,-60,-60,-67,-67,0,0,-72,-72,0,-81,-80,-77,-79,0,0,-82,-83,0,0,-75,-75,-43,-51
0,0,-73,-73,0,-81,-78,-63,-80,-78,-59,-54,-55,-56,0,0,-80,-81,-63,0,-71,-71,-69,-66,-62,-62,0,0,-70,-71,-61,-61,-67,-67,0,0,-72,-72,0,-81,-80,-79,-79,0,0,-82,-83,-79,-72,-78,-77,-44,-51
0,0,-73,-73,0,-81,-78,-63,-80,-78,-59,-54,-55,-56,0,0,-80,-81,-63,0,-71,-71,-69,-66,-62,-62,0,0,-70,-71,-61,-61,-67,-67,0,0,-72,-72,0,-81,-80,-79,-79,0,0,-82,-83,-79,-72,-78,-77,-44,-51
0,0,-73,-73,0,-81,-78,-63,-80,-78,-59,-54,-55,-56,0,0,-80,-81,-63,0,-71,-71,-69,-66,-62,-62,0,0,-70,-71,-61,-61,-67,-67,0,0,-72,-72,0,-81,-80,-79,-79,0,0,-82,-83,-79,-72,-78,-77,-44,-51
0,0,-73,-73,0,-81,-78,-63,-80,-78,-59,-54,-55,-56,0,0,-80,-81,-63,0,-71,-71,-69,-66,-62,-62,0,0,-70,-71,-61,-61,-67,-67,0,0,-72,-72,0,-81,-80,-79,-79,0,0,-82,-83,-79,-72,-78,-77,-44,-51
0,0,-73,-73,0,-81,-78,-63,-80,-78,-59,-54,-55,-56,0,0,-80,-81,-63,0,-71,-71,-69,-66,-62,-62,0,0,-70,-71,-61,-61,-67,-66,0,0,-72,-72,0,-81,-80,-79,-79,0,0,-82,-83,-79,-72,-78,-77,-44,-51
0,0,-73,-73,0,-80,-80,-63,-78,-77,-58,-54,-56,-56,0,0,-81,-81,0,0,-72,-71,-69,-66,-62,-61,0,0,-74,-75,-61,-59,-66,-67,0,0,-74,-73,0,0,0,-79,-79,0,0,0,0,-79,-72,-78,-77,-46,-51
0,0,-73,-73,0,-80,-80,-63,-78,-77,-58,-54,-56,-56,0,0,-81,-81,0,0,-72,-71,-69,-66,-62,-61,0,0,-74,-75,-61,-59,-66,-67,0,0,-74,-73,0,0,0,-79,-79,0,0,0,0,-79,-72,-78,-77,-46,-51
0,0,-73,-73,0,-80,-80,-63,-78,-77,-58,-54,-56,-56,0,0,-81,-81,0,0,-72,-71,-69,-66,-62,-61,0,0,-74,-75,-61,-59,-66,-67,0,0,-74,-73,0,0,0,-79,-79,0,0,0,0,-79,-72,-78,-77,-46,-51
0,0,-73,-73,0,-80,-80,-63,-78,-77,-58,-54,-56,-56,0,0,-81,-81,0,0,-72,-71,-69,-66,-62,-61,0,0,-74,-75,-61,-59,-66,-67,0,0,-74,-73,0,0,0,-79,-79,0,0,0,0,-79,-72,-78,-77,-46,-51
0,0,-73,-73,0,-80,-80,-63,-78,-77,-58,-54,-56,-56,0,0,-81,-81,0,0,-72,-71,-69,-66,-62,-61,0,0,-74,-75,-61,-59,-66,-67,0,0,-74,-73,0,0,0,-79,-79,0,0,0,0,-79,-72,-78,-77,-46,-51
-71,-67,-73,-73,0,-80,-80,-63,-78,-79,-58,-52,-54,-52,0,0,-81,-81,0,0,-71,-71,-69,-68,-61,-61,0,0,-73,-72,-61,-59,-67,-68,0,0,-74,-73,0,0,0,-80,-80,0,0,0,0,-78,-75,-77,-77,-42,-51
-71,-67,-73,-73,0,-80,-80,-63,-78,-79,-58,-52,-54,-52,0,0,-81,-81,0,0,-71,-71,-69,-68,-61,-61,0,0,-73,-72,-61,-59,-67,-68,0,0,-74,-73,0,0,0,-80,-80,0,0,0,0,-78,-75,-77,-77,-42,-51
-71,-67,-73,-73,0,-80,-80,-63,-78,-79,-58,-52,-54,-52,0,0,-81,-81,0,0,-71,-71,-69,-68,-61,-61,0,0,-73,-72,-61,-59,-67,-68,0,0,-74,-73,0,0,0,-80,-80,0,0,0,0,-78,-75,-77,-77,-42,-51
-71,-67,-73,-73,0,-80,-80,-63,-78,-79,-58,-52,-54,-52,0,0,-81,-81,0,0,-71,-71,-69,-68,-61,-61,0,0,-73,-72,-61,-59,-67,-68,0,0,-74,-73,0,0,0,-80,-80,0,0,0,0,-78,-75,-77,-77,-42,-51
-71,-67,-73,-74,0,-81,-80,-61,-78,-77,-56,-52,-55,-55,0,0,-80,-80,0,0,-70,-71,-70,-67,-60,-60,0,0,-73,-72,-61,-59,-66,-67,0,0,-73,-72,0,0,0,-80,-79,0,0,0,0,-80,-78,-77,-77,-43,-53
-71,-67,-73,-74,0,-81,-80,-61,-78,-77,-56,-52,-55,-55,0,0,-80,-80,0,0,-70,-71,-70,-67,-60,-60,0,0,-73,-72,-61,-59,-66,-65,0,0,-73,-72,0,0,0,-80,-79,0,0,0,0,-80,-78,-77,-77,-43,-53
-71,-67,-73,-74,0,-81,-80,-61,-78,-77,-56,-52,-55,-55,0,0,-80,-80,0,0,-70,-71,-70,-67,-60,-60,0,0,-73,-72,-61,-59,-66,-65,0,0,-73,-72,0,0,0,-80,-79,0,0,0,0,-80,-78,-77,-77,-43,-53
-71,-67,-73,-74,0,-81,-80,-61,-78,-77,-56,-52,-55,-55,0,0,-80,-80,0,0,-70,-71,-70,-67,-60,-60,0,0,-73,-72,-61,-59,-66,-65,0,0,-73,-72,0,0,0,-80,-79,0,0,0,0,-80,-78,-77,-77,-43,-53
-71,-67,-73,-74,0,-81,-80,-61,-78,-77,-56,-52,-55,-55,0,0,-80,-80,0,0,-70,-71,-70,-67,-60,-60,0,0,-73,-72,-61,-59,-66,-65,0,0,-73,-72,0,0,0,-80,-79,0,0,0,0,-80,-78,-77,-77,-43,-53
0,0,-78,-79,0,-83,0,-62,-80,-79,-56,-52,-58,-58,0,0,-81,-83,0,0,-74,-74,-72,-70,-62,-62,0,0,-77,-77,-61,-61,-65,-65,0,0,-73,-74,0,0,-82,-80,-79,0,0,0,0,-80,-76,-80,-79,-47,-54
0,0,-78,-79,0,-83,0,-62,-80,-79,-56,-52,-58,-58,0,0,-81,-83,0,0,-74,-74,-72,-70,-62,-62,0,0,-77,-77,-61,-61,-65,-66,0,0,-73,-74,0,0,-82,-80,-79,0,0,0,0,-80,-76,-80,-79,-47,-54
0,0,-78,-79,0,-83,0,-62,-80,-79,-56,-52,-58,-58,0,0,-81,-83,0,0,-74,-74,-72,-70,-62,-62,0,0,-77,-77,-61,-61,-65,-66,0,0,-73,-74,0,0,-82,-80,-79,0,0,0,0,-80,-76,-80,-79,-47,-54
0,0,-78,-79,0,-83,0,-62,-80,-79,-56,-52,-58,-58,0,0,-81,-83,0,0,-74,-74,-72,-70,-62,-62,0,0,-77,-77,-61,-61,-65,-66,0,0,-73,-74,0,0,-82,-80,-79,0,0,0,0,-80,-76,-80,-79,-47,-54
0,0,-78,-79,0,-83,0,-62,-80,-79,-56,-52,-58,-58,0,0,-81,-83,0,0,-74,-74,-72,-70,-62,-62,0,0,-77,-77,-61,-61,-65,-66,0,0,-73,-74,0,0,-82,-80,-79,0,0,0,0,-80,-76,-80,-79,-47,-54
-72,-68,-78,-79,0,-83,0,-62,-80,-79,0,-52,-60,-60,0,0,-81,-83,0,-69,-76,-77,-68,-66,-66,-66,0,0,-79,-78,-61,-57,-65,-65,0,0,-77,-78,0,0,-82,-81,0,0,0,0,0,-79,-73,-80,-79,-51,-53
-72,-68,-78,-79,0,-83,0,-62,-80,-79,0,-52,-60,-60,0,0,-81,-83,0,-69,-76,-77,-68,-66,-66,-66,0,0,-79,-78,-61,-57,-65,-65,0,0,-77,-78,0,0,-82,-81,0,0,0,0,0,-79,-73,-80,-79,-51,-53
-72,-68,-78,-79,0,-83,0,-62,-80,-79,0,-52,-60,-60,0,0,-81,-83,0,-69,-76,-77,-68,-66,-66,-66,0,0,-79,-78,-61,-57,-65,-65,0,0,-77,-78,0,0,-82,-81,0,0,0,0,0,-79,-73,-80,-79,-51,-53
-72,-68,-78,-79,0,-83,0,-62,-80,-79,0,-52,-60,-60,0,0,-81,-83,0,-69,-76,-77,-68,-66,-66,-66,0,0,-79,-78,-61,-57,-65,-65,0,0,-77,-78,0,0,-82,-81,0,0,0,0,0,-79,-73,-80,-79,-51,-53
-72,-68,-78,-79,0,-83,0,-62,-80,-79,0,-52,-60,-60,0,0,-81,-83,0,-69,-76,-77,-68,-66,-66,-66,0,0,-79,-78,-61,-57,-65,-65,0,0,-77,-78,0,0,-82,-81,0,0,0,0,0,-79,-73,-80,-79,-51,-53
-72,-68,-75,-75,0,-83,0,-67,-81,-80,-58,-54,-56,-56,0,0,0,0,0,-69,-80,-80,-68,-66,-67,-66,0,0,-78,-78,-61,-55,-65,-64,0,0,-77,-78,0,0,0,-81,-79,0,0,0,0,-79,-73,-79,-78,-49,-55
-72,-68,-75,-75,0,-83,0,-67,-81,-80,-58,-54,-56,-56,0,0,0,0,0,-69,-80,-80,-68,-66,-67,-66,0,0,-78,-78,-61,-55,-65,-64,0,0,-77,-78,0,0,0,-81,-79,0,0,0,0,-79,-73,-79,-78,-49,-55
-72,-68,-75,-75,0,-83,0,-67,-81,-80,-58,-54,-56,-56,0,0,0,0,0,-69,-80,-80,-68,-66,-67,-66,0,0,-78,-78,-61,-55,-65,-65,0,0,-77,-78,0,0,0,-81,-79,0,0,0,0,-79,-73,-79,-78,-49,-55
-72,-68,-75,-75,0,-83,0,-67,-81,-80,-58,-54,-56,-56,0,0,0,0,0,-69,-80,-80,-68,-66,-67,-66,0,0,-78,-78,-61,-55,-65,-65,0,0,-77,-78,0,0,0,-81,-79,0,0,0,0,-79,-73,-79,-78,-49,-55
-72,-68,-75,-75,0,-83,0,-67,-81,-80,-58,-54,-56,-56,0,0,0,0,0,-69,-80,-80,-68,-66,-67,-66,0,0,-78,-78,-61,-55,-65,-65,0,0,-77,-78,0,0,0,-81,-79,0,0,0,0,-79,-73,-79,-78,-49,-55
0,0,-78,-78,0,0,0,-67,-79,-79,-58,-55,-55,-55,0,0,0,0,0,0,-80,-80,-69,-67,-70,-70,0,0,-81,-81,-61,-54,-65,-64,0,0,-77,-77,0,0,0,-81,-80,0,0,0,0,-79,-73,-79,-79,-54,-57
0,0,-78,-78,0,0,0,-67,-79,-79,-58,-55,-55,-55,0,0,0,0,0,0,-80,-80,-69,-67,-70,-70,0,0,-81,-81,-61,-54,-65,-64,0,0,-77,-77,0,0,0,-81,-80,0,0,0,0,-79,-73,-79,-79,-54,-57
0,0,-78,-78,0,0,0,-67,-79,-79,-58,-55,-55,-55,0,0,0,0,0,0,-80,-80,-69,-67,-70,-70,0,0,-81,-81,-61,-54,-65,-63,0,0,-77,-77,0,0,0,-81,-80,0,0,0,0,-79,-73,-79,-79,-54,-57
0,0,-78,-78,0,0,0,-67,-79,-79,-58,-55,-55,-55,0,0,0,0,0,0,-80,-80,-69,-67,-70,-70,0,0,-81,-81,-61,-54,-65,-63,0,0,-77,-77,0,0,0,-81,-80,0,0,0,0,-79,-73,-79,-79,-54,-57
0,0,-78,-78,0,0,0,-67,-79,-79,-58,-55,-55,-55,0,0,0,0,0,0,-80,-80,-69,-67,-70,-70,0,0,-81,-81,-61,-54,-65,-63,0,0,-77,-77,0,0,0,-81,-80,0,0,0,0,-79,-73,-79,-79,-54,-57
-72,-72,-78,-78,0,0,0,-71,-79,-79,0,-55,-54,-52,0,0,-85,-83,0,0,-80,-81,-69,-67,-69,-70,0,0,-79,-79,-61,-55,-62,-62,0,0,-77,-77,0,0,0,-80,-80,0,0,0,0,-79,-74,-80,-80,-52,-57
-72,-72,-78,-78,0,0,0,-71,-79,-79,0,-55,-54,-52,0,0,-85,-83,0,0,-80,-81,-69,-67,-69,-70,0,0,-79,-79,-61,-55,-62,-62,0,0,-77,-77,0,0,0,-80,-80,0,0,0,0,-79,-74,-80,-80,-52,-57
-72,-72,-78,-78,0,0,0,-71,-79,-79,0,-55,-54,-52,0,0,-85,-83,0,0,-80,-81,-69,-67,-69,-70,0,0,-79,-79,-61,-55,-62,-61,0,0,-77,-77,0,0,0,-80,-80,0,0,0,0,-79,-74,-80,-80,-52,-57
-72,-72,-78,-78,0,0,0,-71,-79,-79,0,-55,-54,-52,0,0,-85,-83,0,0,-80,-81,-69,-67,-69,-70,0,0,-79,-79,-61,-55,-62,-61,0,0,-77,-77,0,0,0,-80,-80,0,0,0,0,-79,-74,-80,-80,-52,-57
-72,-72,-78,-78,0,0,0,-71,-79,-79,0,-55,-54,-52,0,0,-85,-83,0,0,-80,-81,-69,-67,-69,-70,0,0,-79,-79,-61,-55,-62,-61,0,0,-77,-77,0,0,0,-80,-80,0,0,0,0,-79,-74,-80,-80,-52,-57
-72,-69,-80,-81,-79,0,0,-79,-79,-79,-61,-56,-54,-54,0,0,-85,-83,0,0,-77,-78,-71,-69,-66,-68,0,0,-79,-78,-61,-54,-60,-60,0,0,-77,-77,0,0,0,-80,-80,0,0,0,0,-79,-75,-80,-80,-52,-57
-72,-69,-80,-81,-79,0,0,-79,-79,-79,-61,-56,-54,-54,0,0,-85,-83,0,0,-77,-78,-71,-69,-66,-68,0,0,-79,-78,-61,-54,-60,-60,0,0,-77,-77,0,0,0,-80,-80,0,0,0,0,-79,-75,-80,-80,-52,-57
-72,-69,-80,-81,-79,0,0,-79,-79,-79,-61,-56,-54,-54,0,0,-85,-83,0,0,-77,-78,-71,-69,-66,-68,0,0,-79,-78,-61,-54,-60,-60,0,0,-77,-77,0,0,0,-80,-80,0,0,0,0,-79,-75,-80,-80,-52,-57
-72,-69,-80,-81,-79,0,0,-79,-79,-79,-61,-56,-54,-54,0,0,-85,-83,0,0,-77,-78,-71,-69,-66,-68,0,0,-79,-78,-61,-54,-60,-60,0,0,-77,-77,0,0,0,-80,-80,0,0,0,0,-79,-75,-80,-80,-52,-57
-72,-69,-80,-81,-79,0,0,-79,-79,-79,-61,-56,-54,-54,0,0,-85,-83,0,0,-77,-78,-71,-69,-66,-68,0,0,-79,-78,-61,-54,-60,-60,0,0,-77,-77,0,0,0,-80,-80,0,0,0,0,-79,-75,-80,-80,-52,-57
0,-69,-80,-81,-79,0,0,-79,-79,-79,-60,-56,-55,-54,0,0,-83,-84,0,0,-77,-76,-70,-69,-67,-68,0,0,-79,-79,-61,-53,-60,-60,0,0,-76,-77,0,0,0,-80,-81,0,0,0,0,0,-75,-80,-81,-49,-57
0,-69,-80,-81,-79,0,0,-79,-79,-79,-60,-56,-55,-54,0,0,-83,-84,0,0,-77,-76,-70,-69,-67,-68,0,0,-79,-79,-61,-53,-60,-60,0,0,-76,-77,0,0,0,-80,-81,0,0,0,0,0,-75,-80,-81,-49,-57
0,-69,-80,-81,-79,0,0,-79,-79,-79,-60,-56,-55,-54,0,0,-83,-84,0,0,-77,-76,-70,-69,-67,-68,0,0,-79,-79,-61,-53,-60,-60,0,0,-76,-77,0,0,0,-80,-81,0,0,0,0,0,-75,-80,-81,-49,-57
0,-69,-80,-81,-79,0,0,-79,-79,-79,-60,-56,-55,-54,0,0,-83,-84,0,0,-77,-76,-70,-69,-67,-68,0,0,-79,-79,-61,-53,-60,-62,0,0,-76,-77,0,0,0,-80,-81,0,0,0,0,0,-75,-80,-81,-49,-57
0,-69,-80,-81,-79,0,0,-79,-79,-79,-60,-56,-55,-54,0,0,-83,-84,0,0,-77,-76,-70,-69,-67,-68,0,0,-79,-79,-61,-53,-60,-62,0,0,-76,-77,0,0,0,-80,-81,0,0,0,0,0,-75,-80,-81,-49,-57
0,0,-78,-78,0,0,0,-70,-78,-79,-60,-56,-55,-54,0,0,-83,-84,-69,-67,-77,-77,-70,-69,-71,-71,0,0,-78,-77,-60,-52,-61,-61,0,0,-76,-76,0,0,0,-80,-81,0,0,0,0,-79,-76,-81,-82,-49,-57
0,0,-78,-78,0,0,0,-70,-78,-79,-60,-56,-55,-54,0,0,-83,-84,-69,-67,-77,-77,-70,-69,-71,-71,0,0,-78,-77,-60,-52,-61,-62,0,0,-76,-76,0,0,0,-80,-81,0,0,0,0,-79,-76,-81,-82,-49,-57
0,0,-78,-78,0,0,0,-70,-78,-79,-60,-56,-55,-54,0,0,-83,-84,-69,-67,-77,-77,-70,-69,-71,-71,0,0,-78,-77,-60,-52,-61,-62,0,0,-76,-76,0,0,0,-80,-81,0,0,0,0,-79,-76,-81,-82,-49,-57
0,0,-78,-78,0,0,0,-70,-78,-79,-60,-56,-55,-54,0,0,-83,-84,-69,-67,-77,-77,-70,-69,-71,-71,0,0,-78,-77,-60,-52,-61,-60,0,0,-76,-76,0,0,0,-80,-81,0,0,0,0,-79,-76,-81,-82,-49,-57
0,0,-78,-78,0,0,0,-70,-78,-79,-60,-56,-55,-54,0,0,-83,-84,-69,-67,-77,-77,-70,-69,-71,-71,0,0,-78,-77,-60,-52,-61,-60,0,0,-76,-76,0,0,0,-80,-81,0,0,0,0,-79,-76,-81,-82,-49,-57
-72,-67,-80,-80,0,0,0,-72,-80,-79,-60,-56,-55,-53,0,0,-83,-84,-69,-65,-77,-77,-70,-69,-68,-68,0,0,-78,-77,-60,-52,-61,-61,0,0,-76,-76,0,-84,0,-79,-80,0,0,0,0,-79,-74,-79,-81,-51,-56
-72,-67,-80,-80,0,0,0,-72,-80,-79,-60,-56,-55,-53,0,0,-83,-84,-69,-65,-77,-77,-70,-69,-68,-68,0,0,-78,-77,-60,-52,-61,-63,0,0,-76,-76,0,-84,0,-79,-80,0,0,0,0,-79,-74,-79,-81,-51,-56
-72,-67,-80,-80,0,0,0,-72,-80,-79,-60,-56,-55,-53,0,0,-83,-84,-69,-65,-77,-77,-70,-69,-68,-68,0,0,-78,-77,-60,-52,-61,-63,0,0,-76,-76,0,-84,0,-79,-80,0,0,0,0,-79,-74,-79,-81,-51,-56
-72,-67,-80,-80,0,0,0,-72,-80,-79,-60,-56,-55,-53,0,0,-83,-84,-69,-65,-77,-77,-70,-69,-68,-68,0,0,-78,-77,-60,-52,-61,-63,0,0,-76,-76,0,-84,0,-79,-80,0,0,0,0,-79,-74,-79,-81,-51,-56
-72,-67,-80,-80,0,0,0,-72,-80,-79,-60,-56,-55,-53,0,0,-83,-84,-69,-65,-77,-77,-70,-69,-68,-68,0,0,-78,-77,-60,-52,-61,-64,0,0,-76,-76,0,-84,0,-79,-80,0,0,0,0,-79,-74,-79,-81,-51,-56
-72,-67,-76,-76,0,0,0,-72,-80,-83,-61,-58,-54,-54,0,0,-83,-83,0,-65,-76,-76,-72,-68,-67,-67,0,0,-75,-75,-59,-56,-64,-64,0,0,-76,-74,0,-84,0,-79,-80,0,0,0,0,-79,-74,-79,-81,-49,-59
-72,-67,-76,-76,0,0,0,-72,-80,-83,-61,-58,-54,-54,0,0,-83,-83,0,-65,-76,-76,-72,-68,-67,-67,0,0,-75,-75,-59,-56,-64,-65,0,0,-76,-74,0,-84,0,-79,-80,0,0,0,0,-79,-74,-79,-81,-49,-59
-72,-67,-76,-76,0,0,0,-72,-80,-83,-61,-58,-54,-54,0,0,-83,-83,0,-65,-76,-76,-72,-68,-67,-67,0,0,-75,-75,-59,-56,-64,-65,0,0,-76,-74,0,-84,0,-79,-80,0,0,0,0,-79,-74,-79,-81,-49,-59
-72,-67,-76,-76,0,0,0,-72,-80,-83,-61,-58,-54,-54,0,0,-83,-83,0,-65,-76,-76,-72,-68,-67,-67,0,0,-75,-75,-59,-56,-64,-65,0,0,-76,-74,0,-84,0,-79,-80,0,0,0,0,-79,-74,-79,-81,-49,-59
-72,-67,-76,-76,0,0,0,-72,-80,-83,-61,-58,-54,-54,0,0,-83,-83,0,-65,-76,-76,-72,-68,-67,-67,0,0,-75,-75,-59,-56,-64,-65,0,0,-76,-74,0,-84,0,-79,-80,0,0,0,0,-79,-74,-79,-81,-49,-59
0,0,-74,-75,0,0,-82,-70,0,-83,-61,-58,-52,-52,0,0,-83,-83,-68,-63,-77,-78,-71,-68,-67,-67,0,0,-74,-75,-59,-56,-66,-66,0,0,-75,-74,0,0,0,-80,-80,0,0,0,0,-79,-74,-81,-82,-49,-60
0,0,-74,-75,0,0,-82,-70,0,-83,-61,-58,-52,-52,0,0,-83,-83,-68,-63,-77,-78,-71,-68,-67,-67,0,0,-74,-75,-59,-56,-66,-66,0,0,-75,-74,0,0,0,-80,-80,0,0,0,0,-79,-74,-81,-82,-49,-60
0,0,-74,-75,0,0,-82,-70,0,-83,-61,-58,-52,-52,0,0,-83,-83,-68,-63,-77,-78,-71,-68,-67,-67,0,0,-74,-75,-59,-56,-66,-67,0,0,-75,-74,0,0,0,-80,-80,0,0,0,0,-79,-74,-81,-82,-49,-60
0,0,-74,-75,0,0,-82,-70,0,-83,-61,-58,-52,-52,0,0,-83,-83,-68,-63,-77,-78,-71,-68,-67,-67,0,0,-74,-75,-59,-56,-66,-67,0,0,-75,-74,0,0,0,-80,-80,0,0,0,0,-79,-74,-81,-82,-49,-60
0,0,-74,-75,0,0,-82,-70,0,-83,-61,-58,-52,-52,0,0,-83,-83,-68,-63,-77,-78,-71,-68,-67,-67,0,0,-74,-75,-59,-56,-66,-67,0,0,-75,-74,0,0,0,-80,-80,0,0,0,0,-79,-74,-81,-82,-49,-60
0,0,-76,-77,0,0,-82,-67,-80,-81,-52,-48,-55,-56,0,-74,-79,-79,-68,-63,-75,-75,-72,-68,-66,-66,0,0,-78,-79,-58,-55,-66,-66,0,0,-76,-77,0,0,0,-80,-83,0,0,0,0,0,-71,-82,-82,-51,-57
0,0,-76,-77,0,0,-82,-67,-80,-81,-52,-48,-55,-56,0,-74,-79,-79,-68,-63,-75,-75,-72,-68,-66,-66,0,0,-78,-79,-58,-55,-66,-66,0,0,-76,-77,0,0,0,-80,-83,0,0,0,0,0,-71,-82,-82,-51,-57
