-72,0,-76,-77,0,0,0,-67,-80,-81,-52,-48,-51,-52,0,-74,-79,-79,-66,-62,-75,-74,-71,-70,-68,-67,0,0,-77,-78,-62,-57,-69,-67,0,0,-76,-77,0,0,0,-80,-83,0,0,0,0,0,-71,-80,-80,-54,-59
-72,0,-76,-77,0,0,0,-67,-80,-81,-52,-48,-51,-52,0,-74,-79,-79,-66,-62,-75,-74,-71,-70,-68,-67,0,0,-77,-78,-62,-57,-69,-67,0,0,-76,-77,0,0,0,-80,-83,0,0,0,0,0,-71,-80,-80,-54,-59
-72,0,-76,-77,0,0,0,-67,-80,-81,-52,-48,-51,-52,0,-74,-79,-79,-66,-62,-75,-74,-71,-70,-68,-67,0,0,-77,-78,-62,-57,-69,-67,0,0,-76,-77,0,0,0,-80,-83,0,0,0,0,0,-71,-80,-80,-54,-59
-72,0,-76,-77,0,0,0,-67,-80,-81,-52,-48,-51,-52,0,-74,-79,-79,-66,-62,-75,-74,-71,-70,-68,-67,0,0,-77,-78,-62,-57,-69,-67,0,0,-76,-77,0,0,0,-80,-83,0,0,0,0,0,-71,-80,-80,-54,-59
-72,0,-76,-77,0,0,0,-67,-80,-81,-52,-48,-51,-52,0,-74,-79,-79,-66,-62,-75,-74,-71,-70,-68,-67,0,0,-77,-78,-62,-57,-69,-67,0,0,-76,-77,0,0,0,-80,-83,0,0,0,0,0,-71,-80,-80,-54,-59
-72,-66,-76,-77,0,-84,-83,0,-76,-77,-53,-50,-50,-50,0,0,-79,-79,-66,-62,-71,-71,-69,-70,-60,-60,0,0,-81,-81,-62,-58,-65,-65,0,0,-76,-76,0,0,0,0,0,0,0,0,0,-81,-74,-81,-81,-54,-62
-72,-66,-76,-77,0,-84,-83,0,-76,-77,-53,-50,-50,-50,0,0,-79,-79,-66,-62,-71,-71,-69,-70,-60,-60,0,0,-81,-81,-62,-58,-65,-65,0,0,-76,-76,0,0,0,0,0,0,0,0,0,-81,-74,-81,-81,-54,-62
-72,-66,-76,-77,0,-84,-83,0,-76,-77,-53,-50,-50,-50,0,0,-79,-79,-66,-62,-71,-71,-69,-70,-60,-60,0,0,-81,-81,-62,-58,-65,-65,0,0,-76,-76,0,0,0,0,0,0,0,0,0,-81,-74,-81,-81,-54,-62
-72,-66,-76,-77,0,-84,-83,0,-76,-77,-53,-50,-50,-50,0,0,-79,-79,-66,-62,-71,-71,-69,-70,-60,-60,0,0,-81,-81,-62,-58,-65,-66,0,0,-76,-76,0,0,0,0,0,0,0,0,0,-81,-74,-81,-81,-54,-62
-72,-66,-76,-77,0,-84,-83,0,-76,-77,-53,-50,-50,-50,0,0,-79,-79,-66,-62,-71,-71,-69,-70,-60,-60,0,0,-81,-81,-62,-58,-65,-66,0,0,-76,-76,0,0,0,0,0,0,0,0,0,-81,-74,-81,-81,-54,-62
0,-66,-77,-78,0,-83,-83,-70,-80,-81,-53,-50,-51,-51,0,-67,0,0,0,-62,-75,-76,-71,-69,-66,-66,0,0,-79,-79,0,-55,-63,-63,0,0,-80,-80,0,0,0,0,0,0,0,0,0,-81,-75,-84,-82,-49,-58
0,-66,-77,-78,0,-83,-83,-70,-80,-81,-53,-50,-51,-51,0,-67,0,0,0,-62,-75,-76,-71,-69,-66,-66,0,0,-79,-79,0,-55,-63,-63,0,0,-80,-80,0,0,0,0,0,0,0,0,0,-81,-75,-84,-82,-49,-58
0,-66,-77,-78,0,-83,-83,-70,-80,-81,-53,-50,-51,-51,0,-67,0,0,0,-62,-75,-76,-71,-69,-66,-66,0,0,-79,-79,0,-55,-63,-63,0,0,-80,-80,0,0,0,0,0,0,0,0,0,-81,-75,-84,-82,-49,-58
0,-66,-77,-78,0,-83,-83,-70,-80,-81,-53,-50,-51,-51,0,-67,0,0,0,-62,-75,-76,-71,-69,-66,-66,0,0,-79,-79,0,-55,-63,-63,0,0,-80,-80,0,0,0,0,0,0,0,0,0,-81,-75,-84,-82,-49,-58
0,-66,-77,-78,0,-83,-83,-70,-80,-81,-53,-50,-51,-51,0,-67,0,0,0,-62,-75,-76,-71,-69,-66,-66,0,0,-79,-79,0,-55,-63,-65,0,0,-80,-80,0,0,0,0,0,0,0,0,0,-81,-75,-84,-82,-49,-58
0,-68,-77,-78,-76,-83,-83,-77,-80,-81,-57,-52,-52,-51,0,-67,0,0,0,-68,-80,-80,-71,-69,-76,-77,0,0,-81,-81,-63,-55,-63,-63,0,0,-80,-80,0,0,0,-82,0,0,0,0,0,-81,-72,-82,-82,-51,-66
0,-68,-77,-78,-76,-83,-83,-77,-80,-81,-57,-52,-52,-51,0,-67,0,0,0,-68,-80,-80,-71,-69,-76,-77,0,0,-81,-81,-63,-55,-63,-63,0,0,-80,-80,0,0,0,-82,0,0,0,0,0,-81,-72,-82,-82,-51,-66
0,-68,-77,-78,-76,-83,-83,-77,-80,-81,-57,-52,-52,-51,0,-67,0,0,0,-68,-80,-80,-71,-69,-76,-77,0,0,-81,-81,-63,-55,-63,-63,0,0,-80,-80,0,0,0,-82,0,0,0,0,0,-81,-72,-82,-82,-51,-66
0,-68,-77,-78,-76,-83,-83,-77,-80,-81,-57,-52,-52,-51,0,-67,0,0,0,-68,-80,-80,-71,-69,-76,-77,0,0,-81,-81,-63,-55,-63,-63,0,0,-80,-80,0,0,0,-82,0,0,0,0,0,-81,-72,-82,-82,-51,-66
0,-68,-77,-78,-76,-83,-83,-77,-80,-81,-57,-52,-52,-51,0,-67,0,0,0,-68,-80,-80,-71,-69,-76,-77,0,0,-81,-81,-63,-55,-63,-64,0,0,-80,-80,0,0,0,-82,0,0,0,0,0,-81,-72,-82,-82,-51,-66
0,-69,-79,-79,-76,0,-80,-77,-83,-82,-54,-52,-56,-55,0,0,0,0,0,-68,-80,-80,0,0,-68,-68,0,0,-79,-79,-63,-60,-63,-63,0,0,-80,-80,0,0,0,-82,0,0,0,0,0,-81,-73,-81,-80,-58,-67
0,-69,-79,-79,-76,0,-80,-77,-83,-82,-54,-52,-56,-55,0,0,0,0,0,-68,-80,-80,0,0,-68,-68,0,0,-79,-79,-63,-60,-63,-63,0,0,-80,-80,0,0,0,-82,0,0,0,0,0,-81,-73,-81,-80,-58,-67
0,-69,-79,-79,-76,0,-80,-77,-83,-82,-54,-52,-56,-55,0,0,0,0,0,-68,-80,-80,0,0,-68,-68,0,0,-79,-79,-63,-60,-63,-63,0,0,-80,-80,0,0,0,-82,0,0,0,0,0,-81,-73,-81,-80,-58,-67
0,-69,-79,-79,-76,0,-80,-77,-83,-82,-54,-52,-56,-55,0,0,0,0,0,-68,-80,-80,0,0,-68,-68,0,0,-79,-79,-63,-60,-63,-63,0,0,-80,-80,0,0,0,-82,0,0,0,0,0,-81,-73,-81,-80,-58,-67
0,-69,-79,-79,-76,0,-80,-77,-83,-82,-54,-52,-56,-55,0,0,0,0,0,-68,-80,-80,0,0,-68,-68,0,0,-79,-79,-63,-60,-63,-62,0,0,-80,-80,0,0,0,-82,0,0,0,0,0,-81,-73,-81,-80,-58,-67
0,-68,-79,-79,0,0,-80,0,-83,-82,-52,-49,-51,-51,-69,-65,0,0,0,0,-78,-80,-71,-70,-72,-72,0,0,-77,-79,-65,-61,-64,-63,0,0,-80,-81,0,0,0,-82,0,0,0,-83,0,0,-73,-85,-84,-60,-62
0,-68,-79,-79,0,0,-80,0,-83,-82,-52,-49,-51,-51,-69,-65,0,0,0,0,-78,-80,-71,-70,-72,-72,0,0,-77,-79,-65,-61,-64,-63,0,0,-80,-81,0,0,0,-82,0,0,0,-83,0,0,-73,-85,-84,-60,-62
0,-68,-79,-79,0,0,-80,0,-83,-82,-52,-49,-51,-51,-69,-65,0,0,0,0,-78,-80,-71,-70,-72,-72,0,0,-77,-79,-65,-61,-64,-63,0,0,-80,-81,0,0,0,-82,0,0,0,-83,0,0,-73,-85,-84,-60,-62
0,-68,-79,-79,0,0,-80,0,-83,-82,-52,-49,-51,-51,-69,-65,0,0,0,0,-78,-80,-71,-70,-72,-72,0,0,-77,-79,-65,-61,-64,-63,0,0,-80,-81,0,0,0,-82,0,0,0,-83,0,0,-73,-85,-84,-60,-62
0,-68,-79,-79,0,0,-80,0,-83,-82,-52,-49,-51,-51,-69,-65,0,0,0,0,-78,-80,-71,-70,-72,-72,0,0,-77,-79,-65,-61,-64,-63,0,0,-80,-81,0,0,0,-82,0,0,0,-83,0,0,-73,-85,-84,-60,-62
0,-68,-77,-79,0,0,0,-79,-82,-84,-52,-49,-49,-49,-69,-65,0,0,-75,-73,-79,-79,-71,-70,-68,-68,0,0,-81,-81,-65,-65,-62,-62,0,0,-77,-77,0,0,0,0,0,0,0,-83,0,0,-79,-82,-81,-53,-69
0,-68,-77,-79,0,0,0,-79,-82,-84,-52,-49,-49,-49,-69,-65,0,0,-75,-73,-79,-79,-71,-70,-68,-68,0,0,-81,-81,-65,-65,-62,-62,0,0,-77,-77,0,0,0,0,0,0,0,-83,0,0,-79,-82,-81,-53,-69
0,-68,-77,-79,0,0,0,-79,-82,-84,-52,-49,-49,-49,-69,-65,0,0,-75,-73,-79,-79,-71,-70,-68,-68,0,0,-81,-81,-65,-65,-62,-62,0,0,-77,-77,0,0,0,0,0,0,0,-83,0,0,-79,-82,-81,-53,-69
0,-68,-77,-79,0,0,0,-79,-82,-84,-52,-49,-49,-49,-69,-65,0,0,-75,-73,-79,-79,-71,-70,-68,-68,0,0,-81,-81,-65,-65,-62,-62,0,0,-77,-77,0,0,0,0,0,0,0,-83,0,0,-79,-82,-81,-53,-69
0,-68,-77,-79,0,0,0,-79,-82,-84,-52,-49,-49,-49,-69,-65,0,0,-75,-73,-79,-79,-71,-70,-68,-68,0,0,-81,-81,-65,-65,-62,-62,0,0,-77,-77,0,0,0,0,0,0,0,-83,0,0,-79,-82,-81,-53,-69
0,0,-77,-79,-74,0,0,-77,-82,-83,-50,-44,-50,-50,-75,-73,0,0,-75,-73,-79,-78,0,0,-67,-67,0,0,-81,-82,-64,-68,-65,-64,0,0,-76,-76,0,0,0,-80,-81,0,0,0,0,0,-76,-82,-80,-50,-70
0,0,-77,-79,-74,0,0,-77,-82,-83,-50,-44,-50,-50,-75,-73,0,0,-75,-73,-79,-78,0,0,-67,-67,0,0,-81,-82,-64,-68,-65,-64,0,0,-76,-76,0,0,0,-80,-81,0,0,0,0,0,-76,-82,-80,-50,-70
0,0,-77,-79,-74,0,0,-77,-82,-83,-50,-44,-50,-50,-75,-73,0,0,-75,-73,-79,-78,0,0,-67,-67,0,0,-81,-82,-64,-68,-65,-64,0,0,-76,-76,0,0,0,-80,-81,0,0,0,0,0,-76,-82,-80,-50,-70
0,0,-77,-79,-74,0,0,-77,-82,-83,-50,-44,-50,-50,-75,-73,0,0,-75,-73,-79,-78,0,0,-67,-67,0,0,-81,-82,-64,-68,-65,-65,0,0,-76,-76,0,0,0,-80,-81,0,0,0,0,0,-76,-82,-80,-50,-70
0,0,-77,-79,-74,0,0,-77,-82,-83,-50,-44,-50,-50,-75,-73,0,0,-75,-73,-79,-78,0,0,-67,-67,0,0,-81,-82,-64,-68,-65,-65,0,0,-76,-76,0,0,0,-80,-81,0,0,0,0,0,-76,-82,-80,-50,-70
-74,-72,-80,-80,-74,0,-84,-77,-82,-83,-50,-44,-51,-51,-75,-73,-84,-84,-75,-73,-79,-78,-76,-73,-67,-67,0,0,-83,-83,-67,-65,-63,-64,0,0,-80,-80,0,0,0,-80,-81,0,0,0,0,0,-76,-79,-79,-54,-68
-74,-72,-80,-80,-74,0,-84,-77,-82,-83,-50,-44,-51,-51,-75,-73,-84,-84,-75,-73,-79,-78,-76,-73,-67,-67,0,0,-83,-83,-67,-65,-63,-64,0,0,-80,-80,0,0,0,-80,-81,0,0,0,0,0,-76,-79,-79,-54,-68
-74,-72,-80,-80,-74,0,-84,-77,-82,-83,-50,-44,-51,-51,-75,-73,-84,-84,-75,-73,-79,-78,-76,-73,-67,-67,0,0,-83,-83,-67,-65,-63,-64,0,0,-80,-80,0,0,0,-80,-81,0,0,0,0,0,-76,-79,-79,-54,-68
-74,-72,-80,-80,-74,0,-84,-77,-82,-83,-50,-44,-51,-51,-75,-73,-84,-84,-75,-73,-79,-78,-76,-73,-67,-67,0,0,-83,-83,-67,-65,-63,-63,0,0,-80,-80,0,0,0,-80,-81,0,0,0,0,0,-76,-79,-79,-54,-68
-74,-72,-80,-80,-74,0,-84,-77,-82,-83,-50,-44,-51,-51,-75,-73,-84,-84,-75,-73,-79,-78,-76,-73,-67,-67,0,0,-83,-83,-67,-65,-63,-63,0,0,-80,-80,0,0,0,-80,-81,0,0,0,0,0,-76,-79,-79,-54,-68
-74,-72,-78,-79,0,-83,-84,-76,-82,-81,-51,-48,-50,-51,0,-73,-84,-84,-75,-73,-79,-78,-74,-73,-72,-71,0,0,-83,-83,-65,-63,-63,-62,0,0,-81,-81,0,0,0,-83,0,0,0,0,0,0,-76,-83,-83,-54,-69
-74,-72,-78,-79,0,-83,-84,-76,-82,-81,-51,-48,-50,-51,0,-73,-84,-84,-75,-73,-79,-78,-74,-73,-72,-71,0,0,-83,-83,-65,-63,-63,-62,0,0,-81,-81,0,0,0,-83,0,0,0,0,0,0,-76,-83,-83,-54,-69
-74,-72,-78,-79,0,-83,-84,-76,-82,-81,-51,-48,-50,-51,0,-73,-84,-84,-75,-73,-79,-78,-74,-73,-72,-71,0,0,-83,-83,-65,-63,-63,-62,0,0,-81,-81,0,0,0,-83,0,0,0,0,0,0,-76,-83,-83,-54,-69
-74,-72,-78,-79,0,-83,-84,-76,-82,-81,-51,-48,-50,-51,0,-73,-84,-84,-75,-73,-79,-78,-74,-73,-72,-71,0,0,-83,-83,-65,-63,-63,-62,0,0,-81,-81,0,0,0,-83,0,0,0,0,0,0,-76,-83,-83,-54,-69
-74,-72,-78,-79,0,-83,-84,-76,-82,-81,-51,-48,-50,-51,0,-73,-84,-84,-75,-73,-79,-78,-74,-73,-72,-71,0,0,-83,-83,-65,-63,-63,-62,0,0,-81,-81,0,0,0,-83,0,0,0,0,0,0,-76,-83,-83,-54,-69
0,-69,-79,-79,0,-81,-80,-74,-77,-76,-54,-54,-50,-50,0,-69,0,-83,0,0,-78,-77,-74,-73,-68,-68,0,0,-82,-83,-64,-62,-63,-63,0,0,-80,-81,0,0,0,-83,0,0,0,0,0,0,-76,-82,-83,-55,-71
0,-69,-79,-79,0,-81,-80,-74,-77,-76,-54,-54,-50,-50,0,-69,0,-83,0,0,-78,-77,-74,-73,-68,-68,0,0,-82,-83,-64,-62,-63,-63,0,0,-80,-81,0,0,0,-83,0,0,0,0,0,0,-76,-82,-83,-55,-71
0,-69,-79,-79,0,-81,-80,-74,-77,-76,-54,-54,-50,-50,0,-69,0,-83,0,0,-78,-77,-74,-73,-68,-68,0,0,-82,-83,-64,-62,-63,-63,0,0,-80,-81,0,0,0,-83,0,0,0,0,0,0,-76,-82,-83,-55,-71
0,-69,-79,-79,0,-81,-80,-74,-77,-76,-54,-54,-50,-50,0,-69,0,-83,0,0,-78,-77,-74,-73,-68,-68,0,0,-82,-83,-64,-62,-63,-63,0,0,-80,-81,0,0,0,-83,0,0,0,0,0,0,-76,-82,-83,-55,-71
0,-69,-79,-79,0,-81,-80,-74,-77,-76,-54,-54,-50,-50,0,-69,0,-83,0,0,-78,-77,-74,-73,-68,-68,0,0,-82,-83,-64,-62,-63,-63,0,0,-80,-81,0,0,0,-83,0,0,0,0,0,0,-76,-82,-83,-55,-71
0,-69,-79,-79,0,-80,-80,-74,-77,-76,-57,-52,-54,-52,0,-69,-82,-81,0,0,-75,-76,-68,-67,-64,-64,-80,0,-81,-80,-60,-58,-63,-63,0,0,-72,-73,0,0,0,-78,-79,0,0,0,0,-78,-74,-82,-82,-52,-63
0,-69,-79,-79,0,-80,-80,-74,-77,-76,-57,-52,-54,-52,0,-69,-82,-81,0,0,-75,-76,-68,-67,-64,-64,-80,0,-81,-80,-60,-58,-63,-63,0,0,-72,-73,0,0,0,-78,-79,0,0,0,0,-78,-74,-82,-82,-52,-63
0,-69,-79,-79,0,-80,-80,-74,-77,-76,-57,-52,-54,-52,0,-69,-82,-81,0,0,-75,-76,-68,-67,-64,-64,-80,0,-81,-80,-60,-58,-63,-63,0,0,-72,-73,0,0,0,-78,-79,0,0,0,0,-78,-74,-82,-82,-52,-63
0,-69,-79,-79,0,-80,-80,-74,-77,-76,-57,-52,-54,-52,0,-69,-82,-81,0,0,-75,-76,-68,-67,-64,-64,-80,0,-81,-80,-60,-58,-63,-63,0,0,-72,-73,0,0,0,-78,-79,0,0,0,0,-78,-74,-82,-82,-52,-63
0,-69,-79,-79,0,-80,-80,-74,-77,-76,-57,-52,-54,-52,0,-69,-82,-81,0,0,-75,-76,-68,-67,-64,-64,-80,0,-81,-80,-60,-58,-63,-63,0,0,-72,-73,0,0,0,-78,-79,0,0,0,0,-78,-74,-82,-82,-52,-63
0,0,-79,-79,0,-79,-80,0,-79,-79,-61,-56,-54,-54,0,-67,-82,-81,-69,0,-75,-76,-68,-67,-60,-60,-80,0,-80,-79,-60,-55,-63,-63,0,0,-73,-74,0,0,0,-79,-79,0,0,-83,0,-78,-74,-82,-82,-52,-61
0,0,-79,-79,0,-79,-80,0,-79,-79,-61,-56,-54,-54,0,-67,-82,-81,-69,0,-75,-76,-68,-67,-60,-60,-80,0,-80,-79,-60,-55,-63,-63,0,0,-73,-74,0,0,0,-79,-79,0,0,-83,0,-78,-74,-82,-82,-52,-61
0,0,-79,-79,0,-79,-80,0,-79,-79,-61,-56,-54,-54,0,-67,-82,-81,-69,0,-75,-76,-68,-67,-60,-60,-80,0,-80,-79,-60,-55,-63,-63,0,0,-73,-74,0,0,0,-79,-79,0,0,-83,0,-78,-74,-82,-82,-52,-61
0,0,-79,-79,0,-79,-80,0,-79,-79,-61,-56,-54,-54,0,-67,-82,-81,-69,0,-75,-76,-68,-67,-60,-60,-80,0,-80,-79,-60,-55,-63,-63,0,0,-73,-74,0,0,0,-79,-79,0,0,-83,0,-78,-74,-82,-82,-52,-61
0,0,-79,-79,0,-79,-80,0,-79,-79,-61,-56,-54,-54,0,-67,-82,-81,-69,0,-75,-76,-68,-67,-60,-60,-80,0,-80,-79,-60,-55,-63,-63,0,0,-73,-74,0,0,0,-79,-79,0,0,-83,0,-78,-74,-82,-82,-52,-61
0,-70,-79,-80,0,-79,-81,-69,-79,-81,-61,-57,-54,-54,0,-67,-81,-81,-69,0,-74,-76,0,0,-58,-59,0,0,-78,-78,-60,-56,-63,-63,0,0,-75,-75,0,0,0,-81,-79,0,0,-83,0,0,-74,-82,-81,-54,-62
0,-70,-79,-80,0,-79,-81,-69,-79,-81,-61,-57,-54,-54,0,-67,-81,-81,-69,0,-74,-76,0,0,-58,-59,0,0,-78,-78,-60,-56,-63,-63,0,0,-75,-75,0,0,0,-81,-79,0,0,-83,0,0,-74,-82,-81,-54,-62
0,-70,-79,-80,0,-79,-81,-69,-79,-81,-61,-57,-54,-54,0,-67,-81,-81,-69,0,-74,-76,0,0,-58,-59,0,0,-78,-78,-60,-56,-63,-63,0,0,-75,-75,0,0,0,-81,-79,0,0,-83,0,0,-74,-82,-81,-54,-62
0,-70,-79,-80,0,-79,-81,-69,-79,-81,-61,-57,-54,-54,0,-67,-81,-81,-69,0,-74,-76,0,0,-58,-59,0,0,-78,-78,-60,-56,-63,-63,0,0,-75,-75,0,0,0,-81,-79,0,0,-83,0,0,-74,-82,-81,-54,-62
0,-70,-79,-80,0,-79,-81,-69,-79,-81,-61,-57,-54,-54,0,-67,-81,-81,-69,0,-74,-76,0,0,-58,-59,0,0,-78,-78,-60,-56,-63,-63,0,0,-75,-75,0,0,0,-81,-79,0,0,-83,0,0,-74,-82,-81,-54,-62
0,-70,-79,-80,0,-80,-80,-68,-81,-81,-61,-57,-54,-54,0,-67,-81,-82,0,0,-74,-75,0,0,-58,-58,0,0,-77,-78,-60,-55,-63,-63,0,0,-75,-75,0,0,-77,-81,-80,0,0,0,0,0,0,-82,-81,-53,-62
0,-70,-79,-80,0,-80,-80,-68,-81,-81,-61,-57,-54,-54,0,-67,-81,-82,0,0,-74,-75,0,0,-58,-58,0,0,-77,-78,-60,-55,-63,-63,0,0,-75,-75,0,0,-77,-81,-80,0,0,0,0,0,0,-82,-81,-53,-62
0,-70,-79,-80,0,-80,-80,-68,-81,-81,-61,-57,-54,-54,0,-67,-81,-82,0,0,-74,-75,0,0,-58,-58,0,0,-77,-78,-60,-55,-63,-63,0,0,-75,-75,0,0,-77,-81,-80,0,0,0,0,0,0,-82,-81,-53,-62
0,-70,-79,-80,0,-80,-80,-68,-81,-81,-61,-57,-54,-54,0,-67,-81,-82,0,0,-74,-75,0,0,-58,-58,0,0,-77,-78,-60,-55,-63,-63,0,0,-75,-75,0,0,-77,-81,-80,0,0,0,0,0,0,-82,-81,-53,-62
0,-70,-79,-80,0,-80,-80,-68,-81,-81,-61,-57,-54,-54,0,-67,-81,-82,0,0,-74,-75,0,0,-58,-58,0,0,-77,-78,-60,-55,-63,-63,0,0,-75,-75,0,0,-77,-81,-80,0,0,0,0,0,0,-82,-81,-53,-62
0,-70,-80,-80,0,-82,-80,-69,-81,-81,-61,-57,-51,-51,0,-67,-81,-82,0,0,-73,-74,-71,-66,-58,-58,0,0,-77,-78,-60,-55,-63,-64,0,0,-73,-74,0,0,-77,-78,-79,0,0,0,0,0,0,-82,-81,-54,-63
0,-70,-80,-80,0,-82,-80,-69,-81,-81,-61,-57,-51,-51,0,-67,-81,-82,0,0,-73,-74,-71,-66,-58,-58,0,0,-77,-78,-60,-55,-63,-64,0,0,-73,-74,0,0,-77,-78,-79,0,0,0,0,0,0,-82,-81,-54,-63
0,-70,-80,-80,0,-82,-80,-69,-81,-81,-61,-57,-51,-51,0,-67,-81,-82,0,0,-73,-74,-71,-66,-58,-58,0,0,-77,-78,-60,-55,-63,-65,0,0,-73,-74,0,0,-77,-78,-79,0,0,0,0,0,0,-82,-81,-54,-63
0,-70,-80,-80,0,-82,-80,-69,-81,-81,-61,-57,-51,-51,0,-67,-81,-82,0,0,-73,-74,-71,-66,-58,-58,0,0,-77,-78,-60,-55,-63,-65,0,0,-73,-74,0,0,-77,-78,-79,0,0,0,0,0,0,-82,-81,-54,-63
0,-70,-80,-80,0,-82,-80,-69,-81,-81,-61,-57,-51,-51,0,-67,-81,-82,0,0,-73,-74,-71,-66,-58,-58,0,0,-77,-78,-60,-55,-63,-65,0,0,-73,-74,0,0,-77,-78,-79,0,0,0,0,0,0,-82,-81,-54,-63
0,-65,-77,-77,0,-84,-83,-69,-81,-81,-61,0,-49,-50,0,0,-80,-81,-68,0,-74,-74,-71,-67,-62,-63,0,0,-77,-78,-58,-55,-64,-64,0,0,-77,-77,0,0,0,-79,-79,0,0,-83,-84,0,0,-82,-82,-53,-64
0,-65,-77,-77,0,-84,-83,-69,-81,-81,-61,0,-49,-50,0,0,-80,-81,-68,0,-74,-74,-71,-67,-62,-63,0,0,-77,-78,-58,-55,-64,-64,0,0,-77,-77,0,0,0,-79,-79,0,0,-83,-84,0,0,-82,-82,-53,-64
0,-65,-77,-77,0,-84,-83,-69,-81,-81,-61,0,-49,-50,0,0,-80,-81,-68,0,-74,-74,-71,-67,-62,-63,0,0,-77,-78,-58,-55,-64,-64,0,0,-77,-77,0,0,0,-79,-79,0,0,-83,-84,0,0,-82,-82,-53,-64
0,-65,-77,-77,0,-84,-83,-69,-81,-81,-61,0,-49,-50,0,0,-80,-81,-68,0,-74,-74,-71,-67,-62,-63,0,0,-77,-78,-58,-55,-64,-65,0,0,-77,-77,0,0,0,-79,-79,0,0,-83,-84,0,0,-82,-82,-53,-64
0,-65,-77,-77,0,-84,-83,-69,-81,-81,-61,0,-49,-50,0,0,-80,-81,-68,0,-74,-74,-71,-67,-62,-63,0,0,-77,-78,-58,-55,-64,-65,0,0,-77,-77,0,0,0,-79,-79,0,0,-83,-84,0,0,-82,-82,-53,-64
0,-65,-76,-76,0,-84,-83,-75,-81,-83,-57,-52,-50,-51,0,-69,-82,-81,-68,0,-73,-73,-71,-69,-66,-66,0,0,-74,-75,-60,-57,-64,-64,0,0,-79,-79,0,0,0,-79,-80,0,0,-83,-84,0,-78,-82,-84,-52,-56
0,-65,-76,-76,0,-84,-83,-75,-81,-83,-57,-52,-50,-51,0,-69,-82,-81,-68,0,-73,-73,-71,-69,-66,-66,0,0,-74,-75,-60,-57,-64,-64,0,0,-79,-79,0,0,0,-79,-80,0,0,-83,-84,0,-78,-82,-84,-52,-56
0,-65,-76,-76,0,-84,-83,-75,-81,-83,-57,-52,-50,-51,0,-69,-82,-81,-68,0,-73,-73,-71,-69,-66,-66,0,0,-74,-75,-60,-57,-64,-64,0,0,-79,-79,0,0,0,-79,-80,0,0,-83,-84,0,-78,-82,-84,-52,-56
0,-65,-76,-76,0,-84,-83,-75,-81,-83,-57,-52,-50,-51,0,-69,-82,-81,-68,0,-73,-73,-71,-69,-66,-66,0,0,-74,-75,-60,-57,-64,-64,0,0,-79,-79,0,0,0,-79,-80,0,0,-83,-84,0,-78,-82,-84,-52,-56
0,-65,-76,-76,0,-84,-83,-75,-81,-83,-57,-52,-50,-51,0,-69,-82,-81,-68,0,-73,-73,-71,-69,-66,-66,0,0,-74,-75,-60,-57,-64,-64,0,0,-79,-79,0,0,0,-79,-80,0,0,-83,-84,0,-78,-82,-84,-52,-56
0,-67,-76,-76,0,0,0,-75,-82,-83,-56,-50,-51,-51,0,-69,-82,0,0,0,-73,-72,0,-66,-67,-68,0,0,-78,-77,-60,-57,-64,-64,0,0,-79,-79,0,0,0,-79,-80,0,0,0,0,0,-78,-82,-83,-54,-63
0,-67,-76,-76,0,0,0,-75,-82,-83,-56,-50,-51,-51,0,-69,-82,0,0,0,-73,-72,0,-66,-67,-68,0,0,-78,-77,-60,-57,-64,-64,0,0,-79,-79,0,0,0,-79,-80,0,0,0,0,0,-78,-82,-83,-54,-63
0,-67,-76,-76,0,0,0,-75,-82,-83,-56,-50,-51,-51,0,-69,-82,0,0,0,-73,-72,0,-66,-67,-68,0,0,-78,-77,-60,-57,-64,-64,0,0,-79,-79,0,0,0,-79,-80,0,0,0,0,0,-78,-82,-83,-54,-63
0,-67,-76,-76,0,0,0,-75,-82,-83,-56,-50,-51,-51,0,-69,-82,0,0,0,-73,-72,0,-66,-67,-68,0,0,-78,-77,-60,-57,-64,-64,0,0,-79,-79,0,0,0,-79,-80,0,0,0,0,0,-78,-82,-83,-54,-63
0,-67,-76,-76,0,0,0,-75,-82,-83,-56,-50,-51,-51,0,-69,-82,0,0,0,-73,-72,0,-66,-67,-68,0,0,-78,-77,-60,-57,-64,-64,0,0,-79,-79,0,0,0,-79,-80,0,0,0,0,0,-78,-82,-83,-54,-63
0,-69,-77,-78,0,-81,-83,0,-82,-82,-55,-50,-50,-51,0,-71,-84,-86,0,0,-73,-72,0,-66,-68,-68,0,0,-76,-74,-60,-57,-63,-63,0,0,-79,-78,0,0,0,-79,-80,0,0,0,0,0,0,-81,-83,-54,-66
0,-69,-77,-78,0,-81,-83,0,-82,-82,-55,-50,-50,-51,0,-71,-84,-86,0,0,-73,-72,0,-66,-68,-68,0,0,-76,-74,-60,-57,-63,-64,0,0,-79,-78,0,0,0,-79,-80,0,0,0,0,0,0,-81,-83,-54,-66
0,-69,-77,-78,0,-81,-83,0,-82,-82,-55,-50,-50,-51,0,-71,-84,-86,0,0,-73,-72,0,-66,-68,-68,0,0,-76,-74,-60,-57,-63,-64,0,0,-79,-78,0,0,0,-79,-80,0,0,0,0,0,0,-81,-83,-54,-66
0,-69,-77,-78,0,-81,-83,0,-82,-82,-55,-50,-50,-51,0,-71,-84,-86,0,0,-73,-72,0,-66,-68,-68,0,0,-76,-74,-60,-57,-63,-64,0,0,-79,-78,0,0,0,-79,-80,0,0,0,0,0,0,-81,-83,-54,-66
0,-69,-77,-78,0,-81,-83,0,-82,-82,-55,-50,-50,-51,0,-71,-84,-86,0,0,-73,-72,0,-66,-68,-68,0,0,-76,-74,-60,-57,-63,-65,0,0,-79,-78,0,0,0,-79,-80,0,0,0,0,0,0,-81,-83,-54,-66
-71,-66,-76,-77,0,-81,-81,0,-82,-80,-55,-50,-50,-50,0,-71,-83,-84,0,0,-75,-76,0,0,-68,-68,0,0,-75,-73,-59,-54,-65,-66,0,0,-77,-76,0,0,0,-80,-80,0,0,0,0,0,0,-82,-83,-52,-65
-71,-66,-76,-77,0,-81,-81,0,-82,-80,-55,-50,-50,-50,0,-71,-83,-84,0,0,-75,-76,0,0,-68,-68,0,0,-75,-73,-59,-54,-65,-64,0,0,-77,-76,0,0,0,-80,-80,0,0,0,0,0,0,-82,-83,-52,-65
-71,-66,-76,-77,0,-81,-81,0,-82,-80,-55,-50,-50,-50,0,-71,-83,-84,0,0,-75,-76,0,0,-68,-68,0,0,-75,-73,-59,-54,-65,-64,0,0,-77,-76,0,0,0,-80,-80,0,0,0,0,0,0,-82,-83,-52,-65
-71,-66,-76,-77,0,-81,-81,0,-82,-80,-55,-50,-50,-50,0,-71,-83,-84,0,0,-75,-76,0,0,-68,-68,0,0,-75,-73,-59,-54,-65,-64,0,0,-77,-76,0,0,0,-80,-80,0,0,0,0,0,0,-82,-83,-52,-65
-71,-66,-76,-77,0,-81,-81,0,-82,-80,-55,-50,-50,-50,0,-71,-83,-84,0,0,-75,-76,0,0,-68,-68,0,0,-75,-73,-59,-54,-65,-64,0,0,-77,-76,0,0,0,-80,-80,0,0,0,0,0,0,-82,-83,-52,-65
-71,-66,-75,-77,0,-82,-83,-71,-82,-81,0,0,-50,-50,0,0,-83,-83,0,0,-74,-72,0,0,-66,-67,0,0,-74,-74,-59,-55,-64,-64,0,0,-77,-78,0,0,0,-80,-82,0,0,0,0,0,0,-82,-82,-52,-64
-71,-66,-75,-77,0,-82,-83,-71,-82,-81,0,0,-50,-50,0,0,-83,-83,0,0,-74,-72,0,0,-66,-67,0,0,-74,-74,-59,-55,-64,-64,0,0,-77,-78,0,0,0,-80,-82,0,0,0,0,0,0,-82,-82,-52,-64
-71,-66,-75,-77,0,-82,-83,-71,-82,-81,0,0,-50,-50,0,0,-83,-83,0,0,-74,-72,0,0,-66,-67,0,0,-74,-74,-59,-55,-64,-63,0,0,-77,-78,0,0,0,-80,-82,0,0,0,0,0,0,-82,-82,-52,-64
-71,-66,-75,-77,0,-82,-83,-71,-82,-81,0,0,-50,-50,0,0,-83,-83,0,0,-74,-72,0,0,-66,-67,0,0,-74,-74,-59,-55,-64,-63,0,0,-77,-78,0,0,0,-80,-82,0,0,0,0,0,0,-82,-82,-52,-64
-71,-66,-75,-77,0,-82,-83,-71,-82,-81,0,0,-50,-50,0,0,-83,-83,0,0,-74,-72,0,0,-66,-67,0,0,-74,-74,-59,-55,-64,-64,0,0,-77,-78,0,0,0,-80,-82,0,0,0,0,0,0,-82,-82,-52,-64
0,-69,-73,-74,0,-82,-83,-69,-81,-81,-55,-49,-56,-56,-72,-68,-82,-82,0,0,-73,-72,0,-68,-66,-67,0,0,-78,-78,-59,-55,-64,-64,0,0,-78,-78,0,0,-77,-76,-77,0,0,0,0,0,-77,-81,-82,-50,-64
0,-69,-73,-74,0,-82,-83,-69,-81,-81,-55,-49,-56,-56,-72,-68,-82,-82,0,0,-73,-72,0,-68,-66,-67,0,0,-78,-78,-59,-55,-64,-64,0,0,-78,-78,0,0,-77,-76,-77,0,0,0,0,0,-77,-81,-82,-50,-64
0,-69,-73,-74,0,-82,-83,-69,-81,-81,-55,-49,-56,-56,-72,-68,-82,-82,0,0,-73,-72,0,-68,-66,-67,0,0,-78,-78,-59,-55,-64,-65,0,0,-78,-78,0,0,-77,-76,-77,0,0,0,0,0,-77,-81,-82,-50,-64
0,-69,-73,-74,0,-82,-83,-69,-81,-81,-55,-49,-56,-56,-72,-68,-82,-82,0,0,-73,-72,0,-68,-66,-67,0,0,-78,-78,-59,-55,-64,-65,0,0,-78,-78,0,0,-77,-76,-77,0,0,0,0,0,-77,-81,-82,-50,-64
0,-69,-73,-74,0,-82,-83,-69,-81,-81,-55,-49,-56,-56,-72,-68,-82,-82,0,0,-73,-72,0,-68,-66,-67,0,0,-78,-78,-59,-55,-64,-65,0,0,-78,-78,0,0,-77,-76,-77,0,0,0,0,0,-77,-81,-82,-50,-64
0,-69,-79,-78,0,0,0,-67,-81,-82,-54,-49,-59,-58,-72,-68,-82,-82,0,0,-74,-74,-70,-68,-62,-63,0,0,-78,-79,-59,-55,-64,-65,0,0,-76,-76,0,0,-79,-76,-77,0,0,0,0,0,-77,-80,-81,-53,-61
0,-69,-79,-78,0,0,0,-67,-81,-82,-54,-49,-59,-58,-72,-68,-82,-82,0,0,-74,-74,-70,-68,-62,-63,0,0,-78,-79,-59,-55,-64,-65,0,0,-76,-76,0,0,-79,-76,-77,0,0,0,0,0,-77,-80,-81,-53,-61
0,-69,-79,-78,0,0,0,-67,-81,-82,-54,-49,-59,-58,-72,-68,-82,-82,0,0,-74,-74,-70,-68,-62,-63,0,0,-78,-79,-59,-55,-64,-65,0,0,-76,-76,0,0,-79,-76,-77,0,0,0,0,0,-77,-80,-81,-53,-61
0,-69,-79,-78,0,0,0,-67,-81,-82,-54,-49,-59,-58,-72,-68,-82,-82,0,0,-74,-74,-70,-68,-62,-63,0,0,-78,-79,-59,-55,-64,-65,0,0,-76,-76,0,0,-79,-76,-77,0,0,0,0,0,-77,-80,-81,-53,-61
0,-69,-79,-78,0,0,0,-67,-81,-82,-54,-49,-59,-58,-72,-68,-82,-82,0,0,-74,-74,-70,-68,-62,-63,0,0,-78,-79,-59,-55,-64,-65,0,0,-76,-76,0,0,-79,-76,-77,0,0,0,0,0,-77,-80,-81,-53,-61
0,0,-77,-77,0,-81,-80,-67,-81,-82,-54,-50,-55,-56,0,-68,-82,-83,0,0,-74,-75,-70,0,-68,-67,0,0,-78,-78,-59,-55,-64,-64,0,0,-73,-73,0,0,-79,0,0,0,0,0,0,-80,-76,-77,-77,-54,-60
0,0,-77,-77,0,-81,-80,-67,-81,-82,-54,-50,-55,-56,0,-68,-82,-83,0,0,-74,-75,-70,0,-68,-67,0,0,-78,-78,-59,-55,-64,-64,0,0,-73,-73,0,0,-79,0,0,0,0,0,0,-80,-76,-77,-77,-54,-60
0,0,-77,-77,0,-81,-80,-67,-81,-82,-54,-50,-55,-56,0,-68,-82,-83,0,0,-74,-75,-70,0,-68,-67,0,0,-78,-78,-59,-55,-64,-64,0,0,-73,-73,0,0,-79,0,0,0,0,0,0,-80,-76,-77,-77,-54,-60
0,0,-77,-77,0,-81,-80,-67,-81,-82,-54,-50,-55,-56,0,-68,-82,-83,0,0,-74,-75,-70,0,-68,-67,0,0,-78,-78,-59,-55,-64,-63,0,0,-73,-73,0,0,-79,0,0,0,0,0,0,-80,-76,-77,-77,-54,-60
0,0,-77,-77,0,-81,-80,-67,-81,-82,-54,-50,-55,-56,0,-68,-82,-83,0,0,-74,-75,-70,0,-68,-67,0,0,-78,-78,-59,-55,-64,-63,0,0,-73,-73,0,0,-79,0,0,0,0,0,0,-80,-76,-77,-77,-54,-60
-73,-73,-80,-80,0,-81,-81,0,-82,-82,-57,-52,-53,-53,0,-68,-83,-83,0,-69,-73,-73,-69,-63,-65,-66,0,0,-79,-78,-59,-55,-64,-64,0,0,-74,-75,0,0,0,0,-84,0,0,0,0,-77,-73,-78,-77,-55,-63
-73,-73,-80,-80,0,-81,-81,0,-82,-82,-57,-52,-53,-53,0,-68,-83,-83,0,-69,-73,-73,-69,-63,-65,-66,0,0,-79,-78,-59,-55,-64,-65,0,0,-74,-75,0,0,0,0,-84,0,0,0,0,-77,-73,-78,-77,-55,-63
-73,-73,-80,-80,0,-81,-81,0,-82,-82,-57,-52,-53,-53,0,-68,-83,-83,0,-69,-73,-73,-69,-63,-65,-66,0,0,-79,-78,-59,-55,-64,-65,0,0,-74,-75,0,0,0,0,-84,0,0,0,0,-77,-73,-78,-77,-55,-63
-73,-73,-80,-80,0,-81,-81,0,-82,-82,-57,-52,-53,-53,0,-68,-83,-83,0,-69,-73,-73,-69,-63,-65,-66,0,0,-79,-78,-59,-55,-64,-65,0,0,-74,-75,0,0,0,0,-84,0,0,0,0,-77,-73,-78,-77,-55,-63
-73,-73,-80,-80,0,-81,-81,0,-82,-82,-57,-52,-53,-53,0,-68,-83,-83,0,-69,-73,-73,-69,-63,-65,-66,0,0,-79,-78,-59,-55,-64,-65,0,0,-74,-75,0,0,0,0,-84,0,0,0,0,-77,-73,-78,-77,-55,-63
-73,-73,-78,-79,0,-81,-82,-71,-78,-79,-56,-51,-50,-50,0,0,-83,0,0,-69,-75,-76,-69,-63,-66,-66,0,0,-77,-78,-59,-55,-65,-66,0,0,-78,-78,0,0,0,-80,-81,0,0,-83,-84,-77,-73,-79,-79,-49,-59
-73,-73,-78,-79,0,-81,-82,-71,-78,-79,-56,-51,-50,-50,0,0,-83,0,0,-69,-75,-76,-69,-63,-66,-66,0,0,-77,-78,-59,-55,-65,-66,0,0,-78,-78,0,0,0,-80,-81,0,0,-83,-84,-77,-73,-79,-79,-49,-59
-73,-73,-78,-79,0,-81,-82,-71,-78,-79,-56,-51,-50,-50,0,0,-83,0,0,-69,-75,-76,-69,-63,-66,-66,0,0,-77,-78,-59,-55,-65,-66,0,0,-78,-78,0,0,0,-80,-81,0,0,-83,-84,-77,-73,-79,-79,-49,-59
-73,-73,-78,-79,0,-81,-82,-71,-78,-79,-56,-51,-50,-50,0,0,-83,0,0,-69,-75,-76,-69,-63,-66,-66,0,0,-77,-78,-59,-55,-65,-66,0,0,-78,-78,0,0,0,-80,-81,0,0,-83,-84,-77,-73,-79,-79,-49,-59
-73,-73,-78,-79,0,-81,-82,-71,-78,-79,-56,-51,-50,-50,0,0,-83,0,0,-69,-75,-76,-69,-63,-66,-66,0,0,-77,-78,-59,-55,-65,-66,0,0,-78,-78,0,0,0,-80,-81,0,0,-83,-84,-77,-73,-79,-79,-49,-59
0,0,-78,-79,0,0,-82,-71,-77,-79,-56,-51,-52,-53,-68,-67,-84,-84,0,0,-76,-76,0,-68,-65,-66,0,0,-79,-78,-60,-55,-66,-66,0,0,-73,-74,0,0,0,-80,-81,0,0,-83,-84,0,0,-80,-80,-47,-59
0,0,-78,-79,0,0,-82,-71,-77,-79,-56,-51,-52,-53,-68,-67,-84,-84,0,0,-76,-76,0,-68,-65,-66,0,0,-79,-78,-60,-55,-66,-65,0,0,-73,-74,0,0,0,-80,-81,0,0,-83,-84,0,0,-80,-80,-47,-59
0,0,-78,-79,0,0,-82,-71,-77,-79,-56,-51,-52,-53,-68,-67,-84,-84,0,0,-76,-76,0,-68,-65,-66,0,0,-79,-78,-60,-55,-66,-65,0,0,-73,-74,0,0,0,-80,-81,0,0,-83,-84,0,0,-80,-80,-47,-59
0,0,-78,-79,0,0,-82,-71,-77,-79,-56,-51,-52,-53,-68,-67,-84,-84,0,0,-76,-76,0,-68,-65,-66,0,0,-79,-78,-60,-55,-66,-65,0,0,-73,-74,0,0,0,-80,-81,0,0,-83,-84,0,0,-80,-80,-47,-59
0,0,-78,-79,0,0,-82,-71,-77,-79,-56,-51,-52,-53,-68,-67,-84,-84,0,0,-76,-76,0,-68,-65,-66,0,0,-79,-78,-60,-55,-66,-65,0,0,-73,-74,0,0,0,-80,-81,0,0,-83,-84,0,0,-80,-80,-47,-59
0,0,-78,-79,0,0,0,-72,-79,-79,-57,-53,-52,-51,-68,-67,-84,-84,0,0,-77,-77,0,-68,-68,-68,0,0,-82,-79,-60,-53,-65,-64,0,0,-76,-77,0,0,0,-80,0,0,0,0,0,0,0,-82,-80,-48,-60
0,0,-78,-79,0,0,0,-72,-79,-79,-57,-53,-52,-51,-68,-67,-84,-84,0,0,-77,-77,0,-68,-68,-68,0,0,-82,-79,-60,-53,-65,-64,0,0,-76,-77,0,0,0,-80,0,0,0,0,0,0,0,-82,-80,-48,-60
0,0,-78,-79,0,0,0,-72,-79,-79,-57,-53,-52,-51,-68,-67,-84,-84,0,0,-77,-77,0,-68,-68,-68,0,0,-82,-79,-60,-53,-65,-63,0,0,-76,-77,0,0,0,-80,0,0,0,0,0,0,0,-82,-80,-48,-60
0,0,-78,-79,0,0,0,-72,-79,-79,-57,-53,-52,-51,-68,-67,-84,-84,0,0,-77,-77,0,-68,-68,-68,0,0,-82,-79,-60,-53,-65,-63,0,0,-76,-77,0,0,0,-80,0,0,0,0,0,0,0,-82,-80,-48,-60
0,0,-78,-79,0,0,0,-72,-79,-79,-57,-53,-52,-51,-68,-67,-84,-84,0,0,-77,-77,0,-68,-68,-68,0,0,-82,-79,-60,-53,-65,-63,0,0,-76,-77,0,0,0,-80,0,0,0,0,0,0,0,-82,-80,-48,-60
0,0,-78,-78,0,-82,-81,-72,-80,-80,-57,-53,-54,-53,-72,0,-84,-84,0,0,-79,-79,-72,-70,-70,-70,0,0,-80,-79,-60,-53,-64,-64,0,0,-78,-77,0,0,0,-80,0,0,0,0,0,0,0,-83,-81,-51,-58
0,0,-78,-78,0,-82,-81,-72,-80,-80,-57,-53,-54,-53,-72,0,-84,-84,0,0,-79,-79,-72,-70,-70,-70,0,0,-80,-79,-60,-53,-64,-64,0,0,-78,-77,0,0,0,-80,0,0,0,0,0,0,0,-83,-81,-51,-58
0,0,-78,-78,0,-82,-81,-72,-80,-80,-57,-53,-54,-53,-72,0,-84,-84,0,0,-79,-79,-72,-70,-70,-70,0,0,-80,-79,-60,-53,-64,-64,0,0,-78,-77,0,0,0,-80,0,0,0,0,0,0,0,-83,-81,-51,-58
0,0,-78,-78,0,-82,-81,-72,-80,-80,-57,-53,-54,-53,-72,0,-84,-84,0,0,-79,-79,-72,-70,-70,-70,0,0,-80,-79,-60,-53,-64,-64,0,0,-78,-77,0,0,0,-80,0,0,0,0,0,0,0,-83,-81,-51,-58
0,0,-78,-78,0,-82,-81,-72,-80,-80,-57,-53,-54,-53,-72,0,-84,-84,0,0,-79,-79,-72,-70,-70,-70,0,0,-80,-79,-60,-53,-64,-64,0,0,-78,-77,0,0,0,-80,0,0,0,0,0,0,0,-83,-81,-51,-58
0,0,-72,-72,0,-78,-80,0,-80,-80,-56,-53,-53,-52,-72,0,-79,-79,0,0,-78,-78,-72,-70,-68,-68,0,0,-79,-78,-60,-54,-64,-64,0,0,-77,-77,0,0,0,-78,-79,0,0,0,0,0,-76,-82,-81,-49,-59
0,0,-72,-72,0,-78,-80,0,-80,-80,-56,-53,-53,-52,-72,0,-79,-79,0,0,-78,-78,-72,-70,-68,-68,0,0,-79,-78,-60,-54,-64,-64,0,0,-77,-77,0,0,0,-78,-79,0,0,0,0,0,-76,-82,-81,-49,-59
0,0,-72,-72,0,-78,-80,0,-80,-80,-56,-53,-53,-52,-72,0,-79,-79,0,0,-78,-78,-72,-70,-68,-68,0,0,-79,-78,-60,-54,-64,-64,0,0,-77,-77,0,0,0,-78,-79,0,0,0,0,0,-76,-82,-81,-49,-59
0,0,-72,-72,0,-78,-80,0,-80,-80,-56,-53,-53,-52,-72,0,-79,-79,0,0,-78,-78,-72,-70,-68,-68,0,0,-79,-78,-60,-54,-64,-64,0,0,-77,-77,0,0,0,-78,-79,0,0,0,0,0,-76,-82,-81,-49,-59
0,0,-72,-72,0,-78,-80,0,-80,-80,-56,-53,-53,-52,-72,0,-79,-79,0,0,-78,-78,-72,-70,-68,-68,0,0,-79,-78,-60,-54,-64,-64,0,0,-77,-77,0,0,0,-78,-79,0,0,0,0,0,-76,-82,-81,-49,-59
0,0,-78,-78,0,-78,-80,-71,-81,-81,-56,-53,-51,-52,0,0,-79,-79,0,0,-78,-77,0,0,-68,-68,0,0,-79,-79,-60,-57,-68,-68,0,0,-80,-79,0,0,0,-78,-79,0,0,-87,0,0,-76,-81,-81,-62,-59
0,0,-78,-78,0,-78,-80,-71,-81,-81,-56,-53,-51,-52,0,0,-79,-79,0,0,-78,-77,0,0,-68,-68,0,0,-79,-79,-60,-57,-68,-68,0,0,-80,-79,0,0,0,-78,-79,0,0,-87,0,0,-76,-81,-81,-62,-59
0,0,-78,-78,0,-78,-80,-71,-81,-81,-56,-53,-51,-52,0,0,-79,-79,0,0,-78,-77,0,0,-68,-68,0,0,-79,-79,-60,-57,-68,-68,0,0,-80,-79,0,0,0,-78,-79,0,0,-87,0,0,-76,-81,-81,-62,-59
0,0,-78,-78,0,-78,-80,-71,-81,-81,-56,-53,-51,-52,0,0,-79,-79,0,0,-78,-77,0,0,-68,-68,0,0,-79,-79,-60,-57,-68,-67,0,0,-80,-79,0,0,0,-78,-79,0,0,-87,0,0,-76,-81,-81,-62,-59
0,0,-78,-78,0,-78,-80,-71,-81,-81,-56,-53,-51,-52,0,0,-79,-79,0,0,-78,-77,0,0,-68,-68,0,0,-79,-79,-60,-57,-68,-67,0,0,-80,-79,0,0,0,-78,-79,0,0,-87,0,0,-76,-81,-81,-62,-59
0,0,-81,-79,0,-83,-82,-77,-81,-81,-54,-52,-51,-51,0,0,0,0,0,0,-77,-78,0,-67,-69,-69,0,0,-79,-79,-61,-57,-67,-67,0,0,-77,-78,0,0,0,-81,-82,0,0,-87,0,0,-76,-81,-82,-50,-62
0,0,-81,-79,0,-83,-82,-77,-81,-81,-54,-52,-51,-51,0,0,0,0,0,0,-77,-78,0,-67,-69,-69,0,0,-79,-79,-61,-57,-67,-67,0,0,-77,-78,0,0,0,-81,-82,0,0,-87,0,0,-76,-81,-82,-50,-62
0,0,-81,-79,0,-83,-82,-77,-81,-81,-54,-52,-51,-51,0,0,0,0,0,0,-77,-78,0,-67,-69,-69,0,0,-79,-79,-61,-57,-67,-67,0,0,-77,-78,0,0,0,-81,-82,0,0,-87,0,0,-76,-81,-82,-50,-62
0,0,-81,-79,0,-83,-82,-77,-81,-81,-54,-52,-51,-51,0,0,0,0,0,0,-77,-78,0,-67,-69,-69,0,0,-79,-79,-61,-57,-67,-65,0,0,-77,-78,0,0,0,-81,-82,0,0,-87,0,0,-76,-81,-82,-50,-62
0,0,-81,-79,0,-83,-82,-77,-81,-81,-54,-52,-51,-51,0,0,0,0,0,0,-77,-78,0,-67,-69,-69,0,0,-79,-79,-61,-57,-67,-65,0,0,-77,-78,0,0,0,-81,-82,0,0,-87,0,0,-76,-81,-82,-50,-62
0,0,-79,-79,0,-79,-79,-77,-80,-79,-54,-52,-55,-56,0,0,-83,0,0,0,-76,-77,-71,-68,-65,-64,0,0,-75,-75,-58,-53,-68,-68,0,0,-70,-70,0,0,0,-78,-79,0,0,0,0,0,0,-81,-82,-50,-60
0,0,-79,-79,0,-79,-79,-77,-80,-79,-54,-52,-55,-56,0,0,-83,0,0,0,-76,-77,-71,-68,-65,-64,0,0,-75,-75,-58,-53,-68,-66,0,0,-70,-70,0,0,0,-78,-79,0,0,0,0,0,0,-81,-82,-50,-60
0,0,-79,-79,0,-79,-79,-77,-80,-79,-54,-52,-55,-56,0,0,-83,0,0,0,-76,-77,-71,-68,-65,-64,0,0,-75,-75,-58,-53,-68,-66,0,0,-70,-70,0,0,0,-78,-79,0,0,0,0,0,0,-81,-82,-50,-60
0,0,-79,-79,0,-79,-79,-77,-80,-79,-54,-52,-55,-56,0,0,-83,0,0,0,-76,-77,-71,-68,-65,-64,0,0,-75,-75,-58,-53,-68,-63,0,0,-70,-70,0,0,0,-78,-79,0,0,0,0,0,0,-81,-82,-50,-60
0,0,-79,-79,0,-79,-79,-77,-80,-79,-54,-52,-55,-56,0,0,-83,0,0,0,-76,-77,-71,-68,-65,-64,0,0,-75,-75,-58,-53,-68,-63,0,0,-70,-70,0,0,0,-78,-79,0,0,0,0,0,0,-81,-82,-50,-60
0,0,-75,-75,0,-79,-79,0,-78,-77,-55,-52,-51,-53,-68,-64,-83,0,0,0,-73,-74,-71,-68,-59,-60,0,0,-79,-79,-59,-53,-64,-64,0,0,-74,-75,0,0,0,-81,-79,0,0,0,0,0,0,-83,-83,-45,-63
0,0,-75,-75,0,-79,-79,0,-78,-77,-55,-52,-51,-53,-68,-64,-83,0,0,0,-73,-74,-71,-68,-59,-60,0,0,-79,-79,-59,-53,-64,-64,0,0,-74,-75,0,0,0,-81,-79,0,0,0,0,0,0,-83,-83,-45,-63
0,0,-75,-75,0,-79,-79,0,-78,-77,-55,-52,-51,-53,-68,-64,-83,0,0,0,-73,-74,-71,-68,-59,-60,0,0,-79,-79,-59,-53,-64,-64,0,0,-74,-75,0,0,0,-81,-79,0,0,0,0,0,0,-83,-83,-45,-63
0,0,-75,-75,0,-79,-79,0,-78,-77,-55,-52,-51,-53,-68,-64,-83,0,0,0,-73,-74,-71,-68,-59,-60,0,0,-79,-79,-59,-53,-64,-64,0,0,-74,-75,0,0,0,-81,-79,0,0,0,0,0,0,-83,-83,-45,-63
0,0,-75,-75,0,-79,-79,0,-78,-77,-55,-52,-51,-53,-68,-64,-83,0,0,0,-73,-74,-71,-68,-59,-60,0,0,-79,-79,-59,-53,-64,-63,0,0,-74,-75,0,0,0,-81,-79,0,0,0,0,0,0,-83,-83,-45,-63
0,0,-75,-74,0,0,0,-67,-79,-80,-55,-52,-52,-53,-68,-70,-83,-81,-66,0,-73,-74,0,0,-60,-60,0,0,-77,-76,-59,-54,-63,-63,0,0,-75,-75,0,0,0,-81,-79,0,0,-82,-81,0,0,-78,-78,-45,-63
0,0,-75,-74,0,0,0,-67,-79,-80,-55,-52,-52,-53,-68,-70,-83,-81,-66,0,-73,-74,0,0,-60,-60,0,0,-77,-76,-59,-54,-63,-63,0,0,-75,-75,0,0,0,-81,-79,0,0,-82,-81,0,0,-78,-78,-45,-63
0,0,-75,-74,0,0,0,-67,-79,-80,-55,-52,-52,-53,-68,-70,-83,-81,-66,0,-73,-74,0,0,-60,-60,0,0,-77,-76,-59,-54,-63,-63,0,0,-75,-75,0,0,0,-81,-79,0,0,-82,-81,0,0,-78,-78,-45,-63
0,0,-75,-74,0,0,0,-67,-79,-80,-55,-52,-52,-53,-68,-70,-83,-81,-66,0,-73,-74,0,0,-60,-60,0,0,-77,-76,-59,-54,-63,-63,0,0,-75,-75,0,0,0,-81,-79,0,0,-82,-81,0,0,-78,-78,-45,-63
0,0,-75,-74,0,0,0,-67,-79,-80,-55,-52,-52,-53,-68,-70,-83,-81,-66,0,-73,-74,0,0,-60,-60,0,0,-77,-76,-59,-54,-63,-63,0,0,-75,-75,0,0,0,-81,-79,0,0,-82,-81,0,0,-78,-78,-45,-63
0,-69,-75,-75,0,0,0,-65,-80,-81,-54,-52,-55,-55,-68,-70,-80,-80,-66,0,-73,-74,0,0,-58,-59,0,0,-77,-77,-59,-56,-63,-63,0,0,-72,-73,0,0,0,-80,-80,0,0,-82,-81,-80,-71,-78,-79,-45,-63
0,-69,-75,-75,0,0,0,-65,-80,-81,-54,-52,-55,-55,-68,-70,-80,-80,-66,0,-73,-74,0,0,-58,-59,0,0,-77,-77,-59,-56,-63,-63,0,0,-72,-73,0,0,0,-80,-80,0,0,-82,-81,-80,-71,-78,-79,-45,-63
0,-69,-75,-75,0,0,0,-65,-80,-81,-54,-52,-55,-55,-68,-70,-80,-80,-66,0,-73,-74,0,0,-58,-59,0,0,-77,-77,-59,-56,-63,-64,0,0,-72,-73,0,0,0,-80,-80,0,0,-82,-81,-80,-71,-78,-79,-45,-63
0,-69,-75,-75,0,0,0,-65,-80,-81,-54,-52,-55,-55,-68,-70,-80,-80,-66,0,-73,-74,0,0,-58,-59,0,0,-77,-77,-59,-56,-63,-64,0,0,-72,-73,0,0,0,-80,-80,0,0,-82,-81,-80,-71,-78,-79,-45,-63
0,-69,-75,-75,0,0,0,-65,-80,-81,-54,-52,-55,-55,-68,-70,-80,-80,-66,0,-73,-74,0,0,-58,-59,0,0,-77,-77,-59,-56,-63,-64,0,0,-72,-73,0,0,0,-80,-80,0,0,-82,-81,-80,-71,-78,-79,-45,-63
0,-69,-74,-74,0,-82,-83,-65,-80,-80,-55,-49,-56,-55,-68,0,-80,-80,-65,-64,-73,-72,0,0,-59,-59,0,0,-76,-76,-59,-55,-63,-64,0,0,-74,-74,0,0,0,-80,-80,0,0,-82,-81,-80,-72,-78,-78,-45,-65
0,-69,-74,-74,0,-82,-83,-65,-80,-80,-55,-49,-56,-55,-68,0,-80,-80,-65,-64,-73,-72,0,0,-59,-59,0,0,-76,-76,-59,-55,-63,-64,0,0,-74,-74,0,0,0,-80,-80,0,0,-82,-81,-80,-72,-78,-78,-45,-65
0,-69,-74,-74,0,-82,-83,-65,-80,-80,-55,-49,-56,-55,-68,0,-80,-80,-65,-64,-73,-72,0,0,-59,-59,0,0,-76,-76,-59,-55,-63,-64,0,0,-74,-74,0,0,0,-80,-80,0,0,-82,-81,-80,-72,-78,-78,-45,-65
0,-69,-74,-74,0,-82,-83,-65,-80,-80,-55,-49,-56,-55,-68,0,-80,-80,-65,-64,-73,-72,0,0,-59,-59,0,0,-76,-76,-59,-55,-63,-64,0,0,-74,-74,0,0,0,-80,-80,0,0,-82,-81,-80,-72,-78,-78,-45,-65
0,-69,-74,-74,0,-82,-83,-65,-80,-80,-55,-49,-56,-55,-68,0,-80,-80,-65,-64,-73,-72,0,0,-59,-59,0,0,-76,-76,-59,-55,-63,-64,0,0,-74,-74,0,0,0,-80,-80,0,0,-82,-81,-80,-72,-78,-78,-45,-65
0,0,-73,-74,0,-82,-83,-68,-81,-80,-54,-49,-52,-52,0,-65,-79,-80,-65,-64,-71,-72,-70,-68,-59,-59,0,0,-78,-78,-59,-53,-64,-63,0,0,-74,-75,0,0,0,-77,-78,0,0,0,0,-79,-72,-78,-79,-49,-65
0,0,-73,-74,0,-82,-83,-68,-81,-80,-54,-49,-52,-52,0,-65,-79,-80,-65,-64,-71,-72,-70,-68,-59,-59,0,0,-78,-78,-59,-53,-64,-63,0,0,-74,-75,0,0,0,-77,-78,0,0,0,0,-79,-72,-78,-79,-49,-65
0,0,-73,-74,0,-82,-83,-68,-81,-80,-54,-49,-52,-52,0,-65,-79,-80,-65,-64,-71,-72,-70,-68,-59,-59,0,0,-78,-78,-59,-53,-64,-63,0,0,-74,-75,0,0,0,-77,-78,0,0,0,0,-79,-72,-78,-79,-49,-65
0,0,-73,-74,0,-82,-83,-68,-81,-80,-54,-49,-52,-52,0,-65,-79,-80,-65,-64,-71,-72,-70,-68,-59,-59,0,0,-78,-78,-59,-53,-64,-64,0,0,-74,-75,0,0,0,-77,-78,0,0,0,0,-79,-72,-78,-79,-49,-65
0,0,-73,-74,0,-82,-83,-68,-81,-80,-54,-49,-52,-52,0,-65,-79,-80,-65,-64,-71,-72,-70,-68,-59,-59,0,0,-78,-78,-59,-53,-64,-64,0,0,-74,-75,0,0,0,-77,-78,0,0,0,0,-79,-72,-78,-79,-49,-65
0,0,-74,-74,0,0,0,-68,-81,-81,-55,-49,-51,-51,-67,-63,-79,-80,0,0,-72,-72,-70,-68,-59,-59,0,0,-77,-76,-59,-55,-64,-64,0,0,-75,-75,0,0,0,-77,-78,0,0,0,0,-79,-70,-78,-78,-49,-71
0,0,-74,-74,0,0,0,-68,-81,-81,-55,-49,-51,-51,-67,-63,-79,-80,0,0,-72,-72,-70,-68,-59,-59,0,0,-77,-76,-59,-55,-64,-65,0,0,-75,-75,0,0,0,-77,-78,0,0,0,0,-79,-70,-78,-78,-49,-71
0,0,-74,-74,0,0,0,-68,-81,-81,-55,-49,-51,-51,-67,-63,-79,-80,0,0,-72,-72,-70,-68,-59,-59,0,0,-77,-76,-59,-55,-64,-65,0,0,-75,-75,0,0,0,-77,-78,0,0,0,0,-79,-70,-78,-78,-49,-71
0,0,-74,-74,0,0,0,-68,-81,-81,-55,-49,-51,-51,-67,-63,-79,-80,0,0,-72,-72,-70,-68,-59,-59,0,0,-77,-76,-59,-55,-64,-63,0,0,-75,-75,0,0,0,-77,-78,0,0,0,0,-79,-70,-78,-78,-49,-71
0,0,-74,-74,0,0,0,-68,-81,-81,-55,-49,-51,-51,-67,-63,-79,-80,0,0,-72,-72,-70,-68,-59,-59,0,0,-77,-76,-59,-55,-64,-63,0,0,-75,-75,0,0,0,-77,-78,0,0,0,0,-79,-70,-78,-78,-49,-71
0,0,-75,-74,0,0,0,-68,-79,-80,-57,-53,-55,-54,-66,-62,-79,-80,0,0,-71,-71,-68,-65,-59,-59,0,0,-74,-74,-59,-54,-64,-64,0,0,-73,-73,0,0,0,-77,-79,0,0,0,0,-79,-74,-81,-81,-47,-61
0,0,-75,-74,0,0,0,-68,-79,-80,-57,-53,-55,-54,-66,-62,-79,-80,0,0,-71,-71,-68,-65,-59,-59,0,0,-74,-74,-59,-54,-64,-64,0,0,-73,-73,0,0,0,-77,-79,0,0,0,0,-79,-74,-81,-81,-47,-61
0,0,-75,-74,0,0,0,-68,-79,-80,-57,-53,-55,-54,-66,-62,-79,-80,0,0,-71,-71,-68,-65,-59,-59,0,0,-74,-74,-59,-54,-64,-64,0,0,-73,-73,0,0,0,-77,-79,0,0,0,0,-79,-74,-81,-81,-47,-61
0,0,-75,-74,0,0,0,-68,-79,-80,-57,-53,-55,-54,-66,-62,-79,-80,0,0,-71,-71,-68,-65,-59,-59,0,0,-74,-74,-59,-54,-64,-64,0,0,-73,-73,0,0,0,-77,-79,0,0,0,0,-79,-74,-81,-81,-47,-61
0,0,-75,-74,0,0,0,-68,-79,-80,-57,-53,-55,-54,-66,-62,-79,-80,0,0,-71,-71,-68,-65,-59,-59,0,0,-74,-74,-59,-54,-64,-64,0,0,-73,-73,0,0,0,-77,-79,0,0,0,0,-79,-74,-81,-81,-47,-61
0,0,-74,-74,0,-78,-78,-68,-81,-80,-53,-49,-54,-54,-67,-62,-79,-80,0,0,-70,-70,-70,-67,-61,-60,0,0,-77,-78,-59,-53,-64,-64,0,0,-75,-76,0,0,0,-78,-78,0,0,0,0,0,-74,-80,-81,-47,-62
0,0,-74,-74,0,-78,-78,-68,-81,-80,-53,-49,-54,-54,-67,-62,-79,-80,0,0,-70,-70,-70,-67,-61,-60,0,0,-77,-78,-59,-53,-64,-64,0,0,-75,-76,0,0,0,-78,-78,0,0,0,0,0,-74,-80,-81,-47,-62
0,0,-74,-74,0,-78,-78,-68,-81,-80,-53,-49,-54,-54,-67,-62,-79,-80,0,0,-70,-70,-70,-67,-61,-60,0,0,-77,-78,-59,-53,-64,-63,0,0,-75,-76,0,0,0,-78,-78,0,0,0,0,0,-74,-80,-81,-47,-62
0,0,-74,-74,0,-78,-78,-68,-81,-80,-53,-49,-54,-54,-67,-62,-79,-80,0,0,-70,-70,-70,-67,-61,-60,0,0,-77,-78,-59,-53,-64,-63,0,0,-75,-76,0,0,0,-78,-78,0,0,0,0,0,-74,-80,-81,-47,-62
0,0,-74,-74,0,-78,-78,-68,-81,-80,-53,-49,-54,-54,-67,-62,-79,-80,0,0,-70,-70,-70,-67,-61,-60,0,0,-77,-78,-59,-53,-64,-63,0,0,-75,-76,0,0,0,-78,-78,0,0,0,0,0,-74,-80,-81,-47,-62
0,0,-74,-75,0,-78,-79,0,-81,-80,-52,-48,-54,-54,-67,-66,-83,-80,0,-61,-70,-69,-70,-67,-61,-61,0,0,-77,-77,-59,-53,-62,-61,0,0,-76,-76,0,0,0,-78,-79,0,0,0,0,0,0,-80,-81,-47,-60
0,0,-74,-75,0,-78,-79,0,-81,-80,-52,-48,-54,-54,-67,-66,-83,-80,0,-61,-70,-69,-70,-67,-61,-61,0,0,-77,-77,-59,-53,-62,-61,0,0,-76,-76,0,0,0,-78,-79,0,0,0,0,0,0,-80,-81,-47,-60
0,0,-74,-75,0,-78,-79,0,-81,-80,-52,-48,-54,-54,-67,-66,-83,-80,0,-61,-70,-69,-70,-67,-61,-61,0,0,-77,-77,-59,-53,-62,-62,0,0,-76,-76,0,0,0,-78,-79,0,0,0,0,0,0,-80,-81,-47,-60
0,0,-74,-75,0,-78,-79,0,-81,-80,-52,-48,-54,-54,-67,-66,-83,-80,0,-61,-70,-69,-70,-67,-61,-61,0,0,-77,-77,-59,-53,-62,-62,0,0,-76,-76,0,0,0,-78,-79,0,0,0,0,0,0,-80,-81,-47,-60
0,0,-74,-75,0,-78,-79,0,-81,-80,-52,-48,-54,-54,-67,-66,-83,-80,0,-61,-70,-69,-70,-67,-61,-61,0,0,-77,-77,-59,-53,-62,-62,0,0,-76,-76,0,0,0,-78,-79,0,0,0,0,0,0,-80,-81,-47,-60
0,0,-72,-74,0,-78,-79,0,-79,-78,-52,-48,-54,-54,-67,-66,-83,-83,0,-61,-67,-67,-70,0,-61,-61,0,0,-73,-74,0,-56,-62,-62,0,0,-76,-76,0,0,0,-79,-79,0,0,-81,-80,-78,-75,-75,-75,-45,-60
0,0,-72,-74,0,-78,-79,0,-79,-78,-52,-48,-54,-54,-67,-66,-83,-83,0,-61,-67,-67,-70,0,-61,-61,0,0,-73,-74,0,-56,-62,-62,0,0,-76,-76,0,0,0,-79,-79,0,0,-81,-80,-78,-75,-75,-75,-45,-60
0,0,-72,-74,0,-78,-79,0,-79,-78,-52,-48,-54,-54,-67,-66,-83,-83,0,-61,-67,-67,-70,0,-61,-61,0,0,-73,-74,0,-56,-62,-62,0,0,-76,-76,0,0,0,-79,-79,0,0,-81,-80,-78,-75,-75,-75,-45,-60
0,0,-72,-74,0,-78,-79,0,-79,-78,-52,-48,-54,-54,-67,-66,-83,-83,0,-61,-67,-67,-70,0,-61,-61,0,0,-73,-74,0,-56,-62,-63,0,0,-76,-76,0,0,0,-79,-79,0,0,-81,-80,-78,-75,-75,-75,-45,-60
0,0,-72,-74,0,-78,-79,0,-79,-78,-52,-48,-54,-54,-67,-66,-83,-83,0,-61,-67,-67,-70,0,-61,-61,0,0,-73,-74,0,-56,-62,-63,0,0,-76,-76,0,0,0,-79,-79,0,0,-81,-80,-78,-75,-75,-75,-45,-60
0,-62,-76,-76,0,0,0,0,-79,-79,-52,-48,-52,-52,0,0,-83,-83,-65,-63,-75,-75,-68,-64,-64,-64,0,0,-77,-78,-60,-56,-65,-65,0,0,-79,-79,0,0,0,-79,-79,0,0,-80,-80,-75,-70,-79,-80,-51,-61
0,-62,-76,-76,0,0,0,0,-79,-79,-52,-48,-52,-52,0,0,-83,-83,-65,-63,-75,-75,-68,-64,-64,-64,0,0,-77,-78,-60,-56,-65,-65,0,0,-79,-79,0,0,0,-79,-79,0,0,-80,-80,-75,-70,-79,-80,-51,-61
0,-62,-76,-76,0,0,0,0,-79,-79,-52,-48,-52,-52,0,0,-83,-83,-65,-63,-75,-75,-68,-64,-64,-64,0,0,-77,-78,-60,-56,-65,-65,0,0,-79,-79,0,0,0,-79,-79,0,0,-80,-80,-75,-70,-79,-80,-51,-61
