-75,-75,-79,-78,0,-79,-78,0,-72,-71,-52,-48,-50,-49,0,0,-82,-81,0,0,-75,-75,-72,-68,-55,-55,-82,0,-80,-81,-68,0,-67,-67,0,0,-80,-80,0,0,0,0,0,0,0,0,0,0,0,-76,-77,-55,-62
-75,-75,-79,-78,0,-79,-78,0,-72,-71,-52,-48,-50,-49,0,0,-82,-81,0,0,-75,-75,-72,-68,-55,-55,-82,0,-80,-81,-68,0,-67,-67,0,0,-80,-80,0,0,0,0,0,0,0,0,0,0,0,-76,-77,-55,-62
-75,-75,-79,-78,0,-79,-78,0,-72,-71,-52,-48,-52,-49,0,0,-82,-81,0,0,-75,-75,-72,-68,-55,-55,-82,0,-80,-81,-68,0,-67,-67,0,0,-80,-80,0,0,0,0,0,0,0,0,0,0,0,-76,-77,-55,-62
-75,-75,-79,-78,0,-79,-78,0,-72,-71,-52,-48,-52,-49,0,0,-82,-81,0,0,-75,-75,-72,-68,-55,-55,-82,0,-80,-81,-68,0,-67,-67,0,0,-80,-80,0,0,0,0,0,0,0,0,0,0,0,-76,-77,-55,-62
-75,-75,-79,-78,0,-79,-78,0,-72,-71,-52,-48,-52,-49,0,0,-82,-81,0,0,-75,-75,-72,-68,-55,-55,-82,0,-80,-81,-68,0,-67,-67,0,0,-80,-80,0,0,0,0,0,0,0,0,0,0,0,-76,-77,-55,-62
0,0,-79,-78,0,-79,0,-65,-76,-76,-61,-59,-51,-51,0,0,-82,-85,0,0,-70,-69,0,-65,-55,-57,0,0,-76,-77,-68,-59,-63,-63,0,0,-79,-78,0,0,0,0,0,0,0,-85,-84,0,0,-76,-75,-55,-62
0,0,-79,-78,0,-79,0,-65,-76,-76,-61,-59,-51,-51,0,0,-82,-85,0,0,-70,-69,0,-65,-55,-57,0,0,-76,-77,-68,-59,-63,-63,0,0,-79,-78,0,0,0,0,0,0,0,-85,-84,0,0,-76,-75,-55,-62
0,0,-79,-78,0,-79,0,-65,-76,-76,-61,-59,-50,-51,0,0,-82,-85,0,0,-70,-69,0,-65,-55,-57,0,0,-76,-77,-68,-59,-63,-63,0,0,-79,-78,0,0,0,0,0,0,0,-85,-84,0,0,-76,-75,-55,-62
0,0,-79,-78,0,-79,0,-65,-76,-76,-61,-59,-50,-51,0,0,-82,-85,0,0,-70,-69,0,-65,-55,-57,0,0,-76,-77,-68,-59,-63,-63,0,0,-79,-78,0,0,0,0,0,0,0,-85,-84,0,0,-76,-75,-55,-62
0,0,-79,-78,0,-79,0,-65,-76,-76,-61,-59,-50,-51,0,0,-82,-85,0,0,-70,-69,0,-65,-55,-57,0,0,-76,-77,-68,-59,-63,-63,0,0,-79,-78,0,0,0,0,0,0,0,-85,-84,0,0,-76,-75,-55,-62
0,0,-79,-81,0,-77,-78,-65,-78,-79,-56,-51,-51,-49,0,0,-81,-81,0,0,-66,-66,-69,-64,-59,-60,0,0,-77,-77,0,-59,-64,-64,0,0,-75,-74,0,0,0,-81,-82,0,0,-85,-84,0,0,-82,-79,-51,-63
0,0,-79,-81,0,-77,-78,-65,-78,-79,-56,-51,-51,-49,0,0,-81,-81,0,0,-66,-66,-69,-64,-59,-60,0,0,-77,-77,0,-59,-64,-64,0,0,-75,-74,0,0,0,-81,-82,0,0,-85,-84,0,0,-82,-79,-51,-63
0,0,-79,-81,0,-77,-78,-65,-78,-79,-56,-51,-51,-49,0,0,-81,-81,0,0,-66,-66,-69,-64,-59,-60,0,0,-77,-77,0,-59,-64,-64,0,0,-75,-74,0,0,0,-81,-82,0,0,-85,-84,0,0,-82,-79,-51,-63
0,0,-79,-81,0,-77,-78,-65,-78,-79,-56,-51,-49,-49,0,0,-81,-81,0,0,-66,-66,-69,-64,-59,-60,0,0,-77,-77,0,-59,-64,-64,0,0,-75,-74,0,0,0,-81,-82,0,0,-85,-84,0,0,-82,-79,-51,-63
0,0,-79,-81,0,-77,-78,-65,-78,-79,-56,-51,-49,-49,0,0,-81,-81,0,0,-66,-66,-69,-64,-59,-60,0,0,-77,-77,0,-59,-64,-64,0,0,-75,-74,0,0,0,-81,-82,0,0,-85,-84,0,0,-82,-79,-51,-63
0,0,-79,-80,0,-77,-78,-66,-76,-76,-55,-50,-49,-49,0,0,-81,-81,0,-70,-66,-66,-65,-62,-59,-58,0,0,-78,-77,-67,-59,-64,-64,0,0,-75,-74,0,0,0,-81,-82,0,0,0,0,0,0,-78,-78,-54,-58
0,0,-79,-80,0,-77,-78,-66,-76,-76,-55,-50,-49,-49,0,0,-81,-81,0,-70,-66,-66,-65,-62,-59,-58,0,0,-78,-77,-67,-59,-64,-64,0,0,-75,-74,0,0,0,-81,-82,0,0,0,0,0,0,-78,-78,-54,-58
0,0,-79,-80,0,-77,-78,-66,-76,-76,-55,-50,-49,-49,0,0,-81,-81,0,-70,-66,-66,-65,-62,-59,-58,0,0,-78,-77,-67,-59,-64,-64,0,0,-75,-74,0,0,0,-81,-82,0,0,0,0,0,0,-78,-78,-54,-58
0,0,-79,-80,0,-77,-78,-66,-76,-76,-55,-50,-49,-49,0,0,-81,-81,0,-70,-66,-66,-65,-62,-59,-58,0,0,-78,-77,-67,-59,-64,-64,0,0,-75,-74,0,0,0,-81,-82,0,0,0,0,0,0,-78,-78,-54,-58
0,0,-79,-80,0,-77,-78,-66,-76,-76,-55,-50,-49,-49,0,0,-81,-81,0,-70,-66,-66,-65,-62,-59,-58,0,0,-78,-77,-67,-59,-64,-64,0,0,-75,-74,0,0,0,-81,-82,0,0,0,0,0,0,-78,-78,-54,-58
0,0,-79,-79,-73,0,0,-66,-75,-75,-53,-49,-51,-50,0,-66,-84,-83,0,-70,-66,-66,-65,-62,-65,-66,0,0,-80,-79,-65,-60,-63,-64,0,0,-75,-75,0,0,0,0,0,0,0,0,0,0,0,-77,-78,-52,-65
0,0,-79,-79,-73,0,0,-66,-75,-75,-53,-49,-51,-50,0,-66,-84,-83,0,-70,-66,-66,-65,-62,-65,-66,0,0,-80,-79,-65,-60,-63,-64,0,0,-75,-75,0,0,0,0,0,0,0,0,0,0,0,-77,-78,-52,-65
0,0,-79,-79,-73,0,0,-66,-75,-75,-53,-49,-51,-50,0,-66,-84,-83,0,-70,-66,-66,-65,-62,-65,-66,0,0,-80,-79,-65,-60,-63,-64,0,0,-75,-75,0,0,0,0,0,0,0,0,0,0,0,-77,-78,-52,-65
0,0,-79,-79,-73,0,0,-66,-75,-75,-53,-49,-51,-50,0,-66,-84,-83,0,-70,-66,-66,-65,-62,-65,-66,0,0,-80,-79,-65,-60,-63,-64,0,0,-75,-75,0,0,0,0,0,0,0,0,0,0,0,-77,-78,-52,-65
0,0,-79,-79,-73,0,0,-66,-75,-75,-53,-49,-51,-50,0,-66,-84,-83,0,-70,-66,-66,-65,-62,-65,-66,0,0,-80,-79,-65,-60,-63,-64,0,0,-75,-75,0,0,0,0,0,0,0,0,0,0,0,-77,-78,-52,-65
-75,-68,-79,-79,-73,0,0,-66,-75,-75,-53,-50,-51,-51,0,-65,-84,-83,0,0,-66,-66,-65,-63,-57,-58,0,0,-78,-79,-65,-60,-60,-60,0,0,-73,-73,0,0,0,0,0,0,0,0,0,0,0,-76,-76,-52,-65
-75,-68,-79,-79,-73,0,0,-66,-75,-75,-53,-50,-51,-51,0,-65,-84,-83,0,0,-66,-66,-65,-63,-57,-58,0,0,-78,-79,-65,-60,-60,-60,0,0,-73,-73,0,0,0,0,0,0,0,0,0,0,0,-76,-76,-52,-65
-75,-68,-79,-79,-73,0,0,-66,-75,-75,-53,-50,-51,-51,0,-65,-84,-83,0,0,-66,-66,-65,-63,-57,-58,0,0,-78,-79,-65,-60,-60,-60,0,0,-73,-73,0,0,0,0,0,0,0,0,0,0,0,-76,-76,-52,-65
-75,-68,-79,-79,-73,0,0,-66,-75,-75,-53,-50,-51,-51,0,-65,-84,-83,0,0,-66,-66,-65,-63,-57,-58,0,0,-78,-79,-65,-60,-60,-60,0,0,-73,-73,0,0,0,0,0,0,0,0,0,0,0,-76,-76,-52,-65
-75,-68,-79,-79,-73,0,0,-66,-75,-75,-53,-50,-51,-51,0,-65,-84,-83,0,0,-66,-66,-65,-63,-57,-58,0,0,-78,-79,-65,-60,-60,-60,0,0,-73,-73,0,0,0,0,0,0,0,0,0,0,0,-76,-76,-52,-65
-75,-68,-79,-79,-74,0,0,-68,-75,-75,-53,-50,-51,-51,-68,-67,0,0,0,0,-66,-66,-66,-63,-57,-57,0,0,-77,-78,0,-60,-60,-60,0,0,-74,-74,0,0,0,0,0,0,0,0,0,0,0,-75,-76,-52,-65
-75,-68,-79,-79,-74,0,0,-68,-75,-75,-53,-50,-51,-51,-68,-67,0,0,0,0,-66,-66,-66,-63,-57,-57,0,0,-77,-78,0,-60,-60,-60,0,0,-74,-74,0,0,0,0,0,0,0,0,0,0,0,-75,-76,-52,-65
-75,-68,-79,-79,-74,0,0,-68,-75,-75,-53,-50,-52,-51,-68,-67,0,0,0,0,-66,-66,-66,-63,-57,-57,0,0,-77,-78,0,-60,-60,-60,0,0,-74,-74,0,0,0,0,0,0,0,0,0,0,0,-75,-76,-52,-65
-75,-68,-79,-79,-74,0,0,-68,-75,-75,-53,-50,-52,-51,-68,-67,0,0,0,0,-66,-66,-66,-63,-57,-57,0,0,-77,-78,0,-60,-60,-60,0,0,-74,-74,0,0,0,0,0,0,0,0,0,0,0,-75,-76,-52,-65
-75,-68,-79,-79,-74,0,0,-68,-75,-75,-53,-50,-52,-51,-68,-67,0,0,0,0,-66,-66,-66,-63,-57,-57,0,0,-77,-78,0,-60,-60,-60,0,0,-74,-74,0,0,0,0,0,0,0,0,0,0,0,-75,-76,-52,-65
0,-69,-78,-79,-74,0,-82,-68,-75,-74,-54,-50,-51,-51,-68,-64,0,0,0,0,-66,-66,-66,-64,-57,-57,0,0,-77,-78,0,-61,-65,-64,0,0,-74,-74,0,0,0,0,0,0,0,0,0,0,0,-74,-74,-54,-64
0,-69,-78,-79,-74,0,-82,-68,-75,-74,-54,-50,-51,-51,-68,-64,0,0,0,0,-66,-66,-66,-64,-57,-57,0,0,-77,-78,0,-61,-65,-64,0,0,-74,-74,0,0,0,0,0,0,0,0,0,0,0,-74,-74,-54,-64
0,-69,-78,-79,-74,0,-82,-68,-75,-74,-54,-50,-52,-51,-68,-64,0,0,0,0,-66,-66,-66,-64,-57,-57,0,0,-77,-78,0,-61,-65,-64,0,0,-74,-74,0,0,0,0,0,0,0,0,0,0,0,-74,-74,-54,-64
0,-69,-78,-79,-74,0,-82,-68,-75,-74,-54,-50,-52,-51,-68,-64,0,0,0,0,-66,-66,-66,-64,-57,-57,0,0,-77,-78,0,-61,-65,-64,0,0,-74,-74,0,0,0,0,0,0,0,0,0,0,0,-74,-74,-54,-64
0,-69,-78,-79,-74,0,-82,-68,-75,-74,-54,-50,-52,-51,-68,-64,0,0,0,0,-66,-66,-66,-64,-57,-57,0,0,-77,-78,0,-61,-65,-64,0,0,-74,-74,0,0,0,0,0,0,0,0,0,0,0,-74,-74,-54,-64
0,-69,-81,-80,0,-79,-79,-66,-77,-78,-54,-50,-50,-49,-68,-64,-80,-81,0,0,-66,-66,-66,-64,-58,-58,0,0,-77,-78,-66,-62,-61,-62,0,0,-74,-75,-79,0,0,0,0,0,0,0,0,0,0,-71,-73,-53,-65
0,-69,-81,-80,0,-79,-79,-66,-77,-78,-54,-50,-50,-49,-68,-64,-80,-81,0,0,-66,-66,-66,-64,-58,-58,0,0,-77,-78,-66,-62,-61,-62,0,0,-74,-75,-79,0,0,0,0,0,0,0,0,0,0,-71,-73,-53,-65
0,-69,-81,-80,0,-79,-79,-66,-77,-78,-54,-50,-51,-49,-68,-64,-80,-81,0,0,-66,-66,-66,-64,-58,-58,0,0,-77,-78,-66,-62,-61,-62,0,0,-74,-75,-79,0,0,0,0,0,0,0,0,0,0,-71,-73,-53,-65
0,-69,-81,-80,0,-79,-79,-66,-77,-78,-54,-50,-51,-49,-68,-64,-80,-81,0,0,-66,-66,-66,-64,-58,-58,0,0,-77,-78,-66,-62,-61,-62,0,0,-74,-75,-79,0,0,0,0,0,0,0,0,0,0,-71,-73,-53,-65
0,-69,-81,-80,0,-79,-79,-66,-77,-78,-54,-50,-51,-49,-68,-64,-80,-81,0,0,-66,-66,-66,-64,-58,-58,0,0,-77,-78,-66,-62,-61,-62,0,0,-74,-75,-79,0,0,0,0,0,0,0,0,0,0,-71,-73,-53,-65
0,0,-81,-81,-74,-76,-77,-66,-79,-79,-51,-49,-52,-51,-68,-64,-80,-81,0,0,-67,-68,-68,-67,-59,-59,0,0,-79,-79,-66,-63,-61,-61,0,0,-77,-77,-79,0,0,0,0,0,0,0,0,0,0,-76,-77,-53,-65
0,0,-81,-81,-74,-76,-77,-66,-79,-79,-51,-49,-52,-51,-68,-64,-80,-81,0,0,-67,-68,-68,-67,-59,-59,0,0,-79,-79,-66,-63,-61,-61,0,0,-77,-77,-79,0,0,0,0,0,0,0,0,0,0,-76,-77,-53,-65
0,0,-81,-81,-74,-76,-77,-66,-79,-79,-51,-49,-52,-51,-68,-64,-80,-81,0,0,-67,-68,-68,-67,-59,-59,0,0,-79,-79,-66,-63,-61,-61,0,0,-77,-77,-79,0,0,0,0,0,0,0,0,0,0,-76,-77,-53,-65
0,0,-81,-81,-74,-76,-77,-66,-79,-79,-51,-49,-52,-51,-68,-64,-80,-81,0,0,-67,-68,-68,-67,-59,-59,0,0,-79,-79,-66,-63,-61,-61,0,0,-77,-77,-79,0,0,0,0,0,0,0,0,0,0,-76,-77,-53,-65
0,0,-81,-81,-74,-76,-77,-66,-79,-79,-51,-49,-52,-51,-68,-64,-80,-81,0,0,-67,-68,-68,-67,-59,-59,0,0,-79,-79,-66,-63,-61,-61,0,0,-77,-77,-79,0,0,0,0,0,0,0,0,0,0,-76,-77,-53,-65
0,0,-80,-81,-74,-77,-78,0,-79,-78,-54,-50,-53,-53,-70,-66,-80,-81,0,0,-67,-67,-69,-64,-63,-63,0,0,-75,-76,0,-61,-61,-61,0,0,-73,-73,0,0,0,0,0,0,0,0,0,0,0,-76,-77,-53,-66
0,0,-80,-81,-74,-77,-78,0,-79,-78,-54,-50,-53,-53,-70,-66,-80,-81,0,0,-67,-67,-69,-64,-63,-63,0,0,-75,-76,0,-61,-61,-61,0,0,-73,-73,0,0,0,0,0,0,0,0,0,0,0,-76,-77,-53,-66
0,0,-80,-81,-74,-77,-78,0,-79,-78,-54,-50,-53,-53,-70,-66,-80,-81,0,0,-67,-67,-69,-64,-63,-63,0,0,-75,-76,0,-61,-61,-61,0,0,-73,-73,0,0,0,0,0,0,0,0,0,0,0,-76,-77,-53,-66
0,0,-80,-81,-74,-77,-78,0,-79,-78,-54,-50,-53,-53,-70,-66,-80,-81,0,0,-67,-67,-69,-64,-63,-63,0,0,-75,-76,0,-61,-61,-61,0,0,-73,-73,0,0,0,0,0,0,0,0,0,0,0,-76,-77,-53,-66
0,0,-80,-81,-74,-77,-78,0,-79,-78,-54,-50,-53,-53,-70,-66,-80,-81,0,0,-67,-67,-69,-64,-63,-63,0,0,-75,-76,0,-61,-61,-61,0,0,-73,-73,0,0,0,0,0,0,0,0,0,0,0,-76,-77,-53,-66
0,0,-80,-80,0,-78,-78,-66,-79,-78,-58,-58,-53,-51,-68,-66,-80,-81,0,0,-66,-67,-68,-64,-67,-67,0,0,-76,-76,-65,-61,-61,-61,0,0,-72,-73,0,0,0,0,0,0,0,0,0,0,0,-76,-77,-53,-67
0,0,-80,-80,0,-78,-78,-66,-79,-78,-58,-58,-53,-51,-68,-66,-80,-81,0,0,-66,-67,-68,-64,-67,-67,0,0,-76,-76,-65,-61,-61,-61,0,0,-72,-73,0,0,0,0,0,0,0,0,0,0,0,-76,-77,-53,-67
0,0,-80,-80,0,-78,-78,-66,-79,-78,-58,-58,-53,-51,-68,-66,-80,-81,0,0,-66,-67,-68,-64,-67,-67,0,0,-76,-76,-65,-61,-61,-61,0,0,-72,-73,0,0,0,0,0,0,0,0,0,0,0,-76,-77,-53,-67
0,0,-80,-80,0,-78,-78,-66,-79,-78,-58,-58,-53,-51,-68,-66,-80,-81,0,0,-66,-67,-68,-64,-67,-67,0,0,-76,-76,-65,-61,-61,-61,0,0,-72,-73,0,0,0,0,0,0,0,0,0,0,0,-76,-77,-53,-67
0,0,-80,-80,0,-78,-78,-66,-79,-78,-58,-58,-53,-51,-68,-66,-80,-81,0,0,-66,-67,-68,-64,-67,-67,0,0,-76,-76,-65,-61,-61,-61,0,0,-72,-73,0,0,0,0,0,0,0,0,0,0,0,-76,-77,-53,-67
0,0,-80,-80,0,-78,-78,-66,-78,-79,-55,-51,-53,-52,-68,-65,-80,-80,0,0,-66,-67,-68,-65,-68,-68,0,0,-76,-77,-65,-61,-64,-65,0,0,-72,-72,0,0,0,0,0,0,0,-82,-83,0,0,-77,-78,-51,-67
0,0,-80,-80,0,-78,-78,-66,-78,-79,-55,-51,-54,-52,-68,-65,-80,-80,0,0,-66,-67,-68,-65,-68,-68,0,0,-76,-77,-65,-61,-64,-65,0,0,-72,-72,0,0,0,0,0,0,0,-82,-83,0,0,-77,-78,-51,-67
0,0,-80,-80,0,-78,-78,-66,-78,-79,-55,-51,-54,-52,-68,-65,-80,-80,0,0,-66,-67,-68,-65,-68,-68,0,0,-76,-77,-65,-61,-64,-65,0,0,-72,-72,0,0,0,0,0,0,0,-82,-83,0,0,-77,-78,-51,-67
0,0,-80,-80,0,-78,-78,-66,-78,-79,-55,-51,-54,-52,-68,-65,-80,-80,0,0,-66,-67,-68,-65,-68,-68,0,0,-76,-77,-65,-61,-64,-65,0,0,-72,-72,0,0,0,0,0,0,0,-82,-83,0,0,-77,-78,-51,-67
0,0,-80,-80,0,-78,-78,-66,-78,-79,-55,-51,-54,-52,-68,-65,-80,-80,0,0,-66,-67,-68,-65,-68,-68,0,0,-76,-77,-65,-61,-64,-65,0,0,-72,-72,0,0,0,0,0,0,0,-82,-83,0,0,-77,-78,-51,-67
0,-70,-80,-80,0,0,0,-66,-78,-78,-53,-51,-52,-53,-70,-66,-80,-80,-72,-66,-66,-67,-68,-66,-67,-67,0,0,-76,-76,0,-60,-62,-62,0,0,-72,-72,0,0,0,0,0,0,0,-82,-83,0,0,-78,-78,-52,-67
0,-70,-80,-80,0,0,0,-66,-78,-78,-53,-51,-52,-53,-70,-66,-80,-80,-72,-66,-66,-67,-68,-66,-67,-67,0,0,-76,-76,0,-60,-62,-62,0,0,-72,-72,0,0,0,0,0,0,0,-82,-83,0,0,-78,-78,-52,-67
0,-70,-80,-80,0,0,0,-66,-78,-78,-53,-51,-52,-53,-70,-66,-80,-80,-72,-66,-66,-67,-68,-66,-67,-67,0,0,-76,-76,0,-60,-62,-62,0,0,-72,-72,0,0,0,0,0,0,0,-82,-83,0,0,-78,-78,-52,-67
0,-70,-80,-80,0,0,0,-66,-78,-78,-53,-51,-52,-53,-70,-66,-80,-80,-72,-66,-66,-67,-68,-66,-67,-67,0,0,-76,-76,0,-60,-62,-62,0,0,-72,-72,0,0,0,0,0,0,0,-82,-83,0,0,-78,-78,-52,-67
0,-70,-80,-80,0,0,0,-66,-78,-78,-53,-51,-53,-53,-70,-66,-80,-80,-72,-66,-66,-67,-68,-66,-67,-67,0,0,-76,-76,0,-60,-62,-62,0,0,-72,-72,0,0,0,0,0,0,0,-82,-83,0,0,-78,-78,-52,-67
0,-70,-80,-80,0,-78,-78,-66,-78,-77,-53,-51,-52,-53,-70,-66,-80,-80,-72,-66,-66,-66,-68,-66,-67,-67,0,0,-76,-76,0,-60,-64,-63,0,0,-72,-72,0,0,0,0,0,0,0,0,0,0,0,-77,-78,-53,-67
0,-70,-80,-80,0,-78,-78,-66,-78,-77,-53,-51,-52,-53,-70,-66,-80,-80,-72,-66,-66,-66,-68,-66,-67,-67,0,0,-76,-76,0,-60,-64,-63,0,0,-72,-72,0,0,0,0,0,0,0,0,0,0,0,-77,-78,-53,-67
0,-70,-80,-80,0,-78,-78,-66,-78,-77,-53,-51,-52,-53,-70,-66,-80,-80,-72,-66,-66,-66,-68,-66,-67,-67,0,0,-76,-76,0,-60,-64,-63,0,0,-72,-72,0,0,0,0,0,0,0,0,0,0,0,-77,-78,-53,-67
0,-70,-80,-80,0,-78,-78,-66,-78,-77,-53,-51,-52,-53,-70,-66,-80,-80,-72,-66,-66,-66,-68,-66,-67,-67,0,0,-76,-76,0,-60,-64,-63,0,0,-72,-72,0,0,0,0,0,0,0,0,0,0,0,-77,-78,-53,-67
0,-70,-80,-80,0,-78,-78,-66,-78,-77,-53,-51,-52,-53,-70,-66,-80,-80,-72,-66,-66,-66,-68,-66,-67,-67,0,0,-76,-76,0,-60,-64,-63,0,0,-72,-72,0,0,0,0,0,0,0,0,0,0,0,-77,-78,-53,-67
0,0,-80,-80,0,-78,-78,-66,-78,-77,-62,-62,-52,-53,0,0,-80,-80,0,0,-66,-66,-69,0,-66,-67,0,0,-76,-76,0,-60,-61,-63,0,0,-72,-72,0,0,0,0,0,0,0,0,0,0,-77,-77,-78,-53,-67
0,0,-80,-80,0,-78,-78,-66,-78,-77,-62,-62,-52,-53,0,0,-80,-80,0,0,-66,-66,-69,0,-66,-67,0,0,-76,-76,0,-60,-61,-63,0,0,-72,-72,0,0,0,0,0,0,0,0,0,0,-77,-77,-78,-53,-67
0,0,-80,-80,0,-78,-78,-66,-78,-77,-62,-62,-53,-53,0,0,-80,-80,0,0,-66,-66,-69,0,-66,-67,0,0,-76,-76,0,-60,-61,-63,0,0,-72,-72,0,0,0,0,0,0,0,0,0,0,-77,-77,-78,-53,-67
0,0,-80,-80,0,-78,-78,-66,-78,-77,-62,-62,-53,-53,0,0,-80,-80,0,0,-66,-66,-69,0,-66,-67,0,0,-76,-76,0,-60,-61,-63,0,0,-72,-72,0,0,0,0,0,0,0,0,0,0,-77,-77,-78,-53,-67
0,0,-80,-80,0,-78,-78,-66,-78,-77,-62,-62,-53,-53,0,0,-80,-80,0,0,-66,-66,-69,0,-66,-67,0,0,-76,-76,0,-60,-61,-63,0,0,-72,-72,0,0,0,0,0,0,0,0,0,0,-77,-77,-78,-53,-67
0,0,-80,-80,0,-78,-78,-66,-77,-76,-62,-62,-52,-53,0,0,-79,-79,0,0,-66,-66,-68,-65,-66,-67,0,0,-76,-75,0,-62,-64,-66,0,0,-72,-72,0,0,0,0,0,0,0,-84,-84,0,-74,-77,-77,-53,-67
0,0,-80,-80,0,-78,-78,-66,-77,-76,-62,-62,-52,-53,0,0,-79,-79,0,0,-66,-66,-68,-65,-66,-67,0,0,-76,-75,0,-62,-64,-66,0,0,-72,-72,0,0,0,0,0,0,0,-84,-84,0,-74,-77,-77,-53,-67
0,0,-80,-80,0,-78,-78,-66,-77,-76,-62,-62,-52,-53,0,0,-79,-79,0,0,-66,-66,-68,-65,-66,-67,0,0,-76,-75,0,-62,-64,-66,0,0,-72,-72,0,0,0,0,0,0,0,-84,-84,0,-74,-77,-77,-53,-67
0,0,-80,-80,0,-78,-78,-66,-77,-76,-62,-62,-52,-53,0,0,-79,-79,0,0,-66,-66,-68,-65,-66,-67,0,0,-76,-75,0,-62,-64,-66,0,0,-72,-72,0,0,0,0,0,0,0,-84,-84,0,-74,-77,-77,-53,-67
0,0,-80,-80,0,-78,-78,-66,-77,-76,-62,-62,-52,-53,0,0,-79,-79,0,0,-66,-66,-68,-65,-66,-67,0,0,-76,-75,0,-62,-64,-66,0,0,-72,-72,0,0,0,0,0,0,0,-84,-84,0,-74,-77,-77,-53,-67
0,0,-80,-80,0,-78,-78,-66,-77,-76,-55,-51,-53,-53,0,-65,-79,-79,-73,-68,-66,-66,-68,-63,-65,-66,0,0,-77,-77,0,-60,-60,-61,0,0,-72,-72,0,0,-80,0,0,0,0,-84,-84,0,-74,-77,-78,-52,-67
0,0,-80,-80,0,-78,-78,-66,-77,-76,-55,-51,-53,-53,0,-65,-79,-79,-73,-68,-66,-66,-68,-63,-65,-66,0,0,-77,-77,0,-60,-60,-61,0,0,-72,-72,0,0,-80,0,0,0,0,-84,-84,0,-74,-77,-78,-52,-67
0,0,-80,-80,0,-78,-78,-66,-77,-76,-55,-51,-53,-53,0,-65,-79,-79,-73,-68,-66,-66,-68,-63,-65,-66,0,0,-77,-77,0,-60,-60,-61,0,0,-72,-72,0,0,-80,0,0,0,0,-84,-84,0,-74,-77,-78,-52,-67
0,0,-80,-80,0,-78,-78,-66,-77,-76,-55,-51,-53,-53,0,-65,-79,-79,-73,-68,-66,-66,-68,-63,-65,-66,0,0,-77,-77,0,-60,-60,-61,0,0,-72,-72,0,0,-80,0,0,0,0,-84,-84,0,-74,-77,-78,-52,-67
0,0,-80,-80,0,-78,-78,-66,-77,-76,-55,-51,-53,-53,0,-65,-79,-79,-73,-68,-66,-66,-68,-63,-65,-66,0,0,-77,-77,0,-60,-60,-61,0,0,-72,-72,0,0,-80,0,0,0,0,-84,-84,0,-74,-77,-78,-52,-67
0,0,-80,-80,0,-78,-78,-66,-77,-77,-54,-50,-52,-53,-70,-65,-79,-79,-72,-67,-66,-66,-68,-63,-66,-66,0,0,-77,-77,-65,-60,-60,-61,0,0,-72,-72,0,0,-80,0,0,0,0,0,0,0,0,-78,-79,-54,-67
0,0,-80,-80,0,-78,-78,-66,-77,-77,-54,-50,-52,-53,-70,-65,-79,-79,-72,-67,-66,-66,-68,-63,-66,-66,0,0,-77,-77,-65,-60,-60,-61,0,0,-72,-72,0,0,-80,0,0,0,0,0,0,0,0,-78,-79,-54,-67
0,0,-80,-80,0,-78,-78,-66,-77,-77,-54,-50,-52,-53,-70,-65,-79,-79,-72,-67,-66,-66,-68,-63,-66,-66,0,0,-77,-77,-65,-60,-60,-61,0,0,-72,-72,0,0,-80,0,0,0,0,0,0,0,0,-78,-79,-54,-67
0,0,-80,-80,0,-78,-78,-66,-77,-77,-54,-50,-51,-53,-70,-65,-79,-79,-72,-67,-66,-66,-68,-63,-66,-66,0,0,-77,-77,-65,-60,-60,-61,0,0,-72,-72,0,0,-80,0,0,0,0,0,0,0,0,-78,-79,-54,-67
0,0,-80,-80,0,-78,-78,-66,-77,-77,-54,-50,-51,-53,-70,-65,-79,-79,-72,-67,-66,-66,-68,-63,-66,-66,0,0,-77,-77,-65,-60,-60,-61,0,0,-72,-72,0,0,-80,0,0,0,0,0,0,0,0,-78,-79,-54,-67
0,0,-80,-80,0,-78,-78,-66,-75,-76,-54,-51,-46,-45,-69,-65,-82,-79,-72,-67,-66,-66,0,0,-66,-66,0,0,-76,-75,-65,-60,-68,-67,0,0,-72,-72,0,0,0,0,0,0,0,0,0,0,0,-78,-78,-51,-67
0,0,-80,-80,0,-78,-78,-66,-75,-76,-54,-51,-46,-45,-69,-65,-82,-79,-72,-67,-66,-66,0,0,-66,-66,0,0,-76,-75,-65,-60,-68,-67,0,0,-72,-72,0,0,0,0,0,0,0,0,0,0,0,-78,-78,-51,-67
0,0,-80,-80,0,-78,-78,-66,-75,-76,-54,-51,-46,-45,-69,-65,-82,-79,-72,-67,-66,-66,0,0,-66,-66,0,0,-76,-75,-65,-60,-68,-67,0,0,-72,-72,0,0,0,0,0,0,0,0,0,0,0,-78,-78,-51,-67
0,0,-80,-80,0,-78,-78,-66,-75,-76,-54,-51,-46,-45,-69,-65,-82,-79,-72,-67,-66,-66,0,0,-66,-66,0,0,-76,-75,-65,-60,-68,-67,0,0,-72,-72,0,0,0,0,0,0,0,0,0,0,0,-78,-78,-51,-67
0,0,-80,-80,0,-78,-78,-66,-75,-76,-54,-51,-46,-45,-69,-65,-82,-79,-72,-67,-66,-66,0,0,-66,-66,0,0,-76,-75,-65,-60,-68,-67,0,0,-72,-72,0,0,0,0,0,0,0,0,0,0,0,-78,-78,-51,-67
0,0,-77,-78,0,-77,-80,0,-75,-76,-54,-51,-46,-45,-68,-68,-83,-82,0,0,-67,-67,-66,0,-59,-58,0,0,-76,-75,0,-61,-66,-66,0,0,-71,-71,-80,0,0,0,0,0,0,0,-80,0,0,-76,-75,-52,-64
0,0,-77,-78,0,-77,-80,0,-75,-76,-54,-51,-46,-45,-68,-68,-83,-82,0,0,-67,-67,-66,0,-59,-58,0,0,-76,-75,0,-61,-66,-66,0,0,-71,-71,-80,0,0,0,0,0,0,0,-80,0,0,-76,-75,-52,-64
0,0,-77,-78,0,-77,-80,0,-75,-76,-54,-51,-46,-45,-68,-68,-83,-82,0,0,-67,-67,-66,0,-59,-58,0,0,-76,-75,0,-61,-66,-66,0,0,-71,-71,-80,0,0,0,0,0,0,0,-80,0,0,-76,-75,-52,-64
0,0,-77,-78,0,-77,-80,0,-75,-76,-54,-51,-46,-45,-68,-68,-83,-82,0,0,-67,-67,-66,0,-59,-58,0,0,-76,-75,0,-61,-66,-66,0,0,-71,-71,-80,0,0,0,0,0,0,0,-80,0,0,-76,-75,-52,-64
0,0,-77,-78,0,-77,-80,0,-75,-76,-54,-51,-46,-45,-68,-68,-83,-82,0,0,-67,-67,-66,0,-59,-58,0,0,-76,-75,0,-61,-66,-66,0,0,-71,-71,-80,0,0,0,0,0,0,0,-80,0,0,-76,-75,-52,-64
0,-66,-77,-78,0,-77,-78,-67,-75,-76,-54,-50,-46,-46,-68,-68,-81,-82,0,0,-67,-67,-66,-64,-59,-58,0,0,-76,-75,0,-61,-68,-68,0,0,-71,-71,-80,0,0,0,0,0,0,0,-80,0,0,-75,-75,-52,-64
0,-66,-77,-78,0,-77,-78,-67,-75,-76,-54,-50,-46,-46,-68,-68,-81,-82,0,0,-67,-67,-66,-64,-59,-58,0,0,-76,-75,0,-61,-68,-68,0,0,-71,-71,-80,0,0,0,0,0,0,0,-80,0,0,-75,-75,-52,-64
0,-66,-77,-78,0,-77,-78,-67,-75,-76,-54,-50,-46,-46,-68,-68,-81,-82,0,0,-67,-67,-66,-64,-59,-58,0,0,-76,-75,0,-61,-68,-68,0,0,-71,-71,-80,0,0,0,0,0,0,0,-80,0,0,-75,-75,-52,-64
0,-66,-77,-78,0,-77,-78,-67,-75,-76,-54,-50,-46,-46,-68,-68,-81,-82,0,0,-67,-67,-66,-64,-59,-58,0,0,-76,-75,0,-61,-68,-68,0,0,-71,-71,-80,0,0,0,0,0,0,0,-80,0,0,-75,-75,-52,-64
0,-66,-77,-78,0,-77,-78,-67,-75,-76,-54,-50,-46,-46,-68,-68,-81,-82,0,0,-67,-67,-66,-64,-59,-58,0,0,-76,-75,0,-61,-68,-68,0,0,-71,-71,-80,0,0,0,0,0,0,0,-80,0,0,-75,-75,-52,-64
0,-66,-77,-78,0,-77,-78,-67,-75,-76,-56,-53,-46,-46,-69,0,-82,-82,-73,-68,-67,-67,-66,-64,-58,-58,0,0,-76,-77,-64,-60,-68,-68,0,0,-71,-71,0,0,0,0,0,0,0,0,0,0,0,-83,-83,-52,-64
0,-66,-77,-78,0,-77,-78,-67,-75,-76,-56,-53,-46,-46,-69,0,-82,-82,-73,-68,-67,-67,-66,-64,-58,-58,0,0,-76,-77,-64,-60,-68,-68,0,0,-71,-71,0,0,0,0,0,0,0,0,0,0,0,-83,-83,-52,-64
0,-66,-77,-78,0,-77,-78,-67,-75,-76,-56,-53,-47,-46,-69,0,-82,-82,-73,-68,-67,-67,-66,-64,-58,-58,0,0,-76,-77,-64,-60,-68,-68,0,0,-71,-71,0,0,0,0,0,0,0,0,0,0,0,-83,-83,-52,-64
0,-66,-77,-78,0,-77,-78,-67,-75,-76,-56,-53,-47,-46,-69,0,-82,-82,-73,-68,-67,-67,-66,-64,-58,-58,0,0,-76,-77,-64,-60,-68,-68,0,0,-71,-71,0,0,0,0,0,0,0,0,0,0,0,-83,-83,-52,-64
0,-66,-77,-78,0,-77,-78,-67,-75,-76,-56,-53,-47,-46,-69,0,-82,-82,-73,-68,-67,-67,-66,-64,-58,-58,0,0,-76,-77,-64,-60,-68,-68,0,0,-71,-71,0,0,0,0,0,0,0,0,0,0,0,-83,-83,-52,-64
0,0,-78,-78,-73,-78,-79,-67,-75,-76,-60,-58,-49,-50,-69,0,-82,-81,-73,-68,-67,-67,-68,-66,-63,-63,0,0,-76,-77,-64,-64,-68,-68,0,0,-75,-75,0,0,0,0,0,0,0,0,0,0,0,-75,-75,-53,-64
0,0,-78,-78,-73,-78,-79,-67,-75,-76,-60,-58,-49,-50,-69,0,-82,-81,-73,-68,-67,-67,-68,-66,-63,-63,0,0,-76,-77,-64,-64,-68,-68,0,0,-75,-75,0,0,0,0,0,0,0,0,0,0,0,-75,-75,-53,-64
0,0,-78,-78,-73,-78,-79,-67,-75,-76,-60,-58,-49,-50,-69,0,-82,-81,-73,-68,-67,-67,-68,-66,-63,-63,0,0,-76,-77,-64,-64,-68,-68,0,0,-75,-75,0,0,0,0,0,0,0,0,0,0,0,-75,-75,-53,-64
0,0,-78,-78,-73,-78,-79,-67,-75,-76,-60,-58,-49,-50,-69,0,-82,-81,-73,-68,-67,-67,-68,-66,-63,-63,0,0,-76,-77,-64,-64,-68,-68,0,0,-75,-75,0,0,0,0,0,0,0,0,0,0,0,-75,-75,-53,-64
0,0,-78,-78,-73,-78,-79,-67,-75,-76,-60,-58,-49,-50,-69,0,-82,-81,-73,-68,-67,-67,-68,-66,-63,-63,0,0,-76,-77,-64,-64,-68,-68,0,0,-75,-75,0,0,0,0,0,0,0,0,0,0,0,-75,-75,-53,-64
0,0,-80,-79,-73,-80,-79,-68,-77,-77,-64,-58,-49,-49,-68,-67,-81,-81,0,0,-68,-67,-68,-64,-62,-62,0,0,-77,-77,-64,-64,-63,-63,0,0,-73,-73,0,0,0,0,0,0,0,0,0,0,0,-72,-73,-53,-64
0,0,-80,-79,-73,-80,-79,-68,-77,-77,-64,-58,-49,-49,-68,-67,-81,-81,0,0,-68,-67,-68,-64,-62,-62,0,0,-77,-77,-64,-64,-63,-63,0,0,-73,-73,0,0,0,0,0,0,0,0,0,0,0,-72,-73,-53,-64
0,0,-80,-79,-73,-80,-79,-68,-77,-77,-64,-58,-49,-49,-68,-67,-81,-81,0,0,-68,-67,-68,-64,-62,-62,0,0,-77,-77,-64,-64,-63,-63,0,0,-73,-73,0,0,0,0,0,0,0,0,0,0,0,-72,-73,-53,-64
0,0,-80,-79,-73,-80,-79,-68,-77,-77,-64,-58,-49,-49,-68,-67,-81,-81,0,0,-68,-67,-68,-64,-62,-62,0,0,-77,-77,-64,-64,-63,-63,0,0,-73,-73,0,0,0,0,0,0,0,0,0,0,0,-72,-73,-53,-64
0,0,-80,-79,-73,-80,-79,-68,-77,-77,-64,-58,-49,-49,-68,-67,-81,-81,0,0,-68,-67,-68,-64,-62,-62,0,0,-77,-77,-64,-64,-63,-63,0,0,-73,-73,0,0,0,0,0,0,0,0,0,0,0,-72,-73,-53,-64
0,0,-81,-81,-72,-80,0,-67,-77,-77,-56,-50,-49,-49,-69,-67,-83,-83,0,-71,-67,-67,-68,-64,-63,-65,0,0,-77,-77,-64,-61,-65,-65,0,0,-71,-70,0,-83,0,0,0,0,0,0,0,0,0,-73,-73,-51,-67
0,0,-81,-81,-72,-80,0,-67,-77,-77,-56,-50,-49,-49,-69,-67,-83,-83,0,-71,-67,-67,-68,-64,-63,-65,0,0,-77,-77,-64,-61,-65,-65,0,0,-71,-70,0,-83,0,0,0,0,0,0,0,0,0,-73,-73,-51,-67
0,0,-81,-81,-72,-80,0,-67,-77,-77,-56,-50,-49,-49,-69,-67,-83,-83,0,-71,-67,-67,-68,-64,-63,-65,0,0,-77,-77,-64,-61,-65,-65,0,0,-71,-70,0,-83,0,0,0,0,0,0,0,0,0,-73,-73,-51,-67
0,0,-81,-81,-72,-80,0,-67,-77,-77,-56,-50,-51,-49,-69,-67,-83,-83,0,-71,-67,-67,-68,-64,-63,-65,0,0,-77,-77,-64,-61,-65,-65,0,0,-71,-70,0,-83,0,0,0,0,0,0,0,0,0,-73,-73,-51,-67
0,0,-81,-81,-72,-80,0,-67,-77,-77,-56,-50,-51,-49,-69,-67,-83,-83,0,-71,-67,-67,-68,-64,-63,-65,0,0,-77,-77,-64,-61,-65,-65,0,0,-71,-70,0,-83,0,0,0,0,0,0,0,0,0,-73,-73,-51,-67
0,0,-81,-81,-72,-79,0,-67,-77,-76,-54,-50,-49,-49,-69,-64,-83,-82,0,-71,-68,-69,-72,-69,-57,-59,0,0,-77,-77,-63,-61,-64,-63,0,0,-72,-72,0,-83,0,0,0,0,0,0,0,0,0,-77,-75,-51,-63
0,0,-81,-81,-72,-79,0,-67,-77,-76,-54,-50,-49,-49,-69,-64,-83,-82,0,-71,-68,-69,-72,-69,-57,-59,0,0,-77,-77,-63,-61,-64,-63,0,0,-72,-72,0,-83,0,0,0,0,0,0,0,0,0,-77,-75,-51,-63
0,0,-81,-81,-72,-79,0,-67,-77,-76,-54,-50,-49,-49,-69,-64,-83,-82,0,-71,-68,-69,-72,-69,-57,-59,0,0,-77,-77,-63,-61,-64,-63,0,0,-72,-72,0,-83,0,0,0,0,0,0,0,0,0,-77,-75,-51,-63
0,0,-81,-81,-72,-79,0,-67,-77,-76,-54,-50,-50,-49,-69,-64,-83,-82,0,-71,-68,-69,-72,-69,-57,-59,0,0,-77,-77,-63,-61,-64,-63,0,0,-72,-72,0,-83,0,0,0,0,0,0,0,0,0,-77,-75,-51,-63
0,0,-81,-81,-72,-79,0,-67,-77,-76,-54,-50,-50,-49,-69,-64,-83,-82,0,-71,-68,-69,-72,-69,-57,-59,0,0,-77,-77,-63,-61,-64,-63,0,0,-72,-72,0,-83,0,0,0,0,0,0,0,0,0,-77,-75,-51,-63
0,0,-81,-81,-73,-79,-81,-67,-77,-76,-60,-59,-47,-49,0,-64,-82,-82,0,0,-67,-68,-72,-69,-61,-61,0,0,-76,-77,-63,-61,-63,-63,0,0,-75,-76,0,0,0,0,0,0,0,0,0,0,0,-74,-74,-51,-64
0,0,-81,-81,-73,-79,-81,-67,-77,-76,-60,-59,-48,-49,0,-64,-82,-82,0,0,-67,-68,-72,-69,-61,-61,0,0,-76,-77,-63,-61,-63,-63,0,0,-75,-76,0,0,0,0,0,0,0,0,0,0,0,-74,-74,-51,-64
0,0,-81,-81,-73,-79,-81,-67,-77,-76,-60,-59,-48,-49,0,-64,-82,-82,0,0,-67,-68,-72,-69,-61,-61,0,0,-76,-77,-63,-61,-63,-63,0,0,-75,-76,0,0,0,0,0,0,0,0,0,0,0,-74,-74,-51,-64
0,0,-81,-81,-73,-79,-81,-67,-77,-76,-60,-59,-48,-49,0,-64,-82,-82,0,0,-67,-68,-72,-69,-61,-61,0,0,-76,-77,-63,-61,-63,-63,0,0,-75,-76,0,0,0,0,0,0,0,0,0,0,0,-74,-74,-51,-64
0,0,-81,-81,-73,-79,-81,-67,-77,-76,-60,-59,-48,-49,0,-64,-82,-82,0,0,-67,-68,-72,-69,-61,-61,0,0,-76,-77,-63,-61,-63,-63,0,0,-75,-76,0,0,0,0,0,0,0,0,0,0,0,-74,-74,-51,-64
0,-70,-80,-80,-73,0,-81,-67,-77,-77,-60,-59,-48,-49,0,-63,-81,-82,0,0,-67,-68,0,-64,-59,-59,0,0,-79,-77,-65,-63,-67,-66,0,0,-73,-73,0,0,0,0,0,0,0,0,0,0,0,-73,-74,-51,-65
0,-70,-80,-80,-73,0,-81,-67,-77,-77,-60,-59,-48,-49,0,-63,-81,-82,0,0,-67,-68,0,-64,-59,-59,0,0,-79,-77,-65,-63,-67,-66,0,0,-73,-73,0,0,0,0,0,0,0,0,0,0,0,-73,-74,-51,-65
0,-70,-80,-80,-73,0,-81,-67,-77,-77,-60,-59,-48,-49,0,-63,-81,-82,0,0,-67,-68,0,-64,-59,-59,0,0,-79,-77,-65,-63,-67,-66,0,0,-73,-73,0,0,0,0,0,0,0,0,0,0,0,-73,-74,-51,-65
0,-70,-80,-80,-73,0,-81,-67,-77,-77,-60,-59,-48,-49,0,-63,-81,-82,0,0,-67,-68,0,-64,-59,-59,0,0,-79,-77,-65,-63,-67,-66,0,0,-73,-73,0,0,0,0,0,0,0,0,0,0,0,-73,-74,-51,-65
0,-70,-80,-80,-73,0,-81,-67,-77,-77,-60,-59,-48,-49,0,-63,-81,-82,0,0,-67,-68,0,-64,-59,-59,0,0,-79,-77,-65,-63,-67,-66,0,0,-73,-73,0,0,0,0,0,0,0,0,0,0,0,-73,-74,-51,-65
0,-70,-80,-80,0,0,0,-66,-77,-77,-54,-50,-47,-48,-69,-66,-80,-81,0,0,-68,-68,0,-64,-61,-62,0,0,-79,-80,-65,-63,-64,-63,0,0,-74,-74,0,0,0,0,0,0,0,0,0,0,0,-74,-74,-52,-66
0,-70,-80,-80,0,0,0,-66,-77,-77,-54,-50,-47,-48,-69,-66,-80,-81,0,0,-68,-68,0,-64,-61,-62,0,0,-79,-80,-65,-63,-64,-63,0,0,-74,-74,0,0,0,0,0,0,0,0,0,0,0,-74,-74,-52,-66
0,-70,-80,-80,0,0,0,-66,-77,-77,-54,-50,-47,-48,-69,-66,-80,-81,0,0,-68,-68,0,-64,-61,-62,0,0,-79,-80,-65,-63,-64,-63,0,0,-74,-74,0,0,0,0,0,0,0,0,0,0,0,-74,-74,-52,-66
0,-70,-80,-80,0,0,0,-66,-77,-77,-54,-50,-47,-48,-69,-66,-80,-81,0,0,-68,-68,0,-64,-61,-62,0,0,-79,-80,-65,-63,-64,-63,0,0,-74,-74,0,0,0,0,0,0,0,0,0,0,0,-74,-74,-52,-66
0,-70,-80,-80,0,0,0,-66,-77,-77,-54,-50,-47,-48,-69,-66,-80,-81,0,0,-68,-68,0,-64,-61,-62,0,0,-79,-80,-65,-63,-64,-63,0,0,-74,-74,0,0,0,0,0,0,0,0,0,0,0,-74,-74,-52,-66
0,0,-81,-80,0,-79,-80,-66,-78,-77,-54,-50,-47,-47,-69,-66,-81,-82,-76,0,-68,-68,0,0,-62,-63,0,0,-77,-78,-65,-62,-62,-63,0,0,-73,-73,0,0,0,0,0,0,0,0,0,0,0,-74,-74,-50,-64
0,0,-81,-80,0,-79,-80,-66,-78,-77,-54,-50,-47,-47,-69,-66,-81,-82,-76,0,-68,-68,0,0,-62,-63,0,0,-77,-78,-65,-62,-62,-63,0,0,-73,-73,0,0,0,0,0,0,0,0,0,0,0,-74,-74,-50,-64
0,0,-81,-80,0,-79,-80,-66,-78,-77,-54,-50,-47,-47,-69,-66,-81,-82,-76,0,-68,-68,0,0,-62,-63,0,0,-77,-78,-65,-62,-62,-63,0,0,-73,-73,0,0,0,0,0,0,0,0,0,0,0,-74,-74,-50,-64
0,0,-81,-80,0,-79,-80,-66,-78,-77,-54,-50,-47,-47,-69,-66,-81,-82,-76,0,-68,-68,0,0,-62,-63,0,0,-77,-78,-65,-62,-62,-63,0,0,-73,-73,0,0,0,0,0,0,0,0,0,0,0,-74,-74,-50,-64
0,0,-81,-80,0,-79,-80,-66,-78,-77,-54,-50,-47,-47,-69,-66,-81,-82,-76,0,-68,-68,0,0,-62,-63,0,0,-77,-78,-65,-62,-62,-63,0,0,-73,-73,0,0,0,0,0,0,0,0,0,0,0,-74,-74,-50,-64
0,0,-81,-80,0,-79,-80,-69,-78,-77,-55,-52,-47,-47,0,-66,-81,-82,-76,0,-68,-68,-70,-65,-62,-63,0,0,-77,-78,-65,-62,-64,-65,0,0,-73,-73,0,0,0,0,0,0,0,-84,-82,0,0,-74,-74,-51,-64
0,0,-81,-80,0,-79,-80,-69,-78,-77,-55,-52,-47,-47,0,-66,-81,-82,-76,0,-68,-68,-70,-65,-62,-63,0,0,-77,-78,-65,-62,-64,-65,0,0,-73,-73,0,0,0,0,0,0,0,-84,-82,0,0,-74,-74,-51,-64
0,0,-81,-80,0,-79,-80,-69,-78,-77,-55,-52,-49,-47,0,-66,-81,-82,-76,0,-68,-68,-70,-65,-62,-63,0,0,-77,-78,-65,-62,-64,-65,0,0,-73,-73,0,0,0,0,0,0,0,-84,-82,0,0,-74,-74,-51,-64
0,0,-81,-80,0,-79,-80,-69,-78,-77,-55,-52,-49,-47,0,-66,-81,-82,-76,0,-68,-68,-70,-65,-62,-63,0,0,-77,-78,-65,-62,-64,-65,0,0,-73,-73,0,0,0,0,0,0,0,-84,-82,0,0,-74,-74,-51,-64
0,0,-81,-80,0,-79,-80,-69,-78,-77,-55,-52,-49,-47,0,-66,-81,-82,-76,0,-68,-68,-70,-65,-62,-63,0,0,-77,-78,-65,-62,-64,-65,0,0,-73,-73,0,0,0,0,0,0,0,-84,-82,0,0,-74,-74,-51,-64
0,0,-81,-81,0,-79,-79,-69,-78,-78,-53,-49,-49,-49,0,-66,-82,-82,0,0,-68,-68,-70,-65,-62,-62,0,0,-76,-76,0,-62,-65,-67,0,0,-73,-73,0,0,-81,0,0,0,0,-84,-82,0,0,-74,-74,-51,-64
0,0,-81,-81,0,-79,-79,-69,-78,-78,-53,-49,-49,-49,0,-66,-82,-82,0,0,-68,-68,-70,-65,-62,-62,0,0,-76,-76,0,-62,-65,-67,0,0,-73,-73,0,0,-81,0,0,0,0,-84,-82,0,0,-74,-74,-51,-64
0,0,-81,-81,0,-79,-79,-69,-78,-78,-53,-49,-49,-49,0,-66,-82,-82,0,0,-68,-68,-70,-65,-62,-62,0,0,-76,-76,0,-62,-65,-67,0,0,-73,-73,0,0,-81,0,0,0,0,-84,-82,0,0,-74,-74,-51,-64
0,0,-81,-81,0,-79,-79,-69,-78,-78,-53,-49,-47,-49,0,-66,-82,-82,0,0,-68,-68,-70,-65,-62,-62,0,0,-76,-76,0,-62,-65,-67,0,0,-73,-73,0,0,-81,0,0,0,0,-84,-82,0,0,-74,-74,-51,-64
0,0,-81,-81,0,-79,-79,-69,-78,-78,-53,-49,-47,-49,0,-66,-82,-82,0,0,-68,-68,-70,-65,-62,-62,0,0,-76,-76,0,-62,-65,-67,0,0,-73,-73,0,0,-81,0,0,0,0,-84,-82,0,0,-74,-74,-51,-64
0,0,-81,-81,-70,-79,-79,-68,-74,-74,-56,-50,-49,-51,-69,-65,-82,-82,0,0,-68,-68,-69,-65,-64,-64,0,0,-76,-77,-65,-62,-65,-66,0,0,-74,-74,0,0,-81,0,0,0,0,0,0,0,0,-74,-74,-52,-64
0,0,-81,-81,-70,-79,-79,-68,-74,-74,-56,-50,-49,-51,-69,-65,-82,-82,0,0,-68,-68,-69,-65,-64,-64,0,0,-76,-77,-65,-62,-65,-66,0,0,-74,-74,0,0,-81,0,0,0,0,0,0,0,0,-74,-74,-52,-64
0,0,-81,-81,-70,-79,-79,-68,-74,-74,-56,-50,-49,-51,-69,-65,-82,-82,0,0,-68,-68,-69,-65,-64,-64,0,0,-76,-77,-65,-62,-65,-66,0,0,-74,-74,0,0,-81,0,0,0,0,0,0,0,0,-74,-74,-52,-64
0,0,-81,-81,-70,-79,-79,-68,-74,-74,-56,-50,-47,-51,-69,-65,-82,-82,0,0,-68,-68,-69,-65,-64,-64,0,0,-76,-77,-65,-62,-65,-66,0,0,-74,-74,0,0,-81,0,0,0,0,0,0,0,0,-74,-74,-52,-64
0,0,-81,-81,-70,-79,-79,-68,-74,-74,-56,-50,-47,-51,-69,-65,-82,-82,0,0,-68,-68,-69,-65,-64,-64,0,0,-76,-77,-65,-62,-65,-66,0,0,-74,-74,0,0,-81,0,0,0,0,0,0,0,0,-74,-74,-52,-64
0,0,-81,-81,-71,0,0,-68,-75,-75,-53,-50,-48,-49,-69,-65,-82,-82,0,0,-69,-68,-69,-65,-59,-59,0,0,-76,-77,-63,-62,-71,-70,0,0,-72,-72,0,0,0,0,0,0,0,0,0,0,0,-76,-76,-52,-63
0,0,-81,-81,-71,0,0,-68,-75,-75,-53,-50,-48,-49,-69,-65,-82,-82,0,0,-69,-68,-69,-65,-59,-59,0,0,-76,-77,-63,-62,-71,-70,0,0,-72,-72,0,0,0,0,0,0,0,0,0,0,0,-76,-76,-52,-63
0,0,-81,-81,-71,0,0,-68,-75,-75,-53,-50,-48,-49,-69,-65,-82,-82,0,0,-69,-68,-69,-65,-59,-59,0,0,-76,-77,-63,-62,-71,-70,0,0,-72,-72,0,0,0,0,0,0,0,0,0,0,0,-76,-76,-52,-63
0,0,-81,-81,-71,0,0,-68,-75,-75,-53,-50,-48,-49,-69,-65,-82,-82,0,0,-69,-68,-69,-65,-59,-59,0,0,-76,-77,-63,-62,-71,-70,0,0,-72,-72,0,0,0,0,0,0,0,0,0,0,0,-76,-76,-52,-63
0,0,-81,-81,-71,0,0,-68,-75,-75,-53,-50,-48,-49,-69,-65,-82,-82,0,0,-69,-68,-69,-65,-59,-59,0,0,-76,-77,-63,-62,-71,-70,0,0,-72,-72,0,0,0,0,0,0,0,0,0,0,0,-76,-76,-52,-63
0,0,-81,-81,-71,-81,-79,0,-75,-75,-53,-50,-46,-45,0,-65,-83,-83,0,0,-69,-68,0,0,-57,-57,0,0,-79,-79,-63,-59,-64,-65,0,0,-71,-72,0,0,0,0,0,0,0,0,0,0,0,-76,-76,-52,-62
0,0,-81,-81,-71,-81,-79,0,-75,-75,-53,-50,-45,-45,0,-65,-83,-83,0,0,-69,-68,0,0,-57,-57,0,0,-79,-79,-63,-59,-64,-65,0,0,-71,-72,0,0,0,0,0,0,0,0,0,0,0,-76,-76,-52,-62
0,0,-81,-81,-71,-81,-79,0,-75,-75,-53,-50,-45,-45,0,-65,-83,-83,0,0,-69,-68,0,0,-57,-57,0,0,-79,-79,-63,-59,-64,-65,0,0,-71,-72,0,0,0,0,0,0,0,0,0,0,0,-76,-76,-52,-62
0,0,-81,-81,-71,-81,-79,0,-75,-75,-53,-50,-45,-45,0,-65,-83,-83,0,0,-69,-68,0,0,-57,-57,0,0,-79,-79,-63,-59,-64,-65,0,0,-71,-72,0,0,0,0,0,0,0,0,0,0,0,-76,-76,-52,-62
0,0,-81,-81,-71,-81,-79,0,-75,-75,-53,-50,-45,-45,0,-65,-83,-83,0,0,-69,-68,0,0,-57,-57,0,0,-79,-79,-63,-59,-64,-65,0,0,-71,-72,0,0,0,0,0,0,0,0,0,0,0,-76,-76,-52,-62
0,0,-78,-79,0,-81,-79,0,-75,-77,-56,-51,-45,-45,0,0,-82,-83,-75,-69,-68,-68,-68,0,-56,-56,0,0,-79,-79,0,-62,-64,-65,0,0,-70,-70,0,0,0,0,0,0,0,0,0,0,0,-76,-77,-49,-60
0,0,-78,-79,0,-81,-79,0,-75,-77,-56,-51,-46,-45,0,0,-82,-83,-75,-69,-68,-68,-68,0,-56,-56,0,0,-79,-79,0,-62,-64,-65,0,0,-70,-70,0,0,0,0,0,0,0,0,0,0,0,-76,-77,-49,-60
0,0,-78,-79,0,-81,-79,0,-75,-77,-56,-51,-46,-45,0,0,-82,-83,-75,-69,-68,-68,-68,0,-56,-56,0,0,-79,-79,0,-62,-64,-65,0,0,-70,-70,0,0,0,0,0,0,0,0,0,0,0,-76,-77,-49,-60
0,0,-78,-79,0,-81,-79,0,-75,-77,-56,-51,-46,-45,0,0,-82,-83,-75,-69,-68,-68,-68,0,-56,-56,0,0,-79,-79,0,-62,-64,-65,0,0,-70,-70,0,0,0,0,0,0,0,0,0,0,0,-76,-77,-49,-60
0,0,-78,-79,0,-81,-79,0,-75,-77,-56,-51,-47,-45,0,0,-82,-83,-75,-69,-68,-68,-68,0,-56,-56,0,0,-79,-79,0,-62,-64,-65,0,0,-70,-70,0,0,0,0,0,0,0,0,0,0,0,-76,-77,-49,-60
-73,0,-78,-79,0,-80,-79,-67,-74,-73,-56,-61,-48,-49,0,-65,-82,-83,-75,-69,-75,-71,-68,-63,-56,-56,0,0,-77,-79,-64,-62,0,0,0,0,-72,-72,0,0,0,0,0,0,0,0,0,0,0,-77,-78,-49,-62
-73,0,-78,-79,0,-80,-79,-67,-74,-73,-56,-61,-48,-49,0,-65,-82,-83,-75,-69,-75,-71,-68,-63,-56,-56,0,0,-77,-79,-64,-62,0,0,0,0,-72,-72,0,0,0,0,0,0,0,0,0,0,0,-77,-78,-49,-62
-73,0,-78,-79,0,-80,-79,-67,-74,-73,-56,-61,-49,-49,0,-65,-82,-83,-75,-69,-75,-71,-68,-63,-56,-56,0,0,-77,-79,-64,-62,0,0,0,0,-72,-72,0,0,0,0,0,0,0,0,0,0,0,-77,-78,-49,-62
-73,0,-78,-79,0,-80,-79,-67,-74,-73,-56,-61,-49,-49,0,-65,-82,-83,-75,-69,-75,-71,-68,-63,-56,-56,0,0,-77,-79,-64,-62,0,0,0,0,-72,-72,0,0,0,0,0,0,0,0,0,0,0,-77,-78,-49,-62
-73,0,-78,-79,0,-80,-79,-67,-74,-73,-56,-61,-49,-49,0,-65,-82,-83,-75,-69,-75,-71,-68,-63,-56,-56,0,0,-77,-79,-64,-62,0,0,0,0,-72,-72,0,0,0,0,0,0,0,0,0,0,0,-77,-78,-49,-62
-73,-58,-81,-80,0,-77,-78,-74,-73,-73,-60,-61,-49,-49,-67,-64,-82,-83,0,-69,-69,-67,-69,-67,-56,-56,0,0,-78,-78,-63,-59,0,0,0,0,-76,-76,0,0,0,0,0,0,0,0,0,0,0,-77,-77,-50,-56
-73,-58,-81,-80,0,-77,-78,-74,-73,-73,-60,-61,-49,-49,-67,-64,-82,-83,0,-69,-69,-67,-69,-67,-56,-56,0,0,-78,-78,-63,-59,0,0,0,0,-76,-76,0,0,0,0,0,0,0,0,0,0,0,-77,-77,-50,-56
-73,-58,-81,-80,0,-77,-78,-74,-73,-73,-60,-61,-49,-49,-67,-64,-82,-83,0,-69,-69,-67,-69,-67,-56,-56,0,0,-78,-78,-63,-59,0,0,0,0,-76,-76,0,0,0,0,0,0,0,0,0,0,0,-77,-77,-50,-56
-73,-58,-81,-80,0,-77,-78,-74,-73,-73,-60,-61,-49,-49,-67,-64,-82,-83,0,-69,-69,-67,-69,-67,-56,-56,0,0,-78,-78,-63,-59,0,0,0,0,-76,-76,0,0,0,0,0,0,0,0,0,0,0,-77,-77,-50,-56
-73,-58,-81,-80,0,-77,-78,-74,-73,-73,-60,-61,-49,-49,-67,-64,-82,-83,0,-69,-69,-67,-69,-67,-56,-56,0,0,-78,-78,-63,-59,0,0,0,0,-76,-76,0,0,0,0,0,0,0,0,0,0,0,-77,-77,-50,-56
0,-58,-79,-79,0,-78,-78,-67,-73,-73,-55,-52,-48,-48,-67,-63,-82,-83,0,-69,-68,-67,-69,-66,-56,-57,0,0,-77,-77,-63,-59,-60,-61,0,0,-72,-72,0,0,0,0,0,0,0,0,0,0,0,-76,-76,-50,-62
0,-58,-79,-79,0,-78,-78,-67,-73,-73,-55,-52,-48,-48,-67,-63,-82,-83,0,-69,-68,-67,-69,-66,-56,-57,0,0,-77,-77,-63,-59,-60,-61,0,0,-72,-72,0,0,0,0,0,0,0,0,0,0,0,-76,-76,-50,-62
0,-58,-79,-79,0,-78,-78,-67,-73,-73,-55,-52,-49,-48,-67,-63,-82,-83,0,-69,-68,-67,-69,-66,-56,-57,0,0,-77,-77,-63,-59,-60,-61,0,0,-72,-72,0,0,0,0,0,0,0,0,0,0,0,-76,-76,-50,-62
0,-58,-79,-79,0,-78,-78,-67,-73,-73,-55,-52,-49,-48,-67,-63,-82,-83,0,-69,-68,-67,-69,-66,-56,-57,0,0,-77,-77,-63,-59,-60,-61,0,0,-72,-72,0,0,0,0,0,0,0,0,0,0,0,-76,-76,-50,-62
0,-58,-79,-79,0,-78,-78,-67,-73,-73,-55,-52,-49,-48,-67,-63,-82,-83,0,-69,-68,-67,-69,-66,-56,-57,0,0,-77,-77,-63,-59,-60,-61,0,0,-72,-72,0,0,0,0,0,0,0,0,0,0,0,-76,-76,-50,-62
0,0,-80,-80,0,-78,-77,-67,-79,-79,-55,-52,-49,-49,-67,-63,-82,-83,0,-65,-69,-70,-69,-66,-65,-66,0,0,-77,-76,-65,-58,-60,-60,0,0,-72,-72,0,0,0,0,0,0,0,0,0,0,0,-76,-76,-51,-61
0,0,-78,-79,-75,-79,-78,-79,-71,-71,-57,-56,-53,-53,0,0,-80,-79,0,-68,-74,-75,-70,-66,-61,-59,-79,-81,-79,-79,-64,-60,-62,-62,0,0,-76,-76,0,0,0,0,0,0,0,0,0,0,0,-78,-80,-55,-63
0,0,-78,-79,-75,-79,-78,-79,-71,-71,-57,-56,-53,-53,0,0,-80,-79,0,-68,-74,-75,-70,-66,-61,-59,-79,-81,-79,-79,-64,-60,-62,-62,0,0,-76,-76,0,0,0,0,0,0,0,0,0,0,0,-78,-80,-55,-63
0,0,-78,-79,-75,-79,-78,-79,-71,-71,-57,-56,-53,-53,0,0,-80,-79,0,-68,-74,-75,-70,-66,-61,-59,-79,-81,-79,-79,-64,-60,-62,-62,0,0,-76,-76,0,0,0,0,0,0,0,0,0,0,0,-78,-80,-55,-63
0,0,-78,-79,-75,-79,-78,-79,-71,-71,-57,-56,-53,-53,0,0,-80,-79,0,-68,-74,-75,-70,-66,-61,-59,-79,-81,-79,-79,-64,-60,-62,-62,0,0,-76,-76,0,0,0,0,0,0,0,0,0,0,0,-78,-80,-55,-63
0,0,-78,-79,-75,-79,-78,-79,-71,-71,-57,-56,-53,-53,0,0,-80,-79,0,-68,-74,-75,-70,-66,-61,-59,-79,-81,-79,-79,-64,-60,-62,-62,0,0,-76,-76,0,0,0,0,0,0,0,0,0,0,0,-78,-80,-55,-63
0,0,-78,-79,-75,-79,-78,-79,-71,-71,-57,-56,-53,-53,0,0,-80,-79,0,-68,-74,-75,-70,-66,-61,-59,-79,-81,-79,-79,-64,-60,-62,-62,0,0,-76,-76,0,0,0,0,0,0,0,0,0,0,0,-78,-80,-55,-63
