-65,-62,-71,-71,-72,0,0,0,-79,-79,0,0,-63,-64,0,0,-80,-79,0,-65,-70,-69,0,0,-63,-63,-75,-78,-71,-72,0,-60,-61,-62,0,-74,-78,-78,0,-76,-75,-78,-78,-83,-84,-75,-75,0,0,-80,-79,-50,-61
-65,-62,-71,-71,-72,0,0,0,-79,-79,0,0,-63,-64,0,0,-80,-79,0,-65,-70,-69,0,0,-63,-63,-75,-78,-71,-72,0,-60,-61,-62,0,-74,-78,-78,0,-76,-75,-78,-78,-83,-84,-75,-75,0,0,-80,-79,-50,-61
-65,-62,-71,-71,-72,0,0,0,-79,-79,0,0,-63,-64,0,0,-80,-79,0,-65,-70,-69,0,0,-63,-63,-75,-78,-71,-72,0,-60,-61,-62,0,-74,-78,-78,0,-76,-75,-78,-78,-83,-84,-75,-75,0,0,-80,-79,-50,-61
-65,-62,-71,-71,-72,0,0,0,-79,-79,0,0,-63,-64,0,0,-80,-79,0,-65,-70,-69,0,0,-63,-63,-75,-78,-71,-72,0,-60,-61,-62,0,-74,-78,-78,0,-76,-75,-78,-78,-83,-84,-75,-75,0,0,-80,-79,-50,-61
-65,-62,-71,-71,-72,0,0,0,-79,-79,0,0,-63,-64,0,0,-80,-79,0,-65,-70,-69,0,0,-63,-63,-75,-78,-71,-72,0,-60,-61,-62,0,-74,-78,-78,0,-76,-75,-78,-78,-83,-84,-75,-75,0,0,-80,-79,-50,-61
-65,-62,-71,-71,-72,0,0,0,-79,-79,-60,-58,-58,-58,0,0,-83,-83,0,-64,-73,-72,0,0,-62,-63,0,-78,-78,-80,-63,-58,-62,-62,0,-74,-82,-81,0,-76,-75,-81,-78,-83,-84,-82,-82,0,0,-80,-79,-60,-65
-65,-62,-71,-71,-72,0,0,0,-79,-79,-60,-58,-58,-58,0,0,-83,-83,0,-64,-73,-72,0,0,-62,-63,0,-78,-78,-80,-63,-58,-62,-62,0,-74,-82,-81,0,-76,-75,-81,-78,-83,-84,-82,-82,0,0,-80,-79,-60,-65
-65,-62,-71,-71,-72,0,0,0,-79,-79,-60,-58,-58,-58,0,0,-83,-83,0,-64,-73,-72,0,0,-62,-63,0,-78,-78,-80,-63,-58,-62,-62,0,-74,-82,-81,0,-76,-75,-81,-78,-83,-84,-82,-82,0,0,-80,-79,-60,-65
-65,-62,-71,-71,-72,0,0,0,-79,-79,-60,-58,-58,-58,0,0,-83,-83,0,-64,-73,-72,0,0,-62,-63,0,-78,-78,-80,-63,-58,-62,-62,0,-74,-82,-81,0,-76,-75,-81,-78,-83,-84,-82,-82,0,0,-80,-79,-60,-65
-65,-62,-71,-71,-72,0,0,0,-79,-79,-60,-58,-58,-58,0,0,-83,-83,0,-64,-73,-72,0,0,-62,-63,0,-78,-78,-80,-63,-58,-62,-62,0,-74,-82,-81,0,-76,-75,-81,-78,-83,-84,-82,-82,0,0,-80,-79,-60,-65
-68,-62,-71,-71,0,-84,0,0,-81,-79,-60,-58,-58,-58,0,0,-81,-82,0,-59,-73,-72,-72,0,-62,-63,0,0,-75,-76,-61,-58,-62,-63,0,-77,-79,-80,0,0,0,-81,0,0,0,-80,-80,0,0,-78,-78,-56,-61
-68,-62,-71,-71,0,-84,0,0,-81,-79,-60,-58,-58,-58,0,0,-81,-82,0,-59,-73,-72,-72,0,-60,-63,0,0,-75,-76,-61,-58,-62,-63,0,-77,-79,-80,0,0,0,-81,0,0,0,-80,-80,0,0,-78,-78,-56,-61
-68,-62,-71,-71,0,-84,0,0,-81,-79,-60,-58,-58,-58,0,0,-81,-82,0,-59,-73,-72,-72,0,-60,-63,0,0,-75,-76,-61,-58,-62,-63,0,-77,-79,-80,0,0,0,-81,0,0,0,-80,-80,0,0,-78,-78,-56,-61
-68,-62,-71,-71,0,-84,0,0,-81,-79,-60,-58,-58,-58,0,0,-81,-82,0,-59,-73,-72,-72,0,-60,-63,0,0,-75,-76,-61,-58,-62,-63,0,-77,-79,-80,0,0,0,-81,0,0,0,-80,-80,0,0,-78,-78,-56,-61
-68,-62,-71,-71,0,-84,0,0,-81,-79,-60,-58,-58,-58,0,0,-81,-82,0,-59,-73,-72,-72,0,-60,-63,0,0,-75,-76,-61,-58,-62,-63,0,-77,-79,-80,0,0,0,-81,0,0,0,-80,-80,0,0,-78,-78,-56,-61
-66,-61,-69,-69,0,-84,0,0,-78,-77,0,-57,-58,-58,0,-70,-80,-82,-62,-59,-70,-71,-70,-67,-70,-70,0,0,-74,-75,-58,-63,-64,-65,-77,-75,-75,-76,0,0,0,0,-82,0,0,-79,-79,0,0,-78,-77,-56,-59
-66,-61,-69,-69,0,-84,0,0,-78,-77,0,-57,-58,-58,0,-70,-80,-82,-62,-59,-70,-71,-70,-67,-70,-70,0,0,-74,-75,-58,-63,-64,-65,-77,-75,-75,-76,0,0,0,0,-82,0,0,-79,-79,0,0,-78,-77,-56,-59
-66,-61,-69,-69,0,-84,0,0,-78,-77,0,-57,-58,-58,0,-70,-80,-82,-62,-59,-70,-71,-70,-67,-65,-70,0,0,-74,-75,-58,-63,-64,-65,-77,-75,-75,-76,0,0,0,0,-82,0,0,-79,-79,0,0,-78,-77,-56,-59
-66,-61,-69,-69,0,-84,0,0,-78,-77,0,-57,-58,-58,0,-70,-80,-82,-62,-59,-70,-71,-70,-67,-65,-70,0,0,-74,-75,-58,-63,-64,-65,-77,-75,-75,-76,0,0,0,0,-82,0,0,-79,-79,0,0,-78,-77,-56,-59
-66,-61,-69,-69,0,-84,0,0,-78,-77,0,-57,-58,-58,0,-70,-80,-82,-62,-59,-70,-71,-70,-67,-62,-70,0,0,-74,-75,-58,-63,-64,-65,-77,-75,-75,-76,0,0,0,0,-82,0,0,-79,-79,0,0,-78,-77,-56,-59
-68,-63,-71,-70,0,0,0,0,-77,-77,0,-57,-57,-56,0,-70,-80,-82,-62,-59,-71,-73,-70,-67,-63,-63,0,0,-76,-76,-58,-62,-64,-65,-77,-75,-77,-78,0,0,0,-83,-82,0,0,-79,-79,0,0,-78,-77,-56,-56
-68,-63,-71,-70,0,0,0,0,-77,-77,0,-57,-57,-56,0,-70,-80,-82,-62,-59,-71,-73,-70,-67,-63,-63,0,0,-76,-76,-58,-62,-64,-65,-77,-75,-77,-78,0,0,0,-83,-82,0,0,-79,-79,0,0,-78,-77,-56,-56
-68,-63,-71,-70,0,0,0,0,-77,-77,0,-57,-57,-56,0,-70,-80,-82,-62,-59,-71,-73,-70,-67,-63,-63,0,0,-76,-76,-58,-62,-64,-65,-77,-75,-77,-78,0,0,0,-83,-82,0,0,-79,-79,0,0,-78,-77,-56,-56
-68,-63,-71,-70,0,0,0,0,-77,-77,0,-57,-57,-56,0,-70,-80,-82,-62,-59,-71,-73,-70,-67,-63,-63,0,0,-76,-76,-58,-62,-64,-65,-77,-75,-77,-78,0,0,0,-83,-82,0,0,-79,-79,0,0,-78,-77,-56,-56
-68,-63,-71,-70,0,0,0,0,-77,-77,0,-57,-57,-56,0,-70,-80,-82,-62,-59,-71,-73,-70,-67,-63,-63,0,0,-76,-76,-58,-62,-64,-65,-77,-75,-77,-78,0,0,0,-83,-82,0,0,-79,-79,0,0,-78,-77,-56,-56
-69,-63,-69,-70,0,0,0,0,-77,-78,0,0,-59,-58,0,0,-84,-82,0,0,-73,-73,0,0,-62,-63,0,0,-75,-75,-59,-62,-59,-59,0,0,-78,-78,0,0,0,-82,-82,0,0,-79,-79,0,0,-78,-77,-53,-56
-69,-63,-69,-70,0,0,0,0,-77,-78,0,0,-59,-58,0,0,-84,-82,0,0,-73,-73,0,0,-62,-63,0,0,-75,-75,-59,-62,-59,-59,0,0,-78,-78,0,0,0,-82,-82,0,0,-79,-79,0,0,-78,-77,-53,-56
-69,-63,-69,-70,0,0,0,0,-77,-78,0,0,-59,-58,0,0,-84,-82,0,0,-73,-73,0,0,-62,-63,0,0,-75,-75,-59,-62,-59,-59,0,0,-78,-78,0,0,0,-82,-82,0,0,-79,-79,0,0,-78,-77,-53,-56
-69,-63,-69,-70,0,0,0,0,-77,-78,0,0,-59,-58,0,0,-84,-82,0,0,-73,-73,0,0,-62,-63,0,0,-75,-75,-59,-62,-59,-59,0,0,-78,-78,0,0,0,-82,-82,0,0,-79,-79,0,0,-78,-77,-53,-56
-69,-63,-69,-70,0,0,0,0,-77,-78,0,0,-59,-58,0,0,-84,-82,0,0,-73,-73,0,0,-62,-63,0,0,-75,-75,-59,-62,-59,-59,0,0,-78,-78,0,0,0,-82,-82,0,0,-79,-79,0,0,-78,-77,-53,-56
-69,-65,-70,-70,0,0,0,0,-78,-78,0,-56,-57,-58,0,0,-82,-82,0,-57,-71,-72,0,-67,-62,-62,-78,-80,-75,-75,-59,-61,-63,-63,-76,-72,-78,-78,0,0,0,-82,-82,0,0,-79,-79,0,0,-76,-76,-53,-58
-69,-65,-70,-70,0,0,0,0,-78,-78,0,-56,-57,-58,0,0,-82,-82,0,-57,-71,-72,0,-67,-62,-62,-78,-80,-75,-75,-59,-61,-63,-63,-76,-72,-78,-78,0,0,0,-82,-82,0,0,-79,-79,0,0,-76,-76,-53,-58
-69,-65,-70,-70,0,0,0,0,-78,-78,0,-56,-57,-58,0,0,-82,-82,0,-57,-71,-72,0,-67,-62,-62,-78,-80,-75,-75,-59,-61,-63,-63,-76,-72,-78,-78,0,0,0,-82,-82,0,0,-79,-79,0,0,-76,-76,-53,-58
-69,-65,-70,-70,0,0,0,0,-78,-78,0,-56,-57,-58,0,0,-82,-82,0,-57,-71,-72,0,-67,-62,-62,-78,-80,-75,-75,-59,-61,-63,-63,-76,-72,-78,-78,0,0,0,-82,-82,0,0,-79,-79,0,0,-76,-76,-53,-58
-69,-65,-70,-70,0,0,0,0,-78,-78,0,-56,-57,-58,0,0,-82,-82,0,-57,-71,-72,0,-67,-62,-62,-78,-80,-75,-75,-59,-61,-63,-63,-76,-72,-78,-78,0,0,0,-82,-82,0,0,-79,-79,0,0,-76,-76,-53,-58
-66,-62,-67,-68,0,0,0,0,-79,-78,-64,-58,-56,-57,0,0,-83,-82,0,-57,-71,-72,-73,-67,-59,-60,-78,-80,-76,0,-59,-60,-62,-61,-76,-72,-76,-77,0,0,0,0,0,0,0,-78,-80,0,0,-75,-75,-56,-59
-66,-62,-67,-68,0,0,0,0,-79,-78,-64,-58,-56,-57,0,0,-83,-82,0,-57,-71,-72,-73,-67,-62,-60,-78,-80,-76,0,-59,-60,-62,-61,-76,-72,-76,-77,0,0,0,0,0,0,0,-78,-80,0,0,-75,-75,-56,-59
-66,-62,-67,-68,0,0,0,0,-79,-78,-64,-58,-56,-57,0,0,-83,-82,0,-57,-71,-72,-73,-67,-62,-60,-78,-80,-76,0,-59,-60,-62,-61,-76,-72,-76,-77,0,0,0,0,0,0,0,-78,-80,0,0,-75,-75,-56,-59
-66,-62,-67,-68,0,0,0,0,-79,-78,-64,-58,-56,-57,0,0,-83,-82,0,-57,-71,-72,-73,-67,-62,-60,-78,-80,-76,0,-59,-60,-62,-61,-76,-72,-76,-77,0,0,0,0,0,0,0,-78,-80,0,0,-75,-75,-56,-59
-66,-62,-67,-68,0,0,0,0,-79,-78,-64,-58,-56,-57,0,0,-83,-82,0,-57,-71,-72,-73,-67,-63,-60,-78,-80,-76,0,-59,-60,-62,-61,-76,-72,-76,-77,0,0,0,0,0,0,0,-78,-80,0,0,-75,-75,-56,-59
-66,-62,-72,-73,0,0,0,0,-79,-79,-64,-56,-57,-57,-71,-65,-83,-82,-60,-57,-71,-72,-73,0,-62,-62,-78,-78,-79,-79,-60,-58,-62,-61,0,0,-77,-77,0,0,0,0,0,0,0,-82,-82,0,0,-80,-80,-56,-60
-66,-62,-72,-73,0,0,0,0,-79,-79,-64,-56,-57,-57,-71,-65,-83,-82,-60,-57,-71,-72,-73,0,-62,-62,-78,-78,-79,-79,-60,-58,-62,-61,0,0,-77,-77,0,0,0,0,0,0,0,-82,-82,0,0,-80,-80,-56,-60
-66,-62,-72,-73,0,0,0,0,-79,-79,-64,-56,-57,-57,-71,-65,-83,-82,-60,-57,-71,-72,-73,0,-62,-62,-78,-78,-79,-79,-60,-58,-62,-61,0,0,-77,-77,0,0,0,0,0,0,0,-82,-82,0,0,-80,-80,-56,-60
-66,-62,-72,-73,0,0,0,0,-79,-79,-64,-56,-57,-57,-71,-65,-83,-82,-60,-57,-71,-72,-73,0,-62,-62,-78,-78,-79,-79,-60,-58,-62,-61,0,0,-77,-77,0,0,0,0,0,0,0,-82,-82,0,0,-80,-80,-56,-60
-66,-62,-72,-73,0,0,0,0,-79,-79,-64,-56,-57,-57,-71,-65,-83,-82,-60,-57,-71,-72,-73,0,-62,-62,-78,-78,-79,-79,-60,-58,-62,-61,0,0,-77,-77,0,0,0,0,0,0,0,-82,-82,0,0,-80,-80,-56,-60
-66,-62,-74,-74,0,0,0,0,-79,-78,0,-56,-59,-58,-71,-65,-82,-82,-61,-59,-71,-72,0,0,-62,-61,-78,-78,-79,-81,-60,-57,-61,-61,0,0,-77,-77,0,0,0,0,0,0,0,-80,-80,0,0,-80,-80,-56,-64
-66,-62,-74,-74,0,0,0,0,-79,-78,0,-56,-59,-58,-71,-65,-82,-82,-61,-59,-71,-72,0,0,-62,-61,-78,-78,-79,-81,-60,-57,-61,-61,0,0,-77,-77,0,0,0,0,0,0,0,-80,-80,0,0,-80,-80,-56,-64
-66,-62,-74,-74,0,0,0,0,-79,-78,0,-56,-59,-58,-71,-65,-82,-82,-61,-59,-71,-72,0,0,-62,-61,-78,-78,-79,-81,-60,-57,-61,-61,0,0,-77,-77,0,0,0,0,0,0,0,-80,-80,0,0,-80,-80,-56,-64
-66,-62,-74,-74,0,0,0,0,-79,-78,0,-56,-59,-58,-71,-65,-82,-82,-61,-59,-71,-72,0,0,-62,-61,-78,-78,-79,-81,-60,-57,-61,-61,0,0,-77,-77,0,0,0,0,0,0,0,-80,-80,0,0,-80,-80,-56,-64
-66,-62,-74,-74,0,0,0,0,-79,-78,0,-56,-59,-58,-71,-65,-82,-82,-61,-59,-71,-72,0,0,-62,-61,-78,-78,-79,-81,-60,-57,-61,-61,0,0,-77,-77,0,0,0,0,0,0,0,-80,-80,0,0,-80,-80,-56,-64
-65,-62,-74,-74,0,0,0,0,-79,-78,-64,-60,-59,-58,0,0,-82,-82,-61,-59,-71,-71,0,0,-62,-62,0,0,0,-81,-60,-57,-63,-62,0,0,-78,-77,0,0,0,0,0,0,0,-82,-82,0,0,-81,-81,-57,-62
-65,-62,-74,-74,0,0,0,0,-79,-78,-64,-60,-59,-58,0,0,-82,-82,-61,-59,-71,-71,0,0,-62,-62,0,0,0,-81,-60,-57,-63,-62,0,0,-78,-77,0,0,0,0,0,0,0,-82,-82,0,0,-81,-81,-57,-62
-65,-62,-74,-74,0,0,0,0,-79,-78,-64,-60,-59,-58,0,0,-82,-82,-61,-59,-71,-71,0,0,-62,-62,0,0,0,-81,-60,-57,-63,-62,0,0,-78,-77,0,0,0,0,0,0,0,-82,-82,0,0,-81,-81,-57,-62
-65,-62,-74,-74,0,0,0,0,-79,-78,-64,-60,-59,-58,0,0,-82,-82,-61,-59,-71,-71,0,0,-62,-62,0,0,0,-81,-60,-57,-63,-62,0,0,-78,-77,0,0,0,0,0,0,0,-82,-82,0,0,-81,-81,-57,-62
-65,-62,-74,-74,0,0,0,0,-79,-78,-64,-60,-59,-58,0,0,-82,-82,-61,-59,-71,-71,0,0,-62,-62,0,0,0,-81,-60,-57,-63,-62,0,0,-78,-77,0,0,0,0,0,0,0,-82,-82,0,0,-81,-81,-57,-62
-67,-62,-72,-72,0,0,0,0,-79,-78,-64,-60,-58,-58,0,0,-82,-82,-59,0,-71,-71,0,0,-64,-64,0,0,-82,-81,-60,-58,-60,-60,0,0,-78,-77,0,0,0,0,0,0,0,-82,-82,0,0,-82,-82,-57,-62
-67,-62,-72,-72,0,0,0,0,-79,-78,-64,-60,-58,-58,0,0,-82,-82,-59,0,-71,-71,0,0,-64,-64,0,0,-82,-81,-60,-58,-60,-60,0,0,-78,-77,0,0,0,0,0,0,0,-82,-82,0,0,-82,-82,-57,-62
-67,-62,-72,-72,0,0,0,0,-79,-78,-64,-60,-58,-58,0,0,-82,-82,-59,0,-71,-71,0,0,-64,-64,0,0,-82,-81,-60,-58,-60,-60,0,0,-78,-77,0,0,0,0,0,0,0,-82,-82,0,0,-82,-82,-57,-62
-67,-62,-72,-72,0,0,0,0,-79,-78,-64,-60,-58,-58,0,0,-82,-82,-59,0,-71,-71,0,0,-64,-64,0,0,-82,-81,-60,-58,-60,-60,0,0,-78,-77,0,0,0,0,0,0,0,-82,-82,0,0,-82,-82,-57,-62
-67,-62,-72,-72,0,0,0,0,-79,-78,-64,-60,-58,-58,0,0,-82,-82,-59,0,-71,-71,0,0,-64,-64,0,0,-82,-81,-60,-58,-60,-60,0,0,-78,-77,0,0,0,0,0,0,0,-82,-82,0,0,-82,-82,-57,-62
-67,-63,-72,-70,0,0,0,0,-80,-80,-64,-59,-58,-58,0,-65,-78,-80,-59,0,-71,-72,0,0,-63,-64,0,0,-78,-78,-60,-59,-61,-60,-78,-77,-80,-80,0,0,0,0,-81,0,0,-80,-78,0,0,-79,-79,-54,-60
-67,-63,-72,-70,0,0,0,0,-80,-80,-64,-59,-58,-58,0,-65,-78,-80,-59,0,-71,-72,0,0,-63,-64,0,0,-78,-78,-60,-59,-61,-60,-78,-77,-80,-80,0,0,0,0,-81,0,0,-80,-78,0,0,-79,-79,-54,-60
-67,-63,-72,-70,0,0,0,0,-80,-80,-64,-59,-58,-58,0,-65,-78,-80,-59,0,-71,-72,0,0,-63,-64,0,0,-78,-78,-60,-59,-61,-60,-78,-77,-80,-80,0,0,0,0,-81,0,0,-80,-78,0,0,-79,-79,-54,-60
-67,-63,-72,-70,0,0,0,0,-80,-80,-64,-59,-58,-58,0,-65,-78,-80,-59,0,-71,-72,0,0,-64,-64,0,0,-78,-78,-60,-59,-61,-60,-78,-77,-80,-80,0,0,0,0,-81,0,0,-80,-78,0,0,-79,-79,-54,-60
-67,-63,-72,-70,0,0,0,0,-80,-80,-64,-59,-58,-58,0,-65,-78,-80,-59,0,-71,-72,0,0,-64,-64,0,0,-78,-78,-60,-59,-61,-60,-78,-77,-80,-80,0,0,0,0,-81,0,0,-80,-78,0,0,-79,-79,-54,-60
-70,-66,-70,-70,0,0,0,0,-79,-78,-64,-61,-57,-58,0,-65,-81,-82,-60,-56,-72,-73,0,-68,-64,-64,0,0,-78,-78,-63,-67,-61,-60,-78,-77,-80,-80,0,0,0,0,-81,0,0,-78,-78,0,0,-78,-79,-54,-63
-70,-66,-70,-70,0,0,0,0,-79,-78,-64,-61,-57,-58,0,-65,-81,-82,-60,-56,-72,-73,0,-68,-64,-64,0,0,-78,-78,-63,-67,-61,-60,-78,-77,-80,-80,0,0,0,0,-81,0,0,-78,-78,0,0,-78,-79,-54,-63
-70,-66,-70,-70,0,0,0,0,-79,-78,-64,-61,-57,-58,0,-65,-81,-82,-60,-56,-72,-73,0,-68,-64,-64,0,0,-78,-78,-63,-67,-61,-60,-78,-77,-80,-80,0,0,0,0,-81,0,0,-78,-78,0,0,-78,-79,-54,-63
-70,-66,-70,-70,0,0,0,0,-79,-78,-64,-61,-57,-58,0,-65,-81,-82,-60,-56,-72,-73,0,-68,-63,-64,0,0,-78,-78,-63,-67,-61,-60,-78,-77,-80,-80,0,0,0,0,-81,0,0,-78,-78,0,0,-78,-79,-54,-63
-70,-66,-70,-70,0,0,0,0,-79,-78,-64,-61,-57,-58,0,-65,-81,-82,-60,-56,-72,-73,0,-68,-63,-64,0,0,-78,-78,-63,-67,-61,-60,-78,-77,-80,-80,0,0,0,0,-81,0,0,-78,-78,0,0,-78,-79,-54,-63
-69,-66,-69,-69,0,0,0,0,-78,-78,0,-61,-60,-60,0,0,-82,-82,-60,-56,-71,-71,0,-68,-63,-62,-78,-77,-78,-78,-64,-64,-64,-63,-77,-77,-79,-78,0,0,0,-80,-81,0,0,-77,-77,0,0,-76,-76,-51,-62
-69,-66,-69,-69,0,0,0,0,-78,-78,0,-61,-60,-60,0,0,-82,-82,-60,-56,-71,-71,0,-68,-60,-62,-78,-77,-78,-78,-64,-64,-64,-63,-77,-77,-79,-78,0,0,0,-80,-81,0,0,-77,-77,0,0,-76,-76,-51,-62
-69,-66,-69,-69,0,0,0,0,-78,-78,0,-61,-60,-60,0,0,-82,-82,-60,-56,-71,-71,0,-68,-60,-62,-78,-77,-78,-78,-64,-64,-64,-63,-77,-77,-79,-78,0,0,0,-80,-81,0,0,-77,-77,0,0,-76,-76,-51,-62
-69,-66,-69,-69,0,0,0,0,-78,-78,0,-61,-60,-60,0,0,-82,-82,-60,-56,-71,-71,0,-68,-60,-62,-78,-77,-78,-78,-64,-64,-64,-63,-77,-77,-79,-78,0,0,0,-80,-81,0,0,-77,-77,0,0,-76,-76,-51,-62
-69,-66,-69,-69,0,0,0,0,-78,-78,0,-61,-60,-60,0,0,-82,-82,-60,-56,-71,-71,0,-68,-61,-62,-78,-77,-78,-78,-64,-64,-64,-63,-77,-77,-79,-78,0,0,0,-80,-81,0,0,-77,-77,0,0,-76,-76,-51,-62
-69,-66,-69,-68,0,0,0,0,-77,-78,0,0,-60,-60,0,0,-81,-81,0,-56,-71,-71,0,-68,-59,-60,-77,-77,-78,-78,-59,-66,-65,-66,-80,-76,-77,-76,0,0,-79,-81,-81,0,0,-78,-77,0,0,-77,-77,-53,-58
-69,-66,-69,-68,0,0,0,0,-77,-78,0,0,-60,-60,0,0,-81,-81,0,-56,-71,-71,0,-68,-59,-60,-77,-77,-78,-78,-59,-66,-65,-66,-80,-76,-77,-76,0,0,-79,-81,-81,0,0,-78,-77,0,0,-77,-77,-53,-58
-69,-66,-69,-68,0,0,0,0,-77,-78,0,0,-60,-60,0,0,-81,-81,0,-56,-71,-71,0,-68,-59,-60,-77,-77,-78,-78,-59,-66,-65,-66,-80,-76,-77,-76,0,0,-79,-81,-81,0,0,-78,-77,0,0,-77,-77,-53,-58
-69,-66,-69,-68,0,0,0,0,-77,-78,0,0,-60,-60,0,0,-81,-81,0,-56,-71,-71,0,-68,-59,-60,-77,-77,-78,-78,-59,-66,-65,-66,-80,-76,-77,-76,0,0,-79,-81,-81,0,0,-78,-77,0,0,-77,-77,-53,-58
-69,-66,-69,-68,0,0,0,0,-77,-78,0,0,-60,-60,0,0,-81,-81,0,-56,-71,-71,0,-68,-59,-60,-77,-77,-78,-78,-59,-66,-65,-66,-80,-76,-77,-76,0,0,-79,-81,-81,0,0,-78,-77,0,0,-77,-77,-53,-58
-69,-66,-68,-68,0,0,0,0,-78,-78,0,0,-60,-60,0,0,-82,-83,-62,-60,-71,-71,0,0,-59,-60,-77,-80,-78,-78,-58,-63,-65,-66,-80,-76,-76,-76,0,0,-79,-81,-81,0,0,-79,-78,0,0,-77,-77,-51,-55
-69,-66,-68,-68,0,0,0,0,-78,-78,0,0,-60,-60,0,0,-82,-83,-62,-60,-71,-71,0,0,-59,-60,-77,-80,-78,-78,-58,-63,-65,-66,-80,-76,-76,-76,0,0,-79,-81,-81,0,0,-79,-78,0,0,-77,-77,-51,-55
-69,-66,-68,-68,0,0,0,0,-78,-78,0,0,-60,-60,0,0,-82,-83,-62,-60,-71,-71,0,0,-59,-60,-77,-80,-78,-78,-58,-63,-65,-66,-80,-76,-76,-76,0,0,-79,-81,-81,0,0,-79,-78,0,0,-77,-77,-51,-55
-69,-66,-68,-68,0,0,0,0,-78,-78,0,0,-60,-60,0,0,-82,-83,-62,-60,-71,-71,0,0,-59,-60,-77,-80,-78,-78,-58,-63,-65,-66,-80,-76,-76,-76,0,0,-79,-81,-81,0,0,-79,-78,0,0,-77,-77,-51,-55
-69,-66,-68,-68,0,0,0,0,-78,-78,0,0,-60,-60,0,0,-82,-83,-62,-60,-71,-71,0,0,-61,-60,-77,-80,-78,-78,-58,-63,-65,-66,-80,-76,-76,-76,0,0,-79,-81,-81,0,0,-79,-78,0,0,-77,-77,-51,-55
0,0,-68,-68,0,0,0,0,-77,-77,0,0,-57,-59,0,0,-82,-82,-60,-57,-71,-71,-71,-69,-63,-64,-77,-80,-76,0,-58,-62,-65,-65,-80,0,-78,-77,0,-80,-79,-81,-81,0,0,-77,-77,0,0,-76,-77,-52,-57
0,0,-68,-68,0,0,0,0,-77,-77,0,0,-57,-59,0,0,-82,-82,-60,-57,-71,-71,-71,-69,-63,-64,-77,-80,-76,0,-58,-62,-65,-65,-80,0,-78,-77,0,-80,-79,-81,-81,0,0,-77,-77,0,0,-76,-77,-52,-57
0,0,-68,-68,0,0,0,0,-77,-77,0,0,-57,-59,0,0,-82,-82,-60,-57,-71,-71,-71,-69,-64,-64,-77,-80,-76,0,-58,-62,-65,-65,-80,0,-78,-77,0,-80,-79,-81,-81,0,0,-77,-77,0,0,-76,-77,-52,-57
0,0,-68,-68,0,0,0,0,-77,-77,0,0,-57,-59,0,0,-82,-82,-60,-57,-71,-71,-71,-69,-64,-64,-77,-80,-76,0,-58,-62,-65,-65,-80,0,-78,-77,0,-80,-79,-81,-81,0,0,-77,-77,0,0,-76,-77,-52,-57
0,0,-68,-68,0,0,0,0,-77,-77,0,0,-57,-59,0,0,-82,-82,-60,-57,-71,-71,-71,-69,-64,-64,-77,-80,-76,0,-58,-62,-65,-65,-80,0,-78,-77,0,-80,-79,-81,-81,0,0,-77,-77,0,0,-76,-77,-52,-57
-68,-65,-70,-70,0,0,0,-70,-77,-78,0,-63,-59,-59,0,0,-82,-82,-60,-56,-71,-71,-71,-69,-63,-64,0,0,-76,0,-59,-62,-62,-63,-80,-78,-76,-77,0,-80,-79,-81,0,0,0,-77,-77,0,0,-76,-75,-55,-61
-68,-65,-70,-70,0,0,0,-70,-77,-78,0,-63,-59,-59,0,0,-82,-82,-60,-56,-71,-71,-71,-69,-63,-64,0,0,-76,0,-59,-62,-62,-63,-80,-78,-76,-77,0,-80,-79,-81,0,0,0,-77,-77,0,0,-76,-75,-55,-61
-68,-65,-70,-70,0,0,0,-70,-77,-78,0,-63,-59,-59,0,0,-82,-82,-60,-56,-71,-71,-71,-69,-62,-64,0,0,-76,0,-59,-62,-62,-63,-80,-78,-76,-77,0,-80,-79,-81,0,0,0,-77,-77,0,0,-76,-75,-55,-61
-68,-65,-70,-70,0,0,0,-70,-77,-78,0,-63,-59,-59,0,0,-82,-82,-60,-56,-71,-71,-71,-69,-62,-64,0,0,-76,0,-59,-62,-62,-63,-80,-78,-76,-77,0,-80,-79,-81,0,0,0,-77,-77,0,0,-76,-75,-55,-61
-68,-65,-70,-70,0,0,0,-70,-77,-78,0,-63,-59,-59,0,0,-82,-82,-60,-56,-71,-71,-71,-69,-62,-64,0,0,-76,0,-59,-62,-62,-63,-80,-78,-76,-77,0,-80,-79,-81,0,0,0,-77,-77,0,0,-76,-75,-55,-61
-68,-64,-69,-70,0,0,0,-70,-79,-80,-65,-62,-59,-58,0,0,-81,-82,0,-56,-70,-71,-71,-69,-61,-60,0,0,-76,-74,-59,-62,-62,-63,-80,-78,-77,-77,0,0,0,-81,0,0,0,-77,-77,0,0,-76,-75,-55,-59
-68,-64,-69,-70,0,0,0,-70,-79,-80,-65,-62,-59,-58,0,0,-81,-82,0,-56,-70,-71,-71,-69,-61,-60,0,0,-76,-74,-59,-62,-62,-63,-80,-78,-77,-77,0,0,0,-81,0,0,0,-77,-77,0,0,-76,-75,-55,-59
-68,-64,-69,-70,0,0,0,-70,-79,-80,-65,-62,-59,-58,0,0,-81,-82,0,-56,-70,-71,-71,-69,-61,-60,0,0,-76,-74,-59,-62,-62,-63,-80,-78,-77,-77,0,0,0,-81,0,0,0,-77,-77,0,0,-76,-75,-55,-59
-68,-64,-69,-70,0,0,0,-70,-79,-80,-65,-62,-59,-58,0,0,-81,-82,0,-56,-70,-71,-71,-69,-61,-60,0,0,-76,-74,-59,-62,-62,-63,-80,-78,-77,-77,0,0,0,-81,0,0,0,-77,-77,0,0,-76,-75,-55,-59
-68,-64,-69,-70,0,0,0,-70,-79,-80,-65,-62,-59,-58,0,0,-81,-82,0,-56,-70,-71,-71,-69,-61,-60,0,0,-76,-74,-59,-62,-62,-63,-80,-78,-77,-77,0,0,0,-81,0,0,0,-77,-77,0,0,-76,-75,-55,-59
-68,-62,-69,-69,0,0,0,0,-77,-77,-65,-60,-59,-58,0,-66,-80,-82,0,-58,-70,-69,0,0,-61,-60,0,-81,-76,-74,-59,-64,-64,0,-79,-76,-78,-78,0,0,0,-83,-83,0,0,-80,-79,0,0,-77,-76,-53,-57
-68,-62,-69,-69,0,0,0,0,-77,-77,-65,-60,-59,-58,0,-66,-80,-82,0,-58,-70,-69,0,0,-61,-60,0,-81,-76,-74,-59,-64,-64,0,-79,-76,-78,-78,0,0,0,-83,-83,0,0,-80,-79,0,0,-77,-76,-53,-57
-68,-62,-69,-69,0,0,0,0,-77,-77,-65,-60,-59,-58,0,-66,-80,-82,0,-58,-70,-69,0,0,-61,-60,0,-81,-76,-74,-59,-64,-64,0,-79,-76,-78,-78,0,0,0,-83,-83,0,0,-80,-79,0,0,-77,-76,-53,-57
-68,-62,-69,-69,0,0,0,0,-77,-77,-65,-60,-59,-58,0,-66,-80,-82,0,-58,-70,-69,0,0,-60,-60,0,-81,-76,-74,-59,-64,-64,0,-79,-76,-78,-78,0,0,0,-83,-83,0,0,-80,-79,0,0,-77,-76,-53,-57
-68,-62,-69,-69,0,0,0,0,-77,-77,-65,-60,-59,-58,0,-66,-80,-82,0,-58,-70,-69,0,0,-60,-60,0,-81,-76,-74,-59,-64,-64,0,-79,-76,-78,-78,0,0,0,-83,-83,0,0,-80,-79,0,0,-77,-76,-53,-57
-68,-62,-69,-69,0,0,0,0,-77,-77,-65,-60,-59,-58,0,-66,-80,-81,0,-58,-71,-72,0,0,-59,-60,0,-81,-77,0,-60,-62,-62,-62,-79,-76,-79,-80,0,0,0,-83,-83,0,0,-78,-78,0,0,-76,-76,-56,-62
-68,-62,-69,-69,0,0,0,0,-77,-77,-65,-60,-59,-58,0,-66,-80,-81,0,-58,-71,-72,0,0,-60,-60,0,-81,-77,0,-60,-62,-62,-62,-79,-76,-79,-80,0,0,0,-83,-83,0,0,-78,-78,0,0,-76,-76,-56,-62
-68,-62,-69,-69,0,0,0,0,-77,-77,-65,-60,-59,-58,0,-66,-80,-81,0,-58,-71,-72,0,0,-60,-60,0,-81,-77,0,-60,-62,-62,-62,-79,-76,-79,-80,0,0,0,-83,-83,0,0,-78,-78,0,0,-76,-76,-56,-62
-68,-62,-69,-69,0,0,0,0,-77,-77,-65,-60,-59,-58,0,-66,-80,-81,0,-58,-71,-72,0,0,-60,-60,0,-81,-77,0,-60,-62,-62,-62,-79,-76,-79,-80,0,0,0,-83,-83,0,0,-78,-78,0,0,-76,-76,-56,-62
-68,-62,-69,-69,0,0,0,0,-77,-77,-65,-60,-59,-58,0,-66,-80,-81,0,-58,-71,-72,0,0,-60,-60,0,-81,-77,0,-60,-62,-62,-62,-79,-76,-79,-80,0,0,0,-83,-83,0,0,-78,-78,0,0,-76,-76,-56,-62
-64,-62,-71,-70,0,0,0,0,-80,-79,0,0,-59,-58,0,0,-80,-81,-60,-60,-71,-71,-71,0,-61,-60,0,0,-73,0,-59,-65,-64,-64,-78,-74,-79,-79,0,0,0,-82,0,0,0,-79,-80,0,0,-76,-76,-52,-62
-64,-62,-71,-70,0,0,0,0,-80,-79,0,0,-59,-58,0,0,-80,-81,-60,-60,-71,-71,-71,0,-60,-60,0,0,-73,0,-59,-65,-64,-64,-78,-74,-79,-79,0,0,0,-82,0,0,0,-79,-80,0,0,-76,-76,-52,-62
-64,-62,-71,-70,0,0,0,0,-80,-79,0,0,-59,-58,0,0,-80,-81,-60,-60,-71,-71,-71,0,-60,-60,0,0,-73,0,-59,-65,-64,-64,-78,-74,-79,-79,0,0,0,-82,0,0,0,-79,-80,0,0,-76,-76,-52,-62
-64,-62,-71,-70,0,0,0,0,-80,-79,0,0,-59,-58,0,0,-80,-81,-60,-60,-71,-71,-71,0,-60,-60,0,0,-73,0,-59,-65,-64,-64,-78,-74,-79,-79,0,0,0,-82,0,0,0,-79,-80,0,0,-76,-76,-52,-62
-64,-62,-71,-70,0,0,0,0,-80,-79,0,0,-59,-58,0,0,-80,-81,-60,-60,-71,-71,-71,0,-60,-60,0,0,-73,0,-59,-65,-64,-64,-78,-74,-79,-79,0,0,0,-82,0,0,0,-79,-80,0,0,-76,-76,-52,-62
-64,-61,-67,-68,0,-82,-81,0,-80,-79,0,0,-60,-60,0,0,-79,-79,-66,-60,-71,-70,-71,0,-60,-60,-76,0,-77,0,-59,-62,-67,-67,-78,-74,-78,-79,0,0,0,-81,-81,0,0,-80,-80,0,0,-76,-76,-56,-62
-64,-61,-67,-68,0,-82,-81,0,-80,-79,0,0,-60,-60,0,0,-79,-79,-66,-60,-71,-70,-71,0,-60,-60,-76,0,-77,0,-59,-62,-67,-67,-78,-74,-78,-79,0,0,0,-81,-81,0,0,-80,-80,0,0,-76,-76,-56,-62
-64,-61,-67,-68,0,-82,-81,0,-80,-79,0,0,-60,-60,0,0,-79,-79,-66,-60,-71,-70,-71,0,-61,-60,-76,0,-77,0,-59,-62,-67,-67,-78,-74,-78,-79,0,0,0,-81,-81,0,0,-80,-80,0,0,-76,-76,-56,-62
-64,-61,-67,-68,0,-82,-81,0,-80,-79,0,0,-60,-60,0,0,-79,-79,-66,-60,-71,-70,-71,0,-61,-60,-76,0,-77,0,-59,-62,-67,-67,-78,-74,-78,-79,0,0,0,-81,-81,0,0,-80,-80,0,0,-76,-76,-56,-62
-64,-61,-67,-68,0,-82,-81,0,-80,-79,0,0,-60,-60,0,0,-79,-79,-66,-60,-71,-70,-71,0,-61,-60,-76,0,-77,0,-59,-62,-67,-67,-78,-74,-78,-79,0,0,0,-81,-81,0,0,-80,-80,0,0,-76,-76,-56,-62
-64,-61,-68,-68,0,-82,-81,-70,-79,-79,-64,-60,-61,-61,0,0,-79,-79,-66,-60,-71,-70,-70,-67,-61,-60,-76,0,-76,0,-59,-62,-66,-65,-79,-75,-78,-79,0,-81,0,-80,-80,0,0,-80,-80,0,0,-76,-76,-56,-62
-64,-61,-68,-68,0,-82,-81,-70,-79,-79,-64,-60,-61,-61,0,0,-79,-79,-66,-60,-71,-70,-70,-67,-61,-60,-76,0,-76,0,-59,-62,-66,-65,-79,-75,-78,-79,0,-81,0,-80,-80,0,0,-80,-80,0,0,-76,-76,-56,-62
-64,-61,-68,-68,0,-82,-81,-70,-79,-79,-64,-60,-61,-61,0,0,-79,-79,-66,-60,-71,-70,-70,-67,-61,-60,-76,0,-76,0,-59,-62,-66,-65,-79,-75,-78,-79,0,-81,0,-80,-80,0,0,-80,-80,0,0,-76,-76,-56,-62
-64,-61,-68,-68,0,-82,-81,-70,-79,-79,-64,-60,-61,-61,0,0,-79,-79,-66,-60,-71,-70,-70,-67,-61,-60,-76,0,-76,0,-59,-62,-66,-65,-79,-75,-78,-79,0,-81,0,-80,-80,0,0,-80,-80,0,0,-76,-76,-56,-62
-64,-61,-68,-68,0,-82,-81,-70,-79,-79,-64,-60,-61,-61,0,0,-79,-79,-66,-60,-71,-70,-70,-67,-61,-60,-76,0,-76,0,-59,-62,-66,-65,-79,-75,-78,-79,0,-81,0,-80,-80,0,0,-80,-80,0,0,-76,-76,-56,-62
-65,-60,-67,-67,0,0,0,-70,-79,-79,-64,-60,-58,-58,0,0,-79,-79,0,-58,-71,-70,-70,-67,-61,-60,0,-78,-76,0,-59,-60,-62,-61,-79,-75,-78,-78,0,-81,0,-80,-80,0,0,-80,-79,0,0,-76,-76,-54,-63
-65,-60,-67,-67,0,0,0,-70,-79,-79,-64,-60,-58,-58,0,0,-79,-79,0,-58,-71,-70,-70,-67,-61,-60,0,-78,-76,0,-59,-60,-62,-61,-79,-75,-78,-78,0,-81,0,-80,-80,0,0,-80,-79,0,0,-76,-76,-54,-63
-65,-60,-67,-67,0,0,0,-70,-79,-79,-64,-60,-58,-58,0,0,-79,-79,0,-58,-71,-70,-70,-67,-61,-60,0,-78,-76,0,-59,-60,-62,-61,-79,-75,-78,-78,0,-81,0,-80,-80,0,0,-80,-79,0,0,-76,-76,-54,-63
-65,-60,-67,-67,0,0,0,-70,-79,-79,-64,-60,-58,-58,0,0,-79,-79,0,-58,-71,-70,-70,-67,-60,-60,0,-78,-76,0,-59,-60,-62,-61,-79,-75,-78,-78,0,-81,0,-80,-80,0,0,-80,-79,0,0,-76,-76,-54,-63
-65,-60,-67,-67,0,0,0,-70,-79,-79,-64,-60,-58,-58,0,0,-79,-79,0,-58,-71,-70,-70,-67,-60,-60,0,-78,-76,0,-59,-60,-62,-61,-79,-75,-78,-78,0,-81,0,-80,-80,0,0,-80,-79,0,0,-76,-76,-54,-63
-65,-60,-67,-67,0,0,0,0,-78,-78,0,0,-60,-60,0,0,-79,-79,0,-58,-70,-69,-70,-67,-59,-59,0,-78,0,0,-57,-59,-62,-61,0,-75,-76,-76,0,0,0,-82,-82,0,0,-80,-80,0,0,-76,-76,-52,-59
-65,-60,-67,-67,0,0,0,0,-78,-78,0,0,-60,-60,0,0,-79,-79,0,-58,-70,-69,-70,-67,-59,-59,0,-78,0,0,-57,-59,-62,-61,0,-75,-76,-76,0,0,0,-82,-82,0,0,-80,-80,0,0,-76,-76,-52,-59
-65,-60,-67,-67,0,0,0,0,-78,-78,0,0,-60,-60,0,0,-79,-79,0,-58,-70,-69,-70,-67,-59,-59,0,-78,0,0,-57,-59,-62,-61,0,-75,-76,-76,0,0,0,-82,-82,0,0,-80,-80,0,0,-76,-76,-52,-59
-65,-60,-67,-67,0,0,0,0,-78,-78,0,0,-60,-60,0,0,-79,-79,0,-58,-70,-69,-70,-67,-59,-59,0,-78,0,0,-57,-59,-62,-61,0,-75,-76,-76,0,0,0,-82,-82,0,0,-80,-80,0,0,-76,-76,-52,-59
-65,-60,-67,-67,0,0,0,0,-78,-78,0,0,-60,-60,0,0,-79,-79,0,-58,-70,-69,-70,-67,-59,-59,0,-78,0,0,-57,-59,-62,-61,0,-75,-76,-76,0,0,0,-82,-82,0,0,-80,-80,0,0,-76,-76,-52,-59
-63,-58,-69,-70,0,0,0,0,-78,-78,0,0,-58,-59,0,0,-79,-79,-64,-59,-68,-69,-70,-67,-59,-59,-78,0,-75,0,-57,-59,-63,-62,0,0,-76,-76,0,0,0,-81,-81,0,0,-79,-78,0,0,-77,-77,-53,-58
-63,-58,-69,-70,0,0,0,0,-78,-78,0,0,-58,-59,0,0,-79,-79,-64,-59,-68,-69,-70,-67,-59,-59,-78,0,-75,0,-57,-59,-63,-62,0,0,-76,-76,0,0,0,-81,-81,0,0,-79,-78,0,0,-77,-77,-53,-58
-63,-58,-69,-70,0,0,0,0,-78,-78,0,0,-58,-59,0,0,-79,-79,-64,-59,-68,-69,-70,-67,-59,-59,-78,0,-75,0,-57,-59,-63,-62,0,0,-76,-76,0,0,0,-81,-81,0,0,-79,-78,0,0,-77,-77,-53,-58
-63,-58,-69,-70,0,0,0,0,-78,-78,0,0,-58,-59,0,0,-79,-79,-64,-59,-68,-69,-70,-67,-59,-59,-78,0,-75,0,-57,-59,-63,-62,0,0,-76,-76,0,0,0,-81,-81,0,0,-79,-78,0,0,-77,-77,-53,-58
-63,-58,-69,-70,0,0,0,0,-78,-78,0,0,-58,-59,0,0,-79,-79,-64,-59,-68,-69,-70,-67,-59,-59,-78,0,-75,0,-57,-59,-63,-62,0,0,-76,-76,0,0,0,-81,-81,0,0,-79,-78,0,0,-77,-77,-53,-58
-62,-59,-72,-72,0,0,0,-66,-78,-78,0,0,-58,-57,0,0,-82,-85,-62,-58,-71,-71,-70,-67,-59,-59,-78,0,-73,0,-58,-60,-63,-63,0,0,-75,-75,0,0,0,-81,-81,0,0,-79,-79,0,0,-77,-77,-55,-61
-62,-59,-72,-72,0,0,0,-66,-78,-78,0,0,-58,-57,0,0,-82,-85,-62,-58,-71,-71,-70,-67,-59,-59,-78,0,-73,0,-58,-60,-63,-63,0,0,-75,-75,0,0,0,-81,-81,0,0,-79,-79,0,0,-77,-77,-55,-61
-62,-59,-72,-72,0,0,0,-66,-78,-78,0,0,-58,-57,0,0,-82,-85,-62,-58,-71,-71,-70,-67,-59,-59,-78,0,-73,0,-58,-60,-63,-63,0,0,-75,-75,0,0,0,-81,-81,0,0,-79,-79,0,0,-77,-77,-55,-61
-62,-59,-72,-72,0,0,0,-66,-78,-78,0,0,-58,-57,0,0,-82,-85,-62,-58,-71,-71,-70,-67,-59,-59,-78,0,-73,0,-58,-60,-63,-63,0,0,-75,-75,0,0,0,-81,-81,0,0,-79,-79,0,0,-77,-77,-55,-61
-62,-59,-72,-72,0,0,0,-66,-78,-78,0,0,-58,-57,0,0,-82,-85,-62,-58,-71,-71,-70,-67,-59,-59,-78,0,-73,0,-58,-60,-63,-63,0,0,-75,-75,0,0,0,-81,-81,0,0,-79,-79,0,0,-77,-77,-55,-61
-64,-59,-70,-70,0,0,0,-66,-78,-79,0,0,-58,-57,0,-66,-82,-82,-62,-58,-71,-71,-70,-67,-59,-58,-77,0,-73,-75,-58,-60,-63,-63,0,-74,-75,-76,0,0,0,0,-81,0,0,-80,-79,0,0,-77,-77,-55,-61
-64,-59,-70,-70,0,0,0,-66,-78,-79,0,0,-58,-57,0,-66,-82,-82,-62,-58,-71,-71,-70,-67,-59,-58,-77,0,-73,-75,-58,-60,-63,-63,0,-74,-75,-76,0,0,0,0,-81,0,0,-80,-79,0,0,-77,-77,-55,-61
-64,-59,-70,-70,0,0,0,-66,-78,-79,0,0,-58,-57,0,-66,-82,-82,-62,-58,-71,-71,-70,-67,-59,-58,-77,0,-73,-75,-58,-60,-63,-63,0,-74,-75,-76,0,0,0,0,-81,0,0,-80,-79,0,0,-77,-77,-55,-61
-64,-59,-70,-70,0,0,0,-66,-78,-79,0,0,-58,-57,0,-66,-82,-82,-62,-58,-71,-71,-70,-67,-59,-58,-77,0,-73,-75,-58,-60,-63,-63,0,-74,-75,-76,0,0,0,0,-81,0,0,-80,-79,0,0,-77,-77,-55,-61
-64,-59,-70,-70,0,0,0,-66,-78,-79,0,0,-58,-57,0,-66,-82,-82,-62,-58,-71,-71,-70,-67,-60,-58,-77,0,-73,-75,-58,-60,-63,-63,0,-74,-75,-76,0,0,0,0,-81,0,0,-80,-79,0,0,-77,-77,-55,-61
-64,-59,-69,-70,0,0,0,0,-79,-79,0,-64,-59,-59,0,-66,-83,-82,0,-58,-69,-70,0,0,-58,-58,-77,0,-76,-75,-56,-60,-63,-63,0,-74,-75,-76,0,0,0,-84,-81,0,0,-79,-79,0,0,-77,-77,-56,-57
-64,-59,-69,-70,0,0,0,0,-79,-79,0,-64,-59,-59,0,-66,-83,-82,0,-58,-69,-70,0,0,-58,-58,-77,0,-76,-75,-56,-60,-63,-63,0,-74,-75,-76,0,0,0,-84,-81,0,0,-79,-79,0,0,-77,-77,-56,-57
-64,-59,-69,-70,0,0,0,0,-79,-79,0,-64,-59,-59,0,-66,-83,-82,0,-58,-69,-70,0,0,-59,-58,-77,0,-76,-75,-56,-60,-63,-63,0,-74,-75,-76,0,0,0,-84,-81,0,0,-79,-79,0,0,-77,-77,-56,-57
-64,-59,-69,-70,0,0,0,0,-79,-79,0,-64,-59,-59,0,-66,-83,-82,0,-58,-69,-70,0,0,-59,-58,-77,0,-76,-75,-56,-60,-63,-63,0,-74,-75,-76,0,0,0,-84,-81,0,0,-79,-79,0,0,-77,-77,-56,-57
-64,-59,-69,-70,0,0,0,0,-79,-79,0,-64,-59,-59,0,-66,-83,-82,0,-58,-69,-70,0,0,-60,-58,-77,0,-76,-75,-56,-60,-63,-63,0,-74,-75,-76,0,0,0,-84,-81,0,0,-79,-79,0,0,-77,-77,-56,-57
-64,-60,-69,-70,0,0,0,0,-79,-79,0,-64,-66,-65,0,0,-84,-83,-63,-59,-69,-70,0,0,-60,-60,0,0,-76,0,-56,-60,-63,-63,-78,-73,-76,-76,0,0,0,-80,-81,0,0,-79,-79,0,0,-78,-78,-56,-59
-64,-60,-69,-70,0,0,0,0,-79,-79,0,-64,-66,-65,0,0,-84,-83,-63,-59,-69,-70,0,0,-60,-60,0,0,-76,0,-56,-60,-63,-63,-78,-73,-76,-76,0,0,0,-80,-81,0,0,-79,-79,0,0,-78,-78,-56,-59
-64,-60,-69,-70,0,0,0,0,-79,-79,0,-64,-66,-65,0,0,-84,-83,-63,-59,-69,-70,0,0,-59,-60,0,0,-76,0,-56,-60,-63,-63,-78,-73,-76,-76,0,0,0,-80,-81,0,0,-79,-79,0,0,-78,-78,-56,-59
-64,-60,-69,-70,0,0,0,0,-79,-79,0,-64,-66,-65,0,0,-84,-83,-63,-59,-69,-70,0,0,-59,-60,0,0,-76,0,-56,-60,-63,-63,-78,-73,-76,-76,0,0,0,-80,-81,0,0,-79,-79,0,0,-78,-78,-56,-59
-64,-60,-69,-70,0,0,0,0,-79,-79,0,-64,-66,-65,0,0,-84,-83,-63,-59,-69,-70,0,0,-59,-60,0,0,-76,0,-56,-60,-63,-63,-78,-73,-76,-76,0,0,0,-80,-81,0,0,-79,-79,0,0,-78,-78,-56,-59
-65,-60,-69,-69,0,0,0,0,-77,-79,0,0,-66,-66,0,0,-81,-82,-63,-59,-68,-69,-72,-67,-60,-59,0,0,-75,0,-56,-60,-67,-67,-78,-73,-76,-77,0,0,0,-80,-81,0,0,-79,-79,0,0,-78,-78,-55,-60
-65,-60,-69,-69,0,0,0,0,-77,-79,0,0,-66,-66,0,0,-81,-82,-63,-59,-68,-69,-72,-67,-60,-59,0,0,-75,0,-56,-60,-67,-67,-78,-73,-76,-77,0,0,0,-80,-81,0,0,-79,-79,0,0,-78,-78,-55,-60
-65,-60,-69,-69,0,0,0,0,-77,-79,0,0,-66,-66,0,0,-81,-82,-63,-59,-68,-69,-72,-67,-61,-59,0,0,-75,0,-56,-60,-67,-67,-78,-73,-76,-77,0,0,0,-80,-81,0,0,-79,-79,0,0,-78,-78,-55,-60
-65,-60,-69,-69,0,0,0,0,-77,-79,0,0,-66,-66,0,0,-81,-82,-63,-59,-68,-69,-72,-67,-61,-59,0,0,-75,0,-56,-60,-67,-67,-78,-73,-76,-77,0,0,0,-80,-81,0,0,-79,-79,0,0,-78,-78,-55,-60
-65,-60,-69,-69,0,0,0,0,-77,-79,0,0,-66,-66,0,0,-81,-82,-63,-59,-68,-69,-72,-67,-61,-59,0,0,-75,0,-56,-60,-67,-67,-78,-73,-76,-77,0,0,0,-80,-81,0,0,-79,-79,0,0,-78,-78,-55,-60
-67,-62,-73,-71,0,0,0,0,-78,-79,-65,-59,-61,-60,0,0,-83,-82,0,0,-68,-69,-70,-67,-60,-59,0,-81,-78,0,-57,-58,-63,-64,0,-79,-76,-77,0,0,0,-80,-81,0,0,-79,-79,0,0,-77,-77,-56,-63
-67,-62,-73,-71,0,0,0,0,-78,-79,-65,-59,-61,-60,0,0,-83,-82,0,0,-68,-69,-70,-67,-60,-59,0,-81,-78,0,-57,-58,-63,-64,0,-79,-76,-77,0,0,0,-80,-81,0,0,-79,-79,0,0,-77,-77,-56,-63
-67,-62,-73,-71,0,0,0,0,-78,-79,-65,-59,-61,-60,0,0,-83,-82,0,0,-68,-69,-70,-67,-60,-59,0,-81,-78,0,-57,-58,-63,-64,0,-79,-76,-77,0,0,0,-80,-81,0,0,-79,-79,0,0,-77,-77,-56,-63
-67,-62,-73,-71,0,0,0,0,-78,-79,-65,-59,-61,-60,0,0,-83,-82,0,0,-68,-69,-70,-67,-61,-59,0,-81,-78,0,-57,-58,-63,-64,0,-79,-76,-77,0,0,0,-80,-81,0,0,-79,-79,0,0,-77,-77,-56,-63
-67,-62,-73,-71,0,0,0,0,-78,-79,-65,-59,-61,-60,0,0,-83,-82,0,0,-68,-69,-70,-67,-61,-59,0,-81,-78,0,-57,-58,-63,-64,0,-79,-76,-77,0,0,0,-80,-81,0,0,-79,-79,0,0,-77,-77,-56,-63
-65,-62,-68,-68,0,0,0,0,-81,-82,-61,-59,-61,-59,0,-64,-83,-82,0,0,-72,-73,-68,0,-60,-60,0,-81,-78,0,-57,-60,-63,-63,-79,-79,-77,-77,0,0,0,0,0,0,0,-82,-80,0,0,-78,-77,-48,-60
-65,-62,-68,-68,0,0,0,0,-81,-82,-61,-59,-61,-59,0,-64,-83,-82,0,0,-72,-73,-68,0,-60,-60,0,-81,-78,0,-57,-60,-63,-63,-79,-79,-77,-77,0,0,0,0,0,0,0,-82,-80,0,0,-78,-77,-48,-60
-65,-62,-68,-68,0,0,0,0,-81,-82,-61,-59,-61,-59,0,-64,-83,-82,0,0,-72,-73,-68,0,-60,-60,0,-81,-78,0,-57,-60,-63,-63,-79,-79,-77,-77,0,0,0,0,0,0,0,-82,-80,0,0,-78,-77,-48,-60
-65,-62,-68,-68,0,0,0,0,-81,-82,-61,-59,-61,-59,0,-64,-83,-82,0,0,-72,-73,-68,0,-61,-60,0,-81,-78,0,-57,-60,-63,-63,-79,-79,-77,-77,0,0,0,0,0,0,0,-82,-80,0,0,-78,-77,-48,-60
-65,-62,-68,-68,0,0,0,0,-81,-82,-61,-59,-61,-59,0,-64,-83,-82,0,0,-72,-73,-68,0,-61,-60,0,-81,-78,0,-57,-60,-63,-63,-79,-79,-77,-77,0,0,0,0,0,0,0,-82,-80,0,0,-78,-77,-48,-60
-63,-60,-69,-68,0,0,0,0,-81,-82,-61,-58,-57,-58,0,-64,0,0,0,-64,-73,-73,-68,0,-60,-61,0,-81,-74,-74,-59,-60,-63,-63,-79,-79,-77,-77,0,0,0,-81,0,0,0,-81,-80,0,0,-78,-77,-48,-57
-63,-60,-69,-68,0,0,0,0,-81,-82,-61,-58,-57,-58,0,-64,0,0,0,-64,-73,-73,-68,0,-61,-61,0,-81,-74,-74,-59,-60,-63,-63,-79,-79,-77,-77,0,0,0,-81,0,0,0,-81,-80,0,0,-78,-77,-48,-57
-63,-60,-69,-68,0,0,0,0,-81,-82,-61,-58,-57,-58,0,-64,0,0,0,-64,-73,-73,-68,0,-61,-61,0,-81,-74,-74,-59,-60,-63,-63,-79,-79,-77,-77,0,0,0,-81,0,0,0,-81,-80,0,0,-78,-77,-48,-57
-63,-60,-69,-68,0,0,0,0,-81,-82,-61,-58,-57,-58,0,-64,0,0,0,-64,-73,-73,-68,0,-63,-61,0,-81,-74,-74,-59,-60,-63,-63,-79,-79,-77,-77,0,0,0,-81,0,0,0,-81,-80,0,0,-78,-77,-48,-57
-63,-60,-69,-68,0,0,0,0,-81,-82,-61,-58,-57,-58,0,-64,0,0,0,-64,-73,-73,-68,0,-63,-61,0,-81,-74,-74,-59,-60,-63,-63,-79,-79,-77,-77,0,0,0,-81,0,0,0,-81,-80,0,0,-78,-77,-48,-57
-63,-60,-68,-68,0,0,0,-66,-81,-80,0,-58,-60,-60,0,0,-82,-82,0,-64,-75,-74,0,0,-63,-63,0,0,-74,-73,-60,-57,-64,-63,-71,-69,-77,-77,0,0,0,-81,-82,0,0,-82,-82,0,0,-79,-78,-52,-65
-63,-60,-68,-68,0,0,0,-66,-81,-80,0,-58,-60,-60,0,0,-82,-82,0,-64,-75,-74,0,0,-62,-63,0,0,-74,-73,-60,-57,-64,-63,-71,-69,-77,-77,0,0,0,-81,-82,0,0,-82,-82,0,0,-79,-78,-52,-65
-63,-60,-68,-68,0,0,0,-66,-81,-80,0,-58,-60,-60,0,0,-82,-82,0,-64,-75,-74,0,0,-62,-63,0,0,-74,-73,-60,-57,-64,-63,-71,-69,-77,-77,0,0,0,-81,-82,0,0,-82,-82,0,0,-79,-78,-52,-65
-63,-60,-68,-68,0,0,0,-66,-81,-80,0,-58,-60,-60,0,0,-82,-82,0,-64,-75,-74,0,0,-62,-63,0,0,-74,-73,-60,-57,-64,-63,-71,-69,-77,-77,0,0,0,-81,-82,0,0,-82,-82,0,0,-79,-78,-52,-65
-63,-60,-68,-68,0,0,0,-66,-81,-80,0,-58,-60,-60,0,0,-82,-82,0,-64,-75,-74,0,0,-62,-63,0,0,-74,-73,-60,-57,-64,-63,-71,-69,-77,-77,0,0,0,-81,-82,0,0,-82,-82,0,0,-79,-78,-52,-65
-76,-74,-69,-69,0,0,0,-66,-80,-80,-61,-57,-62,-63,0,0,-82,-83,0,0,-77,-77,-72,-68,-61,-62,0,-80,-74,-73,-58,-63,-64,-64,-75,-71,-77,-77,0,0,0,-81,-81,0,0,-80,-80,0,0,-79,-78,-51,-59
-76,-74,-69,-69,0,0,0,-66,-80,-80,-61,-57,-62,-63,0,0,-82,-83,0,0,-77,-77,-72,-68,-61,-62,0,-80,-74,-73,-58,-63,-64,-64,-75,-71,-77,-77,0,0,0,-81,-81,0,0,-80,-80,0,0,-79,-78,-51,-59
-76,-74,-69,-69,0,0,0,-66,-80,-80,-61,-57,-62,-63,0,0,-82,-83,0,0,-77,-77,-72,-68,-61,-62,0,-80,-74,-73,-58,-63,-64,-64,-75,-71,-77,-77,0,0,0,-81,-81,0,0,-80,-80,0,0,-79,-78,-51,-59
-76,-74,-69,-69,0,0,0,-66,-80,-80,-61,-57,-62,-63,0,0,-82,-83,0,0,-77,-77,-72,-68,-61,-62,0,-80,-74,-73,-58,-63,-64,-64,-75,-71,-77,-77,0,0,0,-81,-81,0,0,-80,-80,0,0,-79,-78,-51,-59
-76,-74,-69,-69,0,0,0,-66,-80,-80,-61,-57,-62,-63,0,0,-82,-83,0,0,-77,-77,-72,-68,-61,-62,0,-80,-74,-73,-58,-63,-64,-64,-75,-71,-77,-77,0,0,0,-81,-81,0,0,-80,-80,0,0,-79,-78,-51,-59
-70,-67,-69,-69,0,0,0,0,-79,-80,-61,-57,-62,-64,0,-67,-82,-83,0,-67,-78,-77,-72,-69,-61,-62,0,-80,-76,0,-59,-62,-62,-62,-75,-72,-77,-78,0,0,0,-81,-81,0,0,-80,-80,0,0,-79,-78,-51,-58
-70,-67,-69,-69,0,0,0,0,-79,-80,-61,-57,-62,-64,0,-67,-82,-83,0,-67,-78,-77,-72,-69,-61,-62,0,-80,-76,0,-59,-62,-62,-62,-75,-72,-77,-78,0,0,0,-81,-81,0,0,-80,-80,0,0,-79,-78,-51,-58
-70,-67,-69,-69,0,0,0,0,-79,-80,-61,-57,-62,-64,0,-67,-82,-83,0,-67,-78,-77,-72,-69,-62,-62,0,-80,-76,0,-59,-62,-62,-62,-75,-72,-77,-78,0,0,0,-81,-81,0,0,-80,-80,0,0,-79,-78,-51,-58
-70,-67,-69,-69,0,0,0,0,-79,-80,-61,-57,-62,-64,0,-67,-82,-83,0,-67,-78,-77,-72,-69,-62,-62,0,-80,-76,0,-59,-62,-62,-62,-75,-72,-77,-78,0,0,0,-81,-81,0,0,-80,-80,0,0,-79,-78,-51,-58
-70,-67,-69,-69,0,0,0,0,-79,-80,-61,-57,-62,-64,0,-67,-82,-83,0,-67,-78,-77,-72,-69,-61,-62,0,-80,-76,0,-59,-62,-62,-62,-75,-72,-77,-78,0,0,0,-81,-81,0,0,-80,-80,0,0,-79,-78,-51,-58
-69,-64,-71,-71,0,0,0,0,-80,-80,-63,-57,-61,-62,0,-67,-85,0,0,-67,-76,-77,-72,-69,-61,-61,0,0,-74,-75,-58,-61,-62,-62,-75,-72,-81,-80,0,0,0,-81,0,0,0,-80,-80,0,0,-78,-78,-51,-58
-69,-64,-71,-71,0,0,0,0,-80,-80,-63,-57,-61,-62,0,-67,-85,0,0,-67,-76,-77,-72,-69,-61,-61,0,0,-74,-75,-58,-61,-62,-62,-75,-72,-81,-80,0,0,0,-81,0,0,0,-80,-80,0,0,-78,-78,-51,-58
-69,-64,-71,-71,0,0,0,0,-80,-80,-63,-57,-61,-62,0,-67,-85,0,0,-67,-76,-77,-72,-69,-61,-61,0,0,-74,-75,-58,-61,-62,-62,-75,-72,-81,-80,0,0,0,-81,0,0,0,-80,-80,0,0,-78,-78,-51,-58
-69,-64,-71,-71,0,0,0,0,-80,-80,-63,-57,-61,-62,0,-67,-85,0,0,-67,-76,-77,-72,-69,-61,-61,0,0,-74,-75,-58,-61,-62,-62,-75,-72,-81,-80,0,0,0,-81,0,0,0,-80,-80,0,0,-78,-78,-51,-58
-69,-64,-71,-71,0,0,0,0,-80,-80,-63,-57,-61,-62,0,-67,-85,0,0,-67,-76,-77,-72,-69,-61,-61,0,0,-74,-75,-58,-61,-62,-62,-75,-72,-81,-80,0,0,0,-81,0,0,0,-80,-80,0,0,-78,-78,-51,-58
-69,-61,-70,-70,-70,-82,-85,-69,-79,-79,-66,-60,-60,-59,0,0,-83,-83,0,-61,-77,-77,-71,-70,-61,-61,-79,0,-74,-76,-60,-65,-69,-69,-79,-77,-80,-80,0,0,0,0,-81,0,0,-82,-81,0,0,-78,-77,-51,-64
-69,-61,-70,-70,-70,-82,-85,-69,-79,-79,-66,-60,-60,-59,0,0,-83,-83,0,-61,-77,-77,-71,-70,-61,-61,-79,0,-74,-76,-60,-65,-69,-69,-79,-77,-80,-80,0,0,0,0,-81,0,0,-82,-81,0,0,-78,-77,-51,-64
-69,-61,-70,-70,-70,-82,-85,-69,-79,-79,-66,-60,-60,-59,0,0,-83,-83,0,-61,-77,-77,-71,-70,-61,-61,-79,0,-74,-76,-60,-65,-69,-69,-79,-77,-80,-80,0,0,0,0,-81,0,0,-82,-81,0,0,-78,-77,-51,-64
-69,-61,-70,-70,-70,-82,-85,-69,-79,-79,-66,-60,-60,-59,0,0,-83,-83,0,-61,-77,-77,-71,-70,-61,-61,-79,0,-74,-76,-60,-65,-69,-69,-79,-77,-80,-80,0,0,0,0,-81,0,0,-82,-81,0,0,-78,-77,-51,-64
-69,-61,-70,-70,-70,-82,-85,-69,-79,-79,-66,-60,-60,-59,0,0,-83,-83,0,-61,-77,-77,-71,-70,-61,-61,-79,0,-74,-76,-60,-65,-69,-69,-79,-77,-80,-80,0,0,0,0,-81,0,0,-82,-81,0,0,-78,-77,-51,-64
-67,-65,-68,-69,-70,-82,-85,-68,-78,-78,-66,-60,-59,-58,0,0,-83,-83,0,-61,-73,-74,-72,-69,-61,-60,-79,0,-79,-76,-57,-64,-67,-69,-79,-77,-79,-80,0,0,0,-83,-81,0,0,-81,-81,0,0,-77,-77,-53,-63
-67,-65,-68,-69,-70,-82,-85,-68,-78,-78,-66,-60,-59,-58,0,0,-83,-83,0,-61,-73,-74,-72,-69,-61,-60,-79,0,-79,-76,-57,-64,-67,-69,-79,-77,-79,-80,0,0,0,-83,-81,0,0,-81,-81,0,0,-77,-77,-53,-63
-67,-65,-68,-69,-70,-82,-85,-68,-78,-78,-66,-60,-59,-58,0,0,-83,-83,0,-61,-73,-74,-72,-69,-61,-60,-79,0,-79,-76,-57,-64,-67,-69,-79,-77,-79,-80,0,0,0,-83,-81,0,0,-81,-81,0,0,-77,-77,-53,-63
-67,-65,-68,-69,-70,-82,-85,-68,-78,-78,-66,-60,-59,-58,0,0,-83,-83,0,-61,-73,-74,-72,-69,-61,-60,-79,0,-79,-76,-57,-64,-67,-69,-79,-77,-79,-80,0,0,0,-83,-81,0,0,-81,-81,0,0,-77,-77,-53,-63
-67,-65,-68,-69,-70,-82,-85,-68,-78,-78,-66,-60,-59,-58,0,0,-83,-83,0,-61,-73,-74,-72,-69,-61,-60,-79,0,-79,-76,-57,-64,-67,-69,-79,-77,-79,-80,0,0,0,-83,-81,0,0,-81,-81,0,0,-77,-77,-53,-63
-67,-65,-67,-67,0,-83,0,-68,-78,-78,0,0,-59,-58,0,0,-84,0,0,0,-73,-72,-72,-69,-61,-62,0,0,-77,0,-57,-63,-64,-64,-77,-74,-79,-79,0,0,0,-82,-80,0,0,-81,-81,-76,-70,-77,-77,-52,-62
-67,-65,-67,-67,0,-83,0,-68,-78,-78,0,0,-59,-58,0,0,-84,0,0,0,-73,-72,-72,-69,-60,-62,0,0,-77,0,-57,-63,-64,-64,-77,-74,-79,-79,0,0,0,-82,-80,0,0,-81,-81,-76,-70,-77,-77,-52,-62
-67,-65,-67,-67,0,-83,0,-68,-78,-78,0,0,-59,-58,0,0,-84,0,0,0,-73,-72,-72,-69,-60,-62,0,0,-77,0,-57,-63,-64,-64,-77,-74,-79,-79,0,0,0,-82,-80,0,0,-81,-81,-76,-70,-77,-77,-52,-62
-67,-65,-67,-67,0,-83,0,-68,-78,-78,0,0,-59,-58,0,0,-84,0,0,0,-73,-72,-72,-69,-58,-62,0,0,-77,0,-57,-63,-64,-64,-77,-74,-79,-79,0,0,0,-82,-80,0,0,-81,-81,-76,-70,-77,-77,-52,-62
-67,-65,-67,-67,0,-83,0,-68,-78,-78,0,0,-59,-58,0,0,-84,0,0,0,-73,-72,-72,-69,-58,-62,0,0,-77,0,-57,-63,-64,-64,-77,-74,-79,-79,0,0,0,-82,-80,0,0,-81,-81,-76,-70,-77,-77,-52,-62
-70,-65,-65,-66,0,-83,0,0,-78,-78,-66,-60,-59,-59,0,0,-84,-84,0,0,-73,-72,0,0,-58,-57,0,0,-77,0,-57,-60,-68,-68,-77,-78,-77,-78,0,0,0,-82,-80,0,0,-82,-81,-76,-70,-76,-75,-55,-62
-70,-65,-65,-66,0,-83,0,0,-78,-78,-66,-60,-59,-59,0,0,-84,-84,0,0,-73,-72,0,0,-58,-57,0,0,-77,0,-57,-60,-68,-68,-77,-78,-77,-78,0,0,0,-82,-80,0,0,-82,-81,-76,-70,-76,-75,-55,-62
-70,-65,-65,-66,0,-83,0,0,-78,-78,-66,-60,-59,-59,0,0,-84,-84,0,0,-73,-72,0,0,-58,-57,0,0,-77,0,-57,-60,-68,-68,-77,-78,-77,-78,0,0,0,-82,-80,0,0,-82,-81,-76,-70,-76,-75,-55,-62
-70,-65,-65,-66,0,-83,0,0,-78,-78,-66,-60,-59,-59,0,0,-84,-84,0,0,-73,-72,0,0,-58,-57,0,0,-77,0,-57,-60,-68,-68,-77,-78,-77,-78,0,0,0,-82,-80,0,0,-82,-81,-76,-70,-76,-75,-55,-62
-70,-65,-65,-66,0,-83,0,0,-78,-78,-66,-60,-59,-59,0,0,-84,-84,0,0,-73,-72,0,0,-60,-57,0,0,-77,0,-57,-60,-68,-68,-77,-78,-77,-78,0,0,0,-82,-80,0,0,-82,-81,-76,-70,-76,-75,-55,-62
