0,0,0,0,0,0,0,-82,0,0,0,-83,-81,-82,0,-74,0,0,-82,-77,-85,-83,-58,-58,-59,-62,-81,-81,-86,-87,-82,-79,-79,-83,-66,-68,-68,-68,0,0,0,0,0,0,0,0,0,0,-86,0,0,-66,-59
0,0,0,0,0,0,0,-82,0,0,0,-83,-81,-82,0,-74,0,0,-82,-77,-85,-83,-58,-58,-59,-62,-81,-81,-86,-87,-82,-79,-79,-83,-66,-68,-68,-68,0,0,0,0,0,0,0,0,0,0,-86,0,0,-66,-59
0,0,0,0,0,0,0,-82,0,0,0,-83,-85,-84,0,-74,0,0,-82,-71,-86,-87,-62,-57,-61,-62,-82,-86,-86,-87,-82,0,-79,-83,-73,-73,-73,-73,0,0,-79,0,0,0,0,0,0,0,-86,-92,0,-57,-48
0,0,0,0,0,0,0,-82,0,0,0,-83,-85,-84,0,-74,0,0,-82,-71,-86,-87,-62,-57,-61,-62,-82,-86,-86,-87,-82,0,-79,-83,-73,-73,-73,-73,0,0,-79,0,0,0,0,0,0,0,-86,-92,0,-57,-48
0,0,0,0,0,0,0,0,0,0,-86,-82,-88,-84,0,0,0,0,-72,-69,-84,-82,-58,-59,-59,-59,-82,-86,-91,0,0,-82,-84,-84,-73,-73,-73,-74,0,0,-79,0,0,0,0,0,0,0,0,-92,0,-63,-57
0,0,0,0,0,0,0,0,0,0,-86,-82,-88,-84,0,0,0,0,-72,-69,-84,-82,-58,-59,-59,-59,-82,-86,-91,0,0,-82,-84,-84,-73,-73,-73,-74,0,0,-79,0,0,0,0,0,0,0,0,-92,0,-63,-57
0,0,0,0,0,0,0,0,0,0,-86,-82,-86,-85,0,-75,0,0,-72,-69,-86,-86,-58,-62,-62,-65,-81,-87,-87,-88,-83,-81,-83,-83,-73,-69,-73,-75,0,0,-79,0,0,0,0,0,0,0,0,-92,0,-71,-54
0,0,0,0,0,0,0,0,0,0,-86,-82,-86,-85,0,-75,0,0,-72,-69,-86,-86,-58,-62,-62,-65,-81,-87,-87,-88,-83,-81,-83,-83,-73,-69,-73,-75,0,0,-79,0,0,0,0,0,0,0,0,-92,0,-71,-54
0,0,0,0,0,0,0,-86,0,0,-86,-82,-86,-85,-81,-77,0,0,-72,-69,-85,-84,-58,-59,-62,-64,-81,-87,-90,-90,-83,-79,-85,-84,0,-67,-73,-73,-85,0,0,0,0,0,0,0,0,-86,0,0,0,-75,-51
0,0,0,0,0,0,0,-86,0,0,-86,-82,-86,-85,-81,-77,0,0,-72,-69,-85,-84,-58,-59,-62,-64,-81,-87,-90,-90,-83,-79,-85,-84,0,-67,-73,-73,-85,0,0,0,0,0,0,0,0,-86,0,0,0,-75,-51
0,0,0,0,0,0,0,-86,0,0,0,0,-86,-85,-81,-77,0,0,0,-68,-87,-84,-58,-59,-63,-62,-81,-87,-86,-88,-83,-79,-83,-85,-65,-66,0,-74,-85,0,0,0,0,0,0,0,0,-86,0,0,0,-73,-52
0,0,0,0,0,0,0,-86,0,0,0,0,-86,-85,-81,-77,0,0,0,-68,-87,-84,-58,-59,-63,-62,-81,-87,-86,-88,-83,-79,-83,-85,-65,-66,0,-74,-85,0,0,0,0,0,0,0,0,-86,0,0,0,-73,-52
-81,-79,0,0,0,0,0,-81,0,0,0,0,0,0,-81,-79,0,0,-69,-68,-86,-86,-60,-59,-61,-61,-85,-85,-88,-88,0,-79,-86,-85,-68,-63,-74,-74,-85,0,-87,0,0,0,0,0,0,-86,0,0,0,-74,-51
-81,-79,0,0,0,0,0,-81,0,0,0,0,0,0,-81,-79,0,0,-69,-68,-86,-86,-60,-59,-61,-61,-85,-85,-88,-88,0,-79,-86,-85,-68,-63,-74,-74,-85,0,-87,0,0,0,0,0,0,-86,0,0,0,-74,-51
-81,-79,0,0,-71,0,0,-81,0,0,0,0,-89,-91,0,-79,0,0,-69,-68,-86,-86,-61,-59,-62,-61,-85,-84,-89,-90,0,0,-83,-83,-66,-66,-74,-74,0,-86,-85,0,0,0,0,0,0,0,0,0,0,-73,-51
-81,-79,0,0,-71,0,0,-81,0,0,0,0,-89,-91,0,-79,0,0,-69,-68,-86,-86,-61,-59,-62,-61,-85,-84,-89,-90,0,0,-83,-83,-66,-66,-74,-74,0,-86,-85,0,0,0,0,0,0,0,0,0,0,-73,-51
-81,-79,0,0,-71,0,0,-81,0,0,0,0,-89,-89,0,-79,0,0,-69,-70,-89,-86,-59,-60,-62,-66,-85,-84,-89,-90,0,0,-86,-85,-64,-64,-73,-74,0,-86,-85,0,0,0,0,0,0,0,-84,0,0,-71,-50
-81,-79,0,0,-71,0,0,-81,0,0,0,0,-89,-89,0,-79,0,0,-69,-70,-89,-86,-59,-60,-62,-66,-85,-84,-89,-90,0,0,-86,-85,-64,-64,-73,-74,0,-86,-85,0,0,0,0,0,0,0,-84,0,0,-71,-50
-80,-78,0,0,-71,0,0,0,0,0,0,0,-88,-89,0,0,0,0,0,-70,-84,-88,-60,-59,-61,-64,0,-84,-89,-90,-85,-81,-85,-85,-64,-64,-73,-74,0,-86,-85,0,0,0,0,0,0,0,-84,0,0,-68,-52
-80,-78,0,0,-71,0,0,0,0,0,0,0,-88,-89,0,0,0,0,0,-70,-84,-88,-60,-59,-61,-64,0,-84,-89,-90,-85,-81,-85,-85,-64,-64,-73,-74,0,-86,-85,0,0,0,0,0,0,0,-84,0,0,-68,-52
-80,-77,0,0,-71,0,0,0,0,0,0,0,-88,-89,0,0,0,0,-70,-72,-88,-88,-58,-58,-62,-61,-87,-86,0,0,-85,-81,-86,-85,-67,-64,-74,-73,0,0,-89,0,0,0,0,0,0,0,-84,0,0,-74,-51
-80,-77,0,0,-71,0,0,0,0,0,0,0,-88,-89,0,0,0,0,-70,-72,-88,-88,-58,-58,-62,-61,-87,-86,0,0,-85,-81,-86,-85,-67,-64,-74,-73,0,0,-89,0,0,0,0,0,0,0,-84,0,0,-74,-51
-80,-77,0,0,-71,0,0,0,0,0,0,0,-90,-89,-82,0,0,0,-70,-72,-88,-88,-61,-59,-61,-61,-87,-86,-88,-89,-85,-79,-85,-86,-67,-64,-77,-73,0,0,-89,0,0,0,0,0,0,0,0,0,0,-70,-51
-80,-77,0,0,-71,0,0,0,0,0,0,0,-90,-89,-82,0,0,0,-70,-72,-88,-88,-61,-59,-61,-61,-87,-86,-88,-89,-85,-79,-85,-86,-67,-64,-77,-73,0,0,-89,0,0,0,0,0,0,0,0,0,0,-70,-51
-79,-77,0,0,-80,0,0,0,0,0,0,0,-89,-86,-82,0,0,0,-70,-71,-89,-86,-57,-59,-62,-63,-87,-86,-88,-87,-85,-79,-85,-85,-67,-64,-73,-74,0,0,-88,0,0,0,0,0,0,0,0,0,0,-69,-50
-79,-77,0,0,-80,0,0,0,0,0,0,0,-89,-86,-82,0,0,0,-70,-71,-89,-86,-57,-59,-62,-63,-87,-86,-88,-87,-85,-79,-85,-85,-67,-64,-73,-74,0,0,-88,0,0,0,0,0,0,0,0,0,0,-69,-50
-79,-77,0,0,-80,0,0,0,0,0,0,0,-89,-86,-82,0,0,0,0,-71,-86,-86,-58,-60,-60,-62,-87,-84,-87,-87,-85,-81,-81,-81,-69,-67,-73,-74,0,0,-88,0,0,0,0,0,0,0,0,0,0,-74,-51
-79,-77,0,0,-80,0,0,0,0,0,0,0,-89,-86,-82,0,0,0,0,-71,-86,-86,-58,-60,-60,-62,-87,-84,-87,-87,-85,-81,-81,-81,-69,-67,-73,-74,0,0,-88,0,0,0,0,0,0,0,0,0,0,-74,-51
-79,-82,0,0,-80,-88,-90,-82,0,0,0,0,-88,-86,-77,-74,0,0,0,-71,-91,-86,-56,-55,-64,-67,-87,-84,-86,-87,-85,-81,-80,-80,-69,-67,-73,-73,0,0,-88,0,0,0,0,0,0,-84,0,0,0,-64,-51
-79,-82,0,0,-80,-88,-90,-82,0,0,0,0,-88,-86,-77,-74,0,0,0,-71,-91,-86,-56,-55,-64,-67,-87,-84,-86,-87,-85,-81,-80,-80,-69,-67,-73,-73,0,0,-88,0,0,0,0,0,0,-84,0,0,0,-64,-51
0,-82,0,0,0,-88,-90,-82,0,0,0,0,-88,0,-76,-74,0,0,0,-71,-89,-88,-56,-55,-62,-63,-87,-84,-86,-86,-80,-83,-82,-83,-69,-67,-70,-71,0,0,0,0,0,0,0,0,0,-84,-84,0,0,-64,-49
0,-82,0,0,0,-88,-90,-82,0,0,0,0,-88,0,-76,-74,0,0,0,-71,-89,-88,-56,-55,-62,-63,-87,-84,-86,-86,-80,-83,-82,-83,-69,-67,-70,-71,0,0,0,0,0,0,0,0,0,-84,-84,0,0,-64,-49
0,-82,0,0,0,-88,-90,-82,0,0,0,0,-88,0,-75,-72,0,0,0,-71,-89,-91,-67,-63,-57,-62,0,0,-86,-86,-80,-84,-86,-87,0,0,-76,-74,0,0,0,0,0,0,0,0,0,-84,-84,0,0,-72,-49
0,-82,0,0,0,-88,-90,-82,0,0,0,0,-88,0,-75,-72,0,0,0,-71,-89,-91,-67,-63,-57,-62,0,0,-86,-86,-80,-84,-86,-87,0,0,-76,-74,0,0,0,0,0,0,0,0,0,-84,-84,0,0,-72,-49
-81,-81,0,0,0,0,0,-80,0,0,0,0,0,0,-75,-72,0,0,0,-71,-89,-91,-66,-60,-64,-65,0,-89,-86,-86,-80,-84,-86,-87,0,-73,-75,-75,0,0,-83,0,0,0,0,0,0,0,-84,0,0,-67,-52
-81,-81,0,0,0,0,0,-80,0,0,0,0,0,0,-75,-72,0,0,0,-71,-89,-91,-66,-60,-64,-65,0,-89,-86,-86,-80,-84,-86,-87,0,-73,-75,-75,0,0,-83,0,0,0,0,0,0,0,-84,0,0,-67,-52
-80,-81,0,0,0,0,0,-80,0,0,0,0,-86,-87,-75,-78,0,0,0,0,-90,-90,-66,-63,-65,-65,0,-89,0,0,0,-89,-79,-79,0,-73,-76,-76,-88,0,-83,0,0,0,0,0,0,0,0,0,0,-70,-56
-80,-81,0,0,0,0,0,-80,0,0,0,0,-86,-87,-75,-78,0,0,0,0,-90,-90,-66,-63,-65,-65,0,-89,0,0,0,-89,-79,-79,0,-73,-76,-76,-88,0,-83,0,0,0,0,0,0,0,0,0,0,-70,-56
-80,-81,0,0,0,0,0,-80,0,0,0,0,-88,-88,0,-75,0,0,0,0,-90,-90,-62,-60,-69,-83,0,-89,0,0,0,-89,-77,-77,0,-73,-75,-74,-88,0,-83,0,0,0,0,0,0,0,-81,0,0,-72,-56
-80,-81,0,0,0,0,0,-80,0,0,0,0,-88,-88,0,-75,0,0,0,0,-90,-90,-62,-60,-69,-83,0,-89,0,0,0,-89,-77,-77,0,-73,-75,-74,-88,0,-83,0,0,0,0,0,0,0,-81,0,0,-72,-56
-80,0,0,0,0,0,0,0,0,0,0,-88,-88,-87,0,-75,0,0,0,-78,-90,-90,-60,-59,-69,-70,0,0,-90,0,0,-89,-82,-80,0,0,-75,-76,-88,0,0,0,0,0,0,0,0,0,-81,0,0,-71,-55
-80,0,0,0,0,0,0,0,0,0,0,-88,-88,-87,0,-75,0,0,0,-78,-90,-90,-60,-59,-69,-70,0,0,-90,0,0,-89,-82,-80,0,0,-75,-76,-88,0,0,0,0,0,0,0,0,0,-81,0,0,-71,-55
0,0,0,0,0,0,0,0,0,0,0,-88,-87,-84,0,-75,0,0,0,-78,0,0,-65,-61,-68,-68,0,0,-90,0,0,-90,-81,-82,-67,-76,-75,-74,0,-82,-80,0,0,0,0,0,0,0,-83,0,0,-71,-51
0,0,0,0,0,0,0,0,0,0,0,-88,-87,-84,0,-75,0,0,0,-78,0,0,-65,-61,-68,-68,0,0,-90,0,0,-90,-81,-82,-67,-76,-75,-74,0,-82,-80,0,0,0,0,0,0,0,-83,0,0,-71,-51
0,0,0,0,0,0,0,0,0,0,0,-88,-87,-86,0,0,0,0,-82,-78,0,0,-64,-61,-68,-68,0,0,-90,0,0,-90,-82,-82,-74,-74,-73,-74,0,-82,-80,0,0,0,0,0,0,0,-83,0,0,-71,-53
0,0,0,0,0,0,0,0,0,0,0,-88,-87,-86,0,0,0,0,-82,-78,0,0,-64,-61,-68,-68,0,0,-90,0,0,-90,-82,-82,-74,-74,-73,-74,0,-82,-80,0,0,0,0,0,0,0,-83,0,0,-71,-53
0,0,0,0,0,0,0,-78,0,0,0,0,-86,-88,-78,-75,0,0,-82,-79,0,0,-61,-59,-68,-69,0,0,-90,-89,0,-90,-82,-83,-74,-74,-73,-73,0,-84,-80,0,0,0,0,0,0,0,-80,0,0,-73,-55
0,0,0,0,0,0,0,-78,0,0,0,0,-86,-88,-78,-75,0,0,-82,-79,0,0,-61,-59,-68,-69,0,0,-90,-89,0,-90,-82,-83,-74,-74,-73,-73,0,-84,-80,0,0,0,0,0,0,0,-80,0,0,-73,-55
0,-78,0,0,0,0,0,-80,0,0,0,0,-88,-86,-78,-75,0,0,-82,-80,0,-88,-61,-59,-68,-69,0,0,-92,-89,0,0,-82,-82,-74,-74,-73,-72,0,-84,0,0,0,0,0,0,0,0,-80,0,0,-84,-56
0,-78,0,0,0,0,0,-80,0,0,0,0,-88,-86,-78,-75,0,0,-82,-80,0,-88,-61,-59,-68,-69,0,0,-92,-89,0,0,-82,-82,-74,-74,-73,-72,0,-84,0,0,0,0,0,0,0,0,-80,0,0,-84,-56
0,-77,0,0,-73,0,0,-80,0,0,0,-87,-88,-88,-78,-78,0,0,-82,-80,0,-88,-62,-58,-70,-69,0,0,-89,-90,0,0,-81,-81,0,0,-73,-72,0,-84,0,0,0,0,0,0,0,0,-82,0,0,-72,-54
0,-77,0,0,-73,0,0,-80,0,0,0,-87,-88,-88,-78,-78,0,0,-82,-80,0,-88,-62,-58,-70,-69,0,0,-89,-90,0,0,-81,-81,0,0,-73,-72,0,-84,0,0,0,0,0,0,0,0,-82,0,0,-72,-54
0,-77,0,0,-73,0,0,-78,0,0,0,-87,-88,-88,0,-79,0,0,0,-80,0,-88,-62,-59,-71,-69,0,0,-89,-89,0,0,-82,-82,0,0,0,-72,0,0,0,0,0,0,0,0,0,0,-80,0,0,-73,-57
0,-77,0,0,-73,0,0,-78,0,0,0,-87,-88,-88,0,-79,0,0,0,-80,0,-88,-62,-59,-71,-69,0,0,-89,-89,0,0,-82,-82,0,0,0,-72,0,0,0,0,0,0,0,0,0,0,-80,0,0,-73,-57
-84,-77,0,0,-69,0,0,-78,0,0,0,-87,0,-88,0,-77,0,0,0,0,0,0,-59,-60,-67,-68,0,0,-89,-89,0,0,-82,-82,0,-71,-74,-74,0,0,0,0,0,0,0,0,0,0,-80,0,0,-74,-55
-84,-77,0,0,-69,0,0,-78,0,0,0,-87,0,-88,0,-77,0,0,0,0,0,0,-59,-60,-67,-68,0,0,-89,-89,0,0,-82,-82,0,-71,-74,-74,0,0,0,0,0,0,0,0,0,0,-80,0,0,-74,-55
-83,-81,0,0,-76,-87,-88,-78,0,0,0,0,-89,-88,0,-77,0,0,0,0,-90,0,-60,-60,-68,-70,-87,-87,-90,-89,0,0,-78,-78,0,-71,-72,-74,0,0,0,0,0,0,0,0,0,0,-80,0,0,-75,-54
-83,-81,0,0,-76,-87,-88,-78,0,0,0,0,-89,-88,0,-77,0,0,0,0,-90,0,-60,-60,-68,-70,-87,-87,-90,-89,0,0,-78,-78,0,-71,-72,-74,0,0,0,0,0,0,0,0,0,0,-80,0,0,-75,-54
-83,-77,0,0,-76,-89,-88,-87,0,0,0,0,-89,-88,0,-78,0,0,0,0,-90,-88,-60,-60,-66,-67,-87,-87,-90,0,0,-89,-78,-77,0,-71,-72,-75,0,0,0,0,0,0,0,0,0,0,0,0,0,-73,-54
-83,-77,0,0,-76,-89,-88,-87,0,0,0,0,-89,-88,0,-78,0,0,0,0,-90,-88,-60,-60,-66,-67,-87,-87,-90,0,0,-89,-78,-77,0,-71,-72,-75,0,0,0,0,0,0,0,0,0,0,0,0,0,-73,-54
-83,-80,0,0,-76,-89,-88,-87,0,0,0,0,-89,-88,0,-78,0,0,0,0,-87,-90,-61,-59,-69,-69,-85,-88,-90,0,0,-89,-82,-81,0,-72,-75,-73,0,0,0,0,0,0,0,0,0,0,-81,0,0,-72,-53
-83,-80,0,0,-76,-89,-88,-87,0,0,0,0,-89,-88,0,-78,0,0,0,0,-87,-90,-61,-59,-69,-69,-85,-88,-90,0,0,-89,-82,-81,0,-72,-75,-73,0,0,0,0,0,0,0,0,0,0,-81,0,0,-72,-53
-83,-80,0,0,-72,-88,0,-87,0,0,0,0,-89,-88,0,-78,0,0,0,0,-87,-89,-61,-59,-67,-67,-86,-88,0,0,0,-89,-82,-83,-69,-71,-73,-73,0,0,0,0,0,0,0,0,0,0,-81,0,0,-71,-54
-83,-80,0,0,-72,-88,0,-87,0,0,0,0,-89,-88,0,-78,0,0,0,0,-87,-89,-61,-59,-67,-67,-86,-88,0,0,0,-89,-82,-83,-69,-71,-73,-73,0,0,0,0,0,0,0,0,0,0,-81,0,0,-71,-54
-83,-80,0,0,-83,-88,0,0,0,0,0,-88,0,0,0,0,0,0,0,-76,-87,-89,-59,-59,-67,-67,-86,-88,0,0,0,0,-85,-85,-69,-71,-73,-74,0,0,0,0,0,0,0,0,0,0,-81,0,0,-72,-56
-83,-80,0,0,-83,-88,0,0,0,0,0,-88,0,0,0,0,0,0,0,-76,-87,-89,-59,-59,-67,-67,-86,-88,0,0,0,0,-85,-85,-69,-71,-73,-74,0,0,0,0,0,0,0,0,0,0,-81,0,0,-72,-56
0,0,0,0,-83,-88,0,0,0,0,-79,-76,-87,-86,0,0,0,0,0,-76,0,-89,-58,-59,-60,-59,-86,0,-87,-87,-84,0,-84,-82,-69,-67,-73,-73,0,0,0,0,0,0,0,0,0,0,0,0,0,-66,-58
0,0,0,0,-83,-88,0,0,0,0,-79,-76,-87,-86,0,0,0,0,0,-76,0,-89,-58,-59,-60,-59,-86,0,-87,-87,-84,0,-84,-82,-69,-67,-73,-73,0,0,0,0,0,0,0,0,0,0,0,0,0,-66,-58
0,0,0,0,-83,-89,-87,0,0,0,-79,-76,-87,-86,-82,-76,0,0,0,-71,0,0,-60,-58,-59,-62,0,0,-86,-86,-84,0,-84,-82,0,-67,-75,-74,0,0,0,0,0,0,0,0,0,0,0,0,0,-72,-57
0,0,0,0,-83,-89,-87,0,0,0,-79,-76,-87,-86,-82,-76,0,0,0,-71,0,0,-60,-58,-59,-62,0,0,-86,-86,-84,0,-84,-82,0,-67,-75,-74,0,0,0,0,0,0,0,0,0,0,0,0,0,-72,-57
0,0,0,0,0,-87,-87,0,0,0,-79,-76,-87,-86,-82,-76,0,0,0,-73,0,0,-62,-59,-63,-70,0,0,-87,-87,-84,0,-84,-82,0,-68,-77,-77,0,0,0,0,0,0,0,0,0,0,-81,0,0,-70,-51
0,0,0,0,0,-87,-87,0,0,0,-79,-76,-87,-86,-82,-76,0,0,0,-73,0,0,-62,-59,-63,-70,0,0,-87,-87,-84,0,-84,-82,0,-68,-77,-77,0,0,0,0,0,0,0,0,0,0,-81,0,0,-70,-51
0,0,0,0,-73,-87,-87,0,0,0,0,0,-87,0,-82,-76,0,0,0,-73,0,0,-57,-56,-64,-65,0,0,-85,-86,0,0,-79,-79,-67,-68,-74,-74,0,0,0,0,0,0,0,0,0,-86,-83,0,0,-70,-55
0,0,0,0,-73,-87,-87,0,0,0,0,0,-87,0,-82,-76,0,0,0,-73,0,0,-57,-56,-64,-65,0,0,-85,-86,0,0,-79,-79,-67,-68,-74,-74,0,0,0,0,0,0,0,0,0,-86,-83,0,0,-70,-55
0,0,0,0,-75,-87,0,0,0,0,0,0,-89,0,0,0,0,0,-78,-76,-91,0,-59,-54,-66,-66,-82,-90,-86,-85,0,0,-79,-79,-69,-71,-74,-74,0,0,0,0,0,0,0,0,0,-86,-83,0,0,-71,-54
0,0,0,0,-75,-87,0,0,0,0,0,0,-89,0,0,0,0,0,-78,-76,-91,0,-59,-54,-66,-66,-82,-90,-86,-85,0,0,-79,-79,-69,-71,-74,-74,0,0,0,0,0,0,0,0,0,-86,-83,0,0,-71,-54
0,0,0,0,-72,0,0,-83,0,0,0,0,-89,0,0,0,0,0,-78,-76,-91,-88,-58,-56,-63,-68,-82,-90,-85,-85,0,0,-79,-79,-66,-70,-75,-75,0,0,0,0,0,0,0,0,0,-86,-83,0,0,-64,-56
0,0,0,0,-72,0,0,-83,0,0,0,0,-89,0,0,0,0,0,-78,-76,-91,-88,-58,-56,-63,-68,-82,-90,-85,-85,0,0,-79,-79,-66,-70,-75,-75,0,0,0,0,0,0,0,0,0,-86,-83,0,0,-64,-56
0,-75,0,0,-72,0,0,-83,0,0,0,0,-89,0,0,0,0,0,-78,-76,-91,-90,-58,-54,-64,-66,-82,-90,-87,-86,0,0,0,-78,-65,-68,-77,-77,0,0,0,0,0,0,0,0,0,0,-83,0,0,-71,-51
0,-75,0,0,-72,0,0,-83,0,0,0,0,-89,0,0,0,0,0,-78,-76,-91,-90,-58,-54,-64,-66,-82,-90,-87,-86,0,0,0,-78,-65,-68,-77,-77,0,0,0,0,0,0,0,0,0,0,-83,0,0,-71,-51
-83,-81,0,0,-72,-87,-88,-83,0,0,0,0,0,0,0,0,0,0,0,0,-91,-90,-58,-59,-64,-64,0,0,-84,-85,0,0,0,-78,-65,-71,-75,-75,0,0,0,0,0,0,0,0,0,0,-83,0,0,-67,-52
-83,-81,0,0,-72,-87,-88,-83,0,0,0,0,0,0,0,0,0,0,0,0,-91,-90,-58,-59,-64,-64,0,0,-84,-85,0,0,0,-78,-65,-71,-75,-75,0,0,0,0,0,0,0,0,0,0,-83,0,0,-67,-52
-83,-81,0,0,0,-90,-89,0,0,0,0,-83,-88,-91,0,0,0,0,0,-74,0,-90,-56,-55,-63,-64,0,0,-83,-83,0,0,-80,-80,-65,-68,-76,-75,0,0,0,0,0,0,0,0,0,0,0,0,0,-62,-53
-83,-81,0,0,0,-90,-89,0,0,0,0,-83,-88,-91,0,0,0,0,0,-74,0,-90,-56,-55,-63,-64,0,0,-83,-83,0,0,-80,-80,-65,-68,-76,-75,0,0,0,0,0,0,0,0,0,0,0,0,0,-62,-53
-84,-81,0,0,-72,-90,-89,0,0,0,0,-83,-88,-92,0,-74,0,0,0,-74,-88,0,-62,-59,-59,-58,0,0,-83,-83,0,0,-85,-86,-67,-61,-74,-73,0,0,0,0,0,0,0,0,0,0,0,0,0,-66,-52
-84,-81,0,0,-72,-90,-89,0,0,0,0,-83,-88,-92,0,-74,0,0,0,-74,-88,0,-62,-59,-59,-58,0,0,-83,-83,0,0,-85,-86,-67,-61,-74,-73,0,0,0,0,0,0,0,0,0,0,0,0,0,-66,-52
-79,-74,0,0,-72,-90,-89,0,0,0,0,-83,-88,-92,0,-74,0,0,0,-74,-88,0,-59,-59,-60,-63,-88,-87,-83,-83,0,0,-82,-83,-67,-73,-74,-74,0,0,0,0,0,0,0,0,0,0,0,0,0,-65,-54
-79,-74,0,0,-72,-90,-89,0,0,0,0,-83,-88,-92,0,-74,0,0,0,-74,-88,0,-59,-59,-60,-63,-88,-87,-83,-83,0,0,-82,-83,-67,-73,-74,-74,0,0,0,0,0,0,0,0,0,0,0,0,0,-65,-54
-81,-78,0,0,-72,0,0,0,0,0,0,0,-90,-92,-76,-73,0,0,0,0,-88,0,-61,-61,-63,-64,-88,-87,-88,-87,0,0,-84,-83,-67,-72,-75,-73,0,0,0,0,0,0,0,0,0,0,0,-90,0,-64,-55
-81,-78,0,0,-72,0,0,0,0,0,0,0,-90,-92,-76,-73,0,0,0,0,-88,0,-61,-61,-63,-64,-88,-87,-88,-87,0,0,-84,-83,-67,-72,-75,-73,0,0,0,0,0,0,0,0,0,0,0,-90,0,-64,-55
-86,-81,0,0,0,0,0,0,0,0,0,0,-90,-88,-76,-74,0,0,0,0,0,0,-60,-59,-63,-67,-84,-87,-89,-87,0,0,-85,-84,0,-72,-75,-75,0,0,0,0,0,0,0,0,0,0,0,-92,0,-68,-51
-86,-81,0,0,0,0,0,0,0,0,0,0,-90,-88,-76,-74,0,0,0,0,0,0,-60,-59,-63,-67,-84,-87,-89,-87,0,0,-85,-84,0,-72,-75,-75,0,0,0,0,0,0,0,0,0,0,0,-92,0,-68,-51
-82,-81,0,0,-73,0,0,0,0,0,0,0,-90,-88,-76,-74,0,0,0,0,-89,-90,-60,-61,-71,-67,-84,-87,-87,-87,0,-88,-84,-84,-72,-72,-74,-75,0,0,0,0,0,0,0,0,0,0,0,-92,0,-69,-52
-82,-81,0,0,-73,0,0,0,0,0,0,0,-90,-88,-76,-74,0,0,0,0,-89,-90,-60,-61,-71,-67,-84,-87,-87,-87,0,-88,-84,-84,-72,-72,-74,-75,0,0,0,0,0,0,0,0,0,0,0,-92,0,-69,-52
-82,-81,0,0,-75,0,0,0,0,0,0,0,0,-88,0,-74,0,0,0,0,-89,-90,-61,-60,-61,-61,-82,-85,-86,-86,0,-88,-88,-84,-72,-71,-75,-76,0,-86,0,0,0,0,0,0,0,0,0,-92,0,-73,-51
-82,-81,0,0,-75,0,0,0,0,0,0,0,0,-88,0,-74,0,0,0,0,-89,-90,-61,-60,-61,-61,-82,-85,-86,-86,0,-88,-88,-84,-72,-71,-75,-76,0,-86,0,0,0,0,0,0,0,0,0,-92,0,-73,-51
-82,-81,0,0,-75,0,0,0,0,0,0,0,0,0,0,-77,0,0,0,0,-89,-90,-60,-59,-64,-65,-82,-85,-87,-87,-81,-83,-88,-86,-72,-71,-77,-77,0,-86,0,0,0,0,0,0,0,0,0,0,0,-80,-52
-82,-81,0,0,-75,0,0,0,0,0,0,0,0,0,0,-77,0,0,0,0,-89,-90,-60,-59,-64,-65,-82,-85,-87,-87,-81,-83,-88,-86,-72,-71,-77,-77,0,-86,0,0,0,0,0,0,0,0,0,0,0,-80,-52
-84,0,0,0,-75,0,0,0,0,0,0,0,-87,0,0,-75,0,0,0,0,-89,0,-60,-61,-64,-65,-87,-87,-85,-85,-81,-84,-88,-87,0,-71,-77,-78,0,-86,0,0,0,0,0,0,0,0,0,0,0,-77,-53
-84,0,0,0,-75,0,0,0,0,0,0,0,-87,0,0,-75,0,0,0,0,-89,0,-60,-61,-64,-65,-87,-87,-85,-85,-81,-84,-88,-87,0,-71,-77,-78,0,-86,0,0,0,0,0,0,0,0,0,0,0,-77,-53
-85,-81,0,0,-76,0,0,0,0,0,0,0,-89,-88,0,-75,0,0,0,0,0,0,-61,-62,-63,-65,-87,-87,-84,-85,-80,-84,-86,-87,-71,0,-77,-77,0,0,0,0,0,0,0,0,0,0,0,0,0,-77,-53
-85,-81,0,0,-76,0,0,0,0,0,0,0,-89,-88,0,-75,0,0,0,0,0,0,-61,-62,-63,-65,-87,-87,-84,-85,-80,-84,-86,-87,-71,0,-77,-77,0,0,0,0,0,0,0,0,0,0,0,0,0,-77,-53
-86,-83,0,0,-76,0,0,0,0,0,0,0,-89,-88,0,-75,0,0,0,0,0,0,-60,-58,-63,-64,-87,-91,-87,-86,-80,-84,-87,-88,-71,0,-76,-76,0,0,0,0,0,0,0,0,0,0,0,0,0,-73,-48
-86,-83,0,0,-76,0,0,0,0,0,0,0,-89,-88,0,-75,0,0,0,0,0,0,-60,-58,-63,-64,-87,-91,-87,-86,-80,-84,-87,-88,-71,0,-76,-76,0,0,0,0,0,0,0,0,0,0,0,0,0,-73,-48
-84,-84,0,0,-73,0,0,-81,0,0,0,0,-90,-88,0,0,0,0,0,0,0,-91,-59,-57,-63,-65,-83,-92,-84,-84,-80,0,-84,-85,-70,0,-77,-78,0,0,0,0,0,0,0,0,0,0,0,0,0,-76,-50
-84,-84,0,0,-73,0,0,-81,0,0,0,0,-90,-88,0,0,0,0,0,0,0,-91,-59,-57,-63,-65,-83,-92,-84,-84,-80,0,-84,-85,-70,0,-77,-78,0,0,0,0,0,0,0,0,0,0,0,0,0,-76,-50
-84,-84,0,0,-74,0,0,-81,0,0,0,0,-90,-88,0,0,0,0,0,0,0,-91,-61,-61,-63,-65,-83,-90,-84,-85,0,0,-85,-85,-71,-73,-77,-78,0,-83,0,0,0,0,0,0,0,0,0,0,0,-77,-51
-84,-84,0,0,-74,0,0,-81,0,0,0,0,-90,-88,0,0,0,0,0,0,0,-91,-61,-61,-63,-65,-83,-90,-84,-85,0,0,-85,-85,-71,-73,-77,-78,0,-83,0,0,0,0,0,0,0,0,0,0,0,-77,-51
-84,-84,0,0,-74,0,0,-81,0,0,0,0,-87,-88,0,-74,0,0,0,0,0,-91,-59,-59,-65,-65,-83,-90,-85,-85,-83,-87,-85,-85,-71,-73,-77,-78,0,-83,-84,0,0,0,0,0,0,0,0,0,0,-79,-49
-84,-84,0,0,-74,0,0,-81,0,0,0,0,-87,-88,0,-74,0,0,0,0,0,-91,-59,-59,-65,-65,-83,-90,-85,-85,-83,-87,-85,-85,-71,-73,-77,-78,0,-83,-84,0,0,0,0,0,0,0,0,0,0,-79,-49
-87,-86,0,0,-73,0,0,0,0,0,0,0,-88,-87,0,-75,0,0,0,0,0,0,-58,-57,-65,-65,-85,-90,-85,-85,-83,-87,-85,-85,-71,-75,-76,-77,0,-83,-84,0,0,0,0,0,0,0,0,0,0,-76,-50
-87,-86,0,0,-73,0,0,0,0,0,0,0,-88,-87,0,-75,0,0,0,0,0,0,-58,-57,-65,-65,-85,-90,-85,-85,-83,-87,-85,-85,-71,-75,-76,-77,0,-83,-84,0,0,0,0,0,0,0,0,0,0,-76,-50
-89,-85,0,0,-73,0,0,0,0,0,0,0,-88,-87,0,-75,0,0,0,0,0,0,-58,-58,-64,-67,-85,0,-85,-86,-83,-87,-83,-85,-69,-74,-76,-77,0,-83,-84,0,0,0,0,0,0,0,0,0,0,-79,-51
-89,-85,0,0,-73,0,0,0,0,0,0,0,-88,-87,0,-75,0,0,0,0,0,0,-58,-58,-64,-67,-85,0,-85,-86,-83,-87,-83,-85,-69,-74,-76,-77,0,-83,-84,0,0,0,0,0,0,0,0,0,0,-79,-51
-89,-83,0,0,-73,0,0,0,0,0,0,0,-88,-89,-78,-72,0,0,0,0,0,0,-60,-58,-67,-67,-85,0,-86,-86,0,0,-85,-84,-72,-73,-77,-77,0,-83,0,0,0,0,0,0,0,-85,0,0,0,-76,-48
-89,-83,0,0,-73,0,0,0,0,0,0,0,-88,-89,-78,-72,0,0,0,0,0,0,-60,-58,-67,-67,-85,0,-86,-86,0,0,-85,-84,-72,-73,-77,-77,0,-83,0,0,0,0,0,0,0,-85,0,0,0,-76,-48
-89,-81,0,0,-83,0,0,-83,0,0,0,0,-88,-88,-78,-72,0,0,0,0,0,0,-60,-57,-69,-69,0,0,-86,-86,0,0,-85,-85,-72,-73,-74,-74,0,0,0,0,0,0,0,0,0,-85,0,0,0,-73,-48
-89,-81,0,0,-83,0,0,-83,0,0,0,0,-88,-88,-78,-72,0,0,0,0,0,0,-60,-57,-69,-69,0,0,-86,-86,0,0,-85,-85,-72,-73,-74,-74,0,0,0,0,0,0,0,0,0,-85,0,0,0,-73,-48
0,-81,0,0,-83,0,0,-83,0,0,0,0,-85,-88,-78,-72,0,0,0,-76,0,0,-59,-59,-67,-69,0,0,-86,-86,0,0,-84,-85,-72,-75,-75,-75,0,0,0,0,0,0,0,0,0,-85,0,0,0,-73,-49
0,-81,0,0,-83,0,0,-83,0,0,0,0,-85,-88,-78,-72,0,0,0,-76,0,0,-59,-59,-67,-69,0,0,-86,-86,0,0,-84,-85,-72,-75,-75,-75,0,0,0,0,0,0,0,0,0,-85,0,0,0,-73,-49
0,-81,0,0,-73,0,0,-83,0,0,0,0,-85,-86,0,0,0,0,-77,-77,-86,-86,-57,-57,-70,-69,0,0,-86,-86,0,0,-84,-85,-69,-75,-72,-72,0,0,-84,0,0,0,0,0,0,0,0,0,0,-75,-48
0,-81,0,0,-73,0,0,-83,0,0,0,0,-85,-86,0,0,0,0,-77,-77,-86,-86,-57,-57,-70,-69,0,0,-86,-86,0,0,-84,-85,-69,-75,-72,-72,0,0,-84,0,0,0,0,0,0,0,0,0,0,-75,-48
0,-80,0,0,-75,0,0,0,0,0,-83,-85,-84,-84,0,0,0,0,-77,-73,-86,-86,-58,-54,-64,-64,0,-88,-84,-83,0,0,-84,-85,-69,-75,-74,-74,0,0,-84,0,0,0,0,0,0,0,0,0,0,-72,-52
0,-80,0,0,-75,0,0,0,0,0,-83,-85,-84,-84,0,0,0,0,-77,-73,-86,-86,-58,-54,-64,-64,0,-88,-84,-83,0,0,-84,-85,-69,-75,-74,-74,0,0,-84,0,0,0,0,0,0,0,0,0,0,-72,-52
0,-80,0,0,-75,0,0,-79,0,0,-81,-81,-87,-87,0,0,0,0,-77,-73,-91,-94,-61,-60,-65,-62,0,-88,-86,-86,0,0,-84,-84,-67,-64,-70,-69,0,0,-84,0,0,0,0,0,0,0,0,0,0,-69,-57
0,-80,0,0,-75,0,0,-79,0,0,-81,-81,-87,-87,0,0,0,0,-77,-73,-91,-94,-61,-60,-65,-62,0,-88,-86,-86,0,0,-84,-84,-67,-64,-70,-69,0,0,-84,0,0,0,0,0,0,0,0,0,0,-69,-57
0,-80,0,0,-75,0,-89,-79,0,0,-81,-81,-87,-87,0,0,0,0,0,-73,-85,-85,-59,-59,-57,-61,0,-88,-86,-86,0,0,-83,-83,-67,-75,-75,-69,0,0,-82,0,0,0,0,0,0,0,-83,0,0,-71,-53
0,-80,0,0,-75,0,-89,-79,0,0,-81,-81,-87,-87,0,0,0,0,0,-73,-85,-85,-59,-59,-57,-61,0,-88,-86,-86,0,0,-83,-83,-67,-75,-75,-69,0,0,-82,0,0,0,0,0,0,0,-83,0,0,-71,-53
0,0,0,0,0,0,-89,-77,0,0,-81,-81,-87,-87,0,0,0,0,0,0,-87,-89,-59,-57,-60,-60,0,0,-86,-86,0,-85,-82,-83,-67,-75,-72,-72,0,0,-82,0,0,0,0,0,0,0,-83,0,0,-68,-53
0,0,0,0,0,0,-89,-77,0,0,-81,-81,-87,-87,0,0,0,0,0,0,-87,-89,-59,-57,-60,-60,0,0,-86,-86,0,-85,-82,-83,-67,-75,-72,-72,0,0,-82,0,0,0,0,0,0,0,-83,0,0,-68,-53
0,0,0,0,-76,0,-89,-77,0,0,0,0,0,0,0,0,0,0,0,0,-89,-89,-62,-60,-62,-60,0,0,0,0,0,-85,-80,-81,0,-75,-69,-70,0,0,-82,0,0,0,0,0,0,0,-83,0,0,-72,-53
0,0,0,0,-76,0,-89,-77,0,0,0,0,0,0,0,0,0,0,0,0,-89,-89,-62,-60,-62,-60,0,0,0,0,0,-85,-80,-81,0,-75,-69,-70,0,0,-82,0,0,0,0,0,0,0,-83,0,0,-72,-53
0,0,0,0,-76,0,-89,-77,0,0,0,-84,-87,-86,0,0,0,0,0,0,-87,-88,-64,-62,-58,-59,0,0,0,0,0,-85,-81,-81,-72,-75,-67,-69,0,0,0,0,0,0,0,0,0,0,0,0,0,-69,-53
0,0,0,0,-76,0,-89,-77,0,0,0,-84,-87,-86,0,0,0,0,0,0,-87,-88,-64,-62,-58,-59,0,0,0,0,0,-85,-81,-81,-72,-75,-67,-69,0,0,0,0,0,0,0,0,0,0,0,0,0,-69,-53
0,0,0,0,-79,0,-89,0,0,0,0,-79,-87,-86,0,-72,0,0,0,0,-86,-85,-61,-62,-58,-61,0,0,-87,-88,0,-84,-80,-81,-71,-66,-75,-74,0,-83,-85,0,0,0,0,0,0,-86,-83,0,0,-71,-51
0,0,0,0,-79,0,-89,0,0,0,0,-79,-87,-86,0,-72,0,0,0,0,-86,-85,-61,-62,-58,-61,0,0,-87,-88,0,-84,-80,-81,-71,-66,-75,-74,0,-83,-85,0,0,0,0,0,0,-86,-83,0,0,-71,-51
0,0,0,0,-84,0,0,0,0,0,0,-79,-87,-86,-74,-72,0,0,-82,-80,-86,-85,-59,-62,-59,-65,0,-84,-87,-88,0,-84,-84,-85,-71,-66,-75,-75,0,-83,-85,0,0,0,0,0,0,-86,-83,0,0,-73,-52
0,0,0,0,-84,0,0,0,0,0,0,-79,-87,-86,-74,-72,0,0,-82,-80,-86,-85,-59,-62,-59,-65,0,-84,-87,-88,0,-84,-84,-85,-71,-66,-75,-75,0,-83,-85,0,0,0,0,0,0,-86,-83,0,0,-73,-52
0,0,0,0,-84,-88,-90,0,0,0,0,-79,-86,-84,-74,-75,0,0,-82,-80,-85,-89,-59,-57,-58,-65,0,-84,-86,-88,0,-84,-82,-81,-65,-61,-75,-76,0,-83,-85,0,0,0,0,0,0,-86,-88,0,0,-63,-51
0,0,0,0,-84,-88,-90,0,0,0,0,-79,-86,-84,-74,-75,0,0,-82,-80,-85,-89,-59,-57,-58,-65,0,-84,-86,-88,0,-84,-82,-81,-65,-61,-75,-76,0,-83,-85,0,0,0,0,0,0,-86,-88,0,0,-63,-51
0,0,0,0,-72,-88,-90,0,0,0,0,0,-91,-90,-74,-74,0,0,-82,-80,-88,-88,-62,-60,-59,-59,0,-84,-86,-88,0,-87,-83,-84,-65,-66,-74,-74,0,0,0,0,0,0,0,0,0,0,-88,0,0,-69,-47
0,0,0,0,-72,-88,-90,0,0,0,0,0,-91,-90,-74,-74,0,0,-82,-80,-88,-88,-62,-60,-59,-59,0,-84,-86,-88,0,-87,-83,-84,-65,-66,-74,-74,0,0,0,0,0,0,0,0,0,0,-88,0,0,-69,-47
-82,-83,0,0,-77,-88,-90,0,0,0,0,0,-91,-90,0,-74,0,0,0,0,-90,-87,-61,-63,-61,-61,0,0,-87,-87,-83,-87,-82,-82,-65,-66,-76,-76,0,0,-84,0,0,0,0,0,0,0,-88,0,0,-72,-51
-82,-83,0,0,-77,-88,-90,0,0,0,0,0,-91,-90,0,-74,0,0,0,0,-90,-87,-61,-63,-61,-61,0,0,-87,-87,-83,-87,-82,-82,-65,-66,-76,-76,0,0,-84,0,0,0,0,0,0,0,-88,0,0,-72,-51
-82,-83,0,0,-77,0,-90,0,0,0,-80,-80,-91,-92,0,-74,0,0,0,-73,-90,-87,-61,-58,-60,-60,0,0,-89,-87,-83,-87,-83,-83,0,-66,-71,-71,0,0,-84,0,0,0,0,0,0,0,-80,0,0,-75,-51
-82,-83,0,0,-77,0,-90,0,0,0,-80,-80,-91,-92,0,-74,0,0,0,-73,-90,-87,-61,-58,-60,-60,0,0,-89,-87,-83,-87,-83,-83,0,-66,-71,-71,0,0,-84,0,0,0,0,0,0,0,-80,0,0,-75,-51
-82,-83,0,0,-76,-86,-87,0,0,0,-80,-80,-85,-86,0,-75,0,0,0,-73,-90,-87,-59,-61,-63,-63,0,0,-89,-87,-83,0,-85,-85,-73,-70,-81,-71,0,0,-84,0,0,0,0,0,0,0,-80,0,0,-71,-59
-82,-83,0,0,-76,-86,-87,0,0,0,-80,-80,-85,-86,0,-75,0,0,0,-73,-90,-87,-59,-61,-63,-63,0,0,-89,-87,-83,0,-85,-85,-73,-70,-81,-71,0,0,-84,0,0,0,0,0,0,0,-80,0,0,-71,-59
0,0,0,0,-76,-86,-87,0,0,0,-80,-80,-85,-86,0,-75,0,0,0,-73,-85,-86,-59,-59,-58,-58,0,0,-89,-87,0,0,-85,-85,-73,-70,-74,-74,0,0,0,0,0,0,0,0,0,0,-80,0,0,-61,-49
0,0,0,0,-76,-86,-87,0,0,0,-80,-80,-85,-86,0,-75,0,0,0,-73,-85,-86,-59,-59,-58,-58,0,0,-89,-87,0,0,-85,-85,-73,-70,-74,-74,0,0,0,0,0,0,0,0,0,0,-80,0,0,-61,-49
0,0,0,0,-74,-86,-87,0,0,0,0,0,-84,-86,0,-75,0,0,0,0,-88,-89,-55,-54,-55,-58,0,-83,0,0,0,0,-81,-80,-68,-70,-70,-71,0,-84,-82,0,0,0,0,0,0,0,0,0,0,-62,-48
0,0,0,0,-74,-86,-87,0,0,0,0,0,-84,-86,0,-75,0,0,0,0,-88,-89,-55,-54,-55,-58,0,-83,0,0,0,0,-81,-80,-68,-70,-70,-71,0,-84,-82,0,0,0,0,0,0,0,0,0,0,-62,-48
0,-77,0,0,-74,0,0,0,0,0,-84,0,-84,-86,0,0,0,0,0,-67,-84,-82,-56,-56,-58,-64,0,-83,0,0,0,0,-81,-80,-69,-73,-74,-74,0,-84,-82,0,0,0,0,0,0,0,0,-93,0,-64,-47
0,-77,0,0,-74,0,0,0,0,0,-84,0,-84,-86,0,0,0,0,0,-67,-84,-82,-56,-56,-58,-64,0,-83,0,0,0,0,-81,-80,-69,-73,-74,-74,0,-84,-82,0,0,0,0,0,0,0,0,-93,0,-64,-47
0,-77,0,0,-74,0,0,0,0,0,-84,0,-84,-87,0,-70,0,0,-77,-74,-88,-87,-60,-59,-62,-66,0,-83,-86,-87,0,0,-81,-80,-77,-71,-75,-74,0,-84,-82,0,0,0,0,0,0,0,0,-93,0,-63,-51
0,-77,0,0,-74,0,0,0,0,0,-84,0,-84,-87,0,-70,0,0,-77,-74,-88,-87,-60,-59,-62,-66,0,-83,-86,-87,0,0,-81,-80,-77,-71,-75,-74,0,-84,-82,0,0,0,0,0,0,0,0,-93,0,-63,-51
-84,-82,0,0,-85,0,0,0,0,0,-80,-78,-84,-87,0,-70,0,0,-77,-70,-84,-84,-61,-59,-60,-63,0,0,-86,-87,0,0,-85,-86,-68,-66,-76,-74,0,-85,0,0,0,0,0,0,0,0,-83,-93,0,-63,-46
-84,-82,0,0,-85,0,0,0,0,0,-80,-78,-84,-87,0,-70,0,0,-77,-70,-84,-84,-61,-59,-60,-63,0,0,-86,-87,0,0,-85,-86,-68,-66,-76,-74,0,-85,0,0,0,0,0,0,0,0,-83,-93,0,-63,-46
-84,-82,0,0,-85,0,0,0,0,0,-81,-79,0,-87,0,-75,0,0,-79,-70,-87,-88,-61,-59,-59,-62,0,0,-86,-87,0,0,-82,-81,-68,-66,-76,-75,0,-85,0,0,0,0,0,0,0,0,-83,0,0,-62,-48
-84,-82,0,0,-85,0,0,0,0,0,-81,-79,0,-87,0,-75,0,0,-79,-70,-87,-88,-61,-59,-59,-62,0,0,-86,-87,0,0,-82,-81,-68,-66,-76,-75,0,-85,0,0,0,0,0,0,0,0,-83,0,0,-62,-48
-84,-82,0,0,-85,0,0,-83,0,0,-81,-79,-90,-90,0,-75,0,0,-79,-70,-84,-87,-62,-57,-61,-65,0,0,0,0,0,0,-82,-81,-68,-66,-75,-75,0,-85,0,0,0,0,0,0,0,0,-87,0,-89,-62,-46
-84,-82,0,0,-85,0,0,-83,0,0,-81,-79,-90,-90,0,-75,0,0,-79,-70,-84,-87,-62,-57,-61,-65,0,0,0,0,0,0,-82,-81,-68,-66,-75,-75,0,-85,0,0,0,0,0,0,0,0,-87,0,-89,-62,-46
0,-82,0,0,0,0,0,-79,0,0,-81,-79,-91,-90,0,-72,0,0,-79,0,-90,-85,-60,-59,-62,-62,0,0,0,0,0,0,-81,-81,0,-66,-75,-75,0,0,0,0,0,0,0,0,0,0,-87,0,-89,-63,-44
0,-82,0,0,0,0,0,-79,0,0,-81,-79,-91,-90,0,-72,0,0,-79,0,-90,-85,-60,-59,-62,-62,0,0,0,0,0,0,-81,-81,0,-66,-75,-75,0,0,0,0,0,0,0,0,0,0,-87,0,-89,-63,-44
-83,-82,0,0,0,0,0,-79,0,0,0,0,-91,-90,0,-72,0,0,0,-73,-90,-85,-65,-59,-61,-64,0,0,0,0,0,0,-87,-86,0,-64,-74,-73,0,0,0,0,0,0,0,0,0,0,-87,0,-89,-62,-45
-83,-82,0,0,0,0,0,-79,0,0,0,0,-91,-90,0,-72,0,0,0,-73,-90,-85,-65,-59,-61,-64,0,0,0,0,0,0,-87,-86,0,-64,-74,-73,0,0,0,0,0,0,0,0,0,0,-87,0,-89,-62,-45
-83,-82,0,0,0,0,0,-79,0,0,0,0,-84,-81,0,-72,0,0,0,-73,-85,-85,-64,-58,-63,-65,0,0,0,0,0,0,-85,-82,0,-64,-77,-73,0,0,0,0,0,0,0,0,0,0,0,0,0,-63,-49
-83,-82,0,0,0,0,0,-79,0,0,0,0,-84,-81,0,-72,0,0,0,-73,-85,-85,-64,-58,-63,-65,0,0,0,0,0,0,-85,-82,0,-64,-77,-73,0,0,0,0,0,0,0,0,0,0,0,0,0,-63,-49
-84,-83,0,0,0,0,0,-79,0,0,0,0,-88,-87,-78,-73,0,0,0,-73,-84,-87,-61,-60,-63,-63,0,0,0,0,0,-88,-82,-82,0,-64,-74,-74,0,0,-85,0,0,0,0,0,0,0,0,0,0,-59,-46
-84,-83,0,0,0,0,0,-79,0,0,0,0,-88,-87,-78,-73,0,0,0,-73,-84,-87,-61,-60,-63,-63,0,0,0,0,0,-88,-82,-82,0,-64,-74,-74,0,0,-85,0,0,0,0,0,0,0,0,0,0,-59,-46
-84,-83,0,0,0,0,0,-79,0,0,0,0,-88,-87,-78,-73,0,0,0,0,-87,-87,-61,-58,-59,-59,0,0,0,0,-85,-88,-82,-82,0,-70,-76,-76,0,0,-85,0,0,0,0,0,0,0,0,0,0,-68,-55
-84,-83,0,0,0,0,0,-79,0,0,0,0,-88,-87,-78,-73,0,0,0,0,-87,-87,-61,-58,-59,-59,0,0,0,0,-85,-88,-82,-82,0,-70,-76,-76,0,0,-85,0,0,0,0,0,0,0,0,0,0,-68,-55
-84,-78,0,0,0,-89,0,-79,0,0,0,0,-88,-86,-78,-83,0,0,0,0,-87,-87,-62,-58,-59,-63,0,0,-88,-87,-85,-88,-86,-87,-72,-68,-77,-78,0,0,-85,0,0,0,0,0,0,0,0,0,0,-67,-55
-84,-78,0,0,0,-89,0,-79,0,0,0,0,-88,-86,-78,-83,0,0,0,0,-87,-87,-62,-58,-59,-63,0,0,-88,-87,-85,-88,-86,-87,-72,-68,-77,-78,0,0,-85,0,0,0,0,0,0,0,0,0,0,-67,-55
0,-78,0,0,0,-89,0,-81,0,0,0,0,-88,-86,0,-83,0,0,0,0,-87,0,-63,-61,-57,-59,0,0,-88,-88,-85,-87,-87,-87,-72,-68,-77,-77,0,0,0,0,0,0,0,0,0,0,0,0,0,-71,-54
0,-78,0,0,0,-89,0,-81,0,0,0,0,-88,-86,0,-83,0,0,0,0,-87,0,-63,-61,-57,-59,0,0,-88,-88,-85,-87,-87,-87,-72,-68,-77,-77,0,0,0,0,0,0,0,0,0,0,0,0,0,-71,-54
0,-78,0,0,0,-89,0,-81,0,0,0,0,-88,-88,0,-83,0,0,0,0,0,-91,-63,-62,-60,-59,0,0,-89,-90,-86,-87,-86,-87,-72,-68,-75,-76,0,0,0,0,0,0,0,0,0,0,0,0,0,-65,-59
0,-78,0,0,0,-89,0,-81,0,0,0,0,-88,-88,0,-83,0,0,0,0,0,-91,-63,-62,-60,-59,0,0,-89,-90,-86,-87,-86,-87,-72,-68,-75,-76,0,0,0,0,0,0,0,0,0,0,0,0,0,-65,-59
-83,0,0,0,0,0,0,-81,0,0,0,0,-88,-88,-81,-82,0,0,0,0,0,-91,-63,-58,-60,-60,0,0,-89,-90,-86,-87,-86,-86,0,-64,-73,-74,0,0,0,0,0,0,0,0,0,-85,-86,0,0,-65,-58
-83,0,0,0,0,0,0,-81,0,0,0,0,-88,-88,-81,-82,0,0,0,0,0,-91,-63,-58,-60,-60,0,0,-89,-90,-86,-87,-86,-86,0,-64,-73,-74,0,0,0,0,0,0,0,0,0,-85,-86,0,0,-65,-58
-83,0,0,0,0,0,0,-79,0,0,0,0,-88,-88,-81,-82,0,0,0,0,0,-88,-62,-61,-59,-60,0,0,-89,-90,-86,0,-85,-85,-73,-64,-74,-74,0,0,0,0,0,0,0,0,0,-85,-86,0,0,-65,-58
-83,0,0,0,0,0,0,-79,0,0,0,0,-88,-88,-81,-82,0,0,0,0,0,-88,-62,-61,-59,-60,0,0,-89,-90,-86,0,-85,-85,-73,-64,-74,-74,0,0,0,0,0,0,0,0,0,-85,-86,0,0,-65,-58
-83,0,0,0,0,0,0,-79,0,0,-85,-85,0,-86,-81,-82,0,0,0,0,0,-91,-65,-59,-59,-58,0,0,0,0,0,0,-85,-85,-73,-64,-74,-75,0,0,0,0,0,0,0,0,0,-85,-86,0,0,-63,-56
-83,0,0,0,0,0,0,-79,0,0,-85,-85,0,-86,-81,-82,0,0,0,0,0,-91,-65,-59,-59,-58,0,0,0,0,0,0,-85,-85,-73,-64,-74,-75,0,0,0,0,0,0,0,0,0,-85,-86,0,0,-63,-56
0,0,0,0,0,0,0,-80,0,0,-85,-85,0,-86,-81,-79,0,0,0,0,-91,-91,-62,-62,-60,-61,0,0,0,0,0,0,-84,-85,-73,-65,-74,-73,0,0,-83,0,0,0,0,0,0,0,0,0,0,-65,-55
0,0,0,0,0,0,0,-80,0,0,-85,-85,0,-86,-81,-79,0,0,0,0,-91,-91,-62,-62,-60,-61,0,0,0,0,0,0,-84,-85,-73,-65,-74,-73,0,0,-83,0,0,0,0,0,0,0,0,0,0,-65,-55
0,0,0,0,0,0,0,-80,0,0,-85,-85,-89,-86,-81,-81,0,0,0,0,-91,-91,-65,-62,-60,-59,0,0,0,0,0,0,-83,-84,0,-65,-75,-74,0,0,-83,0,0,0,0,0,0,0,-84,0,0,-63,-57
0,0,0,0,0,0,0,-80,0,0,-85,-85,-89,-86,-81,-81,0,0,0,0,-91,-91,-65,-62,-60,-59,0,0,0,0,0,0,-83,-84,0,-65,-75,-74,0,0,-83,0,0,0,0,0,0,0,-84,0,0,-63,-57
0,-80,0,0,0,0,0,-80,0,0,-83,-83,-89,0,-81,-81,0,0,0,-75,-91,0,-63,-62,-59,-62,0,0,0,0,0,0,-83,-84,-78,-75,-76,-76,0,0,-83,0,0,0,0,0,0,0,-84,0,0,-62,-60
0,-80,0,0,0,0,0,-80,0,0,-83,-83,-89,0,-81,-81,0,0,0,-75,-91,0,-63,-62,-59,-62,0,0,0,0,0,0,-83,-84,-78,-75,-76,-76,0,0,-83,0,0,0,0,0,0,0,-84,0,0,-62,-60
0,-80,0,0,0,0,0,0,0,0,-83,-83,-88,-89,0,-81,0,0,0,-75,0,-90,-64,-63,-61,-59,0,0,0,0,0,0,-83,-84,-76,-68,-75,-76,0,-86,-83,0,0,0,0,0,0,0,-84,0,0,-70,-53
0,-80,0,0,0,0,0,0,0,0,-83,-83,-88,-89,0,-81,0,0,0,-75,0,-90,-64,-63,-61,-59,0,0,0,0,0,0,-83,-84,-76,-68,-75,-76,0,-86,-83,0,0,0,0,0,0,0,-84,0,0,-70,-53
0,-80,0,0,-89,0,0,0,0,0,-83,-83,-88,-86,0,0,0,0,0,-75,0,-90,-64,-63,-60,-63,-86,-91,-88,-88,0,0,0,0,-76,-68,-76,-76,0,-86,-83,0,0,0,0,0,0,0,0,0,0,-68,-54
0,-80,0,0,-89,0,0,0,0,0,-83,-83,-88,-86,0,0,0,0,0,-75,0,-90,-64,-63,-60,-63,-86,-91,-88,-88,0,0,0,0,-76,-68,-76,-76,0,-86,-83,0,0,0,0,0,0,0,0,0,0,-68,-54
-83,-83,0,0,-80,0,0,0,0,0,0,0,-87,-86,0,0,0,0,0,0,0,-90,-67,-64,-60,-61,-86,-89,-88,-88,0,0,0,0,-76,-68,-74,-74,0,-86,-83,0,0,0,0,0,0,0,0,0,0,-66,-55
-83,-83,0,0,-80,0,0,0,0,0,0,0,-87,-86,0,0,0,0,0,0,0,-90,-67,-64,-60,-61,-86,-89,-88,-88,0,0,0,0,-76,-68,-74,-74,0,-86,-83,0,0,0,0,0,0,0,0,0,0,-66,-55
-83,-83,0,0,-80,0,0,-82,0,0,0,0,-87,-86,0,0,0,0,0,0,-89,0,-62,-64,-62,-63,-86,-89,-89,-89,0,-92,0,0,-75,-68,-74,-75,0,0,0,0,0,0,0,0,0,0,0,0,0,-67,-57
-83,-83,0,0,-80,0,0,-82,0,0,0,0,-87,-86,0,0,0,0,0,0,-89,0,-62,-64,-62,-63,-86,-89,-89,-89,0,-92,0,0,-75,-68,-74,-75,0,0,0,0,0,0,0,0,0,0,0,0,0,-67,-57
-83,-83,0,0,-80,0,0,-82,0,0,0,0,-87,0,0,0,0,0,0,0,-88,-90,-66,-64,-62,-63,0,-89,-88,-88,0,-92,0,0,-75,-68,-76,-74,0,-83,-84,0,0,0,0,0,0,0,-79,0,0,-64,-55
-83,-83,0,0,-80,0,0,-82,0,0,0,0,-87,0,0,0,0,0,0,0,-88,-90,-66,-64,-62,-63,0,-89,-88,-88,0,-92,0,0,-75,-68,-76,-74,0,-83,-84,0,0,0,0,0,0,0,-79,0,0,-64,-55
0,0,0,0,0,0,0,-81,0,0,0,0,0,-89,0,0,0,0,0,0,-88,-90,-66,-67,-62,-63,0,0,-88,-88,0,-92,0,0,-75,-68,-74,-74,0,-83,-84,0,0,0,0,0,0,0,-79,0,0,-67,-56
0,0,0,0,0,0,0,-81,0,0,0,0,0,-89,0,0,0,0,0,0,-88,-90,-66,-67,-62,-63,0,0,-88,-88,0,-92,0,0,-75,-68,-74,-74,0,-83,-84,0,0,0,0,0,0,0,-79,0,0,-67,-56
0,0,0,0,0,0,0,-81,0,0,0,0,-88,-86,0,0,0,0,0,0,-88,-90,-64,-66,-63,-62,0,0,-88,-91,0,-88,-85,-85,0,-68,-74,-73,0,-83,-84,0,0,0,0,0,0,0,-79,0,0,-66,-56
0,0,0,0,0,0,0,-81,0,0,0,0,-88,-86,0,0,0,0,0,0,-88,-90,-64,-66,-63,-62,0,0,-88,-91,0,-88,-85,-85,0,-68,-74,-73,0,-83,-84,0,0,0,0,0,0,0,-79,0,0,-66,-56
0,0,0,0,0,0,0,-81,0,0,-83,-80,-86,-89,0,0,0,0,-80,-79,0,0,-65,-62,-64,-64,0,0,-91,-90,0,-88,-84,-83,0,-68,-73,-74,0,0,0,0,0,0,0,0,0,0,0,0,0,-65,-51
0,0,0,0,0,0,0,-81,0,0,-83,-80,-86,-89,0,0,0,0,-80,-79,0,0,-65,-62,-64,-64,0,0,-91,-90,0,-88,-84,-83,0,-68,-73,-74,0,0,0,0,0,0,0,0,0,0,0,0,0,-65,-51
-84,-80,0,0,-81,0,0,0,0,0,-83,-80,-85,-86,0,0,0,0,-80,-79,-88,-87,-63,-61,-63,-65,0,-88,-91,-90,0,-88,-83,-84,-75,-69,-76,-76,0,0,0,0,0,0,0,0,0,0,0,0,0,-64,-50
-84,-80,0,0,-81,0,0,0,0,0,-83,-80,-85,-86,0,0,0,0,-80,-79,-88,-87,-63,-61,-63,-65,0,-88,-91,-90,0,-88,-83,-84,-75,-69,-76,-76,0,0,0,0,0,0,0,0,0,0,0,0,0,-64,-50
-84,-80,0,0,-81,-85,-86,0,0,0,-83,-80,-87,-86,-78,-75,0,0,-80,-79,-87,-87,-63,-60,-60,-62,-84,-87,-87,-88,-81,0,-86,-85,-75,-69,-76,-76,0,0,0,0,0,0,0,0,0,0,0,0,0,-58,-50
-84,-80,0,0,-81,-85,-86,0,0,0,-83,-80,-87,-86,-78,-75,0,0,-80,-79,-87,-87,-63,-60,-60,-62,-84,-87,-87,-88,-81,0,-86,-85,-75,-69,-76,-76,0,0,0,0,0,0,0,0,0,0,0,0,0,-58,-50
-81,-80,0,0,-81,-85,-86,0,0,0,0,0,-87,-86,-78,-75,0,0,0,0,-88,-85,-58,-62,-62,-62,-84,-85,-87,-86,-81,0,-82,-82,-75,-69,-73,-73,0,0,-81,0,0,0,0,0,0,0,0,0,0,-60,-61
-81,-80,0,0,-81,-85,-86,0,0,0,0,0,-87,-86,-78,-75,0,0,0,0,-88,-85,-58,-62,-62,-62,-84,-85,-87,-86,-81,0,-82,-82,-75,-69,-73,-73,0,0,-81,0,0,0,0,0,0,0,0,0,0,-60,-61
-85,-80,0,0,0,-85,-86,-77,0,0,0,0,-90,-86,-78,-73,0,0,0,0,-85,-90,-60,-59,-61,-65,-84,-88,-87,-86,-81,0,-82,-81,0,0,-74,-73,0,0,-81,0,0,0,0,0,0,0,0,0,0,-60,-54
-85,-80,0,0,0,-85,-86,-77,0,0,0,0,-90,-86,-78,-73,0,0,0,0,-85,-90,-60,-59,-61,-65,-84,-88,-87,-86,-81,0,-82,-81,0,0,-74,-73,0,0,-81,0,0,0,0,0,0,0,0,0,0,-60,-54
-85,-80,0,0,-78,-88,0,-77,0,0,0,0,-87,-86,0,-73,0,0,0,0,-85,-87,-60,-60,-61,-76,-86,-86,-87,-88,0,0,-81,-80,-74,-70,-75,-73,0,-83,-81,0,0,0,0,0,0,0,0,0,0,-59,-60
-85,-80,0,0,-78,-88,0,-77,0,0,0,0,-87,-86,0,-73,0,0,0,0,-85,-87,-60,-60,-61,-76,-86,-86,-87,-88,0,0,-81,-80,-74,-70,-75,-73,0,-83,-81,0,0,0,0,0,0,0,0,0,0,-59,-60
-85,-80,0,0,-78,-88,0,-77,0,0,0,0,-89,-85,0,-73,0,0,0,0,-85,-87,-56,-56,-58,-59,-86,-86,-88,-89,0,0,-82,-83,-68,-73,-71,-73,0,-83,0,0,0,0,0,0,0,0,0,0,0,-66,-48
-85,-80,0,0,-78,-88,0,-77,0,0,0,0,-89,-85,0,-73,0,0,0,0,-85,-87,-56,-56,-58,-59,-86,-86,-88,-89,0,0,-82,-83,-68,-73,-71,-73,0,-83,0,0,0,0,0,0,0,0,0,0,0,-66,-48
0,0,0,0,-74,-88,0,0,0,0,0,0,-79,-77,0,0,0,0,0,0,-88,-87,-67,-68,-60,-60,-86,-86,-88,-89,0,0,-79,-79,-68,-64,-73,-74,0,-83,0,0,0,0,0,0,0,0,0,0,0,-69,-43
0,0,0,0,-74,-88,0,0,0,0,0,0,-79,-77,0,0,0,0,0,0,-88,-87,-67,-68,-60,-60,-86,-86,-88,-89,0,0,-79,-79,-68,-64,-73,-74,0,-83,0,0,0,0,0,0,0,0,0,0,0,-69,-43
0,0,0,0,-74,0,0,0,0,0,0,0,-83,-82,0,0,0,0,0,0,-90,-89,-64,-62,-60,-60,0,0,-88,-90,0,0,-81,-82,-61,-63,-78,-75,0,0,0,0,0,0,0,0,0,0,0,-87,-89,-67,-41
0,0,0,0,-74,0,0,0,0,0,0,0,-83,-82,0,0,0,0,0,0,-90,-89,-64,-62,-60,-60,0,0,-88,-90,0,0,-81,-82,-61,-63,-78,-75,0,0,0,0,0,0,0,0,0,0,0,-87,-89,-67,-41
0,-73,0,0,-84,0,0,-76,0,0,0,0,-82,-81,0,0,0,0,0,-74,-85,-85,-56,-58,-59,-62,-82,-86,0,-90,0,0,-76,-75,-61,-71,-72,-74,0,0,0,0,0,0,0,0,0,0,0,-87,-89,-74,-52
0,-73,0,0,-84,0,0,-76,0,0,0,0,-82,-81,0,0,0,0,0,-74,-85,-85,-56,-58,-59,-62,-82,-86,0,-90,0,0,-76,-75,-61,-71,-72,-74,0,0,0,0,0,0,0,0,0,0,0,-87,-89,-74,-52
0,-76,0,0,-84,0,0,-75,0,0,0,0,-82,-85,0,-72,0,0,0,-72,-83,-83,-66,-62,-64,-77,-82,-86,-87,-87,0,0,-77,-77,-66,-67,-74,-74,0,0,0,0,0,0,0,0,0,-86,-83,-87,-89,-58,-45
0,-76,0,0,-84,0,0,-75,0,0,0,0,-82,-85,0,-72,0,0,0,-72,-83,-83,-66,-62,-64,-77,-82,-86,-87,-87,0,0,-77,-77,-66,-67,-74,-74,0,0,0,0,0,0,0,0,0,-86,-83,-87,-89,-58,-45
0,-76,0,0,-84,0,0,-84,0,0,0,0,-84,-85,0,-72,0,0,0,-72,-83,-83,-66,-62,-70,-77,-82,-86,-87,-87,0,0,-83,-84,-62,-58,-63,-62,0,0,0,0,0,0,0,0,0,-86,-83,0,0,-68,-57
0,-76,0,0,-84,0,0,-84,0,0,0,0,-84,-85,0,-72,0,0,0,-72,-83,-83,-66,-62,-70,-77,-82,-86,-87,-87,0,0,-83,-84,-62,-58,-63,-62,0,0,0,0,0,0,0,0,0,-86,-83,0,0,-68,-57
0,-76,0,0,0,0,0,-84,0,0,0,0,-85,-88,0,-72,0,0,0,-72,-83,-83,-66,-64,-70,-72,-82,0,-87,-87,-84,0,-80,-80,-60,-60,-62,-62,0,0,0,0,0,0,0,0,0,-86,-83,0,0,-69,-61
0,-76,0,0,0,0,0,-84,0,0,0,0,-85,-88,0,-72,0,0,0,-72,-83,-83,-66,-64,-70,-72,-82,0,-87,-87,-84,0,-80,-80,-60,-60,-62,-62,0,0,0,0,0,0,0,0,0,-86,-83,0,0,-69,-61
0,0,0,0,-89,0,0,-84,0,0,0,0,-86,-86,0,0,0,0,0,0,-86,0,0,-64,-67,-71,-82,0,-87,-87,-84,0,-80,-80,-60,-55,-59,-59,0,0,0,0,0,0,0,0,0,0,0,0,0,-71,-58
0,0,0,0,-89,0,0,-84,0,0,0,0,-86,-86,0,0,0,0,0,0,-86,0,0,-64,-67,-71,-82,0,-87,-87,-84,0,-80,-80,-60,-55,-59,-59,0,0,0,0,0,0,0,0,0,0,0,0,0,-71,-58
0,0,0,0,-89,0,0,-75,0,0,0,0,-87,-86,0,0,0,0,0,-73,-86,0,0,-64,-67,-67,-83,-89,-83,-83,-84,0,-84,-83,-60,-62,-60,-61,0,0,0,0,0,0,0,0,0,0,0,0,0,-62,-55
0,0,0,0,-89,0,0,-75,0,0,0,0,-87,-86,0,0,0,0,0,-73,-86,0,0,-64,-67,-67,-83,-89,-83,-83,-84,0,-84,-83,-60,-62,-60,-61,0,0,0,0,0,0,0,0,0,0,0,0,0,-62,-55
0,0,0,0,-89,0,0,-75,0,0,0,0,-86,-86,0,0,0,0,0,-73,-86,0,-66,-67,-74,-75,-83,-89,-83,-83,-75,-81,-83,-83,-60,-60,-59,-58,0,0,0,0,0,0,0,0,0,0,0,0,0,-66,-57
0,0,0,0,-89,0,0,-75,0,0,0,0,-86,-86,0,0,0,0,0,-73,-86,0,-66,-67,-74,-75,-83,-89,-83,-83,-75,-81,-83,-83,-60,-60,-59,-58,0,0,0,0,0,0,0,0,0,0,0,0,0,-66,-57
0,-75,0,0,-90,0,0,-75,0,0,0,0,-86,-89,0,0,0,0,0,-73,0,0,-66,-74,-72,-75,-85,-85,-83,-83,-75,-81,-87,-86,-55,-53,-56,-57,0,0,0,0,0,0,0,0,0,0,0,0,0,-65,-62
0,-75,0,0,-90,0,0,-75,0,0,0,0,-86,-89,0,0,0,0,0,-73,0,0,-66,-74,-72,-75,-85,-85,-83,-83,-75,-81,-87,-86,-55,-53,-56,-57,0,0,0,0,0,0,0,0,0,0,0,0,0,-65,-62
0,-75,0,0,-90,0,0,0,0,0,-83,-81,-89,-89,0,-75,0,0,0,0,0,0,-79,-75,-70,-75,-85,-85,0,0,-75,-81,-84,-85,-56,-56,-59,-60,0,0,0,0,0,0,0,0,0,0,-89,0,0,-63,-61
0,-75,0,0,-90,0,0,0,0,0,-83,-81,-89,-89,0,-75,0,0,0,0,0,0,-79,-75,-70,-75,-85,-85,0,0,-75,-81,-84,-85,-56,-56,-59,-60,0,0,0,0,0,0,0,0,0,0,-89,0,0,-63,-61
0,-75,0,0,-87,0,0,0,0,0,-81,-81,-89,-86,0,-75,0,0,0,0,0,0,-79,-69,-73,-77,-87,-86,0,0,0,0,-86,-85,-68,-63,-55,-56,0,0,0,0,0,0,0,0,0,0,-89,0,0,-71,-57
0,-75,0,0,-87,0,0,0,0,0,-81,-81,-89,-86,0,-75,0,0,0,0,0,0,-79,-69,-73,-77,-87,-86,0,0,0,0,-86,-85,-68,-63,-55,-56,0,0,0,0,0,0,0,0,0,0,-89,0,0,-71,-57
0,0,0,0,-87,0,0,0,0,0,-81,-81,-86,-88,0,-75,0,0,0,0,0,0,-76,-72,-73,-72,-87,-86,0,0,0,0,-86,-85,-64,-68,-52,-52,0,0,0,0,0,0,0,0,0,0,-89,0,0,-70,-59
0,0,0,0,-87,0,0,0,0,0,-81,-81,-86,-88,0,-75,0,0,0,0,0,0,-76,-72,-73,-72,-87,-86,0,0,0,0,-86,-85,-64,-68,-52,-52,0,0,0,0,0,0,0,0,0,0,-89,0,0,-70,-59
0,0,0,0,-87,0,0,0,0,0,-81,0,-83,-85,-83,-84,0,0,0,0,0,0,-76,-74,-71,-70,-87,-86,0,0,-83,0,-78,-77,-60,-60,-66,-67,0,0,0,0,0,0,0,0,0,0,0,0,0,-62,-59
0,0,0,0,-87,0,0,0,0,0,-81,0,-83,-85,-83,-84,0,0,0,0,0,0,-76,-74,-71,-70,-87,-86,0,0,-83,0,-78,-77,-60,-60,-66,-67,0,0,0,0,0,0,0,0,0,0,0,0,0,-62,-59
0,-85,0,0,0,0,0,-82,0,0,0,0,-85,-83,-85,-84,0,0,-81,0,0,0,-70,-71,-71,-74,0,0,0,0,-83,0,-82,-82,-61,-64,-62,-61,0,0,0,0,0,0,0,0,0,0,-90,0,0,-60,-66
0,-85,0,0,0,0,0,-82,0,0,0,0,-85,-83,-85,-84,0,0,-81,0,0,0,-70,-71,-71,-74,0,0,0,0,-83,0,-82,-82,-61,-64,-62,-61,0,0,0,0,0,0,0,0,0,0,-90,0,0,-60,-66
