0,-72,0,0,0,0,0,-74,0,0,-79,0,0,0,0,-74,0,0,0,0,0,0,-62,-60,0,0,-72,0,0,0,0,0,0,0,-59,-56,0,0,-80,0,0,0,0,0,0,0,0,0,0,0,0,-59,-39
0,-71,0,0,0,0,0,-74,0,0,-79,0,0,0,0,-74,0,0,0,0,0,0,-62,-57,0,0,-71,-80,0,0,0,0,0,0,-59,-63,0,0,-80,0,0,0,0,0,0,0,0,0,0,0,0,-55,-43
0,-71,0,0,0,0,0,0,0,0,-79,0,0,0,0,-74,0,0,0,0,0,0,-62,-57,0,0,-71,-80,0,0,0,0,0,0,-59,-63,0,0,-80,0,0,0,0,0,0,0,0,0,0,0,0,-55,-43
0,-71,0,0,0,0,0,0,0,0,-79,0,0,0,0,-74,0,0,0,0,0,0,-62,-59,0,0,-71,-80,0,0,0,0,0,0,-59,-63,0,0,-80,0,0,0,0,0,0,0,0,0,0,0,0,-55,-43
-71,-67,0,0,0,0,0,0,0,0,-79,0,0,0,0,-74,0,0,0,0,0,0,-62,-60,0,0,-71,-74,0,0,-69,-68,0,0,-59,-59,0,0,-80,0,0,0,0,0,0,0,0,0,0,0,0,-55,-44
-71,-67,0,0,0,0,0,0,0,0,-79,0,0,0,0,-74,0,0,0,0,0,0,-62,-60,0,0,-71,-74,0,0,-69,-68,0,0,-59,-59,0,0,-80,0,0,0,0,0,0,0,0,0,0,0,0,-55,-44
-71,-67,0,0,0,0,0,0,0,0,-79,0,0,0,0,-74,0,0,0,0,0,0,-62,-58,0,0,-71,-74,0,0,-69,-68,0,0,-59,-59,0,0,-80,0,0,0,0,0,0,0,0,0,0,0,0,-55,-44
-70,-68,0,0,0,0,0,0,0,0,-79,0,0,0,-67,-67,0,0,0,0,0,0,-62,-58,0,0,-71,-74,0,0,-69,-68,0,0,-59,-58,0,0,-80,0,0,0,0,0,0,0,0,0,0,0,0,-51,-44
-70,-68,0,0,0,0,0,0,0,0,-79,0,0,0,-67,-67,0,0,0,0,0,0,-62,-59,0,0,-71,-74,0,0,-69,-68,0,0,-59,-58,0,0,-80,0,0,0,0,0,0,0,0,0,0,0,0,-51,-44
-70,-68,0,0,0,0,0,0,0,0,-79,0,0,0,-67,-67,0,0,0,0,0,0,-62,-59,0,0,-71,-74,0,0,-69,-68,0,0,-59,-58,0,0,-80,0,0,0,0,0,0,0,0,0,0,0,0,-51,-44
-70,-67,0,0,0,0,0,0,0,0,-79,0,0,0,-67,-67,0,0,0,0,0,0,-62,-59,0,0,-71,-74,0,0,-69,-68,0,0,-56,-59,0,0,-80,0,0,0,0,0,0,0,0,0,0,0,0,-54,-44
-70,-67,0,0,0,0,0,0,0,0,-79,0,0,0,-67,-67,0,0,0,0,0,0,-62,-60,0,0,-71,-74,0,0,-69,-68,0,0,-56,-59,0,0,-80,0,0,0,0,0,0,0,0,0,0,0,0,-54,-44
-70,-67,0,0,0,0,0,0,0,0,-79,0,0,0,-67,-67,0,0,0,0,0,0,-62,-61,0,0,-71,-74,0,0,-69,-68,0,0,-56,-59,0,0,-80,0,0,0,0,0,0,0,0,0,0,0,0,-54,-44
-67,-66,0,0,0,0,0,0,0,0,-79,0,0,0,-66,-64,0,0,0,0,0,0,-62,-62,0,0,-71,-74,0,0,-69,-68,0,0,-56,-59,0,0,-80,0,0,0,0,0,0,0,0,0,0,0,0,-54,-46
-67,-66,0,0,0,0,0,0,0,0,-79,0,0,0,-66,-64,0,0,0,0,0,0,-62,-62,0,0,-71,-74,0,0,-69,-68,0,0,-56,-59,0,0,-80,0,0,0,0,0,0,0,0,0,0,0,0,-54,-46
-67,-66,0,0,0,0,0,0,0,0,0,0,0,0,-66,-64,0,0,0,0,0,0,0,-60,0,0,-71,-74,0,0,-69,-68,0,0,-56,-59,0,0,0,0,0,0,0,0,0,0,0,0,0,0,0,-54,-46
-67,-62,0,0,0,0,0,-70,0,0,0,0,0,0,-66,-64,0,0,0,0,0,0,0,-59,0,0,-71,-74,0,0,-69,-68,0,0,-56,-54,0,0,0,0,0,0,0,0,0,0,0,0,0,0,0,-56,-46
-67,-62,0,0,0,0,0,-70,0,0,0,0,0,0,-66,-64,0,0,0,0,0,0,0,-59,0,0,-71,-74,0,0,-69,-68,0,0,-56,-54,0,0,0,0,0,0,0,0,0,0,0,0,0,0,0,-56,-46
-67,-62,0,0,0,0,0,-70,0,0,0,0,0,0,-66,-64,0,0,0,0,0,0,0,-59,0,0,0,-74,0,0,-69,-68,0,0,-56,-54,0,0,0,0,0,0,0,0,0,0,0,0,0,0,0,-56,-46
-71,-62,0,0,0,0,0,-73,0,0,0,-73,0,0,-69,-64,0,0,0,0,0,0,0,-58,0,0,0,-74,0,0,-73,-70,0,0,-57,-62,0,0,0,0,0,0,0,0,0,0,0,0,0,0,0,-55,-43
-71,-62,0,0,0,0,0,-73,0,0,0,-73,0,0,-69,-64,0,0,0,0,0,0,0,-58,0,0,0,-74,0,0,-73,-70,0,0,-57,-62,0,0,0,0,0,0,0,0,0,0,0,0,0,0,0,-55,-43
-71,-62,0,0,0,0,0,-73,0,0,0,-73,0,0,-69,-64,0,0,0,0,0,0,0,-59,0,0,0,0,0,0,-73,-70,0,0,-57,-62,0,0,0,0,0,0,0,0,0,0,0,0,0,0,0,-55,-43
-71,-62,0,0,0,0,0,-73,0,0,0,-73,0,0,-70,-64,0,0,0,0,0,0,0,-58,0,0,0,0,0,0,-72,-71,0,0,-57,-62,0,0,0,0,0,0,0,0,0,0,0,0,0,0,0,-53,-44
-71,-62,0,0,0,0,0,-73,0,0,0,-73,0,0,-70,-64,0,0,0,0,0,0,0,-58,0,0,0,0,0,0,-72,-71,0,0,-57,-62,0,0,0,0,0,0,0,0,0,0,0,0,0,0,0,-53,-44
-71,-62,0,0,0,0,0,-73,0,0,0,-73,0,0,-70,-64,0,0,0,0,0,0,0,-59,0,0,0,0,0,0,-72,-71,0,0,-57,-62,0,0,0,0,0,0,0,0,0,0,0,0,0,0,0,-53,-44
-71,-68,0,0,0,0,0,-73,0,0,0,-73,0,0,-70,-64,0,0,0,-68,0,0,0,-60,0,0,-73,-73,0,0,-72,-71,0,0,-57,-58,0,0,0,0,0,0,0,0,0,0,0,0,0,0,0,-59,-48
-71,-68,0,0,0,0,0,-73,0,0,0,-73,0,0,-70,-64,0,0,0,-68,0,0,0,-59,0,0,-73,-73,0,0,-72,-71,0,0,-57,-58,0,0,0,0,0,0,0,0,0,0,0,0,0,0,0,-59,-48
-71,-68,0,0,0,0,0,-73,0,0,0,-73,0,0,-70,-64,0,0,0,-68,0,0,0,-58,0,0,-73,-73,0,0,-72,-71,0,0,-57,-58,0,0,0,0,0,0,0,0,0,0,0,0,0,0,0,-59,-48
-69,-67,0,0,0,0,0,-73,0,0,0,-73,0,0,-70,-71,0,0,-68,-68,0,0,0,-58,0,0,-73,-73,0,0,-72,-71,0,0,-55,-55,0,0,0,0,0,0,0,0,0,0,0,0,0,0,0,-54,-41
-69,-67,0,0,0,0,0,-73,0,0,0,-73,0,0,-70,-71,0,0,-68,-68,0,0,0,-57,0,0,-73,-73,0,0,-72,-71,0,0,-55,-55,0,0,0,0,0,0,0,0,0,0,0,0,0,0,0,-54,-41
-69,-67,0,0,0,0,0,-73,0,0,0,-73,0,0,-70,-71,0,0,-68,-68,0,0,0,-57,0,0,-73,-73,0,0,-72,-71,0,0,-55,-55,0,0,0,0,0,0,0,0,0,0,0,0,0,0,0,-54,-41
-69,-70,0,0,0,0,0,-73,0,0,0,-73,0,0,-70,-67,0,0,-68,-68,0,0,0,-57,0,0,-73,-73,0,0,-72,-71,0,0,-55,-57,0,0,0,0,0,0,0,0,0,0,0,0,0,0,0,-57,-51
-69,-70,0,0,0,0,0,-73,0,0,0,-73,0,0,-70,-67,0,0,-68,-68,0,0,0,-58,0,0,-73,-73,0,0,-72,-71,0,0,-55,-57,0,0,0,0,0,0,0,0,0,0,0,0,0,0,0,-57,-51
-69,-70,0,0,0,0,0,-73,0,0,0,-73,0,0,-70,-67,0,0,-68,-68,0,0,0,-59,0,0,-73,-73,0,0,-72,-71,0,0,-55,-57,0,0,0,0,0,0,0,0,0,0,0,0,0,0,0,-57,-51
-69,-70,0,0,0,0,0,-73,0,0,0,-73,0,0,-76,-67,0,0,-68,-68,0,0,-57,-58,0,0,-73,-76,0,0,-73,-71,0,0,-57,-61,0,0,0,0,0,0,0,0,0,0,0,-81,-76,0,0,-61,-47
-69,-70,0,0,0,0,0,-73,0,0,0,-73,0,0,-76,-67,0,0,-68,-68,0,0,-57,-58,0,0,-73,-76,0,0,-73,-71,0,0,-57,-61,0,0,0,0,0,0,0,0,0,0,0,-81,-76,0,0,-61,-47
-69,-70,0,0,0,0,0,-73,0,0,0,0,0,0,-76,-67,0,0,-68,-68,0,0,-57,-58,0,0,-73,-76,0,0,-73,-71,0,0,-57,-61,0,0,0,0,0,0,0,0,0,0,0,-81,-76,0,0,-61,-47
-69,-70,0,0,0,0,0,-73,0,0,0,0,0,0,-76,-66,0,0,-68,-68,0,0,-59,-58,0,0,-73,-76,0,0,-71,-71,0,0,-57,-61,0,0,0,0,0,0,0,0,0,0,0,-81,-76,0,0,-60,-54
-69,-70,0,0,0,0,0,-73,0,0,0,0,0,0,-76,-66,0,0,-68,-68,0,0,-59,-58,0,0,-73,-76,0,0,-71,-71,0,0,-57,-61,0,0,0,0,0,0,0,0,0,0,0,-81,-76,0,0,-60,-54
-69,-70,0,0,0,0,0,-73,0,0,0,0,0,0,-76,-66,0,0,-68,-68,0,0,-59,-56,0,0,-73,-76,0,0,-71,0,0,0,-57,-61,0,0,0,0,0,0,0,0,0,0,0,-81,-76,0,0,-60,-54
-72,-70,0,0,0,0,0,-73,0,0,0,0,0,0,-76,-66,0,0,-68,-68,0,0,-56,-56,0,0,-73,-76,0,0,-71,0,0,0,-56,-59,0,0,0,0,0,0,0,0,0,0,0,-81,-76,0,0,-59,-43
-72,-70,0,0,0,0,0,-73,0,0,0,0,0,0,-76,-66,0,0,-68,-68,0,0,-56,-56,0,0,-73,-76,0,0,-71,0,0,0,-56,-59,0,0,0,0,0,0,0,0,0,0,0,-81,-76,0,0,-59,-43
-72,-70,0,0,0,0,0,-73,0,0,0,0,0,0,-76,-66,0,0,-68,0,0,0,-56,-57,0,0,0,-76,0,0,-71,0,0,0,-56,-59,0,0,0,0,0,0,0,0,0,0,0,-81,-76,0,0,-59,-43
-74,-70,0,0,0,0,0,-73,0,0,-77,0,0,0,-76,-66,0,0,-68,0,0,0,-56,-57,0,0,0,-76,0,0,-71,-71,0,0,-59,-59,0,0,0,0,0,0,0,0,0,0,0,-81,-76,0,0,-62,-45
-74,-70,0,0,0,0,0,-73,0,0,-77,0,0,0,-76,-66,0,0,-68,0,0,0,-56,-57,0,0,0,-76,0,0,-71,-71,0,0,-59,-59,0,0,0,0,0,0,0,0,0,0,0,-81,-76,0,0,-62,-45
-74,-70,0,0,0,0,0,-73,0,0,-77,0,0,0,-76,-66,0,0,0,0,0,0,-56,-58,0,0,0,-76,0,0,-71,-71,0,0,-59,-59,0,0,0,0,0,0,0,0,0,0,0,-81,-76,0,0,-62,-45
-74,-70,0,0,0,0,0,-73,0,0,-77,0,0,0,-76,-65,0,0,-69,0,0,0,-56,-58,0,0,0,-76,0,0,-71,-71,0,0,-56,-55,0,0,0,0,0,0,0,0,0,0,0,-81,-76,0,0,-57,-41
-74,-70,0,0,0,0,0,-73,0,0,-77,0,0,0,-76,-65,0,0,-69,0,0,0,-56,-57,0,0,0,-76,0,0,-71,-71,0,0,-56,-55,0,0,0,0,0,0,0,0,0,0,0,-81,-76,0,0,-57,-41
-74,-70,0,0,0,0,0,0,0,0,-77,0,0,0,-76,-65,0,0,-69,0,0,0,-56,-57,0,0,0,-76,0,0,-71,-71,0,0,-56,-55,0,0,0,0,0,0,0,0,0,0,0,-81,-76,0,0,-57,-41
-74,-70,0,0,0,0,0,0,0,0,-77,0,0,0,-76,-65,0,0,-69,-68,0,0,-56,-57,0,0,0,-76,0,0,-71,-71,0,0,-55,-56,0,0,0,0,0,0,0,0,0,0,0,-81,-76,0,0,-56,-41
-74,-70,0,0,0,0,0,0,0,0,-77,0,0,0,-76,-65,0,0,-69,-68,0,0,-56,-57,0,0,0,-76,0,0,-71,-71,0,0,-55,-56,0,0,0,0,0,0,0,0,0,0,0,-81,-76,0,0,-56,-41
-74,-70,0,0,0,0,0,0,0,0,-77,0,0,0,0,-65,0,0,-69,-68,0,0,-56,-60,0,0,0,-76,0,0,-71,-71,0,0,-55,-56,0,0,0,0,0,0,0,0,0,0,0,0,0,0,0,-56,-41
-74,-72,0,0,0,0,0,0,0,0,-77,0,0,0,0,-65,0,0,-69,-68,0,0,-56,-62,0,0,0,-76,0,0,-71,-70,0,0,-59,-60,0,0,0,0,0,0,0,0,0,0,0,0,0,0,0,-56,-45
-74,-72,0,0,0,0,0,0,0,0,-77,0,0,0,0,-65,0,0,-69,-68,0,0,-56,-61,0,0,0,-76,0,0,-71,-70,0,0,-59,-60,0,0,0,0,0,0,0,0,0,0,0,0,0,0,0,-56,-45
-74,-72,0,0,0,0,0,0,0,0,-77,0,0,0,0,-65,0,0,-69,-68,0,0,-56,-60,0,0,0,0,0,0,-71,-70,0,0,-59,-60,0,0,0,0,0,0,0,0,0,0,0,0,0,0,0,-56,-45
-74,-72,0,0,0,0,0,0,0,0,-77,0,0,0,0,-65,0,0,-69,-67,0,0,-56,-59,0,0,-73,-75,0,0,-71,-70,0,0,-56,-59,0,0,0,0,0,0,0,0,0,0,0,0,0,0,0,-59,-45
-74,-72,0,0,0,0,0,0,0,0,-77,0,0,0,0,-65,0,0,-69,-67,0,0,-56,-59,0,0,-73,-75,0,0,-71,-70,0,0,-56,-59,0,0,0,0,0,0,0,0,0,0,0,0,0,0,0,-59,-45
-74,-72,0,0,0,0,0,0,0,0,-77,0,0,0,0,-65,0,0,-69,-67,0,0,0,-59,0,0,-73,-75,0,0,-71,-70,0,0,-56,-59,0,0,0,0,0,0,0,0,0,0,0,0,0,0,0,-59,-45
-73,-72,0,0,0,0,0,0,0,0,-76,0,0,0,0,-65,0,0,-69,-67,0,0,0,-58,0,0,-73,-75,0,0,-71,-70,0,0,-56,-59,0,0,0,0,0,0,0,0,0,0,0,0,0,0,0,-59,-41
-73,-72,0,0,0,0,0,0,0,0,-76,0,0,0,0,-65,0,0,-69,-67,0,0,0,-58,0,0,-73,-75,0,0,-71,-70,0,0,-56,-59,0,0,0,0,0,0,0,0,0,0,0,0,0,0,0,-59,-41
-73,-72,0,0,0,0,0,0,0,0,-76,0,0,0,0,-65,0,0,-69,-67,0,0,0,-59,0,0,-73,-75,0,0,-71,-70,0,0,-56,-59,0,0,0,0,0,0,0,0,0,0,0,0,0,0,0,-59,-41
-73,-71,0,0,0,0,0,0,0,0,-76,0,0,0,-68,-65,0,0,-69,-67,0,0,0,-59,0,0,-73,-75,0,0,-71,-68,0,0,-56,-59,0,0,0,0,0,0,0,0,0,0,0,0,0,0,0,-55,-53
-73,-71,0,0,0,0,0,0,0,0,-76,0,0,0,-68,-65,0,0,-69,-67,0,0,0,-59,0,0,-73,-75,0,0,-71,-68,0,0,-56,-59,0,0,0,0,0,0,0,0,0,0,0,0,0,0,0,-55,-53
-73,-71,0,0,0,0,0,0,0,0,-76,0,0,0,-68,-65,0,0,-69,-67,0,0,0,-60,0,0,-73,-75,0,0,-71,-68,0,0,-56,-59,0,0,0,0,0,0,0,0,0,0,0,0,0,0,0,-55,-53
-73,-71,0,0,0,0,0,-72,0,0,-76,0,0,0,-68,-65,0,0,-69,-67,0,0,-63,-60,0,0,-73,-74,0,0,-71,-68,0,0,-56,-59,0,0,0,0,0,0,0,0,0,0,0,0,0,0,0,-56,-45
-73,-71,0,0,0,0,0,-72,0,0,-76,0,0,0,-68,-65,0,0,-69,-67,0,0,-63,-60,0,0,-73,-74,0,0,-71,-68,0,0,-56,-59,0,0,0,0,0,0,0,0,0,0,0,0,0,0,0,-56,-45
-73,-71,0,0,0,0,0,-72,0,0,-76,0,0,0,-68,-65,0,0,-69,-67,0,0,-63,-58,0,0,-73,-74,0,0,-71,-68,0,0,-56,-59,0,0,0,0,0,0,0,0,0,0,0,0,0,0,0,-56,-45
-73,-71,0,0,0,0,0,-72,0,0,-76,0,0,0,-68,-65,0,0,-69,-67,0,0,-59,-58,0,0,-73,-74,0,0,-71,-68,0,0,-56,-59,0,0,0,0,0,0,0,0,0,0,0,0,0,0,0,-56,-41
-73,-71,0,0,0,0,0,-72,0,0,-76,0,0,0,-68,-65,0,0,-69,-67,0,0,-59,-58,0,0,-73,-74,0,0,-71,-68,0,0,-56,-59,0,0,0,0,0,0,0,0,0,0,0,0,0,0,0,-56,-41
-73,-71,0,0,0,0,0,-72,0,0,-76,0,0,0,-68,-65,0,0,-69,-67,0,0,-59,-58,0,0,-73,-74,0,0,-71,-68,0,0,-56,-59,0,0,0,0,0,0,0,0,0,0,0,0,0,0,0,-56,-41
-73,-71,0,0,0,0,0,-72,0,0,-76,0,0,0,-69,-68,0,0,-69,-67,0,0,-59,-58,0,0,-73,-74,0,0,-71,-69,0,0,-57,-60,0,0,0,0,0,0,0,0,0,0,0,0,0,0,0,-54,-53
-73,-71,0,0,0,0,0,-72,0,0,-76,0,0,0,-69,-68,0,0,-69,-67,0,0,-59,-58,0,0,-73,-74,0,0,-71,-69,0,0,-57,-60,0,0,0,0,0,0,0,0,0,0,0,0,0,0,0,-54,-53
-73,-71,0,0,0,0,0,-72,0,0,-76,0,0,0,-69,-68,0,0,0,0,0,0,-59,-58,0,0,-73,-74,0,0,-71,-69,0,0,-57,-60,0,0,0,0,0,0,0,0,0,0,0,0,0,0,0,-54,-53
-73,-71,0,0,0,0,0,-72,0,0,-76,0,0,0,-69,-68,0,0,0,0,0,0,-61,-60,0,0,-73,-74,0,0,-71,-69,0,0,-57,-60,0,0,0,0,0,0,0,0,0,0,0,0,0,0,0,-54,-44
-73,-71,0,0,0,0,0,-72,0,0,-76,0,0,0,-69,-68,0,0,0,0,0,0,-61,-60,0,0,-73,-74,0,0,-71,-69,0,0,-57,-60,0,0,0,0,0,0,0,0,0,0,0,0,0,0,0,-54,-44
-73,-71,0,0,0,0,0,-72,0,0,0,0,0,0,-69,-68,0,0,0,0,0,0,-61,-60,0,0,-73,-74,0,0,-71,-69,0,0,-57,-60,0,0,0,0,0,0,0,0,0,0,0,0,0,0,0,-54,-44
-73,-71,0,0,0,0,0,-72,0,0,0,0,0,0,-69,-68,0,0,0,0,0,0,-61,-60,0,0,-74,-74,0,0,-71,-69,0,0,-59,-59,0,0,0,0,0,0,0,0,0,0,0,0,0,0,0,-62,-48
-73,-71,0,0,0,0,0,-72,0,0,0,0,0,0,-69,-68,0,0,0,0,0,0,-61,-59,0,0,-74,-74,0,0,-71,-69,0,0,-59,-59,0,0,0,0,0,0,0,0,0,0,0,0,0,0,0,-62,-48
0,-71,0,0,0,0,0,-72,0,0,0,0,0,0,-69,-68,0,0,0,0,0,0,-61,-59,0,0,-74,-74,0,0,-71,-69,0,0,-59,-59,0,0,0,0,0,0,0,0,0,0,0,0,0,0,0,-62,-48
-72,-71,0,0,0,0,0,-72,0,0,0,0,0,0,-69,-68,0,0,0,0,0,0,-60,-59,0,0,-74,-74,0,0,-72,-69,0,0,-59,-60,0,0,0,0,0,0,0,0,0,0,0,0,0,0,0,-63,-46
-72,-71,0,0,0,0,0,-72,0,0,0,0,0,0,-69,-68,0,0,0,0,0,0,-60,-59,0,0,-74,-74,0,0,-72,-69,0,0,-59,-60,0,0,0,0,0,0,0,0,0,0,0,0,0,0,0,-63,-46
-72,-71,0,0,0,0,0,-72,0,0,0,0,0,0,-69,-68,0,0,0,0,0,0,-60,-58,0,0,-74,-74,0,0,-72,-69,0,0,-59,-60,0,0,0,0,0,0,0,0,0,0,0,0,0,0,0,-63,-46
-70,-70,0,0,0,0,0,-72,0,0,0,0,0,0,-67,-65,0,0,0,0,0,0,-60,-58,0,0,-74,-74,0,0,-72,-69,0,0,-55,-59,0,0,0,0,0,0,0,0,0,0,0,0,0,0,0,-56,-44
-70,-70,0,0,0,0,0,-72,0,0,0,0,0,0,-67,-65,0,0,0,0,0,0,-60,-59,0,0,-74,-74,0,0,-72,-69,0,0,-55,-59,0,0,0,0,0,0,0,0,0,0,0,0,0,0,0,-56,-44
-70,-70,0,0,0,0,0,-72,0,0,0,0,0,0,-67,-65,0,0,0,0,0,0,-60,-60,0,0,-74,-74,0,0,-72,-69,0,0,-55,-59,0,0,0,0,0,0,0,0,0,0,0,0,0,0,0,-56,-44
-70,-70,0,0,0,0,0,-72,0,0,0,0,0,0,-67,-65,0,0,-70,-67,0,0,-60,-60,0,0,-74,-74,0,0,-72,-69,0,0,-55,-62,0,0,0,0,0,0,0,0,0,0,0,0,0,0,0,-54,-44
-70,-70,0,0,0,0,0,-72,0,0,0,0,0,0,-67,-65,0,0,-70,-67,0,0,-60,-60,0,0,-74,-74,0,0,-72,-69,0,0,-55,-62,0,0,0,0,0,0,0,0,0,0,0,0,0,0,0,-54,-44
-70,-70,0,0,0,0,0,0,0,0,0,0,0,0,-67,-65,0,0,-70,-67,0,0,-60,-60,0,0,-74,-74,0,0,-72,0,0,0,-55,-62,0,0,0,0,0,0,0,0,0,0,0,0,0,0,0,-54,-44
-70,-70,0,0,0,0,0,-74,0,0,0,0,0,0,-67,-65,0,0,-70,-67,0,0,-60,-60,0,0,-74,-74,0,0,-72,-71,0,0,-56,-64,0,0,0,0,0,0,0,0,0,0,0,0,0,0,0,-54,-46
-70,-70,0,0,0,0,0,-74,0,0,0,0,0,0,-67,-65,0,0,-70,-67,0,0,-60,-59,0,0,-74,-74,0,0,-72,-71,0,0,-56,-64,0,0,0,0,0,0,0,0,0,0,0,0,0,0,0,-54,-46
-70,-70,0,0,0,0,0,-74,0,0,0,0,0,0,-67,-65,0,0,-70,-67,0,0,-60,-59,0,0,-74,-74,0,0,-72,-71,0,0,-56,-64,0,0,0,0,0,0,0,0,0,0,0,0,0,0,0,-54,-46
-70,-70,0,0,0,0,0,-73,0,0,0,0,0,0,-68,-65,0,0,-70,-67,0,0,-62,-59,0,0,-74,-74,0,0,-72,-71,0,0,-56,-57,0,0,0,0,0,0,0,0,0,0,0,0,0,0,0,-54,-47
-70,-70,0,0,0,0,0,-73,0,0,0,0,0,0,-68,-65,0,0,-70,-67,0,0,-62,-59,0,0,-74,-74,0,0,-72,-71,0,0,-56,-57,0,0,0,0,0,0,0,0,0,0,0,0,0,0,0,-54,-47
-70,-70,0,0,0,0,0,-73,0,0,0,0,0,0,-68,-65,0,0,-70,-67,0,0,-62,-61,0,0,-74,-74,0,0,-72,-71,0,0,-56,-57,0,0,0,0,0,0,0,0,0,0,0,0,0,0,0,-54,-47
-70,-70,0,0,0,0,0,-73,0,0,0,0,0,0,-68,-65,0,0,-70,-67,0,0,-61,-61,0,0,-74,-74,0,0,-73,-71,0,0,-56,-57,0,0,0,0,0,0,0,0,0,0,0,0,0,0,0,-56,-48
-70,-70,0,0,0,0,0,-73,0,0,0,0,0,0,-68,-65,0,0,-70,-67,0,0,-61,-61,0,0,-74,-74,0,0,-73,-71,0,0,-56,-57,0,0,0,0,0,0,0,0,0,0,0,0,0,0,0,-56,-48
-70,-70,0,0,0,0,0,-73,0,0,0,0,0,0,-68,-65,0,0,-70,-67,0,0,-61,-60,0,0,0,0,0,0,-73,-71,0,0,-56,-57,0,0,0,0,0,0,0,0,0,0,0,0,0,0,0,-56,-48
-70,-70,0,0,0,0,0,-73,0,0,0,0,0,0,-68,-65,0,0,-70,-66,0,0,-61,-59,0,0,-73,0,0,0,-73,-71,0,0,-56,-58,0,0,0,0,0,0,0,0,0,0,0,0,0,0,0,-56,-47
-70,-70,0,0,0,0,0,-73,0,0,0,0,0,0,-68,-65,0,0,-70,-66,0,0,-61,-59,0,0,-73,0,0,0,-73,-71,0,0,-56,-58,0,0,0,0,0,0,0,0,0,0,0,0,0,0,0,-56,-47
0,0,0,0,0,0,0,-73,0,0,0,0,0,0,-68,-65,0,0,-70,-66,0,0,-61,-58,0,0,-73,0,0,0,-73,-71,0,0,-56,-58,0,0,0,0,0,0,0,0,0,0,0,0,0,0,0,-56,-47
0,0,0,0,0,0,0,-73,0,0,0,0,0,0,-68,-65,0,0,-70,-66,0,0,-61,-58,0,0,-73,0,0,0,-73,-71,0,0,-56,-58,0,0,0,0,0,0,0,0,0,0,0,0,0,0,0,-61,-47
0,0,0,0,0,0,0,-73,0,0,0,0,0,0,-68,-65,0,0,-70,-66,0,0,-61,-57,0,0,-73,0,0,0,-73,-71,0,0,-56,-58,0,0,0,0,0,0,0,0,0,0,0,0,0,0,0,-61,-47
0,0,0,0,0,0,0,-73,0,0,0,0,0,0,-68,-65,0,0,0,-66,0,0,-61,-57,0,0,-73,0,0,0,-73,-71,0,0,-56,-58,0,0,0,0,0,0,0,0,0,0,0,0,0,0,0,-61,-47
0,-71,0,0,0,0,0,-73,0,0,0,0,0,0,-68,-65,0,0,0,-66,0,0,-61,-57,0,0,-73,0,0,0,-73,-71,0,0,-57,-62,0,0,0,0,0,0,0,0,0,0,0,0,0,0,0,-60,-47
0,-71,0,0,0,0,0,-73,0,0,0,0,0,0,-68,-65,0,0,0,-66,0,0,-61,-57,0,0,-73,0,0,0,-73,-71,0,0,-57,-62,0,0,0,0,0,0,0,0,0,0,0,0,0,0,0,-60,-47
0,-71,0,0,0,0,0,-73,0,0,0,0,0,0,-68,-65,0,0,0,-66,0,0,-61,-57,0,0,-73,0,0,0,-73,0,0,0,-57,-62,0,0,0,0,0,0,0,0,0,0,0,0,0,0,0,-60,-47
0,-70,0,0,0,0,0,-72,0,0,0,0,0,0,-68,-65,0,0,0,-66,0,0,-61,-58,0,0,-73,0,0,0,-73,0,0,0,-57,-62,0,0,0,0,0,0,0,0,0,0,0,0,0,0,0,-60,-46
0,-70,0,0,0,0,0,-72,0,0,0,0,0,0,-68,-65,0,0,0,-66,0,0,-61,-59,0,0,-73,0,0,0,-73,0,0,0,-57,-62,0,0,0,0,0,0,0,0,0,0,0,0,0,0,0,-60,-46
0,-70,0,0,0,0,0,-72,0,0,0,0,0,0,0,-65,0,0,0,-66,0,0,-61,-59,0,0,-73,0,0,0,-73,0,0,0,-57,-62,0,0,0,0,0,0,0,0,0,0,0,0,0,0,0,-60,-46
0,-70,0,0,0,0,0,-73,0,0,0,0,0,0,0,-66,0,0,0,-66,0,0,-61,-61,0,0,-73,0,0,0,-73,-68,0,0,-57,-62,0,0,0,0,0,0,0,0,0,0,0,0,0,0,0,-59,-47
0,-70,0,0,0,0,0,-73,0,0,0,0,0,0,0,-66,0,0,0,-66,0,0,-61,-63,0,0,-73,0,0,0,-73,-68,0,0,-57,-62,0,0,0,0,0,0,0,0,0,0,0,0,0,0,0,-59,-47
0,-70,0,0,0,0,0,-73,0,0,0,0,0,0,0,-66,0,0,0,-66,0,0,-61,-62,0,0,-73,0,0,0,0,-68,0,0,-57,-62,0,0,0,0,0,0,0,0,0,0,0,0,0,0,0,-59,-47
0,-70,0,0,0,0,0,-73,0,0,0,0,0,0,0,-66,0,0,0,-66,0,0,-61,-58,0,0,-71,-73,0,0,0,-68,0,0,-57,-63,0,0,0,0,0,0,0,0,0,0,0,0,0,0,0,-59,-47
0,-70,0,0,0,0,0,-73,0,0,0,0,0,0,0,-66,0,0,0,-66,0,0,-61,-58,0,0,-71,-73,0,0,0,-68,0,0,-57,-63,0,0,0,0,0,0,0,0,0,0,0,0,0,0,0,-59,-47
0,-70,0,0,0,0,0,-73,0,0,0,0,0,0,0,-66,0,0,0,-66,0,0,-61,-58,0,0,-71,-73,0,0,0,-68,0,0,-57,-63,0,0,0,0,0,0,0,0,0,0,0,0,0,0,0,-59,-47
0,-70,0,0,0,0,0,-73,0,0,0,-72,0,0,0,-68,0,0,0,-66,0,0,-59,-58,0,0,-71,-73,0,0,0,-68,0,0,-57,-63,0,0,0,0,0,0,0,0,0,0,0,0,0,0,0,-58,-49
0,-70,0,0,0,0,0,-73,0,0,0,-72,0,0,0,-68,0,0,0,0,0,0,-59,-58,0,0,-71,-73,0,0,0,-68,0,0,-57,-63,0,0,0,0,0,0,0,0,0,0,0,0,0,0,0,-58,-49
0,-70,0,0,0,0,0,-73,0,0,0,-72,0,0,0,-68,0,0,0,0,0,0,-59,-57,0,0,-71,-73,0,0,0,-68,0,0,-57,-63,0,0,0,0,0,0,0,0,0,0,0,0,0,0,0,-58,-49
0,-71,0,0,0,0,0,-73,0,0,0,-72,0,0,0,-68,0,0,0,0,0,0,-57,-57,0,0,-71,-73,0,0,0,-68,0,0,-55,-60,0,0,0,0,0,0,0,0,0,0,0,0,0,0,0,-56,-48
0,-71,0,0,0,0,0,-73,0,0,0,-72,0,0,0,-68,0,0,0,0,0,0,-57,-58,0,0,-71,-73,0,0,0,-68,0,0,-55,-60,0,0,0,0,0,0,0,0,0,0,0,0,0,0,0,-56,-48
0,-71,0,0,0,0,0,-73,0,0,0,-72,0,0,0,-68,0,0,0,0,0,0,-57,-58,0,0,-71,-73,0,0,0,-68,0,0,-55,-60,0,0,0,0,0,0,0,0,0,0,0,0,0,0,0,-56,-48
0,-71,0,0,0,0,0,-73,0,0,0,-72,0,0,0,-68,0,0,0,0,0,0,-57,-58,0,0,-71,-72,0,0,0,-68,0,0,-55,-62,0,0,0,0,0,0,0,0,0,0,0,0,0,0,0,-62,-41
0,-71,0,0,0,0,0,-73,0,0,0,-72,0,0,0,-68,0,0,0,0,0,0,-57,-59,0,0,-71,-72,0,0,0,-68,0,0,-55,-62,0,0,0,0,0,0,0,0,0,0,0,0,0,0,0,-62,-41
0,-71,0,0,0,0,0,-73,0,0,0,-72,0,0,0,-68,0,0,0,0,0,0,-57,-59,0,0,-71,-72,0,0,0,-68,0,0,-55,-62,0,0,0,0,0,0,0,0,0,0,0,0,0,0,0,-62,-41
-71,-72,0,0,0,0,0,-73,0,0,0,-72,0,0,0,-66,0,0,0,0,0,0,-57,-59,0,0,-71,-68,0,0,0,-68,0,0,-55,-62,0,0,0,0,0,0,0,0,0,0,0,0,0,0,0,-62,-53
-71,-72,0,0,0,0,0,-73,0,0,0,-72,0,0,0,-66,0,0,0,0,0,0,-57,-60,0,0,-71,-68,0,0,0,-68,0,0,-55,-62,0,0,0,0,0,0,0,0,0,0,0,0,0,0,0,-62,-53
-71,-72,0,0,0,0,0,-73,0,0,0,-72,0,0,0,-66,0,0,0,0,0,0,-57,-60,0,0,-71,-68,0,0,0,-68,0,0,-55,-62,0,0,0,0,0,0,0,0,0,0,0,0,0,0,0,-62,-53
-71,-72,0,0,0,0,0,-73,0,0,0,-72,0,0,0,-68,0,0,0,0,0,0,-57,-60,0,0,-71,-68,0,0,0,0,0,0,-55,-57,0,0,0,0,0,0,0,0,0,0,0,0,0,0,0,-62,-47
-71,-72,0,0,0,0,0,-73,0,0,0,-72,0,0,0,-68,0,0,0,0,0,0,-57,-59,0,0,-71,-68,0,0,0,0,0,0,-55,-57,0,0,0,0,0,0,0,0,0,0,0,0,0,0,0,-62,-47
-71,-72,0,0,0,0,0,-73,0,0,0,-72,0,0,0,-68,0,0,0,0,0,0,-57,-59,0,0,-71,-68,0,0,0,0,0,0,-55,-57,0,0,0,0,0,0,0,0,0,0,0,0,0,0,0,-62,-47
-71,-72,0,0,0,0,0,-73,0,0,0,-72,0,0,0,-65,0,0,0,0,0,0,-57,-58,0,0,-71,-71,0,0,0,0,0,0,-55,-57,0,0,0,0,0,0,0,0,0,0,0,0,0,0,0,-53,-47
-71,-72,0,0,0,0,0,-73,0,0,0,-72,0,0,0,-65,0,0,0,0,0,0,-57,-56,0,0,-71,-71,0,0,0,0,0,0,-55,-57,0,0,0,0,0,0,0,0,0,0,0,0,0,0,0,-53,-47
-71,-72,0,0,0,0,0,-73,0,0,0,0,0,0,0,-65,0,0,0,0,0,0,-57,-55,0,0,0,-71,0,0,0,0,0,0,-55,-57,0,0,0,0,0,0,0,0,0,0,0,0,0,0,0,-53,-47
-71,-72,0,0,0,0,0,-73,0,0,0,0,0,0,0,-65,0,0,-72,-68,0,0,-57,-55,0,0,-73,-71,0,0,0,-74,0,0,-55,-66,0,0,0,0,0,0,0,0,0,0,0,0,0,0,0,-57,-49
-71,-72,0,0,0,0,0,-73,0,0,0,0,0,0,0,-65,0,0,-72,-68,0,0,-57,-55,0,0,-73,-71,0,0,0,-74,0,0,-55,-66,0,0,0,0,0,0,0,0,0,0,0,0,0,0,0,-57,-49
-71,-72,0,0,0,0,0,-73,0,0,0,0,0,0,0,-65,0,0,-72,-68,0,0,-57,-56,0,0,-73,-71,0,0,0,-74,0,0,0,-66,0,0,0,0,0,0,0,0,0,0,0,0,0,0,0,-57,-49
-71,-67,0,0,0,0,0,-73,0,0,0,0,0,0,0,-65,0,0,-72,-68,0,0,-56,-54,0,0,-72,-71,0,0,0,-74,0,0,-57,-62,0,0,0,0,0,0,0,0,0,0,0,0,0,0,0,-57,-45
-71,-67,0,0,0,0,0,-73,0,0,0,0,0,0,0,-65,0,0,-72,-68,0,0,-56,-54,0,0,-72,-71,0,0,0,-74,0,0,-57,-62,0,0,0,0,0,0,0,0,0,0,0,0,0,0,0,-57,-45
-71,-67,0,0,0,0,0,0,0,0,0,0,0,0,0,-65,0,0,-72,-68,0,0,-56,-53,0,0,-72,-71,0,0,0,-74,0,0,-57,-62,0,0,0,0,0,0,0,0,0,0,0,0,0,0,0,-57,-45
-71,-67,0,0,0,0,0,0,0,0,0,0,0,0,0,-65,0,0,-72,-68,0,0,-56,-56,0,0,-72,-71,0,0,0,-74,0,0,-57,-56,0,0,0,0,0,0,0,0,0,0,0,0,0,0,0,-57,-47
-71,-67,0,0,0,0,0,0,0,0,0,0,0,0,0,-65,0,0,-72,-68,0,0,-56,-56,0,0,-72,-71,0,0,0,-74,0,0,-57,-56,0,0,0,0,0,0,0,0,0,0,0,0,0,0,0,-57,-47
0,-67,0,0,0,0,0,0,0,0,0,0,0,0,0,-65,0,0,-72,-68,0,0,-56,-55,0,0,-72,-71,0,0,0,-74,0,0,-57,-56,0,0,0,0,0,0,0,0,0,0,0,0,0,0,0,-57,-47
-70,-67,0,0,0,0,0,0,0,0,0,0,0,0,0,-65,0,0,-72,-68,0,0,-56,-56,0,0,-72,-71,0,0,-69,-71,0,0,-56,-56,0,0,0,0,0,0,0,0,0,0,0,0,0,0,0,-55,-55
-70,-67,0,0,0,0,0,0,0,0,0,0,0,0,0,-65,0,0,-72,-68,0,0,-56,-55,0,0,-72,-71,0,0,-69,-71,0,0,-56,-56,0,0,0,0,0,0,0,0,0,0,0,0,0,0,0,-55,-55
-70,-67,0,0,0,0,0,0,0,0,0,0,0,0,0,-65,0,0,-72,-68,0,0,-56,-54,0,0,-72,-71,0,0,-69,-71,0,0,-56,-56,0,0,0,0,0,0,0,0,0,0,0,0,0,0,0,-55,-55
-70,-67,0,0,0,0,0,-74,0,0,0,0,0,0,0,-65,0,0,-72,-68,0,0,-56,-54,0,0,-72,-71,0,0,-69,-71,0,0,-56,-58,0,0,0,0,0,0,0,0,0,0,0,0,0,0,0,-53,-49
-70,-67,0,0,0,0,0,-74,0,0,0,0,0,0,0,-65,0,0,-72,-68,0,0,-56,-55,0,0,-72,-71,0,0,-69,-71,0,0,-56,-58,0,0,0,0,0,0,0,0,0,0,0,0,0,0,0,-53,-49
-70,-67,0,0,0,0,0,-74,0,0,0,0,0,0,0,0,0,0,-72,-68,0,0,-56,-55,0,0,-72,0,0,0,-69,-71,0,0,-56,-58,0,0,0,0,0,0,0,0,0,0,0,0,0,0,0,-53,-49
-68,-68,0,0,0,0,0,-74,0,0,0,0,0,0,0,0,0,0,-72,-68,0,0,-58,-57,0,0,-72,0,0,0,-69,-71,0,0,-56,-56,0,0,0,0,0,0,0,0,0,0,0,0,-78,0,0,-62,-48
-68,-68,0,0,0,0,0,-74,0,0,0,0,0,0,0,0,0,0,-72,-68,0,0,-58,-57,0,0,-72,0,0,0,-69,-71,0,0,-56,-56,0,0,0,0,0,0,0,0,0,0,0,0,-78,0,0,-62,-48
-68,-68,0,0,0,0,0,-74,0,0,0,0,0,0,0,0,0,0,0,0,0,0,-58,-56,0,0,-72,0,0,0,-69,-71,0,0,-56,-56,0,0,0,0,0,0,0,0,0,0,0,0,-78,0,0,-62,-48
-68,-67,0,0,0,0,0,-74,0,0,0,0,0,0,0,-64,0,0,0,0,0,0,-58,-56,0,0,-72,0,0,0,-69,-71,0,0,-56,-58,0,0,0,0,0,0,0,0,0,0,0,0,-78,0,0,-57,-45
-68,-67,0,0,0,0,0,-74,0,0,0,0,0,0,0,-64,0,0,0,0,0,0,-58,-55,0,0,-72,0,0,0,-69,-71,0,0,-56,-58,0,0,0,0,0,0,0,0,0,0,0,0,-78,0,0,-57,-45
-68,-67,0,0,0,0,0,-74,0,0,0,0,0,0,0,-64,0,0,0,0,0,0,-58,-55,0,0,0,0,0,0,-69,-71,0,0,-56,-58,0,0,0,0,0,0,0,0,0,0,0,0,-78,0,0,-57,-45
-68,-66,0,0,0,0,0,-74,0,0,0,0,0,0,0,-64,0,0,0,0,0,0,-58,-54,0,0,0,0,0,0,-69,-71,0,0,-56,-60,0,0,0,0,0,0,0,0,0,0,0,0,-78,0,0,-53,-49
-68,-66,0,0,0,0,0,-74,0,0,0,0,0,0,0,-64,0,0,0,0,0,0,-58,-54,0,0,0,0,0,0,-69,-71,0,0,-56,-60,0,0,0,0,0,0,0,0,0,0,0,0,-78,0,0,-53,-49
-68,-66,0,0,0,0,0,-74,0,0,0,0,0,0,0,-64,0,0,0,0,0,0,-58,-53,0,0,0,0,0,0,-69,-71,0,0,-56,-60,0,0,0,0,0,0,0,0,0,0,0,0,-78,0,0,-53,-49
-68,-66,0,0,0,0,0,-74,0,0,0,0,0,0,0,-67,0,0,0,0,0,0,-58,-54,0,0,0,0,0,0,-69,-71,0,0,-57,-60,0,0,0,0,0,0,0,0,0,0,0,0,-78,0,0,-51,-46
-68,-66,0,0,0,0,0,-74,0,0,0,0,0,0,0,-67,0,0,0,0,0,0,-58,-54,0,0,0,0,0,0,-69,-71,0,0,-57,-60,0,0,0,0,0,0,0,0,0,0,0,0,-78,0,0,-51,-46
-68,-66,0,0,0,0,0,-74,0,0,0,0,0,0,0,-67,0,0,0,0,0,0,-58,-55,0,0,0,0,0,0,0,0,0,0,-57,-60,0,0,0,0,0,0,0,0,0,0,0,0,-78,0,0,-51,-46
-68,-66,0,0,0,0,0,-74,0,0,0,0,0,0,0,-67,0,0,0,0,0,0,-58,-54,0,0,-72,-72,0,0,0,0,0,0,-57,-61,0,0,0,0,0,0,0,0,0,0,0,0,-78,0,0,-60,-49
-68,-66,0,0,0,0,0,-74,0,0,0,0,0,0,0,-67,0,0,0,0,0,0,-58,-54,0,0,-72,-72,0,0,0,0,0,0,-57,-61,0,0,0,0,0,0,0,0,0,0,0,0,-78,0,0,-60,-49
-68,-66,0,0,0,0,0,0,0,0,0,0,0,0,0,-67,0,0,0,0,0,0,-58,-54,0,0,-72,-72,0,0,0,0,0,0,-57,-61,0,0,0,0,0,0,0,0,0,0,0,0,-78,0,0,-60,-49
-68,-66,0,0,0,0,0,0,0,0,0,0,0,0,-70,-67,0,0,0,0,0,0,-58,-55,0,0,-72,-72,0,0,-70,-76,0,0,-57,-59,0,0,0,0,0,0,0,0,0,0,0,0,-78,0,0,-60,-50
-68,-66,0,0,0,0,0,0,0,0,0,0,0,0,-70,-67,0,0,0,0,0,0,-58,-55,0,0,-72,-72,0,0,-70,-76,0,0,-57,-59,0,0,0,0,0,0,0,0,0,0,0,0,-78,0,0,-60,-50
-68,-66,0,0,0,0,0,0,0,0,0,0,0,0,-70,-67,0,0,0,0,0,0,-58,-58,0,0,-72,-72,0,0,-70,-76,0,0,-57,-59,0,0,0,0,0,0,0,0,0,0,0,0,0,0,0,-60,-50
-68,-66,0,0,0,0,0,0,0,0,0,0,0,0,-70,-67,0,0,0,0,0,0,-58,-58,0,0,-72,-72,0,0,-70,-76,0,0,-57,-59,0,0,0,0,0,0,0,0,0,0,0,0,0,0,0,-60,-50
-70,-69,0,0,0,0,0,-73,0,0,0,0,0,0,-70,-67,0,0,-71,-70,0,0,-58,-58,0,0,-72,-72,0,0,-70,-76,0,0,-59,-59,0,0,0,0,0,0,0,0,0,0,0,0,0,0,0,-56,-46
-70,-69,0,0,0,0,0,-73,0,0,0,0,0,0,-70,-67,0,0,-71,-70,0,0,-58,-57,0,0,-72,-72,0,0,-70,-76,0,0,-59,-59,0,0,0,0,0,0,0,0,0,0,0,0,0,0,0,-56,-46
-70,-69,0,0,0,0,0,-73,0,0,0,0,0,0,-70,-67,0,0,-71,-70,0,0,-57,-55,0,0,-72,-72,0,0,-70,-76,0,0,-58,-59,0,0,0,0,0,0,0,0,0,0,0,0,0,0,0,-61,-46
-70,-69,0,0,0,0,0,-73,0,0,0,0,0,0,-70,-67,0,0,-71,-70,0,0,-57,-55,0,0,-72,-72,0,0,-70,-76,0,0,-58,-59,0,0,0,0,0,0,0,0,0,0,0,0,0,0,0,-61,-46
-70,-69,0,0,0,0,0,-73,0,0,0,0,0,0,-70,-67,0,0,-71,-70,0,0,-57,-56,0,0,-72,-72,0,0,-70,-76,0,0,-58,-59,0,0,0,0,0,0,0,0,0,0,0,0,0,0,0,-61,-46
-70,-69,0,0,0,0,0,-73,0,0,0,0,0,0,-70,-67,0,0,-71,-70,0,0,-60,-55,0,0,-72,-72,0,0,-70,-68,0,0,-58,-55,0,0,0,0,0,0,0,0,0,0,0,0,0,0,0,-57,-42
-70,-69,0,0,0,0,0,-73,0,0,0,0,0,0,-70,-67,0,0,-71,-70,0,0,-60,-56,0,0,-72,-72,0,0,-70,-68,0,0,-58,-55,0,0,0,0,0,0,0,0,0,0,0,0,0,0,0,-57,-42
-70,-69,0,0,0,0,0,-73,0,0,0,0,0,0,-70,-67,0,0,-71,-70,0,0,-60,-56,0,0,-72,-72,0,0,-70,-68,0,0,-58,-55,0,0,0,0,0,0,0,0,0,0,0,0,0,0,0,-57,-42
-70,-69,0,0,0,0,0,-73,0,0,0,0,0,0,-68,-65,0,0,-71,-70,0,0,-56,-56,0,0,-72,-72,0,0,-70,-68,0,0,-59,-58,0,0,0,0,0,0,0,0,0,0,0,0,0,0,0,-53,-48
-70,-69,0,0,0,0,0,-73,0,0,0,0,0,0,-68,-65,0,0,-71,-70,0,0,-56,-55,0,0,-72,-72,0,0,-70,-68,0,0,-59,-58,0,0,0,0,0,0,0,0,0,0,0,0,0,0,0,-53,-48
-70,-69,0,0,0,0,0,-73,0,0,0,0,0,0,-68,-65,0,0,-71,-70,0,0,-56,-53,0,0,0,0,0,0,-70,-68,0,0,-59,-58,0,0,0,0,0,0,0,0,0,0,0,0,0,0,0,-53,-48
-68,-67,0,0,0,0,0,-75,0,0,0,0,0,0,-68,-65,0,0,-71,-70,0,0,-56,-53,0,0,0,0,0,0,-70,-68,0,0,-59,-55,0,0,0,0,0,0,0,0,0,0,0,0,0,0,0,-58,-48
-68,-67,0,0,0,0,0,-75,0,0,0,0,0,0,-68,-65,0,0,-71,-70,0,0,-56,-53,0,0,0,0,0,0,0,-68,0,0,-59,-55,0,0,0,0,0,0,0,0,0,0,0,0,0,0,0,-58,-48
-68,-67,0,0,0,0,0,-75,0,0,0,0,0,0,-68,-65,0,0,-71,-70,0,0,-56,-53,0,0,0,0,0,0,0,-68,0,0,-59,-55,0,0,0,0,0,0,0,0,0,0,0,0,0,0,0,-58,-48
-68,-66,0,0,0,0,0,-75,0,0,0,0,0,0,-68,-65,0,0,-71,-70,0,0,-53,-53,0,0,0,0,0,0,0,-68,0,0,-59,-55,0,0,0,0,0,0,0,0,0,0,0,0,0,0,0,-58,-48
-68,-66,0,0,0,0,0,-75,0,0,0,0,0,0,-68,-65,0,0,0,0,0,0,-53,-53,0,0,0,0,0,0,0,-68,0,0,-59,-55,0,0,0,0,0,0,0,0,0,0,0,0,0,0,0,-58,-48
-68,-66,0,0,0,0,0,-75,0,0,0,0,0,0,-68,-65,0,0,0,0,0,0,-53,-54,0,0,0,0,0,0,0,-68,0,0,-59,-55,0,0,0,0,0,0,0,0,0,0,0,0,0,0,0,-58,-48
-68,-66,0,0,0,0,0,-75,0,0,0,0,0,0,-68,-65,0,0,0,0,0,0,-55,-54,0,0,0,0,0,0,0,-68,0,0,-59,-58,0,0,0,0,0,0,0,0,0,0,0,0,0,0,0,-60,-47
-68,-66,0,0,0,0,0,-75,0,0,0,0,0,0,-68,-65,0,0,0,0,0,0,-55,-53,0,0,0,0,0,0,0,-68,0,0,-59,-58,0,0,0,0,0,0,0,0,0,0,0,0,0,0,0,-60,-47
-68,-66,0,0,0,0,0,-75,0,0,0,0,0,0,-68,-65,0,0,0,0,0,0,-55,-53,0,0,0,0,0,0,0,-68,0,0,-59,-58,0,0,0,0,0,0,0,0,0,0,0,0,0,0,0,-60,-47
-68,-64,0,0,0,0,0,-75,0,0,0,0,0,0,-68,-65,0,0,0,0,0,0,-54,-53,0,0,0,0,0,0,0,-74,0,0,-59,-57,0,0,0,0,0,0,0,0,0,0,0,0,0,0,0,-61,-47
-68,-64,0,0,0,0,0,-75,0,0,0,0,0,0,-68,-65,0,0,0,0,0,0,-54,-53,0,0,0,0,0,0,0,-74,0,0,-59,-57,0,0,0,0,0,0,0,0,0,0,0,0,0,0,0,-61,-47
-68,-64,0,0,0,0,0,-75,0,0,0,0,0,0,-68,-65,0,0,0,0,0,0,-54,-53,0,0,0,0,0,0,0,-74,0,0,-59,-57,0,0,0,0,0,0,0,0,0,0,0,0,0,0,0,-61,-47
-68,-64,0,0,0,0,0,-75,0,0,0,0,0,0,-68,-65,0,0,0,0,0,0,-54,-53,0,0,0,0,0,0,-77,-75,0,0,-57,-56,0,0,0,0,0,0,0,0,0,0,0,0,0,0,0,-57,-44
-68,-64,0,0,0,0,0,-75,0,0,0,0,0,0,-68,-65,0,0,0,0,0,0,-54,-53,0,0,0,0,0,0,-77,-75,0,0,-57,-56,0,0,0,0,0,0,0,0,0,0,0,0,0,0,0,-57,-44
0,-72,0,0,0,0,0,-74,0,0,-79,0,0,0,0,-74,0,0,0,0,0,0,-62,-60,0,0,-72,0,0,0,0,0,0,0,-59,-56,0,0,-80,0,0,0,0,0,0,0,0,0,0,0,0,-59,-39
0,-71,0,0,0,0,0,-74,0,0,-79,0,0,0,0,-74,0,0,0,0,0,0,-62,-57,0,0,-71,-80,0,0,0,0,0,0,-59,-63,0,0,-80,0,0,0,0,0,0,0,0,0,0,0,0,-55,-43
0,-71,0,0,0,0,0,0,0,0,-79,0,0,0,0,-74,0,0,0,0,0,0,-62,-57,0,0,-71,-80,0,0,0,0,0,0,-59,-63,0,0,-80,0,0,0,0,0,0,0,0,0,0,0,0,-55,-43
0,-71,0,0,0,0,0,0,0,0,-79,0,0,0,0,-74,0,0,0,0,0,0,-62,-59,0,0,-71,-80,0,0,0,0,0,0,-59,-63,0,0,-80,0,0,0,0,0,0,0,0,0,0,0,0,-55,-43
-71,-67,0,0,0,0,0,0,0,0,-79,0,0,0,0,-74,0,0,0,0,0,0,-62,-60,0,0,-71,-74,0,0,-69,-68,0,0,-59,-59,0,0,-80,0,0,0,0,0,0,0,0,0,0,0,0,-55,-44
-71,-67,0,0,0,0,0,0,0,0,-79,0,0,0,0,-74,0,0,0,0,0,0,-62,-60,0,0,-71,-74,0,0,-69,-68,0,0,-59,-59,0,0,-80,0,0,0,0,0,0,0,0,0,0,0,0,-55,-44
-71,-67,0,0,0,0,0,0,0,0,-79,0,0,0,0,-74,0,0,0,0,0,0,-62,-58,0,0,-71,-74,0,0,-69,-68,0,0,-59,-59,0,0,-80,0,0,0,0,0,0,0,0,0,0,0,0,-55,-44
-70,-68,0,0,0,0,0,0,0,0,-79,0,0,0,-67,-67,0,0,0,0,0,0,-62,-58,0,0,-71,-74,0,0,-69,-68,0,0,-59,-58,0,0,-80,0,0,0,0,0,0,0,0,0,0,0,0,-51,-44
-70,-68,0,0,0,0,0,0,0,0,-79,0,0,0,-67,-67,0,0,0,0,0,0,-62,-59,0,0,-71,-74,0,0,-69,-68,0,0,-59,-58,0,0,-80,0,0,0,0,0,0,0,0,0,0,0,0,-51,-44
-70,-68,0,0,0,0,0,0,0,0,-79,0,0,0,-67,-67,0,0,0,0,0,0,-62,-59,0,0,-71,-74,0,0,-69,-68,0,0,-59,-58,0,0,-80,0,0,0,0,0,0,0,0,0,0,0,0,-51,-44
-70,-67,0,0,0,0,0,0,0,0,-79,0,0,0,-67,-67,0,0,0,0,0,0,-62,-59,0,0,-71,-74,0,0,-69,-68,0,0,-56,-59,0,0,-80,0,0,0,0,0,0,0,0,0,0,0,0,-54,-44
-70,-67,0,0,0,0,0,0,0,0,-79,0,0,0,-67,-67,0,0,0,0,0,0,-62,-60,0,0,-71,-74,0,0,-69,-68,0,0,-56,-59,0,0,-80,0,0,0,0,0,0,0,0,0,0,0,0,-54,-44
-70,-67,0,0,0,0,0,0,0,0,-79,0,0,0,-67,-67,0,0,0,0,0,0,-62,-61,0,0,-71,-74,0,0,-69,-68,0,0,-56,-59,0,0,-80,0,0,0,0,0,0,0,0,0,0,0,0,-54,-44
-67,-66,0,0,0,0,0,0,0,0,-79,0,0,0,-66,-64,0,0,0,0,0,0,-62,-62,0,0,-71,-74,0,0,-69,-68,0,0,-56,-59,0,0,-80,0,0,0,0,0,0,0,0,0,0,0,0,-54,-46
-67,-66,0,0,0,0,0,0,0,0,-79,0,0,0,-66,-64,0,0,0,0,0,0,-62,-62,0,0,-71,-74,0,0,-69,-68,0,0,-56,-59,0,0,-80,0,0,0,0,0,0,0,0,0,0,0,0,-54,-46
-67,-66,0,0,0,0,0,0,0,0,0,0,0,0,-66,-64,0,0,0,0,0,0,0,-60,0,0,-71,-74,0,0,-69,-68,0,0,-56,-59,0,0,0,0,0,0,0,0,0,0,0,0,0,0,0,-54,-46
-67,-62,0,0,0,0,0,-70,0,0,0,0,0,0,-66,-64,0,0,0,0,0,0,0,-59,0,0,-71,-74,0,0,-69,-68,0,0,-56,-54,0,0,0,0,0,0,0,0,0,0,0,0,0,0,0,-56,-46
-67,-62,0,0,0,0,0,-70,0,0,0,0,0,0,-66,-64,0,0,0,0,0,0,0,-59,0,0,-71,-74,0,0,-69,-68,0,0,-56,-54,0,0,0,0,0,0,0,0,0,0,0,0,0,0,0,-56,-46
-67,-62,0,0,0,0,0,-70,0,0,0,0,0,0,-66,-64,0,0,0,0,0,0,0,-59,0,0,0,-74,0,0,-69,-68,0,0,-56,-54,0,0,0,0,0,0,0,0,0,0,0,0,0,0,0,-56,-46
-71,-62,0,0,0,0,0,-73,0,0,0,-73,0,0,-69,-64,0,0,0,0,0,0,0,-58,0,0,0,-74,0,0,-73,-70,0,0,-57,-62,0,0,0,0,0,0,0,0,0,0,0,0,0,0,0,-55,-43
-71,-62,0,0,0,0,0,-73,0,0,0,-73,0,0,-69,-64,0,0,0,0,0,0,0,-58,0,0,0,-74,0,0,-73,-70,0,0,-57,-62,0,0,0,0,0,0,0,0,0,0,0,0,0,0,0,-55,-43
-71,-62,0,0,0,0,0,-73,0,0,0,-73,0,0,-69,-64,0,0,0,0,0,0,0,-59,0,0,0,0,0,0,-73,-70,0,0,-57,-62,0,0,0,0,0,0,0,0,0,0,0,0,0,0,0,-55,-43
-71,-62,0,0,0,0,0,-73,0,0,0,-73,0,0,-70,-64,0,0,0,0,0,0,0,-58,0,0,0,0,0,0,-72,-71,0,0,-57,-62,0,0,0,0,0,0,0,0,0,0,0,0,0,0,0,-53,-44
-71,-62,0,0,0,0,0,-73,0,0,0,-73,0,0,-70,-64,0,0,0,0,0,0,0,-58,0,0,0,0,0,0,-72,-71,0,0,-57,-62,0,0,0,0,0,0,0,0,0,0,0,0,0,0,0,-53,-44
-71,-62,0,0,0,0,0,-73,0,0,0,-73,0,0,-70,-64,0,0,0,0,0,0,0,-59,0,0,0,0,0,0,-72,-71,0,0,-57,-62,0,0,0,0,0,0,0,0,0,0,0,0,0,0,0,-53,-44
-71,-68,0,0,0,0,0,-73,0,0,0,-73,0,0,-70,-64,0,0,0,-68,0,0,0,-60,0,0,-73,-73,0,0,-72,-71,0,0,-57,-58,0,0,0,0,0,0,0,0,0,0,0,0,0,0,0,-59,-48
-71,-68,0,0,0,0,0,-73,0,0,0,-73,0,0,-70,-64,0,0,0,-68,0,0,0,-59,0,0,-73,-73,0,0,-72,-71,0,0,-57,-58,0,0,0,0,0,0,0,0,0,0,0,0,0,0,0,-59,-48
-71,-68,0,0,0,0,0,-73,0,0,0,-73,0,0,-70,-64,0,0,0,-68,0,0,0,-58,0,0,-73,-73,0,0,-72,-71,0,0,-57,-58,0,0,0,0,0,0,0,0,0,0,0,0,0,0,0,-59,-48
-69,-67,0,0,0,0,0,-73,0,0,0,-73,0,0,-70,-71,0,0,-68,-68,0,0,0,-58,0,0,-73,-73,0,0,-72,-71,0,0,-55,-55,0,0,0,0,0,0,0,0,0,0,0,0,0,0,0,-54,-41
-69,-67,0,0,0,0,0,-73,0,0,0,-73,0,0,-70,-71,0,0,-68,-68,0,0,0,-57,0,0,-73,-73,0,0,-72,-71,0,0,-55,-55,0,0,0,0,0,0,0,0,0,0,0,0,0,0,0,-54,-41
-69,-67,0,0,0,0,0,-73,0,0,0,-73,0,0,-70,-71,0,0,-68,-68,0,0,0,-57,0,0,-73,-73,0,0,-72,-71,0,0,-55,-55,0,0,0,0,0,0,0,0,0,0,0,0,0,0,0,-54,-41
-69,-70,0,0,0,0,0,-73,0,0,0,-73,0,0,-70,-67,0,0,-68,-68,0,0,0,-57,0,0,-73,-73,0,0,-72,-71,0,0,-55,-57,0,0,0,0,0,0,0,0,0,0,0,0,0,0,0,-57,-51
-69,-70,0,0,0,0,0,-73,0,0,0,-73,0,0,-70,-67,0,0,-68,-68,0,0,0,-58,0,0,-73,-73,0,0,-72,-71,0,0,-55,-57,0,0,0,0,0,0,0,0,0,0,0,0,0,0,0,-57,-51
-69,-70,0,0,0,0,0,-73,0,0,0,-73,0,0,-70,-67,0,0,-68,-68,0,0,0,-59,0,0,-73,-73,0,0,-72,-71,0,0,-55,-57,0,0,0,0,0,0,0,0,0,0,0,0,0,0,0,-57,-51
-69,-70,0,0,0,0,0,-73,0,0,0,-73,0,0,-76,-67,0,0,-68,-68,0,0,-57,-58,0,0,-73,-76,0,0,-73,-71,0,0,-57,-61,0,0,0,0,0,0,0,0,0,0,0,-81,-76,0,0,-61,-47
-69,-70,0,0,0,0,0,-73,0,0,0,-73,0,0,-76,-67,0,0,-68,-68,0,0,-57,-58,0,0,-73,-76,0,0,-73,-71,0,0,-57,-61,0,0,0,0,0,0,0,0,0,0,0,-81,-76,0,0,-61,-47
-69,-70,0,0,0,0,0,-73,0,0,0,0,0,0,-76,-67,0,0,-68,-68,0,0,-57,-58,0,0,-73,-76,0,0,-73,-71,0,0,-57,-61,0,0,0,0,0,0,0,0,0,0,0,-81,-76,0,0,-61,-47
-69,-70,0,0,0,0,0,-73,0,0,0,0,0,0,-76,-66,0,0,-68,-68,0,0,-59,-58,0,0,-73,-76,0,0,-71,-71,0,0,-57,-61,0,0,0,0,0,0,0,0,0,0,0,-81,-76,0,0,-60,-54
-69,-70,0,0,0,0,0,-73,0,0,0,0,0,0,-76,-66,0,0,-68,-68,0,0,-59,-58,0,0,-73,-76,0,0,-71,-71,0,0,-57,-61,0,0,0,0,0,0,0,0,0,0,0,-81,-76,0,0,-60,-54
-69,-70,0,0,0,0,0,-73,0,0,0,0,0,0,-76,-66,0,0,-68,-68,0,0,-59,-56,0,0,-73,-76,0,0,-71,0,0,0,-57,-61,0,0,0,0,0,0,0,0,0,0,0,-81,-76,0,0,-60,-54
-72,-70,0,0,0,0,0,-73,0,0,0,0,0,0,-76,-66,0,0,-68,-68,0,0,-56,-56,0,0,-73,-76,0,0,-71,0,0,0,-56,-59,0,0,0,0,0,0,0,0,0,0,0,-81,-76,0,0,-59,-43
-72,-70,0,0,0,0,0,-73,0,0,0,0,0,0,-76,-66,0,0,-68,-68,0,0,-56,-56,0,0,-73,-76,0,0,-71,0,0,0,-56,-59,0,0,0,0,0,0,0,0,0,0,0,-81,-76,0,0,-59,-43
-72,-70,0,0,0,0,0,-73,0,0,0,0,0,0,-76,-66,0,0,-68,0,0,0,-56,-57,0,0,0,-76,0,0,-71,0,0,0,-56,-59,0,0,0,0,0,0,0,0,0,0,0,-81,-76,0,0,-59,-43
-74,-70,0,0,0,0,0,-73,0,0,-77,0,0,0,-76,-66,0,0,-68,0,0,0,-56,-57,0,0,0,-76,0,0,-71,-71,0,0,-59,-59,0,0,0,0,0,0,0,0,0,0,0,-81,-76,0,0,-62,-45
-74,-70,0,0,0,0,0,-73,0,0,-77,0,0,0,-76,-66,0,0,-68,0,0,0,-56,-57,0,0,0,-76,0,0,-71,-71,0,0,-59,-59,0,0,0,0,0,0,0,0,0,0,0,-81,-76,0,0,-62,-45
-74,-70,0,0,0,0,0,-73,0,0,-77,0,0,0,-76,-66,0,0,0,0,0,0,-56,-58,0,0,0,-76,0,0,-71,-71,0,0,-59,-59,0,0,0,0,0,0,0,0,0,0,0,-81,-76,0,0,-62,-45
-74,-70,0,0,0,0,0,-73,0,0,-77,0,0,0,-76,-65,0,0,-69,0,0,0,-56,-58,0,0,0,-76,0,0,-71,-71,0,0,-56,-55,0,0,0,0,0,0,0,0,0,0,0,-81,-76,0,0,-57,-41
-74,-70,0,0,0,0,0,-73,0,0,-77,0,0,0,-76,-65,0,0,-69,0,0,0,-56,-57,0,0,0,-76,0,0,-71,-71,0,0,-56,-55,0,0,0,0,0,0,0,0,0,0,0,-81,-76,0,0,-57,-41
-74,-70,0,0,0,0,0,0,0,0,-77,0,0,0,-76,-65,0,0,-69,0,0,0,-56,-57,0,0,0,-76,0,0,-71,-71,0,0,-56,-55,0,0,0,0,0,0,0,0,0,0,0,-81,-76,0,0,-57,-41
-74,-70,0,0,0,0,0,0,0,0,-77,0,0,0,-76,-65,0,0,-69,-68,0,0,-56,-57,0,0,0,-76,0,0,-71,-71,0,0,-55,-56,0,0,0,0,0,0,0,0,0,0,0,-81,-76,0,0,-56,-41
-74,-70,0,0,0,0,0,0,0,0,-77,0,0,0,-76,-65,0,0,-69,-68,0,0,-56,-57,0,0,0,-76,0,0,-71,-71,0,0,-55,-56,0,0,0,0,0,0,0,0,0,0,0,-81,-76,0,0,-56,-41
-74,-70,0,0,0,0,0,0,0,0,-77,0,0,0,0,-65,0,0,-69,-68,0,0,-56,-60,0,0,0,-76,0,0,-71,-71,0,0,-55,-56,0,0,0,0,0,0,0,0,0,0,0,0,0,0,0,-56,-41
-74,-72,0,0,0,0,0,0,0,0,-77,0,0,0,0,-65,0,0,-69,-68,0,0,-56,-62,0,0,0,-76,0,0,-71,-70,0,0,-59,-60,0,0,0,0,0,0,0,0,0,0,0,0,0,0,0,-56,-45
-74,-72,0,0,0,0,0,0,0,0,-77,0,0,0,0,-65,0,0,-69,-68,0,0,-56,-61,0,0,0,-76,0,0,-71,-70,0,0,-59,-60,0,0,0,0,0,0,0,0,0,0,0,0,0,0,0,-56,-45
-74,-72,0,0,0,0,0,0,0,0,-77,0,0,0,0,-65,0,0,-69,-68,0,0,-56,-60,0,0,0,0,0,0,-71,-70,0,0,-59,-60,0,0,0,0,0,0,0,0,0,0,0,0,0,0,0,-56,-45
-74,-72,0,0,0,0,0,0,0,0,-77,0,0,0,0,-65,0,0,-69,-67,0,0,-56,-59,0,0,-73,-75,0,0,-71,-70,0,0,-56,-59,0,0,0,0,0,0,0,0,0,0,0,0,0,0,0,-59,-45
-74,-72,0,0,0,0,0,0,0,0,-77,0,0,0,0,-65,0,0,-69,-67,0,0,-56,-59,0,0,-73,-75,0,0,-71,-70,0,0,-56,-59,0,0,0,0,0,0,0,0,0,0,0,0,0,0,0,-59,-45
-74,-72,0,0,0,0,0,0,0,0,-77,0,0,0,0,-65,0,0,-69,-67,0,0,0,-59,0,0,-73,-75,0,0,-71,-70,0,0,-56,-59,0,0,0,0,0,0,0,0,0,0,0,0,0,0,0,-59,-45
-73,-72,0,0,0,0,0,0,0,0,-76,0,0,0,0,-65,0,0,-69,-67,0,0,0,-58,0,0,-73,-75,0,0,-71,-70,0,0,-56,-59,0,0,0,0,0,0,0,0,0,0,0,0,0,0,0,-59,-41
-73,-72,0,0,0,0,0,0,0,0,-76,0,0,0,0,-65,0,0,-69,-67,0,0,0,-58,0,0,-73,-75,0,0,-71,-70,0,0,-56,-59,0,0,0,0,0,0,0,0,0,0,0,0,0,0,0,-59,-41
-73,-72,0,0,0,0,0,0,0,0,-76,0,0,0,0,-65,0,0,-69,-67,0,0,0,-59,0,0,-73,-75,0,0,-71,-70,0,0,-56,-59,0,0,0,0,0,0,0,0,0,0,0,0,0,0,0,-59,-41
-73,-71,0,0,0,0,0,0,0,0,-76,0,0,0,-68,-65,0,0,-69,-67,0,0,0,-59,0,0,-73,-75,0,0,-71,-68,0,0,-56,-59,0,0,0,0,0,0,0,0,0,0,0,0,0,0,0,-55,-53
-73,-71,0,0,0,0,0,0,0,0,-76,0,0,0,-68,-65,0,0,-69,-67,0,0,0,-59,0,0,-73,-75,0,0,-71,-68,0,0,-56,-59,0,0,0,0,0,0,0,0,0,0,0,0,0,0,0,-55,-53
-73,-71,0,0,0,0,0,0,0,0,-76,0,0,0,-68,-65,0,0,-69,-67,0,0,0,-60,0,0,-73,-75,0,0,-71,-68,0,0,-56,-59,0,0,0,0,0,0,0,0,0,0,0,0,0,0,0,-55,-53
-73,-71,0,0,0,0,0,-72,0,0,-76,0,0,0,-68,-65,0,0,-69,-67,0,0,-63,-60,0,0,-73,-74,0,0,-71,-68,0,0,-56,-59,0,0,0,0,0,0,0,0,0,0,0,0,0,0,0,-56,-45
-73,-71,0,0,0,0,0,-72,0,0,-76,0,0,0,-68,-65,0,0,-69,-67,0,0,-63,-60,0,0,-73,-74,0,0,-71,-68,0,0,-56,-59,0,0,0,0,0,0,0,0,0,0,0,0,0,0,0,-56,-45
-73,-71,0,0,0,0,0,-72,0,0,-76,0,0,0,-68,-65,0,0,-69,-67,0,0,-63,-58,0,0,-73,-74,0,0,-71,-68,0,0,-56,-59,0,0,0,0,0,0,0,0,0,0,0,0,0,0,0,-56,-45
-73,-71,0,0,0,0,0,-72,0,0,-76,0,0,0,-68,-65,0,0,-69,-67,0,0,-59,-58,0,0,-73,-74,0,0,-71,-68,0,0,-56,-59,0,0,0,0,0,0,0,0,0,0,0,0,0,0,0,-56,-41
-73,-71,0,0,0,0,0,-72,0,0,-76,0,0,0,-68,-65,0,0,-69,-67,0,0,-59,-58,0,0,-73,-74,0,0,-71,-68,0,0,-56,-59,0,0,0,0,0,0,0,0,0,0,0,0,0,0,0,-56,-41
-73,-71,0,0,0,0,0,-72,0,0,-76,0,0,0,-68,-65,0,0,-69,-67,0,0,-59,-58,0,0,-73,-74,0,0,-71,-68,0,0,-56,-59,0,0,0,0,0,0,0,0,0,0,0,0,0,0,0,-56,-41
-73,-71,0,0,0,0,0,-72,0,0,-76,0,0,0,-69,-68,0,0,-69,-67,0,0,-59,-58,0,0,-73,-74,0,0,-71,-69,0,0,-57,-60,0,0,0,0,0,0,0,0,0,0,0,0,0,0,0,-54,-53
-73,-71,0,0,0,0,0,-72,0,0,-76,0,0,0,-69,-68,0,0,-69,-67,0,0,-59,-58,0,0,-73,-74,0,0,-71,-69,0,0,-57,-60,0,0,0,0,0,0,0,0,0,0,0,0,0,0,0,-54,-53
-73,-71,0,0,0,0,0,-72,0,0,-76,0,0,0,-69,-68,0,0,0,0,0,0,-59,-58,0,0,-73,-74,0,0,-71,-69,0,0,-57,-60,0,0,0,0,0,0,0,0,0,0,0,0,0,0,0,-54,-53
-73,-71,0,0,0,0,0,-72,0,0,-76,0,0,0,-69,-68,0,0,0,0,0,0,-61,-60,0,0,-73,-74,0,0,-71,-69,0,0,-57,-60,0,0,0,0,0,0,0,0,0,0,0,0,0,0,0,-54,-44
-73,-71,0,0,0,0,0,-72,0,0,-76,0,0,0,-69,-68,0,0,0,0,0,0,-61,-60,0,0,-73,-74,0,0,-71,-69,0,0,-57,-60,0,0,0,0,0,0,0,0,0,0,0,0,0,0,0,-54,-44
-73,-71,0,0,0,0,0,-72,0,0,0,0,0,0,-69,-68,0,0,0,0,0,0,-61,-60,0,0,-73,-74,0,0,-71,-69,0,0,-57,-60,0,0,0,0,0,0,0,0,0,0,0,0,0,0,0,-54,-44
-73,-71,0,0,0,0,0,-72,0,0,0,0,0,0,-69,-68,0,0,0,0,0,0,-61,-60,0,0,-74,-74,0,0,-71,-69,0,0,-59,-59,0,0,0,0,0,0,0,0,0,0,0,0,0,0,0,-62,-48
-73,-71,0,0,0,0,0,-72,0,0,0,0,0,0,-69,-68,0,0,0,0,0,0,-61,-59,0,0,-74,-74,0,0,-71,-69,0,0,-59,-59,0,0,0,0,0,0,0,0,0,0,0,0,0,0,0,-62,-48
0,-71,0,0,0,0,0,-72,0,0,0,0,0,0,-69,-68,0,0,0,0,0,0,-61,-59,0,0,-74,-74,0,0,-71,-69,0,0,-59,-59,0,0,0,0,0,0,0,0,0,0,0,0,0,0,0,-62,-48
-72,-71,0,0,0,0,0,-72,0,0,0,0,0,0,-69,-68,0,0,0,0,0,0,-60,-59,0,0,-74,-74,0,0,-72,-69,0,0,-59,-60,0,0,0,0,0,0,0,0,0,0,0,0,0,0,0,-63,-46
-72,-71,0,0,0,0,0,-72,0,0,0,0,0,0,-69,-68,0,0,0,0,0,0,-60,-59,0,0,-74,-74,0,0,-72,-69,0,0,-59,-60,0,0,0,0,0,0,0,0,0,0,0,0,0,0,0,-63,-46
-72,-71,0,0,0,0,0,-72,0,0,0,0,0,0,-69,-68,0,0,0,0,0,0,-60,-58,0,0,-74,-74,0,0,-72,-69,0,0,-59,-60,0,0,0,0,0,0,0,0,0,0,0,0,0,0,0,-63,-46
-70,-70,0,0,0,0,0,-72,0,0,0,0,0,0,-67,-65,0,0,0,0,0,0,-60,-58,0,0,-74,-74,0,0,-72,-69,0,0,-55,-59,0,0,0,0,0,0,0,0,0,0,0,0,0,0,0,-56,-44
-70,-70,0,0,0,0,0,-72,0,0,0,0,0,0,-67,-65,0,0,0,0,0,0,-60,-59,0,0,-74,-74,0,0,-72,-69,0,0,-55,-59,0,0,0,0,0,0,0,0,0,0,0,0,0,0,0,-56,-44
-70,-70,0,0,0,0,0,-72,0,0,0,0,0,0,-67,-65,0,0,0,0,0,0,-60,-60,0,0,-74,-74,0,0,-72,-69,0,0,-55,-59,0,0,0,0,0,0,0,0,0,0,0,0,0,0,0,-56,-44
-70,-70,0,0,0,0,0,-72,0,0,0,0,0,0,-67,-65,0,0,-70,-67,0,0,-60,-60,0,0,-74,-74,0,0,-72,-69,0,0,-55,-62,0,0,0,0,0,0,0,0,0,0,0,0,0,0,0,-54,-44
-70,-70,0,0,0,0,0,-72,0,0,0,0,0,0,-67,-65,0,0,-70,-67,0,0,-60,-60,0,0,-74,-74,0,0,-72,-69,0,0,-55,-62,0,0,0,0,0,0,0,0,0,0,0,0,0,0,0,-54,-44
-70,-70,0,0,0,0,0,0,0,0,0,0,0,0,-67,-65,0,0,-70,-67,0,0,-60,-60,0,0,-74,-74,0,0,-72,0,0,0,-55,-62,0,0,0,0,0,0,0,0,0,0,0,0,0,0,0,-54,-44
-70,-70,0,0,0,0,0,-74,0,0,0,0,0,0,-67,-65,0,0,-70,-67,0,0,-60,-60,0,0,-74,-74,0,0,-72,-71,0,0,-56,-64,0,0,0,0,0,0,0,0,0,0,0,0,0,0,0,-54,-46
-70,-70,0,0,0,0,0,-74,0,0,0,0,0,0,-67,-65,0,0,-70,-67,0,0,-60,-59,0,0,-74,-74,0,0,-72,-71,0,0,-56,-64,0,0,0,0,0,0,0,0,0,0,0,0,0,0,0,-54,-46
-70,-70,0,0,0,0,0,-74,0,0,0,0,0,0,-67,-65,0,0,-70,-67,0,0,-60,-59,0,0,-74,-74,0,0,-72,-71,0,0,-56,-64,0,0,0,0,0,0,0,0,0,0,0,0,0,0,0,-54,-46
-70,-70,0,0,0,0,0,-73,0,0,0,0,0,0,-68,-65,0,0,-70,-67,0,0,-62,-59,0,0,-74,-74,0,0,-72,-71,0,0,-56,-57,0,0,0,0,0,0,0,0,0,0,0,0,0,0,0,-54,-47
-70,-70,0,0,0,0,0,-73,0,0,0,0,0,0,-68,-65,0,0,-70,-67,0,0,-62,-59,0,0,-74,-74,0,0,-72,-71,0,0,-56,-57,0,0,0,0,0,0,0,0,0,0,0,0,0,0,0,-54,-47
-70,-70,0,0,0,0,0,-73,0,0,0,0,0,0,-68,-65,0,0,-70,-67,0,0,-62,-61,0,0,-74,-74,0,0,-72,-71,0,0,-56,-57,0,0,0,0,0,0,0,0,0,0,0,0,0,0,0,-54,-47
-70,-70,0,0,0,0,0,-73,0,0,0,0,0,0,-68,-65,0,0,-70,-67,0,0,-61,-61,0,0,-74,-74,0,0,-73,-71,0,0,-56,-57,0,0,0,0,0,0,0,0,0,0,0,0,0,0,0,-56,-48
-70,-70,0,0,0,0,0,-73,0,0,0,0,0,0,-68,-65,0,0,-70,-67,0,0,-61,-61,0,0,-74,-74,0,0,-73,-71,0,0,-56,-57,0,0,0,0,0,0,0,0,0,0,0,0,0,0,0,-56,-48
-70,-70,0,0,0,0,0,-73,0,0,0,0,0,0,-68,-65,0,0,-70,-67,0,0,-61,-60,0,0,0,0,0,0,-73,-71,0,0,-56,-57,0,0,0,0,0,0,0,0,0,0,0,0,0,0,0,-56,-48
-70,-70,0,0,0,0,0,-73,0,0,0,0,0,0,-68,-65,0,0,-70,-66,0,0,-61,-59,0,0,-73,0,0,0,-73,-71,0,0,-56,-58,0,0,0,0,0,0,0,0,0,0,0,0,0,0,0,-56,-47
-70,-70,0,0,0,0,0,-73,0,0,0,0,0,0,-68,-65,0,0,-70,-66,0,0,-61,-59,0,0,-73,0,0,0,-73,-71,0,0,-56,-58,0,0,0,0,0,0,0,0,0,0,0,0,0,0,0,-56,-47
0,0,0,0,0,0,0,-73,0,0,0,0,0,0,-68,-65,0,0,-70,-66,0,0,-61,-58,0,0,-73,0,0,0,-73,-71,0,0,-56,-58,0,0,0,0,0,0,0,0,0,0,0,0,0,0,0,-56,-47
0,0,0,0,0,0,0,-73,0,0,0,0,0,0,-68,-65,0,0,-70,-66,0,0,-61,-58,0,0,-73,0,0,0,-73,-71,0,0,-56,-58,0,0,0,0,0,0,0,0,0,0,0,0,0,0,0,-61,-47
0,0,0,0,0,0,0,-73,0,0,0,0,0,0,-68,-65,0,0,-70,-66,0,0,-61,-57,0,0,-73,0,0,0,-73,-71,0,0,-56,-58,0,0,0,0,0,0,0,0,0,0,0,0,0,0,0,-61,-47
0,0,0,0,0,0,0,-73,0,0,0,0,0,0,-68,-65,0,0,0,-66,0,0,-61,-57,0,0,-73,0,0,0,-73,-71,0,0,-56,-58,0,0,0,0,0,0,0,0,0,0,0,0,0,0,0,-61,-47
0,-71,0,0,0,0,0,-73,0,0,0,0,0,0,-68,-65,0,0,0,-66,0,0,-61,-57,0,0,-73,0,0,0,-73,-71,0,0,-57,-62,0,0,0,0,0,0,0,0,0,0,0,0,0,0,0,-60,-47
0,-71,0,0,0,0,0,-73,0,0,0,0,0,0,-68,-65,0,0,0,-66,0,0,-61,-57,0,0,-73,0,0,0,-73,-71,0,0,-57,-62,0,0,0,0,0,0,0,0,0,0,0,0,0,0,0,-60,-47
0,-71,0,0,0,0,0,-73,0,0,0,0,0,0,-68,-65,0,0,0,-66,0,0,-61,-57,0,0,-73,0,0,0,-73,0,0,0,-57,-62,0,0,0,0,0,0,0,0,0,0,0,0,0,0,0,-60,-47
0,-70,0,0,0,0,0,-72,0,0,0,0,0,0,-68,-65,0,0,0,-66,0,0,-61,-58,0,0,-73,0,0,0,-73,0,0,0,-57,-62,0,0,0,0,0,0,0,0,0,0,0,0,0,0,0,-60,-46
0,-70,0,0,0,0,0,-72,0,0,0,0,0,0,-68,-65,0,0,0,-66,0,0,-61,-59,0,0,-73,0,0,0,-73,0,0,0,-57,-62,0,0,0,0,0,0,0,0,0,0,0,0,0,0,0,-60,-46
0,-70,0,0,0,0,0,-72,0,0,0,0,0,0,0,-65,0,0,0,-66,0,0,-61,-59,0,0,-73,0,0,0,-73,0,0,0,-57,-62,0,0,0,0,0,0,0,0,0,0,0,0,0,0,0,-60,-46
0,-70,0,0,0,0,0,-73,0,0,0,0,0,0,0,-66,0,0,0,-66,0,0,-61,-61,0,0,-73,0,0,0,-73,-68,0,0,-57,-62,0,0,0,0,0,0,0,0,0,0,0,0,0,0,0,-59,-47
0,-70,0,0,0,0,0,-73,0,0,0,0,0,0,0,-66,0,0,0,-66,0,0,-61,-63,0,0,-73,0,0,0,-73,-68,0,0,-57,-62,0,0,0,0,0,0,0,0,0,0,0,0,0,0,0,-59,-47
0,-70,0,0,0,0,0,-73,0,0,0,0,0,0,0,-66,0,0,0,-66,0,0,-61,-62,0,0,-73,0,0,0,0,-68,0,0,-57,-62,0,0,0,0,0,0,0,0,0,0,0,0,0,0,0,-59,-47
0,-70,0,0,0,0,0,-73,0,0,0,0,0,0,0,-66,0,0,0,-66,0,0,-61,-58,0,0,-71,-73,0,0,0,-68,0,0,-57,-63,0,0,0,0,0,0,0,0,0,0,0,0,0,0,0,-59,-47
0,-70,0,0,0,0,0,-73,0,0,0,0,0,0,0,-66,0,0,0,-66,0,0,-61,-58,0,0,-71,-73,0,0,0,-68,0,0,-57,-63,0,0,0,0,0,0,0,0,0,0,0,0,0,0,0,-59,-47
0,-70,0,0,0,0,0,-73,0,0,0,0,0,0,0,-66,0,0,0,-66,0,0,-61,-58,0,0,-71,-73,0,0,0,-68,0,0,-57,-63,0,0,0,0,0,0,0,0,0,0,0,0,0,0,0,-59,-47
0,-70,0,0,0,0,0,-73,0,0,0,-72,0,0,0,-68,0,0,0,-66,0,0,-59,-58,0,0,-71,-73,0,0,0,-68,0,0,-57,-63,0,0,0,0,0,0,0,0,0,0,0,0,0,0,0,-58,-49
0,-70,0,0,0,0,0,-73,0,0,0,-72,0,0,0,-68,0,0,0,0,0,0,-59,-58,0,0,-71,-73,0,0,0,-68,0,0,-57,-63,0,0,0,0,0,0,0,0,0,0,0,0,0,0,0,-58,-49
0,-70,0,0,0,0,0,-73,0,0,0,-72,0,0,0,-68,0,0,0,0,0,0,-59,-57,0,0,-71,-73,0,0,0,-68,0,0,-57,-63,0,0,0,0,0,0,0,0,0,0,0,0,0,0,0,-58,-49
0,-71,0,0,0,0,0,-73,0,0,0,-72,0,0,0,-68,0,0,0,0,0,0,-57,-57,0,0,-71,-73,0,0,0,-68,0,0,-55,-60,0,0,0,0,0,0,0,0,0,0,0,0,0,0,0,-56,-48
0,-71,0,0,0,0,0,-73,0,0,0,-72,0,0,0,-68,0,0,0,0,0,0,-57,-58,0,0,-71,-73,0,0,0,-68,0,0,-55,-60,0,0,0,0,0,0,0,0,0,0,0,0,0,0,0,-56,-48
0,-71,0,0,0,0,0,-73,0,0,0,-72,0,0,0,-68,0,0,0,0,0,0,-57,-58,0,0,-71,-73,0,0,0,-68,0,0,-55,-60,0,0,0,0,0,0,0,0,0,0,0,0,0,0,0,-56,-48
0,-71,0,0,0,0,0,-73,0,0,0,-72,0,0,0,-68,0,0,0,0,0,0,-57,-58,0,0,-71,-72,0,0,0,-68,0,0,-55,-62,0,0,0,0,0,0,0,0,0,0,0,0,0,0,0,-62,-41
0,-71,0,0,0,0,0,-73,0,0,0,-72,0,0,0,-68,0,0,0,0,0,0,-57,-59,0,0,-71,-72,0,0,0,-68,0,0,-55,-62,0,0,0,0,0,0,0,0,0,0,0,0,0,0,0,-62,-41
0,-71,0,0,0,0,0,-73,0,0,0,-72,0,0,0,-68,0,0,0,0,0,0,-57,-59,0,0,-71,-72,0,0,0,-68,0,0,-55,-62,0,0,0,0,0,0,0,0,0,0,0,0,0,0,0,-62,-41
-71,-72,0,0,0,0,0,-73,0,0,0,-72,0,0,0,-66,0,0,0,0,0,0,-57,-59,0,0,-71,-68,0,0,0,-68,0,0,-55,-62,0,0,0,0,0,0,0,0,0,0,0,0,0,0,0,-62,-53
-71,-72,0,0,0,0,0,-73,0,0,0,-72,0,0,0,-66,0,0,0,0,0,0,-57,-60,0,0,-71,-68,0,0,0,-68,0,0,-55,-62,0,0,0,0,0,0,0,0,0,0,0,0,0,0,0,-62,-53
-71,-72,0,0,0,0,0,-73,0,0,0,-72,0,0,0,-66,0,0,0,0,0,0,-57,-60,0,0,-71,-68,0,0,0,-68,0,0,-55,-62,0,0,0,0,0,0,0,0,0,0,0,0,0,0,0,-62,-53
-71,-72,0,0,0,0,0,-73,0,0,0,-72,0,0,0,-68,0,0,0,0,0,0,-57,-60,0,0,-71,-68,0,0,0,0,0,0,-55,-57,0,0,0,0,0,0,0,0,0,0,0,0,0,0,0,-62,-47
-71,-72,0,0,0,0,0,-73,0,0,0,-72,0,0,0,-68,0,0,0,0,0,0,-57,-59,0,0,-71,-68,0,0,0,0,0,0,-55,-57,0,0,0,0,0,0,0,0,0,0,0,0,0,0,0,-62,-47
-71,-72,0,0,0,0,0,-73,0,0,0,-72,0,0,0,-68,0,0,0,0,0,0,-57,-59,0,0,-71,-68,0,0,0,0,0,0,-55,-57,0,0,0,0,0,0,0,0,0,0,0,0,0,0,0,-62,-47
-71,-72,0,0,0,0,0,-73,0,0,0,-72,0,0,0,-65,0,0,0,0,0,0,-57,-58,0,0,-71,-71,0,0,0,0,0,0,-55,-57,0,0,0,0,0,0,0,0,0,0,0,0,0,0,0,-53,-47
-71,-72,0,0,0,0,0,-73,0,0,0,-72,0,0,0,-65,0,0,0,0,0,0,-57,-56,0,0,-71,-71,0,0,0,0,0,0,-55,-57,0,0,0,0,0,0,0,0,0,0,0,0,0,0,0,-53,-47
-71,-72,0,0,0,0,0,-73,0,0,0,0,0,0,0,-65,0,0,0,0,0,0,-57,-55,0,0,0,-71,0,0,0,0,0,0,-55,-57,0,0,0,0,0,0,0,0,0,0,0,0,0,0,0,-53,-47
-71,-72,0,0,0,0,0,-73,0,0,0,0,0,0,0,-65,0,0,-72,-68,0,0,-57,-55,0,0,-73,-71,0,0,0,-74,0,0,-55,-66,0,0,0,0,0,0,0,0,0,0,0,0,0,0,0,-57,-49
-71,-72,0,0,0,0,0,-73,0,0,0,0,0,0,0,-65,0,0,-72,-68,0,0,-57,-55,0,0,-73,-71,0,0,0,-74,0,0,-55,-66,0,0,0,0,0,0,0,0,0,0,0,0,0,0,0,-57,-49
-71,-72,0,0,0,0,0,-73,0,0,0,0,0,0,0,-65,0,0,-72,-68,0,0,-57,-56,0,0,-73,-71,0,0,0,-74,0,0,0,-66,0,0,0,0,0,0,0,0,0,0,0,0,0,0,0,-57,-49
-71,-67,0,0,0,0,0,-73,0,0,0,0,0,0,0,-65,0,0,-72,-68,0,0,-56,-54,0,0,-72,-71,0,0,0,-74,0,0,-57,-62,0,0,0,0,0,0,0,0,0,0,0,0,0,0,0,-57,-45
-71,-67,0,0,0,0,0,-73,0,0,0,0,0,0,0,-65,0,0,-72,-68,0,0,-56,-54,0,0,-72,-71,0,0,0,-74,0,0,-57,-62,0,0,0,0,0,0,0,0,0,0,0,0,0,0,0,-57,-45
-71,-67,0,0,0,0,0,0,0,0,0,0,0,0,0,-65,0,0,-72,-68,0,0,-56,-53,0,0,-72,-71,0,0,0,-74,0,0,-57,-62,0,0,0,0,0,0,0,0,0,0,0,0,0,0,0,-57,-45
-71,-67,0,0,0,0,0,0,0,0,0,0,0,0,0,-65,0,0,-72,-68,0,0,-56,-56,0,0,-72,-71,0,0,0,-74,0,0,-57,-56,0,0,0,0,0,0,0,0,0,0,0,0,0,0,0,-57,-47
-71,-67,0,0,0,0,0,0,0,0,0,0,0,0,0,-65,0,0,-72,-68,0,0,-56,-56,0,0,-72,-71,0,0,0,-74,0,0,-57,-56,0,0,0,0,0,0,0,0,0,0,0,0,0,0,0,-57,-47
0,-67,0,0,0,0,0,0,0,0,0,0,0,0,0,-65,0,0,-72,-68,0,0,-56,-55,0,0,-72,-71,0,0,0,-74,0,0,-57,-56,0,0,0,0,0,0,0,0,0,0,0,0,0,0,0,-57,-47
-70,-67,0,0,0,0,0,0,0,0,0,0,0,0,0,-65,0,0,-72,-68,0,0,-56,-56,0,0,-72,-71,0,0,-69,-71,0,0,-56,-56,0,0,0,0,0,0,0,0,0,0,0,0,0,0,0,-55,-55
-70,-67,0,0,0,0,0,0,0,0,0,0,0,0,0,-65,0,0,-72,-68,0,0,-56,-55,0,0,-72,-71,0,0,-69,-71,0,0,-56,-56,0,0,0,0,0,0,0,0,0,0,0,0,0,0,0,-55,-55
-70,-67,0,0,0,0,0,0,0,0,0,0,0,0,0,-65,0,0,-72,-68,0,0,-56,-54,0,0,-72,-71,0,0,-69,-71,0,0,-56,-56,0,0,0,0,0,0,0,0,0,0,0,0,0,0,0,-55,-55
-70,-67,0,0,0,0,0,-74,0,0,0,0,0,0,0,-65,0,0,-72,-68,0,0,-56,-54,0,0,-72,-71,0,0,-69,-71,0,0,-56,-58,0,0,0,0,0,0,0,0,0,0,0,0,0,0,0,-53,-49
-70,-67,0,0,0,0,0,-74,0,0,0,0,0,0,0,-65,0,0,-72,-68,0,0,-56,-55,0,0,-72,-71,0,0,-69,-71,0,0,-56,-58,0,0,0,0,0,0,0,0,0,0,0,0,0,0,0,-53,-49
-70,-67,0,0,0,0,0,-74,0,0,0,0,0,0,0,0,0,0,-72,-68,0,0,-56,-55,0,0,-72,0,0,0,-69,-71,0,0,-56,-58,0,0,0,0,0,0,0,0,0,0,0,0,0,0,0,-53,-49
-68,-68,0,0,0,0,0,-74,0,0,0,0,0,0,0,0,0,0,-72,-68,0,0,-58,-57,0,0,-72,0,0,0,-69,-71,0,0,-56,-56,0,0,0,0,0,0,0,0,0,0,0,0,-78,0,0,-62,-48
-68,-68,0,0,0,0,0,-74,0,0,0,0,0,0,0,0,0,0,-72,-68,0,0,-58,-57,0,0,-72,0,0,0,-69,-71,0,0,-56,-56,0,0,0,0,0,0,0,0,0,0,0,0,-78,0,0,-62,-48
-68,-68,0,0,0,0,0,-74,0,0,0,0,0,0,0,0,0,0,0,0,0,0,-58,-56,0,0,-72,0,0,0,-69,-71,0,0,-56,-56,0,0,0,0,0,0,0,0,0,0,0,0,-78,0,0,-62,-48
-68,-67,0,0,0,0,0,-74,0,0,0,0,0,0,0,-64,0,0,0,0,0,0,-58,-56,0,0,-72,0,0,0,-69,-71,0,0,-56,-58,0,0,0,0,0,0,0,0,0,0,0,0,-78,0,0,-57,-45
-68,-67,0,0,0,0,0,-74,0,0,0,0,0,0,0,-64,0,0,0,0,0,0,-58,-55,0,0,-72,0,0,0,-69,-71,0,0,-56,-58,0,0,0,0,0,0,0,0,0,0,0,0,-78,0,0,-57,-45
-68,-67,0,0,0,0,0,-74,0,0,0,0,0,0,0,-64,0,0,0,0,0,0,-58,-55,0,0,0,0,0,0,-69,-71,0,0,-56,-58,0,0,0,0,0,0,0,0,0,0,0,0,-78,0,0,-57,-45
-68,-66,0,0,0,0,0,-74,0,0,0,0,0,0,0,-64,0,0,0,0,0,0,-58,-54,0,0,0,0,0,0,-69,-71,0,0,-56,-60,0,0,0,0,0,0,0,0,0,0,0,0,-78,0,0,-53,-49
-68,-66,0,0,0,0,0,-74,0,0,0,0,0,0,0,-64,0,0,0,0,0,0,-58,-54,0,0,0,0,0,0,-69,-71,0,0,-56,-60,0,0,0,0,0,0,0,0,0,0,0,0,-78,0,0,-53,-49
-68,-66,0,0,0,0,0,-74,0,0,0,0,0,0,0,-64,0,0,0,0,0,0,-58,-53,0,0,0,0,0,0,-69,-71,0,0,-56,-60,0,0,0,0,0,0,0,0,0,0,0,0,-78,0,0,-53,-49
-68,-66,0,0,0,0,0,-74,0,0,0,0,0,0,0,-67,0,0,0,0,0,0,-58,-54,0,0,0,0,0,0,-69,-71,0,0,-57,-60,0,0,0,0,0,0,0,0,0,0,0,0,-78,0,0,-51,-46
-68,-66,0,0,0,0,0,-74,0,0,0,0,0,0,0,-67,0,0,0,0,0,0,-58,-54,0,0,0,0,0,0,-69,-71,0,0,-57,-60,0,0,0,0,0,0,0,0,0,0,0,0,-78,0,0,-51,-46
-68,-66,0,0,0,0,0,-74,0,0,0,0,0,0,0,-67,0,0,0,0,0,0,-58,-55,0,0,0,0,0,0,0,0,0,0,-57,-60,0,0,0,0,0,0,0,0,0,0,0,0,-78,0,0,-51,-46
-68,-66,0,0,0,0,0,-74,0,0,0,0,0,0,0,-67,0,0,0,0,0,0,-58,-54,0,0,-72,-72,0,0,0,0,0,0,-57,-61,0,0,0,0,0,0,0,0,0,0,0,0,-78,0,0,-60,-49
-68,-66,0,0,0,0,0,-74,0,0,0,0,0,0,0,-67,0,0,0,0,0,0,-58,-54,0,0,-72,-72,0,0,0,0,0,0,-57,-61,0,0,0,0,0,0,0,0,0,0,0,0,-78,0,0,-60,-49
-68,-66,0,0,0,0,0,0,0,0,0,0,0,0,0,-67,0,0,0,0,0,0,-58,-54,0,0,-72,-72,0,0,0,0,0,0,-57,-61,0,0,0,0,0,0,0,0,0,0,0,0,-78,0,0,-60,-49
-68,-66,0,0,0,0,0,0,0,0,0,0,0,0,-70,-67,0,0,0,0,0,0,-58,-55,0,0,-72,-72,0,0,-70,-76,0,0,-57,-59,0,0,0,0,0,0,0,0,0,0,0,0,-78,0,0,-60,-50
-68,-66,0,0,0,0,0,0,0,0,0,0,0,0,-70,-67,0,0,0,0,0,0,-58,-55,0,0,-72,-72,0,0,-70,-76,0,0,-57,-59,0,0,0,0,0,0,0,0,0,0,0,0,-78,0,0,-60,-50
-68,-66,0,0,0,0,0,0,0,0,0,0,0,0,-70,-67,0,0,0,0,0,0,-58,-58,0,0,-72,-72,0,0,-70,-76,0,0,-57,-59,0,0,0,0,0,0,0,0,0,0,0,0,0,0,0,-60,-50
-68,-66,0,0,0,0,0,0,0,0,0,0,0,0,-70,-67,0,0,0,0,0,0,-58,-58,0,0,-72,-72,0,0,-70,-76,0,0,-57,-59,0,0,0,0,0,0,0,0,0,0,0,0,0,0,0,-60,-50
-70,-69,0,0,0,0,0,-73,0,0,0,0,0,0,-70,-67,0,0,-71,-70,0,0,-58,-58,0,0,-72,-72,0,0,-70,-76,0,0,-59,-59,0,0,0,0,0,0,0,0,0,0,0,0,0,0,0,-56,-46
-70,-69,0,0,0,0,0,-73,0,0,0,0,0,0,-70,-67,0,0,-71,-70,0,0,-58,-57,0,0,-72,-72,0,0,-70,-76,0,0,-59,-59,0,0,0,0,0,0,0,0,0,0,0,0,0,0,0,-56,-46
-70,-69,0,0,0,0,0,-73,0,0,0,0,0,0,-70,-67,0,0,-71,-70,0,0,-57,-55,0,0,-72,-72,0,0,-70,-76,0,0,-58,-59,0,0,0,0,0,0,0,0,0,0,0,0,0,0,0,-61,-46
-70,-69,0,0,0,0,0,-73,0,0,0,0,0,0,-70,-67,0,0,-71,-70,0,0,-57,-55,0,0,-72,-72,0,0,-70,-76,0,0,-58,-59,0,0,0,0,0,0,0,0,0,0,0,0,0,0,0,-61,-46
-70,-69,0,0,0,0,0,-73,0,0,0,0,0,0,-70,-67,0,0,-71,-70,0,0,-57,-56,0,0,-72,-72,0,0,-70,-76,0,0,-58,-59,0,0,0,0,0,0,0,0,0,0,0,0,0,0,0,-61,-46
-70,-69,0,0,0,0,0,-73,0,0,0,0,0,0,-70,-67,0,0,-71,-70,0,0,-60,-55,0,0,-72,-72,0,0,-70,-68,0,0,-58,-55,0,0,0,0,0,0,0,0,0,0,0,0,0,0,0,-57,-42
-70,-69,0,0,0,0,0,-73,0,0,0,0,0,0,-70,-67,0,0,-71,-70,0,0,-60,-56,0,0,-72,-72,0,0,-70,-68,0,0,-58,-55,0,0,0,0,0,0,0,0,0,0,0,0,0,0,0,-57,-42
-70,-69,0,0,0,0,0,-73,0,0,0,0,0,0,-70,-67,0,0,-71,-70,0,0,-60,-56,0,0,-72,-72,0,0,-70,-68,0,0,-58,-55,0,0,0,0,0,0,0,0,0,0,0,0,0,0,0,-57,-42
-70,-69,0,0,0,0,0,-73,0,0,0,0,0,0,-68,-65,0,0,-71,-70,0,0,-56,-56,0,0,-72,-72,0,0,-70,-68,0,0,-59,-58,0,0,0,0,0,0,0,0,0,0,0,0,0,0,0,-53,-48
-70,-69,0,0,0,0,0,-73,0,0,0,0,0,0,-68,-65,0,0,-71,-70,0,0,-56,-55,0,0,-72,-72,0,0,-70,-68,0,0,-59,-58,0,0,0,0,0,0,0,0,0,0,0,0,0,0,0,-53,-48
-70,-69,0,0,0,0,0,-73,0,0,0,0,0,0,-68,-65,0,0,-71,-70,0,0,-56,-53,0,0,0,0,0,0,-70,-68,0,0,-59,-58,0,0,0,0,0,0,0,0,0,0,0,0,0,0,0,-53,-48
-68,-67,0,0,0,0,0,-75,0,0,0,0,0,0,-68,-65,0,0,-71,-70,0,0,-56,-53,0,0,0,0,0,0,-70,-68,0,0,-59,-55,0,0,0,0,0,0,0,0,0,0,0,0,0,0,0,-58,-48
-68,-67,0,0,0,0,0,-75,0,0,0,0,0,0,-68,-65,0,0,-71,-70,0,0,-56,-53,0,0,0,0,0,0,0,-68,0,0,-59,-55,0,0,0,0,0,0,0,0,0,0,0,0,0,0,0,-58,-48
-68,-67,0,0,0,0,0,-75,0,0,0,0,0,0,-68,-65,0,0,-71,-70,0,0,-56,-53,0,0,0,0,0,0,0,-68,0,0,-59,-55,0,0,0,0,0,0,0,0,0,0,0,0,0,0,0,-58,-48
-68,-66,0,0,0,0,0,-75,0,0,0,0,0,0,-68,-65,0,0,-71,-70,0,0,-53,-53,0,0,0,0,0,0,0,-68,0,0,-59,-55,0,0,0,0,0,0,0,0,0,0,0,0,0,0,0,-58,-48
-68,-66,0,0,0,0,0,-75,0,0,0,0,0,0,-68,-65,0,0,0,0,0,0,-53,-53,0,0,0,0,0,0,0,-68,0,0,-59,-55,0,0,0,0,0,0,0,0,0,0,0,0,0,0,0,-58,-48
-68,-66,0,0,0,0,0,-75,0,0,0,0,0,0,-68,-65,0,0,0,0,0,0,-53,-54,0,0,0,0,0,0,0,-68,0,0,-59,-55,0,0,0,0,0,0,0,0,0,0,0,0,0,0,0,-58,-48
-68,-66,0,0,0,0,0,-75,0,0,0,0,0,0,-68,-65,0,0,0,0,0,0,-55,-54,0,0,0,0,0,0,0,-68,0,0,-59,-58,0,0,0,0,0,0,0,0,0,0,0,0,0,0,0,-60,-47
-68,-66,0,0,0,0,0,-75,0,0,0,0,0,0,-68,-65,0,0,0,0,0,0,-55,-53,0,0,0,0,0,0,0,-68,0,0,-59,-58,0,0,0,0,0,0,0,0,0,0,0,0,0,0,0,-60,-47
-68,-66,0,0,0,0,0,-75,0,0,0,0,0,0,-68,-65,0,0,0,0,0,0,-55,-53,0,0,0,0,0,0,0,-68,0,0,-59,-58,0,0,0,0,0,0,0,0,0,0,0,0,0,0,0,-60,-47
-68,-64,0,0,0,0,0,-75,0,0,0,0,0,0,-68,-65,0,0,0,0,0,0,-54,-53,0,0,0,0,0,0,0,-74,0,0,-59,-57,0,0,0,0,0,0,0,0,0,0,0,0,0,0,0,-61,-47
-68,-64,0,0,0,0,0,-75,0,0,0,0,0,0,-68,-65,0,0,0,0,0,0,-54,-53,0,0,0,0,0,0,0,-74,0,0,-59,-57,0,0,0,0,0,0,0,0,0,0,0,0,0,0,0,-61,-47
-68,-64,0,0,0,0,0,-75,0,0,0,0,0,0,-68,-65,0,0,0,0,0,0,-54,-53,0,0,0,0,0,0,0,-74,0,0,-59,-57,0,0,0,0,0,0,0,0,0,0,0,0,0,0,0,-61,-47
-68,-64,0,0,0,0,0,-75,0,0,0,0,0,0,-68,-65,0,0,0,0,0,0,-54,-53,0,0,0,0,0,0,-77,-75,0,0,-57,-56,0,0,0,0,0,0,0,0,0,0,0,0,0,0,0,-57,-44
-68,-64,0,0,0,0,0,-75,0,0,0,0,0,0,-68,-65,0,0,0,0,0,0,-54,-53,0,0,0,0,0,0,-77,-75,0,0,-57,-56,0,0,0,0,0,0,0,0,0,0,0,0,0,0,0,-57,-44
