0,-69,0,0,-66,0,0,-70,0,0,0,0,0,0,-69,-67,0,0,0,0,0,0,-63,-64,0,0,-65,-64,0,0,0,0,0,0,-59,-58,0,0,0,0,0,0,0,0,0,0,0,0,0,0,0,-54,-49
0,-69,0,0,-66,0,0,-68,0,0,-77,-76,0,0,-66,-64,0,0,0,-64,0,0,-63,-63,0,0,-65,-66,0,0,0,0,0,0,-59,-66,0,0,0,0,0,0,0,0,0,0,0,0,0,0,0,-53,-46
0,-69,0,0,-66,0,0,-68,0,0,-77,-76,0,0,-66,-64,0,0,0,-64,0,0,0,-63,0,0,0,-66,0,0,0,0,0,0,-59,-66,0,0,0,0,0,0,0,0,0,0,0,0,0,0,0,-53,-46
0,-69,0,0,-66,0,0,-68,0,0,-77,-76,0,0,-66,-64,0,0,0,-64,0,0,0,-65,0,0,0,-66,0,0,0,0,0,0,-59,-66,0,0,0,0,0,0,0,0,0,0,0,0,0,0,0,-53,-46
-74,-70,0,0,-66,0,0,-68,0,0,-77,-76,0,0,-66,-64,0,0,0,-64,0,0,0,-64,0,0,0,-66,0,0,0,0,0,0,-63,-60,0,0,0,0,0,0,0,0,0,0,0,0,-79,0,0,-53,-53
-74,-70,0,0,-66,0,0,-68,0,0,-77,-76,0,0,-66,-64,0,0,0,-64,0,0,0,-63,0,0,0,-66,0,0,0,0,0,0,-63,-60,0,0,0,0,0,0,0,0,0,0,0,0,-79,0,0,-53,-53
-74,-70,0,0,-66,0,0,-68,0,0,-77,-76,0,0,-66,-64,0,0,0,-64,0,0,0,-62,0,0,0,-66,0,0,0,0,0,0,-63,-60,0,0,0,0,0,0,0,0,0,0,0,0,-79,0,0,-53,-53
-71,-69,0,0,-66,0,0,-68,0,0,-77,-76,0,0,-66,-64,0,0,0,-64,0,0,0,-61,0,0,0,-66,0,0,0,0,0,0,-63,-63,0,0,0,0,0,0,0,0,0,0,0,0,-79,0,0,-54,-53
-71,-69,0,0,-66,0,0,-68,0,0,-77,-76,0,0,-66,-64,0,0,0,-64,0,0,0,-62,0,0,0,-66,0,0,0,0,0,0,-63,-63,0,0,0,0,0,0,0,0,0,0,0,0,-79,0,0,-54,-53
-71,-69,0,0,-66,0,0,-68,0,0,-77,-76,0,0,-66,-64,0,0,0,-64,0,0,0,-65,0,0,0,-66,0,0,0,0,0,0,-63,-63,0,0,0,0,0,0,0,0,0,0,0,0,-79,0,0,-54,-53
-71,-69,0,0,-66,0,0,-68,0,0,-77,-76,0,0,-66,-64,0,0,0,-64,0,0,0,-67,0,0,0,-66,0,0,0,0,0,0,-63,-63,0,0,0,0,0,0,0,0,0,0,0,0,-79,0,0,-59,-53
-71,-69,0,0,-66,0,0,-68,0,0,-77,-76,0,0,-66,-64,0,0,0,-64,0,0,0,-68,0,0,0,-66,0,0,0,0,0,0,-63,-63,0,0,0,0,0,0,0,0,0,0,0,0,-79,0,0,-59,-53
-71,-69,0,0,0,0,0,-68,0,0,-77,-76,0,0,-66,-64,0,0,0,-64,0,0,0,-65,0,0,0,-66,0,0,0,0,0,0,-63,-63,0,0,0,0,0,0,0,0,0,0,0,0,-79,0,0,-59,-53
-71,-69,0,0,0,0,0,-68,0,0,-77,-76,0,0,-66,-64,0,0,0,-69,0,0,0,-64,0,0,0,-66,0,0,0,0,0,0,-63,-61,0,0,0,-74,-72,0,0,0,0,0,0,0,-79,0,0,-55,-57
-71,-69,0,0,0,0,0,-68,0,0,-77,-76,0,0,-66,-64,0,0,0,-69,0,0,0,-63,0,0,0,-66,0,0,0,0,0,0,-63,-61,0,0,0,-74,-72,0,0,0,0,0,0,0,-79,0,0,-55,-57
-71,-69,0,0,0,0,0,-68,0,0,-77,-76,0,0,-66,-64,0,0,0,-69,0,0,0,-65,0,0,0,-66,0,0,0,0,0,0,-63,-61,0,0,0,-74,-72,0,0,0,0,0,0,0,-79,0,0,-55,-57
-71,-68,0,0,0,0,0,-68,0,0,-78,-77,0,0,-70,-68,0,0,0,-69,0,0,0,-68,0,0,-67,-68,0,0,0,0,0,0,-63,-59,0,0,0,-74,-75,0,0,0,0,0,0,0,-79,0,0,-63,-59
-71,-68,0,0,0,0,0,-68,0,0,-78,-77,0,0,-70,-68,0,0,0,-69,0,0,0,-69,0,0,-67,-68,0,0,0,0,0,0,-63,-59,0,0,0,-74,-75,0,0,0,0,0,0,0,-79,0,0,-63,-59
-71,-68,0,0,0,0,0,0,0,0,-78,-77,0,0,-70,-68,0,0,0,-69,0,0,0,-69,0,0,-67,-68,0,0,0,0,0,0,-63,-59,0,0,0,-74,-75,0,0,0,0,0,0,0,-79,0,0,-63,-59
-71,-70,0,0,0,0,0,0,0,0,-78,-77,0,0,-70,-68,0,0,0,-69,0,0,0,-69,0,0,-67,-66,0,0,-66,-65,0,0,-66,-59,0,0,0,-74,-75,0,0,0,0,0,0,0,-79,0,0,-58,-58
-71,-70,0,0,0,0,0,0,0,0,-78,-77,0,0,-70,-68,0,0,0,-69,0,0,0,-67,0,0,-67,-66,0,0,-66,-65,0,0,-66,-59,0,0,0,-74,-75,0,0,0,0,0,0,0,-79,0,0,-58,-58
-71,-70,0,0,0,0,0,0,0,0,-78,-77,0,0,-70,-68,0,0,0,-69,0,0,0,-67,0,0,-67,-66,0,0,-66,-65,0,0,-66,-59,0,0,0,-74,-75,0,0,0,0,0,0,0,0,0,0,-58,-58
-71,-70,0,0,0,0,0,0,0,0,-78,-77,0,0,-70,-68,0,0,0,-69,0,0,0,-67,0,0,-67,-66,0,0,-66,-65,0,0,-66,-57,0,0,0,-74,-75,0,0,0,0,0,0,0,0,0,0,-58,-58
-71,-70,0,0,0,0,0,0,0,0,-78,-77,0,0,-70,-68,0,0,0,-69,0,0,0,-66,0,0,-67,-66,0,0,-66,-65,0,0,-66,-57,0,0,0,-74,-75,0,0,0,0,0,0,0,0,0,0,-58,-58
-71,-70,0,0,0,0,0,0,0,0,-78,-77,0,0,-70,-68,0,0,0,-69,0,0,0,-66,0,0,-67,-66,0,0,-66,-65,0,0,-66,-57,0,0,0,-74,-75,0,0,0,0,0,0,0,0,0,0,-58,-58
-71,-70,0,0,0,0,0,-73,0,0,-78,-77,0,0,-70,-68,0,0,0,-69,0,0,-68,-65,0,0,-67,-66,0,0,-66,-65,0,0,-66,-57,0,0,0,-74,-75,0,0,0,0,0,0,0,0,0,0,-61,-54
-71,-70,0,0,0,0,0,-73,0,0,-78,-77,0,0,-70,-68,0,0,0,-69,0,0,-68,-65,0,0,-67,-66,0,0,-66,-65,0,0,-66,-57,0,0,0,-74,-75,0,0,0,0,0,0,0,0,0,0,-61,-54
-71,-70,0,0,0,0,0,-73,0,0,-78,-77,0,0,-70,-68,0,0,0,-69,0,0,-68,-62,0,0,-67,-66,0,0,-66,-65,0,0,-66,-57,0,0,0,-74,-75,0,0,0,0,0,0,0,0,0,0,-61,-54
-71,-70,0,0,0,0,0,-69,0,0,-78,-77,0,0,-70,-68,0,0,-70,-69,0,0,-68,-61,0,0,-70,-66,0,0,-66,-66,0,0,-66,-57,0,0,0,-74,-75,0,0,0,0,0,0,0,0,0,0,-54,-51
-71,-70,0,0,0,0,0,-69,0,0,-78,-77,0,0,-70,-68,0,0,-70,-69,0,0,-68,-62,0,0,-70,-66,0,0,-66,-66,0,0,-66,-57,0,0,0,-74,-75,0,0,0,0,0,0,0,0,0,0,-54,-51
-71,-70,0,0,0,0,0,-69,0,0,-78,-77,0,0,-70,-68,0,0,-70,-69,0,0,-68,-64,0,0,-70,-66,0,0,-66,-66,0,0,-66,-57,0,0,0,-74,-75,0,0,0,0,0,0,0,0,0,0,-54,-51
-71,-70,0,0,0,0,0,-69,0,0,-78,-77,0,0,-70,-65,0,0,-70,-69,0,0,-68,-66,0,0,-69,-66,0,0,-66,-66,0,0,-66,-63,0,0,0,-74,-75,0,0,0,0,0,0,0,0,0,0,-54,-50
-71,-70,0,0,0,0,0,-69,0,0,-78,-77,0,0,-70,-65,0,0,-70,-69,0,0,-68,-66,0,0,-69,-66,0,0,-66,-66,0,0,-66,-63,0,0,0,-74,-75,0,0,0,0,0,0,0,0,0,0,-54,-50
-71,-70,0,0,0,0,0,-69,0,0,0,0,0,0,0,-65,0,0,-70,-69,0,0,-68,-66,0,0,-69,-66,0,0,-66,-66,0,0,-66,-63,0,0,0,-74,0,0,0,0,0,0,0,0,0,0,0,-54,-50
-71,-70,0,0,0,0,0,-69,0,0,0,0,0,0,0,-65,0,0,-70,-69,0,0,-68,-66,0,0,-69,-66,0,0,-66,-66,0,0,-66,-63,0,0,0,-74,0,0,0,0,0,0,0,0,0,0,0,-54,-50
-71,-69,0,0,0,0,0,-69,0,0,0,0,0,0,0,-65,0,0,-70,-68,0,0,-68,-66,0,0,-69,-66,0,0,-69,-66,0,0,-66,-61,0,0,0,-74,0,0,0,0,0,0,0,0,0,0,0,-58,-55
-71,-69,0,0,0,0,0,-69,0,0,0,0,0,0,0,-65,0,0,-70,-68,0,0,-68,-65,0,0,-69,-66,0,0,-69,-66,0,0,0,-61,0,0,0,-74,0,0,0,0,0,0,0,0,0,0,0,-58,-55
-71,-69,0,0,0,0,0,-69,0,0,0,0,0,0,0,-65,0,0,-70,-68,0,0,-68,-66,0,0,-69,-66,0,0,-69,-66,0,0,0,-61,0,0,0,-74,0,0,0,0,0,0,0,0,0,0,0,-58,-55
-71,-69,0,0,0,0,0,-69,0,0,0,0,0,0,-68,-65,0,0,-70,-68,0,0,-68,-66,0,0,-69,-66,0,0,-69,-66,0,0,0,-61,0,0,0,-74,0,0,0,0,0,0,0,0,0,0,0,-57,-54
-71,-69,0,0,0,0,0,-69,0,0,0,0,0,0,-68,-65,0,0,-70,-68,0,0,-68,-65,0,0,-69,-66,0,0,-69,-66,0,0,0,-61,0,0,0,-74,0,0,0,0,0,0,0,0,0,0,0,-57,-54
-71,-69,0,0,0,0,0,-69,0,0,0,0,0,0,-68,-65,0,0,-70,-68,0,0,-68,-65,0,0,-69,-66,0,0,-69,-66,0,0,0,-61,0,0,0,-74,0,0,0,0,0,0,0,0,0,0,0,-57,-54
-71,-69,0,0,0,0,0,-70,0,0,0,0,0,0,-68,-65,0,0,-70,-68,0,0,-66,-64,0,0,-68,-66,0,0,-69,-66,0,0,0,-61,0,0,0,-74,0,0,0,0,0,0,0,0,0,0,0,-55,-52
-71,-69,0,0,0,0,0,-70,0,0,0,0,0,0,-68,-65,0,0,-70,-68,0,0,-66,-64,0,0,-68,-66,0,0,-69,-66,0,0,0,-61,0,0,0,-74,0,0,0,0,0,0,0,0,0,0,0,-55,-52
-71,-69,0,0,0,0,0,-70,0,0,0,0,0,0,-68,-65,0,0,-70,-68,0,0,-66,-65,0,0,-68,-66,0,0,-69,-66,0,0,0,-61,0,0,0,-74,0,0,0,0,0,0,0,0,0,0,0,-55,-52
-72,-70,0,0,0,0,0,-70,0,0,0,0,0,0,-68,-65,0,0,-70,-68,0,0,-66,-65,0,0,-68,-71,0,0,-68,-63,0,0,0,-64,0,0,0,-74,0,0,0,0,0,0,0,0,0,0,0,-55,-49
-72,-70,0,0,0,0,0,-70,0,0,0,0,0,0,-68,-65,0,0,-70,-68,0,0,-66,-65,0,0,-68,-71,0,0,-68,-63,0,0,0,-64,0,0,0,-74,0,0,0,0,0,0,0,0,0,0,0,-55,-49
-72,-70,0,0,0,0,0,-70,0,0,0,0,0,0,-68,-65,0,0,0,-68,0,0,-66,-65,0,0,-68,-71,0,0,-68,-63,0,0,0,-64,0,0,0,0,0,0,0,0,0,0,0,0,0,0,0,-55,-49
-72,-70,0,0,0,0,0,-71,0,0,-79,-79,0,0,-68,-65,0,0,0,-68,0,0,-66,-65,0,0,-68,-71,0,0,-68,-63,0,0,0,-60,0,0,0,0,0,0,0,0,0,0,0,0,0,0,0,-57,-49
-72,-70,0,0,0,0,0,-71,0,0,-79,-79,0,0,-68,-65,0,0,0,-68,0,0,-66,-65,0,0,-68,-71,0,0,-68,-63,0,0,0,-60,0,0,0,0,0,0,0,0,0,0,0,0,0,0,0,-57,-49
-72,-70,0,0,0,0,0,-71,0,0,-79,-79,0,0,-68,0,0,0,0,-68,0,0,-66,-67,0,0,-68,-71,0,0,-68,-63,0,0,0,-60,0,0,0,0,0,0,0,0,0,0,0,0,0,0,0,-57,-49
-72,-69,0,0,0,0,0,-71,0,0,-79,-79,0,0,-68,-63,0,0,0,-68,0,0,-66,-67,0,0,-67,-66,0,0,-68,-63,0,0,0,-60,0,0,0,0,0,0,0,0,0,0,0,0,0,0,0,-50,-51
-72,-69,0,0,0,0,0,-71,0,0,-79,-79,0,0,-68,-63,0,0,0,-68,0,0,-66,-66,0,0,-67,-66,0,0,-68,-63,0,0,0,-60,0,0,0,0,0,0,0,0,0,0,0,0,0,0,0,-50,-51
-72,-69,0,0,0,0,0,-71,0,0,-79,-79,0,0,-68,-63,0,0,0,0,0,0,-66,-65,0,0,-67,-66,0,0,-68,-63,0,0,0,-60,0,0,0,0,0,0,0,0,0,0,0,0,0,0,0,-50,-51
-70,-70,0,0,0,0,0,-72,0,0,-79,-79,0,0,-68,-65,0,0,0,0,0,0,-66,-65,0,0,-67,-66,0,0,-71,-72,0,0,0,-60,0,0,0,0,0,0,0,0,0,0,0,0,0,0,0,-49,-50
-70,-70,0,0,0,0,0,-72,0,0,-79,-79,0,0,-68,-65,0,0,0,0,0,0,-66,-65,0,0,-67,-66,0,0,-71,-72,0,0,0,-60,0,0,0,0,0,0,0,0,0,0,0,0,0,0,0,-49,-50
-70,-70,0,0,0,0,0,-72,0,0,-79,-79,0,0,0,-65,0,0,0,0,0,0,-66,-65,0,0,-67,-66,0,0,-71,-72,0,0,0,-60,0,0,0,0,0,0,0,0,0,0,0,0,0,0,0,-49,-50
-70,-70,0,0,0,0,0,-72,0,0,-79,-79,0,0,0,-65,0,0,0,-69,0,0,-66,-65,0,0,-67,-67,0,0,-71,-65,0,0,0,-64,0,0,0,0,0,0,0,0,0,0,0,0,0,0,0,-53,-47
-70,-70,0,0,0,0,0,-72,0,0,-79,-79,0,0,0,-65,0,0,0,-69,0,0,-66,-64,0,0,-67,-67,0,0,-71,-65,0,0,0,-64,0,0,0,0,0,0,0,0,0,0,0,0,0,0,0,-53,-47
-70,-70,0,0,0,0,0,-72,0,0,-79,-79,0,0,0,-65,0,0,0,-69,0,0,0,-65,0,0,-67,-67,0,0,-71,-65,0,0,0,-64,0,0,0,0,0,0,0,0,0,0,0,0,0,0,0,-53,-47
-71,-69,0,0,0,0,0,-72,0,0,-79,-79,0,0,-69,-65,0,0,0,-69,0,0,0,-66,0,0,-67,-67,0,0,-71,-65,0,0,0,-64,0,0,0,0,0,0,0,0,0,0,0,0,0,0,0,-52,-47
-71,-69,0,0,0,0,0,-72,0,0,-79,-79,0,0,-69,-65,0,0,0,-69,0,0,0,-66,0,0,-67,-67,0,0,-71,-65,0,0,0,-64,0,0,0,0,0,0,0,0,0,0,0,0,0,0,0,-52,-47
-71,-69,0,0,0,0,0,-72,0,0,-79,-79,0,0,-69,-65,0,0,0,-69,0,0,0,-66,0,0,-67,-67,0,0,-71,-65,0,0,0,-64,0,0,0,0,0,0,0,0,0,0,0,0,0,0,0,-52,-47
-71,-69,0,0,0,0,0,-72,0,0,-79,-79,0,0,-66,-65,0,0,0,-69,0,0,0,-65,0,0,-67,-67,0,0,-71,-65,0,0,0,-64,0,0,0,0,0,0,0,0,0,0,0,0,0,0,0,-53,-51
-71,-69,0,0,0,0,0,-72,0,0,-79,-79,0,0,-66,-65,0,0,0,-69,0,0,0,-65,0,0,-67,-67,0,0,-71,-65,0,0,0,-64,0,0,0,0,0,0,0,0,0,0,0,0,0,0,0,-53,-51
-71,-69,0,0,0,0,0,-72,0,0,0,0,0,0,-66,-65,0,0,0,-69,0,0,0,-65,0,0,-67,-67,0,0,-71,-65,0,0,0,-64,0,0,0,0,0,0,0,0,0,0,0,0,0,0,0,-53,-51
-69,-67,0,0,0,0,0,-72,0,0,0,0,0,0,-66,-65,0,0,0,-69,0,0,0,-65,0,0,-67,-74,0,0,-73,-71,0,0,0,-64,0,0,0,0,0,0,0,0,0,0,0,0,0,0,0,-51,-55
-69,-67,0,0,0,0,0,-72,0,0,0,0,0,0,-66,-65,0,0,0,-69,0,0,0,-65,0,0,-67,-74,0,0,-73,-71,0,0,0,-64,0,0,0,0,0,0,0,0,0,0,0,0,0,0,0,-51,-55
-69,-67,0,0,0,0,0,-72,0,0,0,0,0,0,-66,-65,0,0,0,-69,0,0,0,-66,0,0,0,-74,0,0,-73,-71,0,0,0,-64,0,0,0,0,0,0,0,0,0,0,0,0,0,0,0,-51,-55
-69,-67,0,0,0,0,0,-72,0,0,0,0,0,0,-66,-65,0,0,0,-73,0,0,0,-65,0,0,-65,-68,0,0,-73,-71,0,0,0,-64,0,0,0,0,0,0,0,0,0,0,0,0,0,0,0,-55,-51
-69,-67,0,0,0,0,0,-72,0,0,0,0,0,0,-66,-65,0,0,0,-73,0,0,0,-65,0,0,-65,-68,0,0,-73,-71,0,0,0,-64,0,0,0,0,0,0,0,0,0,0,0,0,0,0,0,-55,-51
-69,-67,0,0,0,0,0,0,0,0,0,0,0,0,-66,-65,0,0,0,-73,0,0,0,-67,0,0,-65,-68,0,0,-73,-71,0,0,0,-64,0,0,0,0,0,0,0,0,0,0,0,0,0,0,0,-55,-51
-69,-67,0,0,0,0,0,0,0,0,0,-73,0,0,-66,-65,0,0,0,-73,0,0,0,-68,0,0,-65,-68,0,0,-73,-71,0,0,-67,-64,0,0,0,0,0,0,0,0,0,0,0,0,0,0,0,-55,-51
-69,-67,0,0,0,0,0,0,0,0,0,-73,0,0,-66,-65,0,0,0,-73,0,0,0,-67,0,0,-65,-68,0,0,-73,-71,0,0,-67,-64,0,0,0,0,0,0,0,0,0,0,0,0,0,0,0,-55,-51
-69,-67,0,0,0,0,0,0,0,0,0,-73,0,0,-66,-65,0,0,0,-73,0,0,0,-67,0,0,-65,-68,0,0,-73,-71,0,0,-67,0,0,0,0,0,0,0,0,0,0,0,0,0,0,0,0,-55,-51
-69,-67,0,0,0,0,0,0,0,0,0,-73,0,0,-69,-67,0,0,0,-73,0,0,0,-67,0,0,-68,-68,0,0,-73,-71,0,0,-67,-63,0,0,0,0,0,0,0,0,0,0,0,0,0,0,0,-56,-50
-69,-67,0,0,0,0,0,0,0,0,0,-73,0,0,-69,-67,0,0,0,-73,0,0,0,-66,0,0,-68,-68,0,0,-73,-71,0,0,-67,-63,0,0,0,0,0,0,0,0,0,0,0,0,0,0,0,-56,-50
-69,-67,0,0,0,0,0,0,0,0,0,-73,0,0,-69,-67,0,0,0,-73,0,0,0,-65,0,0,-68,-68,0,0,-73,-71,0,0,-67,-63,0,0,0,0,0,0,0,0,0,0,0,0,0,0,0,-56,-50
-69,-67,0,0,0,0,0,0,0,0,0,-73,0,0,-69,-70,0,0,0,-73,0,0,0,-65,0,0,-68,-68,0,0,-73,-71,0,0,-67,-63,0,0,0,0,0,0,0,0,0,0,0,0,0,0,0,-55,-50
-69,-67,0,0,0,0,0,0,0,0,0,-73,0,0,-69,-70,0,0,0,-73,0,0,0,-65,0,0,-68,-68,0,0,-73,-71,0,0,-67,-63,0,0,0,0,0,0,0,0,0,0,0,0,0,0,0,-55,-50
-69,-67,0,0,0,0,0,0,0,0,0,-73,0,0,-69,-70,0,0,0,-73,0,0,0,-65,0,0,-68,-68,0,0,-73,-71,0,0,-67,-63,0,0,0,0,0,0,0,0,0,0,0,0,0,0,0,-55,-50
-69,-68,0,0,0,0,0,0,0,0,0,-73,0,0,-69,-67,0,0,0,-73,0,0,0,-67,0,0,-68,-68,0,0,-73,-71,0,0,-67,-63,0,0,0,0,0,0,0,0,0,0,0,0,0,0,0,-55,-50
-69,-68,0,0,0,0,0,0,0,0,0,-73,0,0,-69,-67,0,0,0,-73,0,0,0,-67,0,0,-68,-68,0,0,-73,-71,0,0,-67,-63,0,0,0,0,0,0,0,0,0,0,0,0,0,0,0,-55,-50
0,-68,0,0,0,0,0,0,0,0,0,-73,0,0,-69,-67,0,0,0,-73,0,0,0,-67,0,0,-68,-68,0,0,0,0,0,0,-67,-63,0,0,0,0,0,0,0,0,0,0,0,0,0,0,0,-55,-50
0,-68,0,0,0,0,0,0,0,0,0,-73,0,0,-69,-67,0,0,0,-73,0,0,-65,-66,0,0,-68,-66,0,0,0,0,0,0,-67,-66,0,0,0,0,0,0,0,0,0,0,0,0,0,0,0,-58,-51
0,-68,0,0,0,0,0,0,0,0,0,-73,0,0,-69,-67,0,0,0,-73,0,0,-65,-66,0,0,-68,-66,0,0,0,0,0,0,-67,-66,0,0,0,0,0,0,0,0,0,0,0,0,0,0,0,-58,-51
0,-68,0,0,0,0,0,0,0,0,0,-73,0,0,-69,-67,0,0,0,0,0,0,-65,-65,0,0,-68,-66,0,0,0,0,0,0,-67,-66,0,0,0,0,0,0,0,0,0,0,0,0,0,0,0,-58,-51
0,-68,0,0,0,0,0,0,0,0,0,-73,0,0,-69,-67,0,0,0,0,0,0,-65,-65,0,0,-68,-66,0,0,0,-67,0,0,-67,-66,0,0,0,0,0,0,0,0,0,0,0,0,0,0,0,-59,-53
0,-68,0,0,0,0,0,0,0,0,0,-73,0,0,-69,-67,0,0,0,0,0,0,-65,-65,0,0,-68,-66,0,0,0,-67,0,0,-67,-66,0,0,0,0,0,0,0,0,0,0,0,0,0,0,0,-59,-53
0,-68,0,0,0,0,0,0,0,0,0,0,0,0,-69,-67,0,0,0,0,0,0,-65,-66,0,0,-68,-66,0,0,0,-67,0,0,-67,-66,0,0,0,0,0,0,0,0,0,0,0,0,0,0,0,-59,-53
0,-68,0,0,0,0,0,0,0,0,-76,-78,0,0,-69,-67,0,0,0,0,0,0,-65,-67,0,0,-68,-66,0,0,-70,-67,0,0,-67,-64,0,0,0,0,-67,0,0,0,0,0,0,0,0,0,0,-57,-52
0,-68,0,0,0,0,0,0,0,0,-76,-78,0,0,-69,-67,0,0,0,0,0,0,-65,-65,0,0,-68,-66,0,0,-70,-67,0,0,-67,-64,0,0,0,0,-67,0,0,0,0,0,0,0,0,0,0,-57,-52
0,-68,0,0,0,0,0,0,0,0,-76,-78,0,0,0,-67,0,0,0,0,0,0,-65,-65,0,0,0,-66,0,0,-70,-67,0,0,-67,-64,0,0,0,0,-67,0,0,0,0,0,0,0,0,0,0,-57,-52
0,-68,0,0,0,0,0,-75,0,0,-76,-78,0,0,0,-66,0,0,-72,-71,0,0,-65,-65,0,0,0,-66,0,0,-70,-65,0,0,-67,-64,0,0,0,0,-67,0,0,0,0,0,0,0,0,0,0,-56,-52
0,-68,0,0,0,0,0,-75,0,0,-76,-78,0,0,0,-66,0,0,-72,-71,0,0,-65,-64,0,0,0,-66,0,0,-70,-65,0,0,-67,-64,0,0,0,0,-67,0,0,0,0,0,0,0,0,0,0,-56,-52
0,-68,0,0,0,0,0,-75,0,0,-76,-78,0,0,0,-66,0,0,-72,-71,0,0,-65,-64,0,0,0,-66,0,0,-70,-65,0,0,-67,-64,0,0,0,0,-67,0,0,0,0,0,0,0,0,0,0,-56,-52
-75,-73,0,0,0,0,0,-75,0,0,-76,-78,0,0,0,-64,0,0,-72,-71,0,0,-65,-65,0,0,0,-66,0,0,-70,-65,0,0,-67,-64,0,0,0,0,-67,0,0,0,0,0,0,0,0,0,0,-59,-56
-75,-73,0,0,0,0,0,-75,0,0,-76,-78,0,0,0,-64,0,0,-72,-71,0,0,-65,-65,0,0,0,-66,0,0,-70,-65,0,0,-67,-64,0,0,0,0,-67,0,0,0,0,0,0,0,0,0,0,-59,-56
-75,-73,0,0,0,0,0,-75,0,0,-76,-78,0,0,0,-64,0,0,-72,-71,0,0,-65,-65,0,0,0,-66,0,0,-70,-65,0,0,0,-64,0,0,0,0,-67,0,0,0,0,0,0,0,0,0,0,-59,-56
-75,-67,0,0,0,0,0,-75,0,0,-76,-78,0,0,0,-64,0,0,-72,-71,0,0,-65,-65,0,0,0,-66,0,0,-72,-69,0,0,0,-64,0,0,0,0,-67,0,0,0,0,0,0,0,0,0,0,-55,-54
-75,-67,0,0,0,0,0,-75,0,0,-76,-78,0,0,0,-64,0,0,-72,-71,0,0,-65,-65,0,0,0,-66,0,0,-72,-69,0,0,0,-64,0,0,0,0,-67,0,0,0,0,0,0,0,0,0,0,-55,-54
-75,-67,0,0,0,0,0,-75,0,0,-76,-78,0,0,0,-64,0,0,-72,-71,0,0,0,-64,0,0,0,0,0,0,-72,-69,0,0,0,-64,0,0,0,0,-67,0,0,0,0,0,0,0,0,0,0,-55,-54
-75,-69,0,0,0,0,0,-75,0,0,-76,-78,0,0,0,-64,0,0,-72,-71,0,0,0,-64,0,0,0,0,0,0,-72,-69,0,0,0,-63,0,0,0,0,-67,0,0,0,0,0,0,0,0,0,0,-52,-55
-75,-69,0,0,0,0,0,-75,0,0,-76,-78,0,0,0,-64,0,0,-72,-71,0,0,0,-66,0,0,0,0,0,0,-72,-69,0,0,0,-63,0,0,0,0,-67,0,0,0,0,0,0,0,0,0,0,-52,-55
-75,-69,0,0,0,0,0,-75,0,0,-76,-78,0,0,0,-64,0,0,-72,-71,0,0,0,-68,0,0,0,0,0,0,-72,-69,0,0,0,-63,0,0,0,0,-67,0,0,0,0,0,0,0,0,0,0,-52,-55
-75,-69,0,0,0,0,0,-75,0,0,-76,-78,0,0,0,-64,0,0,-72,-71,0,0,-63,-66,0,0,0,0,0,0,-72,-69,0,0,-67,-63,0,0,0,0,-67,0,0,0,0,0,0,0,0,0,0,-57,-57
-75,-69,0,0,0,0,0,-75,0,0,-76,-78,0,0,0,-64,0,0,-72,-71,0,0,-63,-65,0,0,0,0,0,0,-72,-69,0,0,-67,-63,0,0,0,0,-67,0,0,0,0,0,0,0,0,0,0,-57,-57
-75,-69,0,0,0,0,0,-75,0,0,0,0,0,0,0,-64,0,0,-72,-71,0,0,-63,-64,0,0,0,0,0,0,-72,-69,0,0,-67,-63,0,0,0,0,0,0,0,0,0,0,0,0,0,0,0,-57,-57
-75,-69,0,0,0,0,0,-75,0,0,-79,-76,0,0,0,-64,0,0,-72,-69,0,0,-63,-65,0,0,-64,0,0,0,-72,-69,0,0,-67,-63,0,0,0,0,0,0,0,0,0,0,0,0,0,0,0,-55,-54
-75,-69,0,0,0,0,0,-75,0,0,-79,-76,0,0,0,-64,0,0,-72,-69,0,0,-63,-65,0,0,-64,0,0,0,-72,-69,0,0,-67,-63,0,0,0,0,0,0,0,0,0,0,0,0,0,0,0,-55,-54
-75,-69,0,0,0,0,0,0,0,0,-79,-76,0,0,0,-64,0,0,0,-69,0,0,-63,-64,0,0,-64,0,0,0,-72,-69,0,0,-67,-63,0,0,0,0,0,0,0,0,0,0,0,0,0,0,0,-55,-54
-75,-69,0,0,0,0,0,0,0,0,-79,-76,0,0,0,-64,0,0,0,-69,0,0,-63,-64,0,0,-64,0,0,0,-69,-67,0,0,-63,-60,0,0,0,0,0,0,0,0,0,0,0,0,0,0,0,-52,-54
-75,-69,0,0,0,0,0,0,0,0,-79,-76,0,0,0,-64,0,0,0,-69,0,0,-63,-65,0,0,-64,0,0,0,-69,-67,0,0,-63,-60,0,0,0,0,0,0,0,0,0,0,0,0,0,0,0,-52,-54
0,-69,0,0,0,0,0,0,0,0,-79,-76,0,0,0,-64,0,0,0,-69,0,0,-63,-66,0,0,-64,0,0,0,-69,-67,0,0,-63,-60,0,0,0,0,0,0,0,0,0,0,0,0,0,0,0,-52,-54
0,-71,0,0,0,0,0,0,0,0,-79,-76,0,0,0,-64,0,0,0,-69,0,0,-63,-66,0,0,-64,0,0,0,-69,-67,0,0,-63,-60,0,0,0,0,0,0,0,0,0,0,0,0,-79,0,0,-54,-50
0,-71,0,0,0,0,0,0,0,0,-79,-76,0,0,0,-64,0,0,0,-69,0,0,-63,-65,0,0,-64,0,0,0,-69,-67,0,0,-63,-60,0,0,0,0,0,0,0,0,0,0,0,0,-79,0,0,-54,-50
0,-71,0,0,0,0,0,0,0,0,-79,-76,0,0,0,-64,0,0,0,-69,0,0,-63,-65,0,0,-64,0,0,0,-69,-67,0,0,-63,-60,0,0,0,0,0,0,0,0,0,0,0,0,-79,0,0,-54,-50
-68,-67,0,0,0,0,0,-68,0,0,-79,-76,0,0,0,-64,0,0,0,-69,0,0,-63,-67,0,0,-64,0,0,0,-68,-64,0,0,-63,-58,0,0,0,0,0,0,0,0,0,0,0,0,-79,0,0,-55,-55
-68,-67,0,0,0,0,0,-68,0,0,-79,-76,0,0,0,-64,0,0,0,-69,0,0,-63,-64,0,0,-64,0,0,0,-68,-64,0,0,-63,-58,0,0,0,0,0,0,0,0,0,0,0,0,-79,0,0,-55,-55
-68,-67,0,0,0,0,0,-68,0,0,-79,-76,0,0,0,-64,0,0,0,-69,0,0,-63,-64,0,0,-64,0,0,0,-68,-64,0,0,-63,-58,0,0,0,0,0,0,0,0,0,0,0,0,-79,0,0,-55,-55
-68,-67,0,0,0,0,0,-72,0,0,-79,-76,0,0,0,-64,0,0,0,-69,0,0,-62,-63,0,0,-64,-73,0,0,-68,-64,0,0,-63,-58,0,0,0,0,0,0,0,0,0,0,0,0,-79,0,0,-55,-55
-68,-67,0,0,0,0,0,-72,0,0,-79,-76,0,0,0,-64,0,0,0,-69,0,0,-62,-63,0,0,-64,-73,0,0,-68,-64,0,0,-63,-58,0,0,0,0,0,0,0,0,0,0,0,0,-79,0,0,-55,-55
-68,-67,0,0,0,0,0,-72,0,0,-79,-76,0,0,0,-64,0,0,0,-69,0,0,-62,-65,0,0,-64,-73,0,0,-68,-64,0,0,-63,-58,0,0,0,0,0,0,0,0,0,0,0,0,-79,0,0,-55,-55
-68,-67,0,0,0,0,0,-72,0,0,-79,-76,0,0,-69,-66,0,0,0,-69,0,0,-62,-66,0,0,-64,-70,0,0,-67,-64,0,0,-65,-61,0,0,0,0,0,0,0,0,0,0,0,0,-79,0,0,-53,-55
-68,-67,0,0,0,0,0,-72,0,0,0,0,0,0,-69,-66,0,0,0,0,0,0,-62,-66,0,0,0,-70,0,0,-67,-64,0,0,-65,-61,0,0,0,0,0,0,0,0,0,0,0,0,-79,0,0,-53,-55
-68,-67,0,0,0,0,0,-72,0,0,0,0,0,0,-69,-66,0,0,0,0,0,0,-62,-66,0,0,0,-70,0,0,-67,-64,0,0,-65,-61,0,0,0,0,0,0,0,0,0,0,0,0,-79,0,0,-53,-55
-68,-69,0,0,0,0,0,-72,0,0,0,0,0,0,-69,-66,0,0,0,0,0,0,-62,-64,0,0,0,-70,0,0,-67,-66,0,0,-65,-65,0,0,0,0,0,0,0,0,0,0,0,0,-79,0,0,-53,-57
-68,-69,0,0,0,0,0,-72,0,0,0,0,0,0,-69,-66,0,0,0,0,0,0,-62,-64,0,0,0,-70,0,0,-67,-66,0,0,-65,-65,0,0,0,0,0,0,0,0,0,0,0,0,-79,0,0,-53,-57
-68,-69,0,0,0,0,0,-72,0,0,0,0,0,0,-69,-66,0,0,0,0,0,0,-62,-64,0,0,0,-70,0,0,-67,-66,0,0,-65,-65,0,0,0,0,0,0,0,0,0,0,0,0,-79,0,0,-53,-57
-68,-69,0,0,0,0,0,-72,0,0,0,0,0,0,-69,-66,0,0,0,0,0,0,-62,-65,0,0,0,-66,0,0,-68,-66,0,0,-65,-65,0,0,0,0,0,0,0,0,0,0,0,0,-79,0,0,-54,-56
-68,-69,0,0,0,0,0,-72,0,0,0,0,0,0,-69,-66,0,0,0,0,0,0,-62,-66,0,0,0,-66,0,0,-68,-66,0,0,-65,-65,0,0,0,0,0,0,0,0,0,0,0,0,-79,0,0,-54,-56
-68,-69,0,0,0,0,0,-72,0,0,0,0,0,0,-69,-66,0,0,0,0,0,0,-62,-65,0,0,0,-66,0,0,-68,-66,0,0,-65,-65,0,0,0,0,0,0,0,0,0,0,0,0,0,0,0,-54,-56
-70,-69,0,0,0,0,0,-72,0,0,0,0,0,0,-68,-66,0,0,0,0,0,0,-62,-65,0,0,0,-66,0,0,-68,-66,0,0,-65,-64,0,0,0,0,0,0,0,0,0,0,0,0,0,0,0,-55,-56
-70,-69,0,0,0,0,0,-72,0,0,0,0,0,0,-68,-66,0,0,0,0,0,0,-62,-65,0,0,0,-66,0,0,-68,-66,0,0,-65,-64,0,0,0,0,0,0,0,0,0,0,0,0,0,0,0,-55,-56
-70,-69,0,0,0,0,0,-72,0,0,0,0,0,0,-68,-66,0,0,0,0,0,0,-62,-64,0,0,0,-66,0,0,-68,-66,0,0,-65,-64,0,0,0,0,0,0,0,0,0,0,0,0,0,0,0,-55,-56
-70,-69,0,0,0,0,0,-69,0,0,0,0,0,0,-68,-66,0,0,0,0,0,0,-62,-64,0,0,0,-66,0,0,-68,-69,0,0,-65,-65,0,0,0,0,0,0,0,0,0,0,0,0,0,0,0,-49,-49
-70,-69,0,0,0,0,0,-69,0,0,0,0,0,0,-68,-66,0,0,0,0,0,0,-62,-64,0,0,0,-66,0,0,-68,-69,0,0,-65,-65,0,0,0,0,0,0,0,0,0,0,0,0,0,0,0,-49,-49
-70,-69,0,0,0,0,0,-69,0,0,0,0,0,0,-68,-66,0,0,0,0,0,0,0,-64,0,0,0,-66,0,0,-68,-69,0,0,-65,-65,0,0,0,0,0,0,0,0,0,0,0,0,0,0,0,-49,-49
-70,-69,0,0,-69,0,0,-69,0,0,0,0,0,0,-68,-66,0,0,0,0,0,0,0,-65,0,0,0,-66,0,0,-67,-69,0,0,-65,-61,0,0,0,0,0,0,0,0,0,0,0,0,0,0,0,-52,-55
-70,-69,0,0,-69,0,0,-69,0,0,0,0,0,0,-68,-66,0,0,0,0,0,0,0,-65,0,0,0,-66,0,0,-67,-69,0,0,-65,-61,0,0,0,0,0,0,0,0,0,0,0,0,0,0,0,-52,-55
-70,-69,0,0,-69,0,0,-69,0,0,0,0,0,0,-68,-66,0,0,0,0,0,0,0,-62,0,0,0,-66,0,0,-67,-69,0,0,0,-61,0,0,0,0,0,0,0,0,0,0,0,0,0,0,0,-52,-55
-70,-69,0,0,-69,0,0,-70,0,0,0,0,0,0,-68,-66,0,0,0,0,0,0,-63,-61,0,0,-75,-74,0,0,-67,-69,0,0,-62,-58,0,0,0,0,0,0,0,0,0,0,0,0,0,0,0,-52,-51
-70,-69,0,0,-69,0,0,-70,0,0,0,0,0,0,-68,-66,0,0,0,0,0,0,-63,-61,0,0,-75,-74,0,0,-67,-69,0,0,-62,-58,0,0,0,0,0,0,0,0,0,0,0,0,0,0,0,-52,-51
-70,-69,0,0,-69,0,0,-70,0,0,0,0,0,0,-68,-66,0,0,0,0,0,0,-63,-61,0,0,-75,-74,0,0,-67,-69,0,0,-62,-58,0,0,0,0,0,0,0,0,0,0,0,0,0,0,0,-52,-51
-70,-69,0,0,-69,0,0,-70,0,0,0,0,0,0,-68,-66,0,0,0,0,0,0,-63,-60,0,0,-75,-74,0,0,-67,-69,0,0,-62,-58,0,0,0,0,0,0,0,0,0,0,0,0,0,0,0,-54,-52
-70,-69,0,0,-69,0,0,-70,0,0,0,0,0,0,-68,-66,0,0,0,0,0,0,-63,-61,0,0,-75,-74,0,0,-67,-69,0,0,-62,-58,0,0,0,0,0,0,0,0,0,0,0,0,0,0,0,-54,-52
-70,-69,0,0,-69,0,0,-70,0,0,0,0,0,0,-68,-66,0,0,0,0,0,0,-63,-63,0,0,-75,-74,0,0,-67,-69,0,0,-62,-58,0,0,0,0,0,0,0,0,0,0,0,0,0,0,0,-54,-52
-70,-69,0,0,-69,0,0,-70,0,0,0,0,0,0,-68,-68,0,0,0,0,0,0,-63,-66,0,0,-65,-74,0,0,-67,-69,0,0,-62,-58,0,0,0,0,0,0,0,0,0,0,0,0,0,0,0,-51,-50
-70,-69,0,0,-69,0,0,-70,0,0,0,0,0,0,-68,-68,0,0,0,0,0,0,-63,-68,0,0,-65,-74,0,0,-67,-69,0,0,-62,-58,0,0,0,0,0,0,0,0,0,0,0,0,0,0,0,-51,-50
0,0,0,0,-69,0,0,-70,0,0,0,0,0,0,0,-68,0,0,0,0,0,0,-63,-70,0,0,-65,-74,0,0,-67,-69,0,0,-62,-58,0,0,0,0,0,0,0,0,0,0,0,0,0,0,0,-51,-50
-72,-70,0,0,-69,0,0,-67,0,0,0,0,0,0,0,-68,0,0,0,0,0,0,-63,-70,0,0,-65,-74,0,0,-67,-69,0,0,-62,-58,0,0,0,0,0,0,0,0,0,0,0,0,0,0,0,-51,-54
-72,-70,0,0,-69,0,0,-67,0,0,0,0,0,0,0,-68,0,0,0,0,0,0,-63,-71,0,0,-65,-74,0,0,-67,-69,0,0,-62,-58,0,0,0,0,0,0,0,0,0,0,0,0,0,0,0,-51,-54
-72,-70,0,0,-69,0,0,-67,0,0,0,0,0,0,0,-68,0,0,0,0,0,0,-63,-70,0,0,-65,-74,0,0,-67,0,0,0,-62,-58,0,0,0,0,0,0,0,0,0,0,0,0,0,0,0,-51,-54
-70,-66,0,0,-70,0,0,-67,0,0,0,0,0,0,0,-68,0,0,0,0,0,0,-63,-66,0,0,-65,-74,0,0,-67,0,0,0,-62,-60,0,0,0,0,0,0,0,0,0,0,0,0,-85,0,0,-55,-58
-70,-66,0,0,-70,0,0,-67,0,0,0,0,0,0,0,-68,0,0,0,0,0,0,-63,-66,0,0,-65,-74,0,0,-67,0,0,0,-62,-60,0,0,0,0,0,0,0,0,0,0,0,0,-85,0,0,-55,-58
-70,-66,0,0,-70,0,0,-67,0,0,0,0,0,0,0,-68,0,0,0,0,0,0,-63,-65,0,0,-65,-74,0,0,0,0,0,0,-62,-60,0,0,0,0,0,0,0,0,0,0,0,0,-85,0,0,-55,-58
-70,-69,0,0,-70,0,0,-73,0,0,0,0,0,0,0,-68,0,0,0,0,0,0,-63,-65,0,0,-67,-75,0,0,-72,0,0,0,-62,-56,0,0,0,0,0,0,0,0,0,0,0,0,-85,0,0,-52,-50
-70,-69,0,0,-70,0,0,-73,0,0,0,0,0,0,0,-68,0,0,0,0,0,0,-63,-65,0,0,-67,-75,0,0,-72,0,0,0,-62,-56,0,0,0,0,0,0,0,0,0,0,0,0,-85,0,0,-52,-50
-70,-69,0,0,-70,0,0,-73,0,0,0,0,0,0,0,-68,0,0,0,0,0,0,0,-65,0,0,-67,-75,0,0,-72,0,0,0,0,-56,0,0,0,0,0,0,0,0,0,0,0,0,-85,0,0,-52,-50
-70,-69,0,0,-70,0,0,-73,0,0,0,0,0,0,0,-68,0,0,0,0,0,0,0,-67,0,0,-67,-75,0,0,-67,-71,0,0,0,-57,0,0,0,0,0,0,0,0,0,0,0,0,-85,0,0,-51,-53
-70,-69,0,0,-70,0,0,-73,0,0,0,0,0,0,0,-68,0,0,0,0,0,0,0,-67,0,0,-67,-75,0,0,-67,-71,0,0,0,-57,0,0,0,0,0,0,0,0,0,0,0,0,-85,0,0,-51,-53
-70,-69,0,0,-70,0,0,-73,0,0,0,0,0,0,0,-68,0,0,0,0,0,0,0,-67,0,0,-67,-75,0,0,-67,-71,0,0,0,-57,0,0,0,0,0,0,0,0,0,0,0,0,-85,0,0,-51,-53
-70,-67,0,0,-70,0,0,-73,0,0,0,0,0,0,0,-68,0,0,0,0,0,0,0,-67,0,0,-67,-75,0,0,-67,-71,0,0,-63,-57,0,0,0,0,0,0,0,0,0,0,0,0,-85,0,0,-48,-53
-70,-67,0,0,-70,0,0,-73,0,0,0,0,0,0,0,-68,0,0,0,0,0,0,0,-66,0,0,-67,-75,0,0,-67,-71,0,0,-63,-57,0,0,0,0,0,0,0,0,0,0,0,0,-85,0,0,-48,-53
-70,-67,0,0,-70,0,0,-73,0,0,0,0,0,0,0,-68,0,0,0,0,0,0,0,-64,0,0,-67,-75,0,0,-67,-71,0,0,-63,-57,0,0,0,0,0,0,0,0,0,0,0,0,-85,0,0,-48,-53
-70,-67,0,0,-70,0,0,-73,0,0,0,0,0,0,0,-68,0,0,0,0,0,0,-66,-64,0,0,-67,-75,0,0,-67,-71,0,0,-68,-64,0,0,0,0,0,0,0,0,0,0,0,0,-85,0,0,-56,-52
-70,-67,0,0,-70,0,0,-73,0,0,0,0,0,0,0,-68,0,0,0,0,0,0,-66,-64,0,0,-67,-75,0,0,-67,-71,0,0,-68,-64,0,0,0,0,0,0,0,0,0,0,0,0,-85,0,0,-56,-52
-70,-67,0,0,-70,0,0,-73,0,0,0,0,0,0,0,0,0,0,0,0,0,0,-66,-64,0,0,-67,-75,0,0,-67,-71,0,0,-68,-64,0,0,0,0,0,0,0,0,0,0,0,0,-85,0,0,-56,-52
-70,-67,0,0,-70,0,0,-73,0,0,-76,-72,0,0,0,0,0,0,0,0,0,0,-66,-66,0,0,-67,-65,0,0,-67,-71,0,0,-68,-64,0,0,0,-68,-69,0,0,0,0,0,0,0,-85,0,0,-56,-59
-70,-67,0,0,-70,0,0,-71,0,0,-76,-72,0,0,0,-64,0,0,0,0,0,0,-66,-66,0,0,-67,-65,0,0,-67,-71,0,0,-68,-64,0,0,0,-68,-69,0,0,0,0,0,0,0,-85,0,0,-56,-61
-70,-67,0,0,-70,0,0,-71,0,0,-76,-72,0,0,0,-64,0,0,0,0,0,0,-66,-65,0,0,-67,-65,0,0,-67,-71,0,0,-68,-64,0,0,0,-68,-69,0,0,0,0,0,0,0,0,0,0,-56,-61
-70,-67,0,0,-70,0,0,-71,0,0,-76,-72,0,0,0,-64,0,0,0,0,0,0,-66,-64,0,0,-67,-65,0,0,-67,-71,0,0,-68,-64,0,0,0,-68,-69,0,0,0,0,0,0,0,0,0,0,-56,-61
-70,-67,0,0,-70,0,0,-70,0,0,-76,-72,0,0,-68,-64,0,0,0,-67,0,0,-66,-63,0,0,-67,-65,0,0,-67,-71,0,0,-68,-64,0,0,0,-68,-69,0,0,0,0,0,0,0,0,0,0,-55,-53
-70,-67,0,0,-70,0,0,-70,0,0,-76,-72,0,0,-68,-64,0,0,0,-67,0,0,-66,-63,0,0,0,-65,0,0,-67,-71,0,0,-68,-64,0,0,0,-68,-69,0,0,0,0,0,0,0,0,0,0,-55,-53
-70,-67,0,0,-70,0,0,-70,0,0,-76,-72,0,0,-68,-64,0,0,0,-67,0,0,-66,-64,0,0,0,-65,0,0,-67,-71,0,0,-68,-64,0,0,0,-68,-69,0,0,0,0,0,0,0,0,0,0,-55,-53
-70,-67,0,0,-70,0,0,-70,0,0,-76,-72,0,0,-68,-64,0,0,0,-67,0,0,-66,-64,0,0,0,-65,0,0,-64,-71,0,0,-68,-72,0,0,0,-68,-69,0,0,0,0,0,0,0,0,0,0,-56,-52
-70,-67,0,0,0,0,0,-70,0,0,-76,-72,0,0,-68,-64,0,0,0,-67,0,0,-66,-64,0,0,0,-65,0,0,-64,-71,0,0,-68,-72,0,0,0,-68,-69,0,0,0,0,0,0,0,0,0,0,-56,-52
0,0,0,0,0,0,0,-70,0,0,-76,-72,0,0,-68,-64,0,0,0,-67,0,0,-66,-64,0,0,0,-65,0,0,-64,0,0,0,-68,-72,0,0,0,-68,-69,0,0,0,0,0,0,0,0,0,0,-56,-52
0,-68,0,0,0,0,0,-70,0,0,-71,-70,0,0,-68,-65,0,0,0,-67,0,0,-66,-64,0,0,-65,-65,0,0,-65,0,0,0,-68,-67,0,0,0,-68,-69,0,0,0,0,0,0,0,0,0,0,-55,-50
0,-68,0,0,0,0,0,-70,0,0,-71,-70,0,0,-68,-65,0,0,0,-67,0,0,-66,-64,0,0,-65,-65,0,0,-65,0,0,0,-68,-67,0,0,0,-68,-69,0,0,0,0,0,0,0,0,0,0,-55,-50
0,-68,0,0,0,0,0,-70,0,0,-71,-70,0,0,-68,-65,0,0,0,-67,0,0,0,-63,0,0,-65,-65,0,0,-65,0,0,0,-68,-67,0,0,0,-68,-69,0,0,0,0,0,0,0,0,0,0,-55,-50
0,-68,0,0,0,0,0,-70,0,0,-71,-70,0,0,-67,-65,0,0,0,-67,0,0,0,-63,0,0,-65,-65,0,0,-65,0,0,0,-68,-67,0,0,0,-68,-69,0,0,0,0,0,0,0,0,0,0,-56,-50
0,-68,0,0,0,0,0,-70,0,0,-71,-70,0,0,-67,-65,0,0,0,-67,0,0,0,-64,0,0,-65,-65,0,0,-65,0,0,0,-68,-67,0,0,0,-68,-69,0,0,0,0,0,0,0,0,0,0,-56,-50
0,-68,0,0,0,0,0,-70,0,0,-71,-70,0,0,-67,-65,0,0,0,-67,0,0,0,-65,0,0,-65,-65,0,0,-65,0,0,0,-68,-67,0,0,0,0,0,0,0,0,0,0,0,0,0,0,0,-56,-50
0,-72,0,0,0,0,0,-70,0,0,-71,-70,0,0,-69,-65,0,0,0,-67,0,0,-61,-65,0,0,-69,-65,0,0,-65,0,0,0,-64,-60,0,0,0,0,0,0,0,0,0,0,0,0,0,0,0,-56,-55
0,-72,0,0,0,0,0,-70,0,0,-71,-70,0,0,-69,-65,0,0,0,-67,0,0,-61,-64,0,0,-69,-65,0,0,-65,0,0,0,-64,-60,0,0,0,0,0,0,0,0,0,0,0,0,0,0,0,-56,-55
0,-72,0,0,0,0,0,-70,0,0,-71,-70,0,0,-69,-65,0,0,0,-67,0,0,-61,-64,0,0,-69,-65,0,0,-65,0,0,0,-64,-60,0,0,0,0,0,0,0,0,0,0,0,0,0,0,0,-56,-55
0,-72,0,0,0,0,0,-72,0,0,-71,-70,0,0,-69,-65,0,0,0,-67,0,0,-61,-66,0,0,-69,-65,0,0,-65,0,0,0,-64,-59,0,0,0,0,0,0,0,0,0,0,0,0,0,0,0,-56,-55
0,-72,0,0,0,0,0,-72,0,0,-71,-70,0,0,-69,-65,0,0,0,-67,0,0,-61,-64,0,0,-69,-65,0,0,-65,0,0,0,-64,-59,0,0,0,0,0,0,0,0,0,0,0,0,0,0,0,-56,-55
0,-72,0,0,0,0,0,-72,0,0,-71,-70,0,0,-69,-65,0,0,0,0,0,0,-61,-63,0,0,-69,-65,0,0,-65,0,0,0,-64,-59,0,0,0,0,0,0,0,0,0,0,0,0,0,0,0,-56,-55
0,-72,0,0,0,0,0,-76,0,0,-71,-70,0,0,-69,-65,0,0,0,0,0,0,-61,-63,0,0,-63,-68,0,0,-65,0,0,0,-64,-60,0,0,0,0,0,0,0,0,0,0,0,0,0,0,0,-52,-53
0,-72,0,0,0,0,0,-76,0,0,-71,-70,0,0,-69,-65,0,0,0,0,0,0,-61,-65,0,0,-63,-68,0,0,-65,0,0,0,-64,-60,0,0,0,0,0,0,0,0,0,0,0,0,0,0,0,-52,-53
0,-72,0,0,0,0,0,-76,0,0,-71,-70,0,0,-69,-65,0,0,0,0,0,0,-61,-66,0,0,-63,-68,0,0,-65,0,0,0,-64,-60,0,0,0,0,0,0,0,0,0,0,0,0,0,0,0,-52,-53
0,-72,0,0,0,0,0,-76,0,0,-71,-70,0,0,-69,-68,0,0,0,0,0,0,-61,-66,0,0,-65,-68,0,0,-65,0,0,0,-64,-62,0,0,0,0,0,0,0,0,0,0,0,0,0,0,0,-52,-57
0,-72,0,0,0,0,0,-76,0,0,-71,-70,0,0,-69,-68,0,0,0,0,0,0,-61,-66,0,0,-65,-68,0,0,-65,0,0,0,-64,-62,0,0,0,0,0,0,0,0,0,0,0,0,0,0,0,-52,-57
0,-72,0,0,0,0,0,-76,0,0,0,0,0,0,-69,-68,0,0,0,0,0,0,-61,-66,0,0,-65,-68,0,0,0,0,0,0,-64,-62,0,0,0,0,0,0,0,0,0,0,0,0,0,0,0,-52,-57
0,-72,0,0,0,0,0,-76,0,0,0,0,0,0,-69,-68,0,0,0,0,0,0,-61,-66,0,0,-65,-68,0,0,-71,-75,0,0,-64,-63,0,0,0,0,0,0,0,0,0,0,0,0,0,0,0,-50,-53
0,-72,0,0,0,0,0,-76,0,0,0,0,0,0,-69,-68,0,0,0,0,0,0,-61,-67,0,0,-65,-68,0,0,-71,-75,0,0,-64,-63,0,0,0,0,0,0,0,0,0,0,0,0,0,0,0,-50,-53
0,-72,0,0,0,0,0,-76,0,0,0,0,0,0,-69,-68,0,0,0,0,0,0,-61,-67,0,0,-65,-68,0,0,-71,-75,0,0,-64,-63,0,0,0,0,0,0,0,0,0,0,0,0,0,0,0,-50,-53
0,-72,0,0,0,0,0,-71,0,0,0,0,0,0,-69,-68,0,0,0,0,0,0,-61,-66,0,0,-64,-72,0,0,-71,-75,0,0,-64,-62,0,0,0,0,0,0,0,0,0,0,0,0,0,0,0,-54,-56
0,-72,0,0,0,0,0,-71,0,0,0,0,0,0,-69,-68,0,0,0,0,0,0,-61,-66,0,0,-64,-72,0,0,-71,-75,0,0,-64,-62,0,0,0,0,0,0,0,0,0,0,0,0,0,0,0,-54,-56
0,-72,0,0,0,0,0,-71,0,0,0,0,0,0,0,-68,0,0,0,0,0,0,0,-66,0,0,-64,-72,0,0,-71,-75,0,0,-64,-62,0,0,0,0,0,0,0,0,0,0,0,0,0,0,0,-54,-56
0,-72,0,0,0,0,0,-73,0,0,0,0,0,0,0,-68,0,0,0,0,0,0,0,-66,0,0,-64,-76,0,0,-71,-75,0,0,-62,-60,0,0,0,0,0,0,0,0,0,0,0,0,0,0,0,-52,-58
0,-72,0,0,0,0,0,-73,0,0,0,0,0,0,0,-68,0,0,0,0,0,0,0,-67,0,0,-64,-76,0,0,-71,-75,0,0,-62,-60,0,0,0,0,0,0,0,0,0,0,0,0,0,0,0,-52,-58
0,-72,0,0,0,0,0,-73,0,0,0,0,0,0,0,-68,0,0,0,0,0,0,0,-67,0,0,-64,-76,0,0,-71,-75,0,0,-62,-60,0,0,0,0,0,0,0,0,0,0,0,0,0,0,0,-52,-58
0,-72,0,0,-71,0,0,-68,0,0,0,0,0,0,0,-68,0,0,0,0,0,0,0,-66,0,0,-64,-76,0,0,-71,-68,0,0,-62,-61,0,0,0,0,0,0,0,0,0,0,0,0,0,0,0,-55,-58
0,-72,0,0,-71,0,0,-68,0,0,0,0,0,0,0,-68,0,0,0,0,0,0,0,-66,0,0,-64,-76,0,0,-71,-68,0,0,-62,-61,0,0,0,0,0,0,0,0,0,0,0,0,0,0,0,-55,-58
0,-72,0,0,-71,0,0,-68,0,0,0,0,0,0,0,-68,0,0,0,0,0,0,0,-64,0,0,-64,-76,0,0,-71,-68,0,0,-62,-61,0,0,0,0,0,0,0,0,0,0,0,0,0,0,0,-55,-58
0,-72,0,0,-71,0,0,-68,0,0,0,0,0,0,-68,-68,0,0,0,0,0,0,0,-65,0,0,-64,-76,0,0,-71,-68,0,0,-62,-61,0,0,0,0,0,0,0,0,0,0,0,0,-77,0,0,-50,-54
0,-72,0,0,-71,0,0,-68,0,0,0,0,0,0,-68,-68,0,0,0,0,0,0,0,-66,0,0,-64,-76,0,0,-71,-68,0,0,-62,-61,0,0,0,0,0,0,0,0,0,0,0,0,-77,0,0,-50,-54
0,0,0,0,-71,0,0,-68,0,0,0,0,0,0,-68,-68,0,0,0,0,0,0,0,-67,0,0,-64,-76,0,0,-71,-68,0,0,-62,-61,0,0,0,0,0,0,0,0,0,0,0,0,-77,0,0,-50,-54
0,0,0,0,-71,0,0,-70,0,0,0,0,0,0,-68,-68,0,0,0,0,0,0,0,-65,0,0,-64,-76,0,0,-71,-68,0,0,-64,-65,0,0,0,0,0,0,0,0,0,0,0,0,-77,0,0,-52,-54
0,0,0,0,-71,0,0,-70,0,0,0,0,0,0,-68,-68,0,0,0,0,0,0,0,-65,0,0,-64,-76,0,0,-71,-68,0,0,-64,-65,0,0,0,0,0,0,0,0,0,0,0,0,-77,0,0,-52,-54
0,0,0,0,-71,0,0,-70,0,0,0,0,0,0,-68,-68,0,0,0,0,0,0,0,-65,0,0,-64,-76,0,0,0,-68,0,0,-64,-65,0,0,0,0,0,0,0,0,0,0,0,0,-77,0,0,-52,-54
0,0,0,0,-71,0,0,-70,0,0,0,0,0,0,-68,-72,0,0,0,0,0,0,0,-65,0,0,-64,-76,0,0,0,-68,0,0,-64,-65,0,0,0,0,0,0,0,0,0,0,0,0,-77,0,0,-51,-50
0,0,0,0,-71,0,0,-70,0,0,0,0,0,0,-68,-72,0,0,0,0,0,0,0,-65,0,0,-64,-76,0,0,0,-68,0,0,-64,-65,0,0,0,0,0,0,0,0,0,0,0,0,-77,0,0,-51,-50
0,0,0,0,-71,0,0,-70,0,0,0,0,0,0,-68,-72,0,0,0,0,0,0,0,-65,0,0,0,-76,0,0,0,-68,0,0,-64,-65,0,0,0,0,0,0,0,0,0,0,0,0,-77,0,0,-51,-50
0,0,0,0,-71,0,0,-70,0,0,0,0,0,0,-68,-72,0,0,0,0,0,0,0,-65,0,0,0,-74,0,0,0,-70,0,0,-64,-65,0,0,0,0,0,0,0,0,0,0,0,0,-81,0,0,-47,-50
0,-69,0,0,-66,0,0,-70,0,0,0,0,0,0,-69,-67,0,0,0,0,0,0,-63,-64,0,0,-65,-64,0,0,0,0,0,0,-59,-58,0,0,0,0,0,0,0,0,0,0,0,0,0,0,0,-54,-49
0,-69,0,0,-66,0,0,-68,0,0,-77,-76,0,0,-66,-64,0,0,0,-64,0,0,-63,-63,0,0,-65,-66,0,0,0,0,0,0,-59,-66,0,0,0,0,0,0,0,0,0,0,0,0,0,0,0,-53,-46
0,-69,0,0,-66,0,0,-68,0,0,-77,-76,0,0,-66,-64,0,0,0,-64,0,0,0,-63,0,0,0,-66,0,0,0,0,0,0,-59,-66,0,0,0,0,0,0,0,0,0,0,0,0,0,0,0,-53,-46
0,-69,0,0,-66,0,0,-68,0,0,-77,-76,0,0,-66,-64,0,0,0,-64,0,0,0,-65,0,0,0,-66,0,0,0,0,0,0,-59,-66,0,0,0,0,0,0,0,0,0,0,0,0,0,0,0,-53,-46
-74,-70,0,0,-66,0,0,-68,0,0,-77,-76,0,0,-66,-64,0,0,0,-64,0,0,0,-64,0,0,0,-66,0,0,0,0,0,0,-63,-60,0,0,0,0,0,0,0,0,0,0,0,0,-79,0,0,-53,-53
-74,-70,0,0,-66,0,0,-68,0,0,-77,-76,0,0,-66,-64,0,0,0,-64,0,0,0,-63,0,0,0,-66,0,0,0,0,0,0,-63,-60,0,0,0,0,0,0,0,0,0,0,0,0,-79,0,0,-53,-53
-74,-70,0,0,-66,0,0,-68,0,0,-77,-76,0,0,-66,-64,0,0,0,-64,0,0,0,-62,0,0,0,-66,0,0,0,0,0,0,-63,-60,0,0,0,0,0,0,0,0,0,0,0,0,-79,0,0,-53,-53
-71,-69,0,0,-66,0,0,-68,0,0,-77,-76,0,0,-66,-64,0,0,0,-64,0,0,0,-61,0,0,0,-66,0,0,0,0,0,0,-63,-63,0,0,0,0,0,0,0,0,0,0,0,0,-79,0,0,-54,-53
-71,-69,0,0,-66,0,0,-68,0,0,-77,-76,0,0,-66,-64,0,0,0,-64,0,0,0,-62,0,0,0,-66,0,0,0,0,0,0,-63,-63,0,0,0,0,0,0,0,0,0,0,0,0,-79,0,0,-54,-53
-71,-69,0,0,-66,0,0,-68,0,0,-77,-76,0,0,-66,-64,0,0,0,-64,0,0,0,-65,0,0,0,-66,0,0,0,0,0,0,-63,-63,0,0,0,0,0,0,0,0,0,0,0,0,-79,0,0,-54,-53
-71,-69,0,0,-66,0,0,-68,0,0,-77,-76,0,0,-66,-64,0,0,0,-64,0,0,0,-67,0,0,0,-66,0,0,0,0,0,0,-63,-63,0,0,0,0,0,0,0,0,0,0,0,0,-79,0,0,-59,-53
-71,-69,0,0,-66,0,0,-68,0,0,-77,-76,0,0,-66,-64,0,0,0,-64,0,0,0,-68,0,0,0,-66,0,0,0,0,0,0,-63,-63,0,0,0,0,0,0,0,0,0,0,0,0,-79,0,0,-59,-53
-71,-69,0,0,0,0,0,-68,0,0,-77,-76,0,0,-66,-64,0,0,0,-64,0,0,0,-65,0,0,0,-66,0,0,0,0,0,0,-63,-63,0,0,0,0,0,0,0,0,0,0,0,0,-79,0,0,-59,-53
-71,-69,0,0,0,0,0,-68,0,0,-77,-76,0,0,-66,-64,0,0,0,-69,0,0,0,-64,0,0,0,-66,0,0,0,0,0,0,-63,-61,0,0,0,-74,-72,0,0,0,0,0,0,0,-79,0,0,-55,-57
-71,-69,0,0,0,0,0,-68,0,0,-77,-76,0,0,-66,-64,0,0,0,-69,0,0,0,-63,0,0,0,-66,0,0,0,0,0,0,-63,-61,0,0,0,-74,-72,0,0,0,0,0,0,0,-79,0,0,-55,-57
-71,-69,0,0,0,0,0,-68,0,0,-77,-76,0,0,-66,-64,0,0,0,-69,0,0,0,-65,0,0,0,-66,0,0,0,0,0,0,-63,-61,0,0,0,-74,-72,0,0,0,0,0,0,0,-79,0,0,-55,-57
-71,-68,0,0,0,0,0,-68,0,0,-78,-77,0,0,-70,-68,0,0,0,-69,0,0,0,-68,0,0,-67,-68,0,0,0,0,0,0,-63,-59,0,0,0,-74,-75,0,0,0,0,0,0,0,-79,0,0,-63,-59
-71,-68,0,0,0,0,0,-68,0,0,-78,-77,0,0,-70,-68,0,0,0,-69,0,0,0,-69,0,0,-67,-68,0,0,0,0,0,0,-63,-59,0,0,0,-74,-75,0,0,0,0,0,0,0,-79,0,0,-63,-59
-71,-68,0,0,0,0,0,0,0,0,-78,-77,0,0,-70,-68,0,0,0,-69,0,0,0,-69,0,0,-67,-68,0,0,0,0,0,0,-63,-59,0,0,0,-74,-75,0,0,0,0,0,0,0,-79,0,0,-63,-59
-71,-70,0,0,0,0,0,0,0,0,-78,-77,0,0,-70,-68,0,0,0,-69,0,0,0,-69,0,0,-67,-66,0,0,-66,-65,0,0,-66,-59,0,0,0,-74,-75,0,0,0,0,0,0,0,-79,0,0,-58,-58
-71,-70,0,0,0,0,0,0,0,0,-78,-77,0,0,-70,-68,0,0,0,-69,0,0,0,-67,0,0,-67,-66,0,0,-66,-65,0,0,-66,-59,0,0,0,-74,-75,0,0,0,0,0,0,0,-79,0,0,-58,-58
-71,-70,0,0,0,0,0,0,0,0,-78,-77,0,0,-70,-68,0,0,0,-69,0,0,0,-67,0,0,-67,-66,0,0,-66,-65,0,0,-66,-59,0,0,0,-74,-75,0,0,0,0,0,0,0,0,0,0,-58,-58
-71,-70,0,0,0,0,0,0,0,0,-78,-77,0,0,-70,-68,0,0,0,-69,0,0,0,-67,0,0,-67,-66,0,0,-66,-65,0,0,-66,-57,0,0,0,-74,-75,0,0,0,0,0,0,0,0,0,0,-58,-58
-71,-70,0,0,0,0,0,0,0,0,-78,-77,0,0,-70,-68,0,0,0,-69,0,0,0,-66,0,0,-67,-66,0,0,-66,-65,0,0,-66,-57,0,0,0,-74,-75,0,0,0,0,0,0,0,0,0,0,-58,-58
-71,-70,0,0,0,0,0,0,0,0,-78,-77,0,0,-70,-68,0,0,0,-69,0,0,0,-66,0,0,-67,-66,0,0,-66,-65,0,0,-66,-57,0,0,0,-74,-75,0,0,0,0,0,0,0,0,0,0,-58,-58
-71,-70,0,0,0,0,0,-73,0,0,-78,-77,0,0,-70,-68,0,0,0,-69,0,0,-68,-65,0,0,-67,-66,0,0,-66,-65,0,0,-66,-57,0,0,0,-74,-75,0,0,0,0,0,0,0,0,0,0,-61,-54
-71,-70,0,0,0,0,0,-73,0,0,-78,-77,0,0,-70,-68,0,0,0,-69,0,0,-68,-65,0,0,-67,-66,0,0,-66,-65,0,0,-66,-57,0,0,0,-74,-75,0,0,0,0,0,0,0,0,0,0,-61,-54
-71,-70,0,0,0,0,0,-73,0,0,-78,-77,0,0,-70,-68,0,0,0,-69,0,0,-68,-62,0,0,-67,-66,0,0,-66,-65,0,0,-66,-57,0,0,0,-74,-75,0,0,0,0,0,0,0,0,0,0,-61,-54
-71,-70,0,0,0,0,0,-69,0,0,-78,-77,0,0,-70,-68,0,0,-70,-69,0,0,-68,-61,0,0,-70,-66,0,0,-66,-66,0,0,-66,-57,0,0,0,-74,-75,0,0,0,0,0,0,0,0,0,0,-54,-51
-71,-70,0,0,0,0,0,-69,0,0,-78,-77,0,0,-70,-68,0,0,-70,-69,0,0,-68,-62,0,0,-70,-66,0,0,-66,-66,0,0,-66,-57,0,0,0,-74,-75,0,0,0,0,0,0,0,0,0,0,-54,-51
-71,-70,0,0,0,0,0,-69,0,0,-78,-77,0,0,-70,-68,0,0,-70,-69,0,0,-68,-64,0,0,-70,-66,0,0,-66,-66,0,0,-66,-57,0,0,0,-74,-75,0,0,0,0,0,0,0,0,0,0,-54,-51
-71,-70,0,0,0,0,0,-69,0,0,-78,-77,0,0,-70,-65,0,0,-70,-69,0,0,-68,-66,0,0,-69,-66,0,0,-66,-66,0,0,-66,-63,0,0,0,-74,-75,0,0,0,0,0,0,0,0,0,0,-54,-50
-71,-70,0,0,0,0,0,-69,0,0,-78,-77,0,0,-70,-65,0,0,-70,-69,0,0,-68,-66,0,0,-69,-66,0,0,-66,-66,0,0,-66,-63,0,0,0,-74,-75,0,0,0,0,0,0,0,0,0,0,-54,-50
-71,-70,0,0,0,0,0,-69,0,0,0,0,0,0,0,-65,0,0,-70,-69,0,0,-68,-66,0,0,-69,-66,0,0,-66,-66,0,0,-66,-63,0,0,0,-74,0,0,0,0,0,0,0,0,0,0,0,-54,-50
-71,-70,0,0,0,0,0,-69,0,0,0,0,0,0,0,-65,0,0,-70,-69,0,0,-68,-66,0,0,-69,-66,0,0,-66,-66,0,0,-66,-63,0,0,0,-74,0,0,0,0,0,0,0,0,0,0,0,-54,-50
-71,-69,0,0,0,0,0,-69,0,0,0,0,0,0,0,-65,0,0,-70,-68,0,0,-68,-66,0,0,-69,-66,0,0,-69,-66,0,0,-66,-61,0,0,0,-74,0,0,0,0,0,0,0,0,0,0,0,-58,-55
-71,-69,0,0,0,0,0,-69,0,0,0,0,0,0,0,-65,0,0,-70,-68,0,0,-68,-65,0,0,-69,-66,0,0,-69,-66,0,0,0,-61,0,0,0,-74,0,0,0,0,0,0,0,0,0,0,0,-58,-55
-71,-69,0,0,0,0,0,-69,0,0,0,0,0,0,0,-65,0,0,-70,-68,0,0,-68,-66,0,0,-69,-66,0,0,-69,-66,0,0,0,-61,0,0,0,-74,0,0,0,0,0,0,0,0,0,0,0,-58,-55
-71,-69,0,0,0,0,0,-69,0,0,0,0,0,0,-68,-65,0,0,-70,-68,0,0,-68,-66,0,0,-69,-66,0,0,-69,-66,0,0,0,-61,0,0,0,-74,0,0,0,0,0,0,0,0,0,0,0,-57,-54
-71,-69,0,0,0,0,0,-69,0,0,0,0,0,0,-68,-65,0,0,-70,-68,0,0,-68,-65,0,0,-69,-66,0,0,-69,-66,0,0,0,-61,0,0,0,-74,0,0,0,0,0,0,0,0,0,0,0,-57,-54
-71,-69,0,0,0,0,0,-69,0,0,0,0,0,0,-68,-65,0,0,-70,-68,0,0,-68,-65,0,0,-69,-66,0,0,-69,-66,0,0,0,-61,0,0,0,-74,0,0,0,0,0,0,0,0,0,0,0,-57,-54
-71,-69,0,0,0,0,0,-70,0,0,0,0,0,0,-68,-65,0,0,-70,-68,0,0,-66,-64,0,0,-68,-66,0,0,-69,-66,0,0,0,-61,0,0,0,-74,0,0,0,0,0,0,0,0,0,0,0,-55,-52
-71,-69,0,0,0,0,0,-70,0,0,0,0,0,0,-68,-65,0,0,-70,-68,0,0,-66,-64,0,0,-68,-66,0,0,-69,-66,0,0,0,-61,0,0,0,-74,0,0,0,0,0,0,0,0,0,0,0,-55,-52
-71,-69,0,0,0,0,0,-70,0,0,0,0,0,0,-68,-65,0,0,-70,-68,0,0,-66,-65,0,0,-68,-66,0,0,-69,-66,0,0,0,-61,0,0,0,-74,0,0,0,0,0,0,0,0,0,0,0,-55,-52
-72,-70,0,0,0,0,0,-70,0,0,0,0,0,0,-68,-65,0,0,-70,-68,0,0,-66,-65,0,0,-68,-71,0,0,-68,-63,0,0,0,-64,0,0,0,-74,0,0,0,0,0,0,0,0,0,0,0,-55,-49
-72,-70,0,0,0,0,0,-70,0,0,0,0,0,0,-68,-65,0,0,-70,-68,0,0,-66,-65,0,0,-68,-71,0,0,-68,-63,0,0,0,-64,0,0,0,-74,0,0,0,0,0,0,0,0,0,0,0,-55,-49
-72,-70,0,0,0,0,0,-70,0,0,0,0,0,0,-68,-65,0,0,0,-68,0,0,-66,-65,0,0,-68,-71,0,0,-68,-63,0,0,0,-64,0,0,0,0,0,0,0,0,0,0,0,0,0,0,0,-55,-49
-72,-70,0,0,0,0,0,-71,0,0,-79,-79,0,0,-68,-65,0,0,0,-68,0,0,-66,-65,0,0,-68,-71,0,0,-68,-63,0,0,0,-60,0,0,0,0,0,0,0,0,0,0,0,0,0,0,0,-57,-49
-72,-70,0,0,0,0,0,-71,0,0,-79,-79,0,0,-68,-65,0,0,0,-68,0,0,-66,-65,0,0,-68,-71,0,0,-68,-63,0,0,0,-60,0,0,0,0,0,0,0,0,0,0,0,0,0,0,0,-57,-49
-72,-70,0,0,0,0,0,-71,0,0,-79,-79,0,0,-68,0,0,0,0,-68,0,0,-66,-67,0,0,-68,-71,0,0,-68,-63,0,0,0,-60,0,0,0,0,0,0,0,0,0,0,0,0,0,0,0,-57,-49
-72,-69,0,0,0,0,0,-71,0,0,-79,-79,0,0,-68,-63,0,0,0,-68,0,0,-66,-67,0,0,-67,-66,0,0,-68,-63,0,0,0,-60,0,0,0,0,0,0,0,0,0,0,0,0,0,0,0,-50,-51
-72,-69,0,0,0,0,0,-71,0,0,-79,-79,0,0,-68,-63,0,0,0,-68,0,0,-66,-66,0,0,-67,-66,0,0,-68,-63,0,0,0,-60,0,0,0,0,0,0,0,0,0,0,0,0,0,0,0,-50,-51
-72,-69,0,0,0,0,0,-71,0,0,-79,-79,0,0,-68,-63,0,0,0,0,0,0,-66,-65,0,0,-67,-66,0,0,-68,-63,0,0,0,-60,0,0,0,0,0,0,0,0,0,0,0,0,0,0,0,-50,-51
-70,-70,0,0,0,0,0,-72,0,0,-79,-79,0,0,-68,-65,0,0,0,0,0,0,-66,-65,0,0,-67,-66,0,0,-71,-72,0,0,0,-60,0,0,0,0,0,0,0,0,0,0,0,0,0,0,0,-49,-50
-70,-70,0,0,0,0,0,-72,0,0,-79,-79,0,0,-68,-65,0,0,0,0,0,0,-66,-65,0,0,-67,-66,0,0,-71,-72,0,0,0,-60,0,0,0,0,0,0,0,0,0,0,0,0,0,0,0,-49,-50
-70,-70,0,0,0,0,0,-72,0,0,-79,-79,0,0,0,-65,0,0,0,0,0,0,-66,-65,0,0,-67,-66,0,0,-71,-72,0,0,0,-60,0,0,0,0,0,0,0,0,0,0,0,0,0,0,0,-49,-50
-70,-70,0,0,0,0,0,-72,0,0,-79,-79,0,0,0,-65,0,0,0,-69,0,0,-66,-65,0,0,-67,-67,0,0,-71,-65,0,0,0,-64,0,0,0,0,0,0,0,0,0,0,0,0,0,0,0,-53,-47
-70,-70,0,0,0,0,0,-72,0,0,-79,-79,0,0,0,-65,0,0,0,-69,0,0,-66,-64,0,0,-67,-67,0,0,-71,-65,0,0,0,-64,0,0,0,0,0,0,0,0,0,0,0,0,0,0,0,-53,-47
-70,-70,0,0,0,0,0,-72,0,0,-79,-79,0,0,0,-65,0,0,0,-69,0,0,0,-65,0,0,-67,-67,0,0,-71,-65,0,0,0,-64,0,0,0,0,0,0,0,0,0,0,0,0,0,0,0,-53,-47
-71,-69,0,0,0,0,0,-72,0,0,-79,-79,0,0,-69,-65,0,0,0,-69,0,0,0,-66,0,0,-67,-67,0,0,-71,-65,0,0,0,-64,0,0,0,0,0,0,0,0,0,0,0,0,0,0,0,-52,-47
-71,-69,0,0,0,0,0,-72,0,0,-79,-79,0,0,-69,-65,0,0,0,-69,0,0,0,-66,0,0,-67,-67,0,0,-71,-65,0,0,0,-64,0,0,0,0,0,0,0,0,0,0,0,0,0,0,0,-52,-47
-71,-69,0,0,0,0,0,-72,0,0,-79,-79,0,0,-69,-65,0,0,0,-69,0,0,0,-66,0,0,-67,-67,0,0,-71,-65,0,0,0,-64,0,0,0,0,0,0,0,0,0,0,0,0,0,0,0,-52,-47
-71,-69,0,0,0,0,0,-72,0,0,-79,-79,0,0,-66,-65,0,0,0,-69,0,0,0,-65,0,0,-67,-67,0,0,-71,-65,0,0,0,-64,0,0,0,0,0,0,0,0,0,0,0,0,0,0,0,-53,-51
-71,-69,0,0,0,0,0,-72,0,0,-79,-79,0,0,-66,-65,0,0,0,-69,0,0,0,-65,0,0,-67,-67,0,0,-71,-65,0,0,0,-64,0,0,0,0,0,0,0,0,0,0,0,0,0,0,0,-53,-51
-71,-69,0,0,0,0,0,-72,0,0,0,0,0,0,-66,-65,0,0,0,-69,0,0,0,-65,0,0,-67,-67,0,0,-71,-65,0,0,0,-64,0,0,0,0,0,0,0,0,0,0,0,0,0,0,0,-53,-51
-69,-67,0,0,0,0,0,-72,0,0,0,0,0,0,-66,-65,0,0,0,-69,0,0,0,-65,0,0,-67,-74,0,0,-73,-71,0,0,0,-64,0,0,0,0,0,0,0,0,0,0,0,0,0,0,0,-51,-55
-69,-67,0,0,0,0,0,-72,0,0,0,0,0,0,-66,-65,0,0,0,-69,0,0,0,-65,0,0,-67,-74,0,0,-73,-71,0,0,0,-64,0,0,0,0,0,0,0,0,0,0,0,0,0,0,0,-51,-55
-69,-67,0,0,0,0,0,-72,0,0,0,0,0,0,-66,-65,0,0,0,-69,0,0,0,-66,0,0,0,-74,0,0,-73,-71,0,0,0,-64,0,0,0,0,0,0,0,0,0,0,0,0,0,0,0,-51,-55
-69,-67,0,0,0,0,0,-72,0,0,0,0,0,0,-66,-65,0,0,0,-73,0,0,0,-65,0,0,-65,-68,0,0,-73,-71,0,0,0,-64,0,0,0,0,0,0,0,0,0,0,0,0,0,0,0,-55,-51
-69,-67,0,0,0,0,0,-72,0,0,0,0,0,0,-66,-65,0,0,0,-73,0,0,0,-65,0,0,-65,-68,0,0,-73,-71,0,0,0,-64,0,0,0,0,0,0,0,0,0,0,0,0,0,0,0,-55,-51
-69,-67,0,0,0,0,0,0,0,0,0,0,0,0,-66,-65,0,0,0,-73,0,0,0,-67,0,0,-65,-68,0,0,-73,-71,0,0,0,-64,0,0,0,0,0,0,0,0,0,0,0,0,0,0,0,-55,-51
-69,-67,0,0,0,0,0,0,0,0,0,-73,0,0,-66,-65,0,0,0,-73,0,0,0,-68,0,0,-65,-68,0,0,-73,-71,0,0,-67,-64,0,0,0,0,0,0,0,0,0,0,0,0,0,0,0,-55,-51
-69,-67,0,0,0,0,0,0,0,0,0,-73,0,0,-66,-65,0,0,0,-73,0,0,0,-67,0,0,-65,-68,0,0,-73,-71,0,0,-67,-64,0,0,0,0,0,0,0,0,0,0,0,0,0,0,0,-55,-51
-69,-67,0,0,0,0,0,0,0,0,0,-73,0,0,-66,-65,0,0,0,-73,0,0,0,-67,0,0,-65,-68,0,0,-73,-71,0,0,-67,0,0,0,0,0,0,0,0,0,0,0,0,0,0,0,0,-55,-51
-69,-67,0,0,0,0,0,0,0,0,0,-73,0,0,-69,-67,0,0,0,-73,0,0,0,-67,0,0,-68,-68,0,0,-73,-71,0,0,-67,-63,0,0,0,0,0,0,0,0,0,0,0,0,0,0,0,-56,-50
-69,-67,0,0,0,0,0,0,0,0,0,-73,0,0,-69,-67,0,0,0,-73,0,0,0,-66,0,0,-68,-68,0,0,-73,-71,0,0,-67,-63,0,0,0,0,0,0,0,0,0,0,0,0,0,0,0,-56,-50
-69,-67,0,0,0,0,0,0,0,0,0,-73,0,0,-69,-67,0,0,0,-73,0,0,0,-65,0,0,-68,-68,0,0,-73,-71,0,0,-67,-63,0,0,0,0,0,0,0,0,0,0,0,0,0,0,0,-56,-50
-69,-67,0,0,0,0,0,0,0,0,0,-73,0,0,-69,-70,0,0,0,-73,0,0,0,-65,0,0,-68,-68,0,0,-73,-71,0,0,-67,-63,0,0,0,0,0,0,0,0,0,0,0,0,0,0,0,-55,-50
-69,-67,0,0,0,0,0,0,0,0,0,-73,0,0,-69,-70,0,0,0,-73,0,0,0,-65,0,0,-68,-68,0,0,-73,-71,0,0,-67,-63,0,0,0,0,0,0,0,0,0,0,0,0,0,0,0,-55,-50
-69,-67,0,0,0,0,0,0,0,0,0,-73,0,0,-69,-70,0,0,0,-73,0,0,0,-65,0,0,-68,-68,0,0,-73,-71,0,0,-67,-63,0,0,0,0,0,0,0,0,0,0,0,0,0,0,0,-55,-50
-69,-68,0,0,0,0,0,0,0,0,0,-73,0,0,-69,-67,0,0,0,-73,0,0,0,-67,0,0,-68,-68,0,0,-73,-71,0,0,-67,-63,0,0,0,0,0,0,0,0,0,0,0,0,0,0,0,-55,-50
-69,-68,0,0,0,0,0,0,0,0,0,-73,0,0,-69,-67,0,0,0,-73,0,0,0,-67,0,0,-68,-68,0,0,-73,-71,0,0,-67,-63,0,0,0,0,0,0,0,0,0,0,0,0,0,0,0,-55,-50
0,-68,0,0,0,0,0,0,0,0,0,-73,0,0,-69,-67,0,0,0,-73,0,0,0,-67,0,0,-68,-68,0,0,0,0,0,0,-67,-63,0,0,0,0,0,0,0,0,0,0,0,0,0,0,0,-55,-50
0,-68,0,0,0,0,0,0,0,0,0,-73,0,0,-69,-67,0,0,0,-73,0,0,-65,-66,0,0,-68,-66,0,0,0,0,0,0,-67,-66,0,0,0,0,0,0,0,0,0,0,0,0,0,0,0,-58,-51
0,-68,0,0,0,0,0,0,0,0,0,-73,0,0,-69,-67,0,0,0,-73,0,0,-65,-66,0,0,-68,-66,0,0,0,0,0,0,-67,-66,0,0,0,0,0,0,0,0,0,0,0,0,0,0,0,-58,-51
0,-68,0,0,0,0,0,0,0,0,0,-73,0,0,-69,-67,0,0,0,0,0,0,-65,-65,0,0,-68,-66,0,0,0,0,0,0,-67,-66,0,0,0,0,0,0,0,0,0,0,0,0,0,0,0,-58,-51
0,-68,0,0,0,0,0,0,0,0,0,-73,0,0,-69,-67,0,0,0,0,0,0,-65,-65,0,0,-68,-66,0,0,0,-67,0,0,-67,-66,0,0,0,0,0,0,0,0,0,0,0,0,0,0,0,-59,-53
0,-68,0,0,0,0,0,0,0,0,0,-73,0,0,-69,-67,0,0,0,0,0,0,-65,-65,0,0,-68,-66,0,0,0,-67,0,0,-67,-66,0,0,0,0,0,0,0,0,0,0,0,0,0,0,0,-59,-53
0,-68,0,0,0,0,0,0,0,0,0,0,0,0,-69,-67,0,0,0,0,0,0,-65,-66,0,0,-68,-66,0,0,0,-67,0,0,-67,-66,0,0,0,0,0,0,0,0,0,0,0,0,0,0,0,-59,-53
0,-68,0,0,0,0,0,0,0,0,-76,-78,0,0,-69,-67,0,0,0,0,0,0,-65,-67,0,0,-68,-66,0,0,-70,-67,0,0,-67,-64,0,0,0,0,-67,0,0,0,0,0,0,0,0,0,0,-57,-52
0,-68,0,0,0,0,0,0,0,0,-76,-78,0,0,-69,-67,0,0,0,0,0,0,-65,-65,0,0,-68,-66,0,0,-70,-67,0,0,-67,-64,0,0,0,0,-67,0,0,0,0,0,0,0,0,0,0,-57,-52
0,-68,0,0,0,0,0,0,0,0,-76,-78,0,0,0,-67,0,0,0,0,0,0,-65,-65,0,0,0,-66,0,0,-70,-67,0,0,-67,-64,0,0,0,0,-67,0,0,0,0,0,0,0,0,0,0,-57,-52
0,-68,0,0,0,0,0,-75,0,0,-76,-78,0,0,0,-66,0,0,-72,-71,0,0,-65,-65,0,0,0,-66,0,0,-70,-65,0,0,-67,-64,0,0,0,0,-67,0,0,0,0,0,0,0,0,0,0,-56,-52
0,-68,0,0,0,0,0,-75,0,0,-76,-78,0,0,0,-66,0,0,-72,-71,0,0,-65,-64,0,0,0,-66,0,0,-70,-65,0,0,-67,-64,0,0,0,0,-67,0,0,0,0,0,0,0,0,0,0,-56,-52
0,-68,0,0,0,0,0,-75,0,0,-76,-78,0,0,0,-66,0,0,-72,-71,0,0,-65,-64,0,0,0,-66,0,0,-70,-65,0,0,-67,-64,0,0,0,0,-67,0,0,0,0,0,0,0,0,0,0,-56,-52
-75,-73,0,0,0,0,0,-75,0,0,-76,-78,0,0,0,-64,0,0,-72,-71,0,0,-65,-65,0,0,0,-66,0,0,-70,-65,0,0,-67,-64,0,0,0,0,-67,0,0,0,0,0,0,0,0,0,0,-59,-56
-75,-73,0,0,0,0,0,-75,0,0,-76,-78,0,0,0,-64,0,0,-72,-71,0,0,-65,-65,0,0,0,-66,0,0,-70,-65,0,0,-67,-64,0,0,0,0,-67,0,0,0,0,0,0,0,0,0,0,-59,-56
-75,-73,0,0,0,0,0,-75,0,0,-76,-78,0,0,0,-64,0,0,-72,-71,0,0,-65,-65,0,0,0,-66,0,0,-70,-65,0,0,0,-64,0,0,0,0,-67,0,0,0,0,0,0,0,0,0,0,-59,-56
-75,-67,0,0,0,0,0,-75,0,0,-76,-78,0,0,0,-64,0,0,-72,-71,0,0,-65,-65,0,0,0,-66,0,0,-72,-69,0,0,0,-64,0,0,0,0,-67,0,0,0,0,0,0,0,0,0,0,-55,-54
-75,-67,0,0,0,0,0,-75,0,0,-76,-78,0,0,0,-64,0,0,-72,-71,0,0,-65,-65,0,0,0,-66,0,0,-72,-69,0,0,0,-64,0,0,0,0,-67,0,0,0,0,0,0,0,0,0,0,-55,-54
-75,-67,0,0,0,0,0,-75,0,0,-76,-78,0,0,0,-64,0,0,-72,-71,0,0,0,-64,0,0,0,0,0,0,-72,-69,0,0,0,-64,0,0,0,0,-67,0,0,0,0,0,0,0,0,0,0,-55,-54
-75,-69,0,0,0,0,0,-75,0,0,-76,-78,0,0,0,-64,0,0,-72,-71,0,0,0,-64,0,0,0,0,0,0,-72,-69,0,0,0,-63,0,0,0,0,-67,0,0,0,0,0,0,0,0,0,0,-52,-55
-75,-69,0,0,0,0,0,-75,0,0,-76,-78,0,0,0,-64,0,0,-72,-71,0,0,0,-66,0,0,0,0,0,0,-72,-69,0,0,0,-63,0,0,0,0,-67,0,0,0,0,0,0,0,0,0,0,-52,-55
-75,-69,0,0,0,0,0,-75,0,0,-76,-78,0,0,0,-64,0,0,-72,-71,0,0,0,-68,0,0,0,0,0,0,-72,-69,0,0,0,-63,0,0,0,0,-67,0,0,0,0,0,0,0,0,0,0,-52,-55
-75,-69,0,0,0,0,0,-75,0,0,-76,-78,0,0,0,-64,0,0,-72,-71,0,0,-63,-66,0,0,0,0,0,0,-72,-69,0,0,-67,-63,0,0,0,0,-67,0,0,0,0,0,0,0,0,0,0,-57,-57
-75,-69,0,0,0,0,0,-75,0,0,-76,-78,0,0,0,-64,0,0,-72,-71,0,0,-63,-65,0,0,0,0,0,0,-72,-69,0,0,-67,-63,0,0,0,0,-67,0,0,0,0,0,0,0,0,0,0,-57,-57
-75,-69,0,0,0,0,0,-75,0,0,0,0,0,0,0,-64,0,0,-72,-71,0,0,-63,-64,0,0,0,0,0,0,-72,-69,0,0,-67,-63,0,0,0,0,0,0,0,0,0,0,0,0,0,0,0,-57,-57
-75,-69,0,0,0,0,0,-75,0,0,-79,-76,0,0,0,-64,0,0,-72,-69,0,0,-63,-65,0,0,-64,0,0,0,-72,-69,0,0,-67,-63,0,0,0,0,0,0,0,0,0,0,0,0,0,0,0,-55,-54
-75,-69,0,0,0,0,0,-75,0,0,-79,-76,0,0,0,-64,0,0,-72,-69,0,0,-63,-65,0,0,-64,0,0,0,-72,-69,0,0,-67,-63,0,0,0,0,0,0,0,0,0,0,0,0,0,0,0,-55,-54
-75,-69,0,0,0,0,0,0,0,0,-79,-76,0,0,0,-64,0,0,0,-69,0,0,-63,-64,0,0,-64,0,0,0,-72,-69,0,0,-67,-63,0,0,0,0,0,0,0,0,0,0,0,0,0,0,0,-55,-54
-75,-69,0,0,0,0,0,0,0,0,-79,-76,0,0,0,-64,0,0,0,-69,0,0,-63,-64,0,0,-64,0,0,0,-69,-67,0,0,-63,-60,0,0,0,0,0,0,0,0,0,0,0,0,0,0,0,-52,-54
-75,-69,0,0,0,0,0,0,0,0,-79,-76,0,0,0,-64,0,0,0,-69,0,0,-63,-65,0,0,-64,0,0,0,-69,-67,0,0,-63,-60,0,0,0,0,0,0,0,0,0,0,0,0,0,0,0,-52,-54
0,-69,0,0,0,0,0,0,0,0,-79,-76,0,0,0,-64,0,0,0,-69,0,0,-63,-66,0,0,-64,0,0,0,-69,-67,0,0,-63,-60,0,0,0,0,0,0,0,0,0,0,0,0,0,0,0,-52,-54
0,-71,0,0,0,0,0,0,0,0,-79,-76,0,0,0,-64,0,0,0,-69,0,0,-63,-66,0,0,-64,0,0,0,-69,-67,0,0,-63,-60,0,0,0,0,0,0,0,0,0,0,0,0,-79,0,0,-54,-50
0,-71,0,0,0,0,0,0,0,0,-79,-76,0,0,0,-64,0,0,0,-69,0,0,-63,-65,0,0,-64,0,0,0,-69,-67,0,0,-63,-60,0,0,0,0,0,0,0,0,0,0,0,0,-79,0,0,-54,-50
0,-71,0,0,0,0,0,0,0,0,-79,-76,0,0,0,-64,0,0,0,-69,0,0,-63,-65,0,0,-64,0,0,0,-69,-67,0,0,-63,-60,0,0,0,0,0,0,0,0,0,0,0,0,-79,0,0,-54,-50
-68,-67,0,0,0,0,0,-68,0,0,-79,-76,0,0,0,-64,0,0,0,-69,0,0,-63,-67,0,0,-64,0,0,0,-68,-64,0,0,-63,-58,0,0,0,0,0,0,0,0,0,0,0,0,-79,0,0,-55,-55
-68,-67,0,0,0,0,0,-68,0,0,-79,-76,0,0,0,-64,0,0,0,-69,0,0,-63,-64,0,0,-64,0,0,0,-68,-64,0,0,-63,-58,0,0,0,0,0,0,0,0,0,0,0,0,-79,0,0,-55,-55
-68,-67,0,0,0,0,0,-68,0,0,-79,-76,0,0,0,-64,0,0,0,-69,0,0,-63,-64,0,0,-64,0,0,0,-68,-64,0,0,-63,-58,0,0,0,0,0,0,0,0,0,0,0,0,-79,0,0,-55,-55
-68,-67,0,0,0,0,0,-72,0,0,-79,-76,0,0,0,-64,0,0,0,-69,0,0,-62,-63,0,0,-64,-73,0,0,-68,-64,0,0,-63,-58,0,0,0,0,0,0,0,0,0,0,0,0,-79,0,0,-55,-55
-68,-67,0,0,0,0,0,-72,0,0,-79,-76,0,0,0,-64,0,0,0,-69,0,0,-62,-63,0,0,-64,-73,0,0,-68,-64,0,0,-63,-58,0,0,0,0,0,0,0,0,0,0,0,0,-79,0,0,-55,-55
-68,-67,0,0,0,0,0,-72,0,0,-79,-76,0,0,0,-64,0,0,0,-69,0,0,-62,-65,0,0,-64,-73,0,0,-68,-64,0,0,-63,-58,0,0,0,0,0,0,0,0,0,0,0,0,-79,0,0,-55,-55
-68,-67,0,0,0,0,0,-72,0,0,-79,-76,0,0,-69,-66,0,0,0,-69,0,0,-62,-66,0,0,-64,-70,0,0,-67,-64,0,0,-65,-61,0,0,0,0,0,0,0,0,0,0,0,0,-79,0,0,-53,-55
-68,-67,0,0,0,0,0,-72,0,0,0,0,0,0,-69,-66,0,0,0,0,0,0,-62,-66,0,0,0,-70,0,0,-67,-64,0,0,-65,-61,0,0,0,0,0,0,0,0,0,0,0,0,-79,0,0,-53,-55
-68,-67,0,0,0,0,0,-72,0,0,0,0,0,0,-69,-66,0,0,0,0,0,0,-62,-66,0,0,0,-70,0,0,-67,-64,0,0,-65,-61,0,0,0,0,0,0,0,0,0,0,0,0,-79,0,0,-53,-55
-68,-69,0,0,0,0,0,-72,0,0,0,0,0,0,-69,-66,0,0,0,0,0,0,-62,-64,0,0,0,-70,0,0,-67,-66,0,0,-65,-65,0,0,0,0,0,0,0,0,0,0,0,0,-79,0,0,-53,-57
-68,-69,0,0,0,0,0,-72,0,0,0,0,0,0,-69,-66,0,0,0,0,0,0,-62,-64,0,0,0,-70,0,0,-67,-66,0,0,-65,-65,0,0,0,0,0,0,0,0,0,0,0,0,-79,0,0,-53,-57
-68,-69,0,0,0,0,0,-72,0,0,0,0,0,0,-69,-66,0,0,0,0,0,0,-62,-64,0,0,0,-70,0,0,-67,-66,0,0,-65,-65,0,0,0,0,0,0,0,0,0,0,0,0,-79,0,0,-53,-57
-68,-69,0,0,0,0,0,-72,0,0,0,0,0,0,-69,-66,0,0,0,0,0,0,-62,-65,0,0,0,-66,0,0,-68,-66,0,0,-65,-65,0,0,0,0,0,0,0,0,0,0,0,0,-79,0,0,-54,-56
-68,-69,0,0,0,0,0,-72,0,0,0,0,0,0,-69,-66,0,0,0,0,0,0,-62,-66,0,0,0,-66,0,0,-68,-66,0,0,-65,-65,0,0,0,0,0,0,0,0,0,0,0,0,-79,0,0,-54,-56
-68,-69,0,0,0,0,0,-72,0,0,0,0,0,0,-69,-66,0,0,0,0,0,0,-62,-65,0,0,0,-66,0,0,-68,-66,0,0,-65,-65,0,0,0,0,0,0,0,0,0,0,0,0,0,0,0,-54,-56
-70,-69,0,0,0,0,0,-72,0,0,0,0,0,0,-68,-66,0,0,0,0,0,0,-62,-65,0,0,0,-66,0,0,-68,-66,0,0,-65,-64,0,0,0,0,0,0,0,0,0,0,0,0,0,0,0,-55,-56
-70,-69,0,0,0,0,0,-72,0,0,0,0,0,0,-68,-66,0,0,0,0,0,0,-62,-65,0,0,0,-66,0,0,-68,-66,0,0,-65,-64,0,0,0,0,0,0,0,0,0,0,0,0,0,0,0,-55,-56
-70,-69,0,0,0,0,0,-72,0,0,0,0,0,0,-68,-66,0,0,0,0,0,0,-62,-64,0,0,0,-66,0,0,-68,-66,0,0,-65,-64,0,0,0,0,0,0,0,0,0,0,0,0,0,0,0,-55,-56
-70,-69,0,0,0,0,0,-69,0,0,0,0,0,0,-68,-66,0,0,0,0,0,0,-62,-64,0,0,0,-66,0,0,-68,-69,0,0,-65,-65,0,0,0,0,0,0,0,0,0,0,0,0,0,0,0,-49,-49
-70,-69,0,0,0,0,0,-69,0,0,0,0,0,0,-68,-66,0,0,0,0,0,0,-62,-64,0,0,0,-66,0,0,-68,-69,0,0,-65,-65,0,0,0,0,0,0,0,0,0,0,0,0,0,0,0,-49,-49
-70,-69,0,0,0,0,0,-69,0,0,0,0,0,0,-68,-66,0,0,0,0,0,0,0,-64,0,0,0,-66,0,0,-68,-69,0,0,-65,-65,0,0,0,0,0,0,0,0,0,0,0,0,0,0,0,-49,-49
-70,-69,0,0,-69,0,0,-69,0,0,0,0,0,0,-68,-66,0,0,0,0,0,0,0,-65,0,0,0,-66,0,0,-67,-69,0,0,-65,-61,0,0,0,0,0,0,0,0,0,0,0,0,0,0,0,-52,-55
-70,-69,0,0,-69,0,0,-69,0,0,0,0,0,0,-68,-66,0,0,0,0,0,0,0,-65,0,0,0,-66,0,0,-67,-69,0,0,-65,-61,0,0,0,0,0,0,0,0,0,0,0,0,0,0,0,-52,-55
-70,-69,0,0,-69,0,0,-69,0,0,0,0,0,0,-68,-66,0,0,0,0,0,0,0,-62,0,0,0,-66,0,0,-67,-69,0,0,0,-61,0,0,0,0,0,0,0,0,0,0,0,0,0,0,0,-52,-55
-70,-69,0,0,-69,0,0,-70,0,0,0,0,0,0,-68,-66,0,0,0,0,0,0,-63,-61,0,0,-75,-74,0,0,-67,-69,0,0,-62,-58,0,0,0,0,0,0,0,0,0,0,0,0,0,0,0,-52,-51
-70,-69,0,0,-69,0,0,-70,0,0,0,0,0,0,-68,-66,0,0,0,0,0,0,-63,-61,0,0,-75,-74,0,0,-67,-69,0,0,-62,-58,0,0,0,0,0,0,0,0,0,0,0,0,0,0,0,-52,-51
-70,-69,0,0,-69,0,0,-70,0,0,0,0,0,0,-68,-66,0,0,0,0,0,0,-63,-61,0,0,-75,-74,0,0,-67,-69,0,0,-62,-58,0,0,0,0,0,0,0,0,0,0,0,0,0,0,0,-52,-51
-70,-69,0,0,-69,0,0,-70,0,0,0,0,0,0,-68,-66,0,0,0,0,0,0,-63,-60,0,0,-75,-74,0,0,-67,-69,0,0,-62,-58,0,0,0,0,0,0,0,0,0,0,0,0,0,0,0,-54,-52
-70,-69,0,0,-69,0,0,-70,0,0,0,0,0,0,-68,-66,0,0,0,0,0,0,-63,-61,0,0,-75,-74,0,0,-67,-69,0,0,-62,-58,0,0,0,0,0,0,0,0,0,0,0,0,0,0,0,-54,-52
-70,-69,0,0,-69,0,0,-70,0,0,0,0,0,0,-68,-66,0,0,0,0,0,0,-63,-63,0,0,-75,-74,0,0,-67,-69,0,0,-62,-58,0,0,0,0,0,0,0,0,0,0,0,0,0,0,0,-54,-52
-70,-69,0,0,-69,0,0,-70,0,0,0,0,0,0,-68,-68,0,0,0,0,0,0,-63,-66,0,0,-65,-74,0,0,-67,-69,0,0,-62,-58,0,0,0,0,0,0,0,0,0,0,0,0,0,0,0,-51,-50
-70,-69,0,0,-69,0,0,-70,0,0,0,0,0,0,-68,-68,0,0,0,0,0,0,-63,-68,0,0,-65,-74,0,0,-67,-69,0,0,-62,-58,0,0,0,0,0,0,0,0,0,0,0,0,0,0,0,-51,-50
0,0,0,0,-69,0,0,-70,0,0,0,0,0,0,0,-68,0,0,0,0,0,0,-63,-70,0,0,-65,-74,0,0,-67,-69,0,0,-62,-58,0,0,0,0,0,0,0,0,0,0,0,0,0,0,0,-51,-50
-72,-70,0,0,-69,0,0,-67,0,0,0,0,0,0,0,-68,0,0,0,0,0,0,-63,-70,0,0,-65,-74,0,0,-67,-69,0,0,-62,-58,0,0,0,0,0,0,0,0,0,0,0,0,0,0,0,-51,-54
-72,-70,0,0,-69,0,0,-67,0,0,0,0,0,0,0,-68,0,0,0,0,0,0,-63,-71,0,0,-65,-74,0,0,-67,-69,0,0,-62,-58,0,0,0,0,0,0,0,0,0,0,0,0,0,0,0,-51,-54
-72,-70,0,0,-69,0,0,-67,0,0,0,0,0,0,0,-68,0,0,0,0,0,0,-63,-70,0,0,-65,-74,0,0,-67,0,0,0,-62,-58,0,0,0,0,0,0,0,0,0,0,0,0,0,0,0,-51,-54
-70,-66,0,0,-70,0,0,-67,0,0,0,0,0,0,0,-68,0,0,0,0,0,0,-63,-66,0,0,-65,-74,0,0,-67,0,0,0,-62,-60,0,0,0,0,0,0,0,0,0,0,0,0,-85,0,0,-55,-58
-70,-66,0,0,-70,0,0,-67,0,0,0,0,0,0,0,-68,0,0,0,0,0,0,-63,-66,0,0,-65,-74,0,0,-67,0,0,0,-62,-60,0,0,0,0,0,0,0,0,0,0,0,0,-85,0,0,-55,-58
-70,-66,0,0,-70,0,0,-67,0,0,0,0,0,0,0,-68,0,0,0,0,0,0,-63,-65,0,0,-65,-74,0,0,0,0,0,0,-62,-60,0,0,0,0,0,0,0,0,0,0,0,0,-85,0,0,-55,-58
-70,-69,0,0,-70,0,0,-73,0,0,0,0,0,0,0,-68,0,0,0,0,0,0,-63,-65,0,0,-67,-75,0,0,-72,0,0,0,-62,-56,0,0,0,0,0,0,0,0,0,0,0,0,-85,0,0,-52,-50
-70,-69,0,0,-70,0,0,-73,0,0,0,0,0,0,0,-68,0,0,0,0,0,0,-63,-65,0,0,-67,-75,0,0,-72,0,0,0,-62,-56,0,0,0,0,0,0,0,0,0,0,0,0,-85,0,0,-52,-50
-70,-69,0,0,-70,0,0,-73,0,0,0,0,0,0,0,-68,0,0,0,0,0,0,0,-65,0,0,-67,-75,0,0,-72,0,0,0,0,-56,0,0,0,0,0,0,0,0,0,0,0,0,-85,0,0,-52,-50
-70,-69,0,0,-70,0,0,-73,0,0,0,0,0,0,0,-68,0,0,0,0,0,0,0,-67,0,0,-67,-75,0,0,-67,-71,0,0,0,-57,0,0,0,0,0,0,0,0,0,0,0,0,-85,0,0,-51,-53
-70,-69,0,0,-70,0,0,-73,0,0,0,0,0,0,0,-68,0,0,0,0,0,0,0,-67,0,0,-67,-75,0,0,-67,-71,0,0,0,-57,0,0,0,0,0,0,0,0,0,0,0,0,-85,0,0,-51,-53
-70,-69,0,0,-70,0,0,-73,0,0,0,0,0,0,0,-68,0,0,0,0,0,0,0,-67,0,0,-67,-75,0,0,-67,-71,0,0,0,-57,0,0,0,0,0,0,0,0,0,0,0,0,-85,0,0,-51,-53
-70,-67,0,0,-70,0,0,-73,0,0,0,0,0,0,0,-68,0,0,0,0,0,0,0,-67,0,0,-67,-75,0,0,-67,-71,0,0,-63,-57,0,0,0,0,0,0,0,0,0,0,0,0,-85,0,0,-48,-53
-70,-67,0,0,-70,0,0,-73,0,0,0,0,0,0,0,-68,0,0,0,0,0,0,0,-66,0,0,-67,-75,0,0,-67,-71,0,0,-63,-57,0,0,0,0,0,0,0,0,0,0,0,0,-85,0,0,-48,-53
-70,-67,0,0,-70,0,0,-73,0,0,0,0,0,0,0,-68,0,0,0,0,0,0,0,-64,0,0,-67,-75,0,0,-67,-71,0,0,-63,-57,0,0,0,0,0,0,0,0,0,0,0,0,-85,0,0,-48,-53
-70,-67,0,0,-70,0,0,-73,0,0,0,0,0,0,0,-68,0,0,0,0,0,0,-66,-64,0,0,-67,-75,0,0,-67,-71,0,0,-68,-64,0,0,0,0,0,0,0,0,0,0,0,0,-85,0,0,-56,-52
-70,-67,0,0,-70,0,0,-73,0,0,0,0,0,0,0,-68,0,0,0,0,0,0,-66,-64,0,0,-67,-75,0,0,-67,-71,0,0,-68,-64,0,0,0,0,0,0,0,0,0,0,0,0,-85,0,0,-56,-52
-70,-67,0,0,-70,0,0,-73,0,0,0,0,0,0,0,0,0,0,0,0,0,0,-66,-64,0,0,-67,-75,0,0,-67,-71,0,0,-68,-64,0,0,0,0,0,0,0,0,0,0,0,0,-85,0,0,-56,-52
-70,-67,0,0,-70,0,0,-73,0,0,-76,-72,0,0,0,0,0,0,0,0,0,0,-66,-66,0,0,-67,-65,0,0,-67,-71,0,0,-68,-64,0,0,0,-68,-69,0,0,0,0,0,0,0,-85,0,0,-56,-59
-70,-67,0,0,-70,0,0,-71,0,0,-76,-72,0,0,0,-64,0,0,0,0,0,0,-66,-66,0,0,-67,-65,0,0,-67,-71,0,0,-68,-64,0,0,0,-68,-69,0,0,0,0,0,0,0,-85,0,0,-56,-61
-70,-67,0,0,-70,0,0,-71,0,0,-76,-72,0,0,0,-64,0,0,0,0,0,0,-66,-65,0,0,-67,-65,0,0,-67,-71,0,0,-68,-64,0,0,0,-68,-69,0,0,0,0,0,0,0,0,0,0,-56,-61
-70,-67,0,0,-70,0,0,-71,0,0,-76,-72,0,0,0,-64,0,0,0,0,0,0,-66,-64,0,0,-67,-65,0,0,-67,-71,0,0,-68,-64,0,0,0,-68,-69,0,0,0,0,0,0,0,0,0,0,-56,-61
-70,-67,0,0,-70,0,0,-70,0,0,-76,-72,0,0,-68,-64,0,0,0,-67,0,0,-66,-63,0,0,-67,-65,0,0,-67,-71,0,0,-68,-64,0,0,0,-68,-69,0,0,0,0,0,0,0,0,0,0,-55,-53
-70,-67,0,0,-70,0,0,-70,0,0,-76,-72,0,0,-68,-64,0,0,0,-67,0,0,-66,-63,0,0,0,-65,0,0,-67,-71,0,0,-68,-64,0,0,0,-68,-69,0,0,0,0,0,0,0,0,0,0,-55,-53
-70,-67,0,0,-70,0,0,-70,0,0,-76,-72,0,0,-68,-64,0,0,0,-67,0,0,-66,-64,0,0,0,-65,0,0,-67,-71,0,0,-68,-64,0,0,0,-68,-69,0,0,0,0,0,0,0,0,0,0,-55,-53
-70,-67,0,0,-70,0,0,-70,0,0,-76,-72,0,0,-68,-64,0,0,0,-67,0,0,-66,-64,0,0,0,-65,0,0,-64,-71,0,0,-68,-72,0,0,0,-68,-69,0,0,0,0,0,0,0,0,0,0,-56,-52
-70,-67,0,0,0,0,0,-70,0,0,-76,-72,0,0,-68,-64,0,0,0,-67,0,0,-66,-64,0,0,0,-65,0,0,-64,-71,0,0,-68,-72,0,0,0,-68,-69,0,0,0,0,0,0,0,0,0,0,-56,-52
0,0,0,0,0,0,0,-70,0,0,-76,-72,0,0,-68,-64,0,0,0,-67,0,0,-66,-64,0,0,0,-65,0,0,-64,0,0,0,-68,-72,0,0,0,-68,-69,0,0,0,0,0,0,0,0,0,0,-56,-52
0,-68,0,0,0,0,0,-70,0,0,-71,-70,0,0,-68,-65,0,0,0,-67,0,0,-66,-64,0,0,-65,-65,0,0,-65,0,0,0,-68,-67,0,0,0,-68,-69,0,0,0,0,0,0,0,0,0,0,-55,-50
0,-68,0,0,0,0,0,-70,0,0,-71,-70,0,0,-68,-65,0,0,0,-67,0,0,-66,-64,0,0,-65,-65,0,0,-65,0,0,0,-68,-67,0,0,0,-68,-69,0,0,0,0,0,0,0,0,0,0,-55,-50
0,-68,0,0,0,0,0,-70,0,0,-71,-70,0,0,-68,-65,0,0,0,-67,0,0,0,-63,0,0,-65,-65,0,0,-65,0,0,0,-68,-67,0,0,0,-68,-69,0,0,0,0,0,0,0,0,0,0,-55,-50
0,-68,0,0,0,0,0,-70,0,0,-71,-70,0,0,-67,-65,0,0,0,-67,0,0,0,-63,0,0,-65,-65,0,0,-65,0,0,0,-68,-67,0,0,0,-68,-69,0,0,0,0,0,0,0,0,0,0,-56,-50
0,-68,0,0,0,0,0,-70,0,0,-71,-70,0,0,-67,-65,0,0,0,-67,0,0,0,-64,0,0,-65,-65,0,0,-65,0,0,0,-68,-67,0,0,0,-68,-69,0,0,0,0,0,0,0,0,0,0,-56,-50
0,-68,0,0,0,0,0,-70,0,0,-71,-70,0,0,-67,-65,0,0,0,-67,0,0,0,-65,0,0,-65,-65,0,0,-65,0,0,0,-68,-67,0,0,0,0,0,0,0,0,0,0,0,0,0,0,0,-56,-50
0,-72,0,0,0,0,0,-70,0,0,-71,-70,0,0,-69,-65,0,0,0,-67,0,0,-61,-65,0,0,-69,-65,0,0,-65,0,0,0,-64,-60,0,0,0,0,0,0,0,0,0,0,0,0,0,0,0,-56,-55
0,-72,0,0,0,0,0,-70,0,0,-71,-70,0,0,-69,-65,0,0,0,-67,0,0,-61,-64,0,0,-69,-65,0,0,-65,0,0,0,-64,-60,0,0,0,0,0,0,0,0,0,0,0,0,0,0,0,-56,-55
0,-72,0,0,0,0,0,-70,0,0,-71,-70,0,0,-69,-65,0,0,0,-67,0,0,-61,-64,0,0,-69,-65,0,0,-65,0,0,0,-64,-60,0,0,0,0,0,0,0,0,0,0,0,0,0,0,0,-56,-55
0,-72,0,0,0,0,0,-72,0,0,-71,-70,0,0,-69,-65,0,0,0,-67,0,0,-61,-66,0,0,-69,-65,0,0,-65,0,0,0,-64,-59,0,0,0,0,0,0,0,0,0,0,0,0,0,0,0,-56,-55
0,-72,0,0,0,0,0,-72,0,0,-71,-70,0,0,-69,-65,0,0,0,-67,0,0,-61,-64,0,0,-69,-65,0,0,-65,0,0,0,-64,-59,0,0,0,0,0,0,0,0,0,0,0,0,0,0,0,-56,-55
0,-72,0,0,0,0,0,-72,0,0,-71,-70,0,0,-69,-65,0,0,0,0,0,0,-61,-63,0,0,-69,-65,0,0,-65,0,0,0,-64,-59,0,0,0,0,0,0,0,0,0,0,0,0,0,0,0,-56,-55
0,-72,0,0,0,0,0,-76,0,0,-71,-70,0,0,-69,-65,0,0,0,0,0,0,-61,-63,0,0,-63,-68,0,0,-65,0,0,0,-64,-60,0,0,0,0,0,0,0,0,0,0,0,0,0,0,0,-52,-53
0,-72,0,0,0,0,0,-76,0,0,-71,-70,0,0,-69,-65,0,0,0,0,0,0,-61,-65,0,0,-63,-68,0,0,-65,0,0,0,-64,-60,0,0,0,0,0,0,0,0,0,0,0,0,0,0,0,-52,-53
0,-72,0,0,0,0,0,-76,0,0,-71,-70,0,0,-69,-65,0,0,0,0,0,0,-61,-66,0,0,-63,-68,0,0,-65,0,0,0,-64,-60,0,0,0,0,0,0,0,0,0,0,0,0,0,0,0,-52,-53
0,-72,0,0,0,0,0,-76,0,0,-71,-70,0,0,-69,-68,0,0,0,0,0,0,-61,-66,0,0,-65,-68,0,0,-65,0,0,0,-64,-62,0,0,0,0,0,0,0,0,0,0,0,0,0,0,0,-52,-57
0,-72,0,0,0,0,0,-76,0,0,-71,-70,0,0,-69,-68,0,0,0,0,0,0,-61,-66,0,0,-65,-68,0,0,-65,0,0,0,-64,-62,0,0,0,0,0,0,0,0,0,0,0,0,0,0,0,-52,-57
0,-72,0,0,0,0,0,-76,0,0,0,0,0,0,-69,-68,0,0,0,0,0,0,-61,-66,0,0,-65,-68,0,0,0,0,0,0,-64,-62,0,0,0,0,0,0,0,0,0,0,0,0,0,0,0,-52,-57
0,-72,0,0,0,0,0,-76,0,0,0,0,0,0,-69,-68,0,0,0,0,0,0,-61,-66,0,0,-65,-68,0,0,-71,-75,0,0,-64,-63,0,0,0,0,0,0,0,0,0,0,0,0,0,0,0,-50,-53
0,-72,0,0,0,0,0,-76,0,0,0,0,0,0,-69,-68,0,0,0,0,0,0,-61,-67,0,0,-65,-68,0,0,-71,-75,0,0,-64,-63,0,0,0,0,0,0,0,0,0,0,0,0,0,0,0,-50,-53
0,-72,0,0,0,0,0,-76,0,0,0,0,0,0,-69,-68,0,0,0,0,0,0,-61,-67,0,0,-65,-68,0,0,-71,-75,0,0,-64,-63,0,0,0,0,0,0,0,0,0,0,0,0,0,0,0,-50,-53
0,-72,0,0,0,0,0,-71,0,0,0,0,0,0,-69,-68,0,0,0,0,0,0,-61,-66,0,0,-64,-72,0,0,-71,-75,0,0,-64,-62,0,0,0,0,0,0,0,0,0,0,0,0,0,0,0,-54,-56
0,-72,0,0,0,0,0,-71,0,0,0,0,0,0,-69,-68,0,0,0,0,0,0,-61,-66,0,0,-64,-72,0,0,-71,-75,0,0,-64,-62,0,0,0,0,0,0,0,0,0,0,0,0,0,0,0,-54,-56
0,-72,0,0,0,0,0,-71,0,0,0,0,0,0,0,-68,0,0,0,0,0,0,0,-66,0,0,-64,-72,0,0,-71,-75,0,0,-64,-62,0,0,0,0,0,0,0,0,0,0,0,0,0,0,0,-54,-56
0,-72,0,0,0,0,0,-73,0,0,0,0,0,0,0,-68,0,0,0,0,0,0,0,-66,0,0,-64,-76,0,0,-71,-75,0,0,-62,-60,0,0,0,0,0,0,0,0,0,0,0,0,0,0,0,-52,-58
0,-72,0,0,0,0,0,-73,0,0,0,0,0,0,0,-68,0,0,0,0,0,0,0,-67,0,0,-64,-76,0,0,-71,-75,0,0,-62,-60,0,0,0,0,0,0,0,0,0,0,0,0,0,0,0,-52,-58
0,-72,0,0,0,0,0,-73,0,0,0,0,0,0,0,-68,0,0,0,0,0,0,0,-67,0,0,-64,-76,0,0,-71,-75,0,0,-62,-60,0,0,0,0,0,0,0,0,0,0,0,0,0,0,0,-52,-58
0,-72,0,0,-71,0,0,-68,0,0,0,0,0,0,0,-68,0,0,0,0,0,0,0,-66,0,0,-64,-76,0,0,-71,-68,0,0,-62,-61,0,0,0,0,0,0,0,0,0,0,0,0,0,0,0,-55,-58
0,-72,0,0,-71,0,0,-68,0,0,0,0,0,0,0,-68,0,0,0,0,0,0,0,-66,0,0,-64,-76,0,0,-71,-68,0,0,-62,-61,0,0,0,0,0,0,0,0,0,0,0,0,0,0,0,-55,-58
0,-72,0,0,-71,0,0,-68,0,0,0,0,0,0,0,-68,0,0,0,0,0,0,0,-64,0,0,-64,-76,0,0,-71,-68,0,0,-62,-61,0,0,0,0,0,0,0,0,0,0,0,0,0,0,0,-55,-58
0,-72,0,0,-71,0,0,-68,0,0,0,0,0,0,-68,-68,0,0,0,0,0,0,0,-65,0,0,-64,-76,0,0,-71,-68,0,0,-62,-61,0,0,0,0,0,0,0,0,0,0,0,0,-77,0,0,-50,-54
0,-72,0,0,-71,0,0,-68,0,0,0,0,0,0,-68,-68,0,0,0,0,0,0,0,-66,0,0,-64,-76,0,0,-71,-68,0,0,-62,-61,0,0,0,0,0,0,0,0,0,0,0,0,-77,0,0,-50,-54
0,0,0,0,-71,0,0,-68,0,0,0,0,0,0,-68,-68,0,0,0,0,0,0,0,-67,0,0,-64,-76,0,0,-71,-68,0,0,-62,-61,0,0,0,0,0,0,0,0,0,0,0,0,-77,0,0,-50,-54
0,0,0,0,-71,0,0,-70,0,0,0,0,0,0,-68,-68,0,0,0,0,0,0,0,-65,0,0,-64,-76,0,0,-71,-68,0,0,-64,-65,0,0,0,0,0,0,0,0,0,0,0,0,-77,0,0,-52,-54
0,0,0,0,-71,0,0,-70,0,0,0,0,0,0,-68,-68,0,0,0,0,0,0,0,-65,0,0,-64,-76,0,0,-71,-68,0,0,-64,-65,0,0,0,0,0,0,0,0,0,0,0,0,-77,0,0,-52,-54
0,0,0,0,-71,0,0,-70,0,0,0,0,0,0,-68,-68,0,0,0,0,0,0,0,-65,0,0,-64,-76,0,0,0,-68,0,0,-64,-65,0,0,0,0,0,0,0,0,0,0,0,0,-77,0,0,-52,-54
0,0,0,0,-71,0,0,-70,0,0,0,0,0,0,-68,-72,0,0,0,0,0,0,0,-65,0,0,-64,-76,0,0,0,-68,0,0,-64,-65,0,0,0,0,0,0,0,0,0,0,0,0,-77,0,0,-51,-50
0,0,0,0,-71,0,0,-70,0,0,0,0,0,0,-68,-72,0,0,0,0,0,0,0,-65,0,0,-64,-76,0,0,0,-68,0,0,-64,-65,0,0,0,0,0,0,0,0,0,0,0,0,-77,0,0,-51,-50
0,0,0,0,-71,0,0,-70,0,0,0,0,0,0,-68,-72,0,0,0,0,0,0,0,-65,0,0,0,-76,0,0,0,-68,0,0,-64,-65,0,0,0,0,0,0,0,0,0,0,0,0,-77,0,0,-51,-50
0,0,0,0,-71,0,0,-70,0,0,0,0,0,0,-68,-72,0,0,0,0,0,0,0,-65,0,0,0,-74,0,0,0,-70,0,0,-64,-65,0,0,0,0,0,0,0,0,0,0,0,0,-81,0,0,-47,-50
