-70,-71,-76,-77,-81,0,0,0,-84,-86,-75,-74,-80,-81,-75,-72,-79,-79,0,-72,-81,-81,0,-74,-69,-69,-81,-87,-67,-67,0,0,-78,-78,0,0,-82,-83,0,0,0,-78,-78,-85,-86,0,0,0,0,-83,-84,-54,-73
-70,-71,-76,-77,-81,0,0,0,-84,-86,-75,-74,-80,-81,-75,-72,-79,-79,0,-72,-81,-81,0,-74,-69,-69,-81,-87,-67,-67,0,0,-78,-78,0,0,-82,-83,0,0,0,-78,-78,-85,-86,0,0,0,0,-83,-84,-54,-73
-70,-71,-76,-77,-81,0,0,0,-84,-86,-75,-74,-80,-81,-75,-72,-79,-79,0,-72,-81,-81,0,-74,-69,-69,-81,-87,-67,-67,0,0,-78,-78,0,0,-82,-83,0,0,0,-78,-78,-85,-86,0,0,0,0,-83,-84,-54,-73
-70,-71,-76,-77,-81,0,0,0,-84,-86,-75,-74,-80,-81,-75,-72,-79,-79,0,-72,-81,-81,0,-74,-69,-69,-81,-87,-67,-67,0,0,-78,-78,0,0,-82,-83,0,0,0,-78,-78,-85,-86,0,0,0,0,-83,-84,-54,-73
-74,-74,-72,-72,0,0,0,0,-83,-84,-75,-74,-70,-71,-75,-78,-79,-79,0,-70,-73,-75,-84,-83,-69,-69,-79,-87,-70,-70,0,0,-71,-71,0,0,-85,0,0,0,0,-75,-76,0,0,-85,-86,0,0,-83,-84,-55,-71
-74,-74,-72,-72,0,0,0,0,-83,-84,-75,-74,-70,-71,-75,-78,-79,-79,0,-70,-73,-75,-84,-83,-69,-69,-79,-87,-70,-70,0,0,-71,-71,0,0,-85,0,0,0,0,-75,-76,0,0,-85,-86,0,0,-83,-84,-55,-71
-74,-74,-72,-72,0,0,0,0,-83,-84,-75,-74,-70,-71,-75,-78,-79,-79,0,-70,-73,-75,-84,-83,-69,-69,-79,-87,-70,-70,0,0,-71,-71,0,0,-85,0,0,0,0,-75,-76,0,0,-85,-86,0,0,-83,-84,-55,-71
-74,-74,-72,-72,0,0,0,0,-83,-84,-75,-74,-70,-71,-75,-78,-79,-79,0,-70,-73,-75,-84,-83,-69,-69,-79,-87,-70,-70,0,0,-71,-71,0,0,-85,0,0,0,0,-75,-76,0,0,-85,-86,0,0,-83,-84,-55,-71
-74,-74,-74,-73,0,0,0,-82,-83,-84,0,0,-70,-69,0,-78,0,0,-75,-72,-75,-75,-84,-83,-63,-66,-74,0,-71,-72,0,0,-64,-64,0,0,-84,-84,0,0,0,-82,-83,0,0,-85,-86,0,0,-83,-83,-52,-69
-74,-74,-74,-73,0,0,0,-82,-83,-84,0,0,-70,-69,0,-78,0,0,-75,-72,-75,-75,-84,-83,-63,-66,-74,0,-71,-72,0,0,-64,-64,0,0,-84,-84,0,0,0,-82,-83,0,0,-85,-86,0,0,-83,-83,-52,-69
-74,-74,-74,-73,0,0,0,-82,-83,-84,0,0,-70,-69,0,-78,0,0,-75,-72,-75,-75,-84,-83,-63,-66,-74,0,-71,-72,0,0,-64,-64,0,0,-84,-84,0,0,0,-82,-83,0,0,-85,-86,0,0,-83,-83,-52,-69
-67,-67,-74,-74,-76,0,0,-82,-84,-83,0,0,-76,-76,-74,-70,0,0,-75,-73,-71,-72,-84,-83,-64,-64,-74,0,-70,-70,-79,0,-75,-74,0,0,-84,-84,0,0,0,-77,-77,0,0,-85,-86,0,0,-83,-83,-51,-73
-67,-67,-74,-74,-76,0,0,-82,-84,-83,0,0,-76,-76,-74,-70,0,0,-75,-73,-71,-72,-84,-83,-64,-64,-74,0,-70,-70,-79,0,-75,-74,0,0,-84,-84,0,0,0,-77,-77,0,0,-85,-86,0,0,-83,-83,-51,-73
-67,-67,-74,-74,-76,0,0,-82,-84,-83,0,0,-76,-76,-74,-70,0,0,-75,-73,-71,-72,-84,-83,-64,-64,-74,0,-70,-70,-79,0,-75,-74,0,0,-84,-84,0,0,0,-77,-77,0,0,-85,-86,0,0,-83,-83,-51,-73
-67,-67,-74,-74,-76,0,0,-82,-84,-83,0,0,-76,-76,-74,-70,0,0,-75,-73,-71,-72,-84,-83,-64,-64,-74,0,-70,-70,-79,0,-75,-74,0,0,-84,-84,0,0,0,-77,-77,0,0,-85,-86,0,0,-83,-83,-51,-73
-68,-67,-78,-79,-76,0,0,-82,-84,-83,0,0,-71,-70,-78,-76,-80,-81,-75,-73,-70,-70,0,0,-64,-67,-78,0,-66,-66,-79,-81,-71,-71,0,0,-84,-84,0,0,0,-82,-81,0,0,-86,0,0,0,-83,-83,-55,-71
-68,-67,-78,-79,-76,0,0,-82,-84,-83,0,0,-71,-70,-78,-76,-80,-81,-75,-73,-70,-70,0,0,-64,-67,-78,0,-66,-66,-79,-81,-71,-71,0,0,-84,-84,0,0,0,-82,-81,0,0,-86,0,0,0,-83,-83,-55,-71
-68,-67,-78,-79,-76,0,0,-82,-84,-83,0,0,-71,-70,-78,-76,-80,-81,-75,-73,-70,-70,0,0,-64,-67,-78,0,-66,-66,-79,-81,-71,-71,0,0,-84,-84,0,0,0,-82,-81,0,0,-86,0,0,0,-83,-83,-55,-71
-71,-69,-74,-74,-81,-82,-82,0,-81,-80,0,0,-71,-72,-74,-72,-80,-81,-75,-73,-69,-69,0,0,-66,-66,-78,0,-65,-65,-82,-81,-71,-71,0,0,-86,-84,0,0,0,-77,-77,0,0,-86,0,0,0,-83,-83,-59,-71
-71,-69,-74,-74,-81,-82,-82,0,-81,-80,0,0,-71,-72,-74,-72,-80,-81,-75,-73,-69,-69,0,0,-66,-66,-78,0,-65,-65,-82,-81,-71,-71,0,0,-86,-84,0,0,0,-77,-77,0,0,-86,0,0,0,-83,-83,-59,-71
-71,-69,-74,-74,-81,-82,-82,0,-81,-80,0,0,-71,-72,-74,-72,-80,-81,-75,-73,-69,-69,0,0,-66,-66,-78,0,-65,-65,-82,-81,-71,-71,0,0,-86,-84,0,0,0,-77,-77,0,0,-86,0,0,0,-83,-83,-59,-71
-71,-69,-74,-74,-81,-82,-82,0,-81,-80,0,0,-71,-72,-74,-72,-80,-81,-75,-73,-69,-69,0,0,-66,-66,-78,0,-65,-65,-82,-81,-71,-71,0,0,-86,-84,0,0,0,-77,-77,0,0,-86,0,0,0,-83,-83,-59,-71
-69,-67,-75,-74,-81,-82,-82,-89,-79,-79,0,0,-72,-72,-74,-71,-81,-81,0,0,-71,-72,-78,0,-66,-67,-76,-73,-64,-64,-82,-81,-75,-75,0,0,-86,0,0,0,0,-81,-81,0,0,-87,-86,0,0,-83,-83,-56,-68
-69,-67,-75,-74,-81,-82,-82,-89,-79,-79,0,0,-72,-72,-74,-71,-81,-81,0,0,-71,-72,-78,0,-66,-67,-76,-73,-64,-64,-82,-81,-75,-75,0,0,-86,0,0,0,0,-81,-81,0,0,-87,-86,0,0,-83,-83,-56,-68
-69,-67,-75,-74,-81,-82,-82,-89,-79,-79,0,0,-72,-72,-74,-71,-81,-81,0,0,-71,-72,-78,0,-66,-67,-76,-73,-64,-64,-82,-81,-75,-75,0,0,-86,0,0,0,0,-81,-81,0,0,-87,-86,0,0,-83,-83,-56,-68
-73,-70,-76,-74,-81,-82,-82,-89,-81,-81,-80,-78,-74,-72,-74,-71,-81,-81,0,0,-75,-75,-78,0,-66,-66,-75,-73,-69,-69,-82,-80,-71,-71,0,0,-86,0,0,0,0,-80,-81,0,0,-87,-86,0,0,-83,-83,-57,-66
-73,-70,-76,-74,-81,-82,-82,-89,-81,-81,-80,-78,-74,-72,-74,-71,-81,-81,0,0,-75,-75,-78,0,-66,-66,-75,-73,-69,-69,-82,-80,-71,-71,0,0,-86,0,0,0,0,-80,-81,0,0,-87,-86,0,0,-83,-83,-57,-66
-73,-70,-76,-74,-81,-82,-82,-89,-81,-81,-80,-78,-74,-72,-74,-71,-81,-81,0,0,-75,-75,-78,0,-66,-66,-75,-73,-69,-69,-82,-80,-71,-71,0,0,-86,0,0,0,0,-80,-81,0,0,-87,-86,0,0,-83,-83,-57,-66
-73,-70,-76,-74,-81,-82,-82,-89,-81,-81,-80,-78,-74,-72,-74,-71,-81,-81,0,0,-75,-75,-78,0,-66,-66,-75,-73,-69,-69,-82,-80,-71,-71,0,0,-86,0,0,0,0,-80,-81,0,0,-87,-86,0,0,-83,-83,-57,-66
-73,-73,-76,-77,0,0,0,-89,-83,-81,-81,-79,-72,-73,-77,-76,-81,-81,0,0,-76,-75,-78,-83,-66,-66,-76,-74,-69,-69,0,-80,-68,-68,0,0,-86,-88,0,0,0,-79,-80,0,0,-87,-86,0,0,0,0,-58,-71
-73,-73,-76,-77,0,0,0,-89,-83,-81,-81,-79,-72,-73,-77,-76,-81,-81,0,0,-76,-75,-78,-83,-66,-66,-76,-74,-69,-69,0,-80,-68,-68,0,0,-86,-88,0,0,0,-79,-80,0,0,-87,-86,0,0,0,0,-58,-71
-73,-73,-76,-77,0,0,0,-89,-83,-81,-81,-79,-72,-73,-77,-76,-81,-81,0,0,-76,-75,-78,-83,-66,-66,-76,-74,-69,-69,0,-80,-68,-68,0,0,-86,-88,0,0,0,-79,-80,0,0,-87,-86,0,0,0,0,-58,-71
-75,-73,-73,-75,-81,0,0,0,-80,-80,-80,-79,-68,-69,-79,-77,0,0,0,0,-80,-80,0,-83,-66,-68,-75,-75,-67,-67,0,-80,-72,-73,0,0,-86,-86,0,0,0,-78,-80,0,0,0,0,0,0,-87,-86,-54,-65
-75,-73,-73,-75,-81,0,0,0,-80,-80,-80,-79,-68,-69,-79,-77,0,0,0,0,-80,-80,0,-83,-66,-68,-75,-75,-67,-67,0,-80,-72,-73,0,0,-86,-86,0,0,0,-78,-80,0,0,0,0,0,0,-87,-86,-54,-65
-75,-73,-73,-75,-81,0,0,0,-80,-80,-80,-79,-68,-69,-79,-77,0,0,0,0,-80,-80,0,-83,-66,-68,-75,-75,-67,-67,0,-80,-72,-73,0,0,-86,-86,0,0,0,-78,-80,0,0,0,0,0,0,-87,-86,-54,-65
-75,-73,-73,-75,-81,0,0,0,-80,-80,-80,-79,-68,-69,-79,-77,0,0,0,0,-80,-80,0,-83,-66,-68,-75,-75,-67,-67,0,-80,-72,-73,0,0,-86,-86,0,0,0,-78,-80,0,0,0,0,0,0,-87,-86,-54,-65
-75,-73,-72,-72,-81,0,0,0,-80,-81,-80,-79,-72,-71,-83,-82,-81,-81,-74,-73,-73,-73,0,-83,-67,-66,-75,-75,-66,-66,0,-77,-69,-69,0,0,-86,-86,0,-89,-86,-80,-81,0,0,-84,-83,0,0,-87,-86,-55,-65
-75,-73,-72,-72,-81,0,0,0,-80,-81,-80,-79,-72,-71,-83,-82,-81,-81,-74,-73,-73,-73,0,-83,-67,-66,-75,-75,-66,-66,0,-77,-69,-69,0,0,-86,-86,0,-89,-86,-80,-81,0,0,-84,-83,0,0,-87,-86,-55,-65
-75,-73,-72,-72,-81,0,0,0,-80,-81,-80,-79,-72,-71,-83,-82,-81,-81,-74,-73,-73,-73,0,-83,-67,-66,-75,-75,-66,-66,0,-77,-69,-69,0,0,-86,-86,0,-89,-86,-80,-81,0,0,-84,-83,0,0,-87,-86,-55,-65
-75,-73,-72,-72,-81,0,0,0,-80,-81,-80,-79,-72,-71,-83,-82,-81,-81,-74,-73,-73,-73,0,-83,-67,-66,-75,-75,-66,-66,0,-77,-69,-69,0,0,-86,-86,0,-89,-86,-80,-81,0,0,-84,-83,0,0,-87,-86,-55,-65
-71,-68,-79,-80,-81,0,0,0,-79,-80,-80,0,-69,-70,-83,-82,-81,-81,-74,-73,-72,-73,-78,-73,-69,-71,-76,-75,-65,-65,0,-77,-67,-67,0,0,-86,-86,0,-89,-86,-77,-76,0,0,-83,-83,0,0,-87,-86,-51,-70
-71,-68,-79,-80,-81,0,0,0,-79,-80,-80,0,-69,-70,-83,-82,-81,-81,-74,-73,-72,-73,-78,-73,-69,-71,-76,-75,-65,-65,0,-77,-67,-67,0,0,-86,-86,0,-89,-86,-77,-76,0,0,-83,-83,0,0,-87,-86,-51,-70
-71,-68,-79,-80,-81,0,0,0,-79,-80,-80,0,-69,-70,-83,-82,-81,-81,-74,-73,-72,-73,-78,-73,-69,-71,-76,-75,-65,-65,0,-77,-67,-67,0,0,-86,-86,0,-89,-86,-77,-76,0,0,-83,-83,0,0,-87,-86,-51,-70
-71,-73,-75,-76,0,0,0,0,-82,-80,0,0,-72,-73,-79,-76,-81,-81,-74,-78,-78,-77,-78,-73,-66,-67,-74,-79,-64,-64,-81,-77,-75,-75,0,0,0,0,-89,-89,-86,-81,-76,-87,-86,-83,-83,0,-87,0,0,-49,-76
-71,-73,-75,-76,0,0,0,0,-82,-80,0,0,-72,-73,-79,-76,-81,-81,-74,-78,-78,-77,-78,-73,-66,-67,-74,-79,-64,-64,-81,-77,-75,-75,0,0,0,0,-89,-89,-86,-81,-76,-87,-86,-83,-83,0,-87,0,0,-49,-76
-71,-73,-75,-76,0,0,0,0,-82,-80,0,0,-72,-73,-79,-76,-81,-81,-74,-78,-78,-77,-78,-73,-66,-67,-74,-79,-64,-64,-81,-77,-75,-75,0,0,0,0,-89,-89,-86,-81,-76,-87,-86,-83,-83,0,-87,0,0,-49,-76
-71,-73,-75,-76,0,0,0,0,-82,-80,0,0,-72,-73,-79,-76,-81,-81,-74,-78,-78,-77,-78,-73,-66,-67,-74,-79,-64,-64,-81,-77,-75,-75,0,0,0,0,-89,-89,-86,-81,-76,-87,-86,-83,-83,0,-87,0,0,-49,-76
-71,-71,-73,-73,-78,0,0,-79,-82,-82,0,0,-73,-73,-79,-76,0,0,0,-77,-74,-74,-78,-73,-67,-67,-76,-79,-64,-64,-82,-80,-73,-74,0,0,0,0,-89,0,0,-80,-80,-87,-86,-83,-83,0,-87,0,0,-52,-77
-71,-71,-73,-73,-78,0,0,-79,-82,-82,0,0,-73,-73,-79,-76,0,0,0,-77,-74,-74,-78,-73,-67,-67,-76,-79,-64,-64,-82,-80,-73,-74,0,0,0,0,-89,0,0,-80,-80,-87,-86,-83,-83,0,-87,0,0,-52,-77
-71,-71,-73,-73,-78,0,0,-79,-82,-82,0,0,-73,-73,-79,-76,0,0,0,-77,-74,-74,-78,-73,-67,-67,-76,-79,-64,-64,-82,-80,-73,-74,0,0,0,0,-89,0,0,-80,-80,-87,-86,-83,-83,0,-87,0,0,-52,-77
0,-73,-73,-73,-78,0,0,-79,-82,-83,0,0,-74,-74,-79,-76,-81,-81,0,-77,-73,-74,0,0,-67,-69,-75,-79,-64,-64,-82,-79,-74,-74,0,0,0,0,-89,0,0,-82,-80,-87,-86,-86,-86,0,-87,0,0,-54,-75
0,-73,-73,-73,-78,0,0,-79,-82,-83,0,0,-74,-74,-79,-76,-81,-81,0,-77,-73,-74,0,0,-67,-69,-75,-79,-64,-64,-82,-79,-74,-74,0,0,0,0,-89,0,0,-82,-80,-87,-86,-86,-86,0,-87,0,0,-54,-75
0,-73,-73,-73,-78,0,0,-79,-82,-83,0,0,-74,-74,-79,-76,-81,-81,0,-77,-73,-74,0,0,-67,-69,-75,-79,-64,-64,-82,-79,-74,-74,0,0,0,0,-89,0,0,-82,-80,-87,-86,-86,-86,0,-87,0,0,-54,-75
0,-73,-73,-73,-78,0,0,-79,-82,-83,0,0,-74,-74,-79,-76,-81,-81,0,-77,-73,-74,0,0,-67,-69,-75,-79,-64,-64,-82,-79,-74,-74,0,0,0,0,-89,0,0,-82,-80,-87,-86,-86,-86,0,-87,0,0,-54,-75
-76,-73,-74,-74,-78,0,0,-79,-83,-83,0,0,-73,-73,-79,-76,-81,-81,0,-77,-73,-73,0,0,-68,-68,-75,0,-67,-66,-83,-79,-74,-74,0,0,-87,-87,0,-83,-84,-81,-81,-86,-87,-86,-86,0,0,0,0,-56,-77
-76,-73,-74,-74,-78,0,0,-79,-83,-83,0,0,-73,-73,-79,-76,-81,-81,0,-77,-73,-73,0,0,-68,-68,-75,0,-67,-66,-83,-79,-74,-74,0,0,-87,-87,0,-83,-84,-81,-81,-86,-87,-86,-86,0,0,0,0,-56,-77
-76,-73,-74,-74,-78,0,0,-79,-83,-83,0,0,-73,-73,-79,-76,-81,-81,0,-77,-73,-73,0,0,-68,-68,-75,0,-67,-66,-83,-79,-74,-74,0,0,-87,-87,0,-83,-84,-81,-81,-86,-87,-86,-86,0,0,0,0,-56,-77
-76,-73,-74,-74,-78,0,0,-79,-83,-83,0,0,-73,-73,-79,-76,-81,-81,0,-77,-73,-73,0,0,-68,-68,-75,0,-67,-66,-83,-79,-74,-74,0,0,-87,-87,0,-83,-84,-81,-81,-86,-87,-86,-86,0,0,0,0,-56,-77
-76,-74,-73,-74,0,0,0,0,-81,-82,0,-77,-72,-72,-80,-77,-81,-81,0,0,-75,-76,-78,0,-66,-66,-75,-81,-64,-64,-83,-79,-69,-69,0,0,-87,-87,0,-83,-84,-80,-80,-86,-87,-87,-86,0,0,0,0,-57,-73
-76,-74,-73,-74,0,0,0,0,-81,-82,0,-77,-72,-72,-80,-77,-81,-81,0,0,-75,-76,-78,0,-66,-66,-75,-81,-64,-64,-83,-79,-69,-69,0,0,-87,-87,0,-83,-84,-80,-80,-86,-87,-87,-86,0,0,0,0,-57,-73
