-77,-79,-73,-83,-81,-80,0,0,-86,-85,0,0,-84,-84,0,0,-80,-80,0,-68,-75,-75,0,-66,-70,-70,-68,-67,-58,-58,-80,0,-75,-75,0,0,-83,-82,0,0,-73,-80,-80,0,0,0,0,0,0,-82,-83,-57,-62
-77,-79,-73,-83,-81,-80,0,0,-86,-85,0,0,-84,-84,0,0,-80,-80,0,-68,-75,-75,0,-66,-70,-70,-68,-67,-58,-58,-80,0,-75,-75,0,0,-83,-82,0,0,-73,-80,-80,0,0,0,0,0,0,-82,-83,-57,-62
-77,-79,-73,-83,-81,-80,0,0,-86,-85,0,0,-84,-84,0,0,-80,-80,0,-68,-75,-75,0,-66,-70,-70,-68,-67,-58,-58,-80,0,-75,-75,0,0,-83,-82,0,0,-73,-80,-80,0,0,0,0,0,0,-82,-83,-57,-62
-77,-79,-73,-83,-81,-80,0,0,-86,-85,0,0,-84,-84,0,0,-80,-80,0,-68,-75,-75,0,-66,-70,-70,-68,-67,-58,-58,-80,0,-75,-75,0,0,-83,-82,0,0,-73,-80,-80,0,0,0,0,0,0,-82,-83,-57,-62
0,-79,-73,-73,-81,-78,-79,0,-84,-83,-83,-82,-79,-78,0,0,-87,-85,0,0,-72,-71,0,-66,-67,-67,-68,-67,-71,-71,0,0,-73,-73,0,0,0,0,0,0,-73,-82,-79,0,0,0,0,0,0,-79,-81,-53,-70
0,-79,-73,-73,-81,-78,-79,0,-84,-83,-83,-82,-79,-78,0,0,-87,-85,0,0,-72,-71,0,-66,-67,-67,-68,-67,-71,-71,0,0,-73,-73,0,0,0,0,0,0,-73,-82,-79,0,0,0,0,0,0,-79,-81,-53,-70
0,-79,-73,-73,-81,-78,-79,0,-84,-83,-83,-82,-79,-78,0,0,-87,-85,0,0,-72,-71,0,-66,-67,-67,-68,-67,-71,-71,0,0,-73,-73,0,0,0,0,0,0,-73,-82,-79,0,0,0,0,0,0,-79,-81,-53,-70
0,-79,-73,-73,-81,-78,-79,0,-84,-83,-83,-82,-79,-78,0,0,-87,-85,0,0,-72,-71,0,-66,-67,-67,-68,-67,-71,-71,0,0,-73,-73,0,0,0,0,0,0,-73,-82,-79,0,0,0,0,0,0,-79,-81,-53,-70
0,0,-73,-73,0,-78,-78,0,-83,-83,-83,-79,-78,-78,0,-73,-77,-77,0,-69,-71,-71,0,-65,-71,-71,0,0,-64,-64,0,0,-71,-71,0,0,0,0,0,0,0,-80,-80,0,0,0,0,0,0,-82,-82,-54,-68
0,0,-73,-73,0,-78,-78,0,-83,-83,-83,-79,-78,-78,0,-73,-77,-77,0,-69,-71,-71,0,-65,-71,-71,0,0,-64,-64,0,0,-71,-71,0,0,0,0,0,0,0,-80,-80,0,0,0,0,0,0,-82,-82,-54,-68
0,0,-73,-73,0,-78,-78,0,-83,-83,-83,-79,-78,-78,0,-73,-77,-77,0,-69,-71,-71,0,-65,-71,-71,0,0,-64,-64,0,0,-71,-71,0,0,0,0,0,0,0,-80,-80,0,0,0,0,0,0,-82,-82,-54,-68
-72,-70,-78,-76,0,-78,-78,0,-83,-83,-83,-79,-77,-77,0,-74,-77,-77,-74,-72,-66,-67,0,-65,-67,-69,0,-84,-68,-68,0,0,-72,-75,0,0,-83,-82,0,0,0,-80,-80,-88,0,0,0,0,0,-83,-82,-55,-56
-72,-70,-78,-76,0,-78,-78,0,-83,-83,-83,-79,-77,-77,0,-74,-77,-77,-74,-72,-66,-67,0,-65,-67,-69,0,-84,-68,-68,0,0,-72,-75,0,0,-83,-82,0,0,0,-80,-80,-88,0,0,0,0,0,-83,-82,-55,-56
-72,-70,-78,-76,0,-78,-78,0,-83,-83,-83,-79,-77,-77,0,-74,-77,-77,-74,-72,-66,-67,0,-65,-67,-69,0,-84,-68,-68,0,0,-72,-75,0,0,-83,-82,0,0,0,-80,-80,-88,0,0,0,0,0,-83,-82,-55,-56
-72,-70,-78,-76,0,-78,-78,0,-83,-83,-83,-79,-77,-77,0,-74,-77,-77,-74,-72,-66,-67,0,-65,-67,-69,0,-84,-68,-68,0,0,-72,-75,0,0,-83,-82,0,0,0,-80,-80,-88,0,0,0,0,0,-83,-82,-55,-56
-72,-70,-75,-75,0,-78,-78,0,-83,0,0,-79,-77,-78,0,-74,-78,-78,-74,-71,-73,-74,0,-72,-69,-68,0,-84,-69,-69,0,0,-72,-72,0,-87,-83,-82,0,0,0,-81,-83,-88,0,0,0,0,0,-83,-82,-57,-78
-72,-70,-75,-75,0,-78,-78,0,-83,0,0,-79,-77,-78,0,-74,-78,-78,-74,-71,-73,-74,0,-72,-69,-68,0,-84,-69,-69,0,0,-72,-72,0,-87,-83,-82,0,0,0,-81,-83,-88,0,0,0,0,0,-83,-82,-57,-78
-72,-70,-75,-75,0,-78,-78,0,-83,0,0,-79,-77,-78,0,-74,-78,-78,-74,-71,-73,-74,0,-72,-69,-68,0,-84,-69,-69,0,0,-72,-72,0,-87,-83,-82,0,0,0,-81,-83,-88,0,0,0,0,0,-83,-82,-57,-78
-72,-70,-76,-76,0,-80,-79,0,0,0,0,0,-76,-77,0,-73,-78,-78,-74,-69,-73,-73,0,-72,-68,-67,0,-84,-66,-66,0,0,-68,-68,0,-86,-82,-82,0,0,0,-80,-81,-88,0,0,0,0,0,-83,-82,-53,-72
-72,-70,-76,-76,0,-80,-79,0,0,0,0,0,-76,-77,0,-73,-78,-78,-74,-69,-73,-73,0,-72,-68,-67,0,-84,-66,-66,0,0,-68,-68,0,-86,-82,-82,0,0,0,-80,-81,-88,0,0,0,0,0,-83,-82,-53,-72
-72,-70,-76,-76,0,-80,-79,0,0,0,0,0,-76,-77,0,-73,-78,-78,-74,-69,-73,-73,0,-72,-68,-67,0,-84,-66,-66,0,0,-68,-68,0,-86,-82,-82,0,0,0,-80,-81,-88,0,0,0,0,0,-83,-82,-53,-72
-72,-70,-76,-76,0,-80,-79,0,0,0,0,0,-76,-77,0,-73,-78,-78,-74,-69,-73,-73,0,-72,-68,-67,0,-84,-66,-66,0,0,-68,-68,0,-86,-82,-82,0,0,0,-80,-81,-88,0,0,0,0,0,-83,-82,-53,-72
0,0,-75,-75,0,-78,-78,0,-86,-87,0,0,-77,-77,0,-73,-79,-79,0,-69,-72,-73,0,-72,-68,-67,0,0,-68,-68,0,0,-71,-71,0,-86,-82,-82,0,0,0,-79,-80,0,0,0,0,0,0,0,0,-53,-65
0,0,-75,-75,0,-78,-78,0,-86,-87,0,0,-77,-77,0,-73,-79,-79,0,-69,-72,-73,0,-72,-68,-67,0,0,-68,-68,0,0,-71,-71,0,-86,-82,-82,0,0,0,-79,-80,0,0,0,0,0,0,0,0,-53,-65
0,0,-75,-75,0,-78,-78,0,-86,-87,0,0,-77,-77,0,-73,-79,-79,0,-69,-72,-73,0,-72,-68,-67,0,0,-68,-68,0,0,-71,-71,0,-86,-82,-82,0,0,0,-79,-80,0,0,0,0,0,0,0,0,-53,-65
0,0,-75,-75,0,-78,-78,0,-86,-87,0,0,-77,-77,0,-73,-79,-79,0,-69,-72,-73,0,-72,-68,-67,0,0,-68,-68,0,0,-71,-71,0,-86,-82,-82,0,0,0,-79,-80,0,0,0,0,0,0,0,0,-53,-65
0,0,-75,-75,0,-78,-78,0,-86,-87,0,0,-77,-77,0,-75,-77,-77,-71,-69,-70,-70,0,0,-68,-68,0,0,-66,-66,0,0,-68,-68,0,-88,-82,-82,0,0,0,-79,-80,0,0,0,0,0,0,0,0,-53,-68
0,0,-75,-75,0,-78,-78,0,-86,-87,0,0,-77,-77,0,-75,-77,-77,-71,-69,-70,-70,0,0,-68,-68,0,0,-66,-66,0,0,-68,-68,0,-88,-82,-82,0,0,0,-79,-80,0,0,0,0,0,0,0,0,-53,-68
0,0,-75,-75,0,-78,-78,0,-86,-87,0,0,-77,-77,0,-75,-77,-77,-71,-69,-70,-70,0,0,-68,-68,0,0,-66,-66,0,0,-68,-68,0,-88,-82,-82,0,0,0,-79,-80,0,0,0,0,0,0,0,0,-53,-68
0,-70,-73,-74,-81,-78,-78,0,-86,-87,0,0,-76,-76,0,-75,-77,-77,-71,-69,-70,-70,0,0,-67,-67,0,0,-68,-68,0,0,-73,-73,0,-88,-85,-85,0,0,0,-83,-81,-86,-87,0,0,0,0,-85,-86,-53,-68
0,-70,-73,-74,-81,-78,-78,0,-86,-87,0,0,-76,-76,0,-75,-77,-77,-71,-69,-70,-70,0,0,-67,-67,0,0,-68,-68,0,0,-73,-73,0,-88,-85,-85,0,0,0,-83,-81,-86,-87,0,0,0,0,-85,-86,-53,-68
0,-70,-73,-74,-81,-78,-78,0,-86,-87,0,0,-76,-76,0,-75,-77,-77,-71,-69,-70,-70,0,0,-67,-67,0,0,-68,-68,0,0,-73,-73,0,-88,-85,-85,0,0,0,-83,-81,-86,-87,0,0,0,0,-85,-86,-53,-68
0,-70,-73,-74,-81,-78,-78,0,-86,-87,0,0,-76,-76,0,-75,-77,-77,-71,-69,-70,-70,0,0,-67,-67,0,0,-68,-68,0,0,-73,-73,0,-88,-85,-85,0,0,0,-83,-81,-86,-87,0,0,0,0,-85,-86,-53,-68
0,-70,-74,-74,-81,-80,-79,0,0,0,0,0,-77,-77,0,-73,-79,-79,-70,-69,-70,-70,-76,-74,-67,-67,-76,0,-66,-66,0,0,-66,-67,0,-88,-85,-85,0,0,0,-82,-81,-86,-87,0,0,0,0,-85,-86,-51,-71
0,-70,-74,-74,-81,-80,-79,0,0,0,0,0,-77,-77,0,-73,-79,-79,-70,-69,-70,-70,-76,-74,-67,-67,-76,0,-66,-66,0,0,-66,-67,0,-88,-85,-85,0,0,0,-82,-81,-86,-87,0,0,0,0,-85,-86,-51,-71
0,-70,-74,-74,-81,-80,-79,0,0,0,0,0,-77,-77,0,-73,-79,-79,-70,-69,-70,-70,-76,-74,-67,-67,-76,0,-66,-66,0,0,-66,-67,0,-88,-85,-85,0,0,0,-82,-81,-86,-87,0,0,0,0,-85,-86,-51,-71
-73,-67,-72,-73,-81,-80,-79,0,0,0,0,0,-75,-77,-77,-73,-79,-79,-72,-68,-69,-69,-76,-74,-67,-67,-76,0,-66,-66,0,0,-68,-68,0,0,-84,-83,0,0,0,-81,-81,-86,-87,0,0,0,0,-86,-85,-52,-68
-73,-67,-72,-73,-81,-80,-79,0,0,0,0,0,-75,-77,-77,-73,-79,-79,-72,-68,-69,-69,-76,-74,-67,-67,-76,0,-66,-66,0,0,-68,-68,0,0,-84,-83,0,0,0,-81,-81,-86,-87,0,0,0,0,-86,-85,-52,-68
-73,-67,-72,-73,-81,-80,-79,0,0,0,0,0,-75,-77,-77,-73,-79,-79,-72,-68,-69,-69,-76,-74,-67,-67,-76,0,-66,-66,0,0,-68,-68,0,0,-84,-83,0,0,0,-81,-81,-86,-87,0,0,0,0,-86,-85,-52,-68
-73,-67,-72,-73,-81,-80,-79,0,0,0,0,0,-75,-77,-77,-73,-79,-79,-72,-68,-69,-69,-76,-74,-67,-67,-76,0,-66,-66,0,0,-68,-68,0,0,-84,-83,0,0,0,-81,-81,-86,-87,0,0,0,0,-86,-85,-52,-68
-74,-71,-73,-73,0,-80,-79,0,0,0,0,0,-75,-75,-77,-73,-79,-79,-72,-68,-70,-70,-76,-74,-67,-67,-76,0,-68,-68,0,0,-73,-74,0,0,-83,-84,0,0,0,-80,-79,0,-87,0,0,0,0,-86,-85,-52,-70
-74,-71,-73,-73,0,-80,-79,0,0,0,0,0,-75,-75,-77,-73,-79,-79,-72,-68,-70,-70,-76,-74,-67,-67,-76,0,-68,-68,0,0,-73,-74,0,0,-83,-84,0,0,0,-80,-79,0,-87,0,0,0,0,-86,-85,-52,-70
-74,-71,-73,-73,0,-80,-79,0,0,0,0,0,-75,-75,-77,-73,-79,-79,-72,-68,-70,-70,-76,-74,-67,-67,-76,0,-68,-68,0,0,-73,-74,0,0,-83,-84,0,0,0,-80,-79,0,-87,0,0,0,0,-86,-85,-52,-70
-74,-71,-73,-73,0,-80,-79,0,0,0,0,0,-75,-75,-77,-73,-79,-79,-72,-68,-70,-70,-76,-74,-67,-67,-76,0,-68,-68,0,0,-73,-74,0,0,-83,-84,0,0,0,-80,-79,0,-87,0,0,0,0,-86,-85,-52,-70
-74,-71,-76,-76,0,-80,-80,0,0,0,-80,-81,-76,-76,-77,-75,-77,-77,-74,-81,-69,-69,0,0,-68,-68,-76,-75,-66,-66,-81,-81,-67,-70,0,-86,-83,-84,0,0,0,-80,-80,0,-87,0,0,0,0,-86,-85,-52,-68
-74,-71,-76,-76,0,-80,-80,0,0,0,-80,-81,-76,-76,-77,-75,-77,-77,-74,-81,-69,-69,0,0,-68,-68,-76,-75,-66,-66,-81,-81,-67,-70,0,-86,-83,-84,0,0,0,-80,-80,0,-87,0,0,0,0,-86,-85,-52,-68
-74,-71,-76,-76,0,-80,-80,0,0,0,-80,-81,-76,-76,-77,-75,-77,-77,-74,-81,-69,-69,0,0,-68,-68,-76,-75,-66,-66,-81,-81,-67,-70,0,-86,-83,-84,0,0,0,-80,-80,0,-87,0,0,0,0,-86,-85,-52,-68
-73,-71,-75,-75,0,-79,-79,0,0,0,-80,-81,-67,-67,0,-73,-77,-77,-74,-69,-70,-70,0,0,-68,-68,-76,-75,-66,-66,-81,-81,-66,-66,0,-80,-84,-83,0,0,0,-80,-81,-87,-86,0,0,0,0,-85,-87,-54,-68
-73,-71,-75,-75,0,-79,-79,0,0,0,-80,-81,-67,-67,0,-73,-77,-77,-74,-69,-70,-70,0,0,-68,-68,-76,-75,-66,-66,-81,-81,-66,-66,0,-80,-84,-83,0,0,0,-80,-81,-87,-86,0,0,0,0,-85,-87,-54,-68
-73,-71,-75,-75,0,-79,-79,0,0,0,-80,-81,-67,-67,0,-73,-77,-77,-74,-69,-70,-70,0,0,-68,-68,-76,-75,-66,-66,-81,-81,-66,-66,0,-80,-84,-83,0,0,0,-80,-81,-87,-86,0,0,0,0,-85,-87,-54,-68
-73,-71,-75,-75,0,-79,-79,0,0,0,-80,-81,-67,-67,0,-73,-77,-77,-74,-69,-70,-70,0,0,-68,-68,-76,-75,-66,-66,-81,-81,-66,-66,0,-80,-84,-83,0,0,0,-80,-81,-87,-86,0,0,0,0,-85,-87,-54,-68
-73,-73,-75,-76,-82,-81,-79,0,0,-86,-80,-81,-68,-67,-79,-75,-81,-82,-72,-69,-71,-71,0,0,-69,-68,-76,-77,-70,-70,-81,-81,-67,-67,-88,-86,-84,-83,0,0,0,-80,-80,-87,-86,0,0,0,0,-80,-80,-54,-73
-73,-73,-75,-76,-82,-81,-79,0,0,-86,-80,-81,-68,-67,-79,-75,-81,-82,-72,-69,-71,-71,0,0,-69,-68,-76,-77,-70,-70,-81,-81,-67,-67,-88,-86,-84,-83,0,0,0,-80,-80,-87,-86,0,0,0,0,-80,-80,-54,-73
-73,-73,-75,-76,-82,-81,-79,0,0,-86,-80,-81,-68,-67,-79,-75,-81,-82,-72,-69,-71,-71,0,0,-69,-68,-76,-77,-70,-70,-81,-81,-67,-67,-88,-86,-84,-83,0,0,0,-80,-80,-87,-86,0,0,0,0,-80,-80,-54,-73
-73,-73,-74,-74,-82,-81,-79,0,-86,-86,-81,-79,-81,-81,-79,-75,-80,-81,-72,-71,-70,-71,0,-74,-67,-68,0,-77,-65,-65,0,-83,-71,-71,-88,-86,-84,-83,0,0,0,-79,-79,-87,-86,0,-86,0,0,-80,-80,-58,-67
-73,-73,-74,-74,-82,-81,-79,0,-86,-86,-81,-79,-81,-81,-79,-75,-80,-81,-72,-71,-70,-71,0,-74,-67,-68,0,-77,-65,-65,0,-83,-71,-71,-88,-86,-84,-83,0,0,0,-79,-79,-87,-86,0,-86,0,0,-80,-80,-58,-67
-73,-73,-74,-74,-82,-81,-79,0,-86,-86,-81,-79,-81,-81,-79,-75,-80,-81,-72,-71,-70,-71,0,-74,-67,-68,0,-77,-65,-65,0,-83,-71,-71,-88,-86,-84,-83,0,0,0,-79,-79,-87,-86,0,-86,0,0,-80,-80,-58,-67
-73,-73,-74,-74,-82,-81,-79,0,-86,-86,-81,-79,-81,-81,-79,-75,-80,-81,-72,-71,-70,-71,0,-74,-67,-68,0,-77,-65,-65,0,-83,-71,-71,-88,-86,-84,-83,0,0,0,-79,-79,-87,-86,0,-86,0,0,-80,-80,-58,-67
0,-73,-75,-75,-82,-81,0,0,-86,-86,-81,-80,-77,-77,-79,-75,-79,-79,-72,-70,-72,-72,0,-74,-67,-67,0,-77,-68,-68,-83,-82,-75,-75,-88,-86,0,0,0,0,0,-77,-77,0,0,0,-85,0,0,-80,-80,-60,-70
0,-73,-75,-75,-82,-81,0,0,-86,-86,-81,-80,-77,-77,-79,-75,-79,-79,-72,-70,-72,-72,0,-74,-67,-67,0,-77,-68,-68,-83,-82,-75,-75,-88,-86,0,0,0,0,0,-77,-77,0,0,0,-85,0,0,-80,-80,-60,-70
0,-73,-75,-75,-82,-81,0,0,-86,-86,-81,-80,-77,-77,-79,-75,-79,-79,-72,-70,-72,-72,0,-74,-67,-67,0,-77,-68,-68,-83,-82,-75,-75,-88,-86,0,0,0,0,0,-77,-77,0,0,0,-85,0,0,-80,-80,-60,-70
0,-73,-75,-75,-82,-81,0,0,-86,-86,-81,-80,-77,-77,-79,-75,-79,-79,-72,-70,-72,-72,0,-74,-67,-67,0,-77,-68,-68,-83,-82,-75,-75,-88,-86,0,0,0,0,0,-77,-77,0,0,0,-85,0,0,-80,-80,-60,-70
0,0,-73,-73,0,-80,-80,-90,-86,-86,-78,-80,-79,-81,0,0,-79,-82,-72,-70,-74,-73,-72,-71,-73,-73,0,0,-68,-68,-83,-82,-78,-78,0,-75,0,0,0,0,0,-76,-77,0,0,0,-85,0,0,0,0,-43,-57
0,0,-73,-73,0,-80,-80,-90,-86,-86,-78,-80,-79,-81,0,0,-79,-82,-72,-70,-74,-73,-72,-71,-73,-73,0,0,-68,-68,-83,-82,-78,-78,0,-75,0,0,0,0,0,-76,-77,0,0,0,-85,0,0,0,0,-43,-57
0,0,-73,-73,0,-80,-80,-90,-86,-86,-78,-80,-79,-81,0,0,-79,-82,-72,-70,-74,-73,-72,-71,-73,-73,0,0,-68,-68,-83,-82,-78,-78,0,-75,0,0,0,0,0,-76,-77,0,0,0,-85,0,0,0,0,-43,-57
0,0,-73,-73,0,-77,-78,-90,0,0,-78,-80,-79,-83,0,-78,-79,-82,-72,-71,-74,-84,-72,-74,-71,-71,-77,0,-57,-57,-83,-82,-80,-80,0,-75,0,0,0,0,0,-75,-74,0,0,0,-85,0,0,0,0,-53,-77
0,0,-73,-73,0,-77,-78,-90,0,0,-78,-80,-79,-83,0,-78,-79,-82,-72,-71,-74,-84,-72,-74,-71,-71,-77,0,-57,-57,-83,-82,-80,-80,0,-75,0,0,0,0,0,-75,-74,0,0,0,-85,0,0,0,0,-53,-77
0,0,-73,-73,0,-77,-78,-90,0,0,-78,-80,-79,-83,0,-78,-79,-82,-72,-71,-74,-84,-72,-74,-71,-71,-77,0,-57,-57,-83,-82,-80,-80,0,-75,0,0,0,0,0,-75,-74,0,0,0,-85,0,0,0,0,-53,-77
0,0,-73,-73,0,-77,-78,-90,0,0,-78,-80,-79,-83,0,-78,-79,-82,-72,-71,-74,-84,-72,-74,-71,-71,-77,0,-57,-57,-83,-82,-80,-80,0,-75,0,0,0,0,0,-75,-74,0,0,0,-85,0,0,0,0,-53,-77
0,-80,-73,-73,0,-78,-77,-90,0,0,-87,-86,-85,-83,0,-78,-79,-82,0,-71,-86,-86,-72,-74,-71,-71,-77,-74,-57,-57,0,0,-80,-80,0,-75,0,0,0,0,0,-76,-75,0,0,0,0,0,0,0,0,-54,-81
0,-80,-73,-73,0,-78,-77,-90,0,0,-87,-86,-85,-83,0,-78,-79,-82,0,-71,-86,-86,-72,-74,-71,-71,-77,-74,-57,-57,0,0,-80,-80,0,-75,0,0,0,0,0,-76,-75,0,0,0,0,0,0,0,0,-54,-81
0,-80,-73,-73,0,-78,-77,-90,0,0,-87,-86,-85,-83,0,-78,-79,-82,0,-71,-86,-86,-72,-74,-71,-71,-77,-74,-57,-57,0,0,-80,-80,0,-75,0,0,0,0,0,-76,-75,0,0,0,0,0,0,0,0,-54,-81
0,-80,-73,-73,0,-78,-77,-90,0,0,-87,-86,-85,-83,0,-78,-79,-82,0,-71,-86,-86,-72,-74,-71,-71,-77,-74,-57,-57,0,0,-80,-80,0,-75,0,0,0,0,0,-76,-75,0,0,0,0,0,0,0,0,-54,-81
0,-80,0,0,0,-86,-86,0,0,0,-87,-86,-85,-83,0,-78,0,0,0,-71,-86,-86,-76,-75,-70,-71,-77,-74,-60,-60,-85,-82,-80,-80,0,0,0,0,0,0,0,-75,-75,0,0,0,0,0,0,0,0,-54,-74
0,-80,0,0,0,-86,-86,0,0,0,-87,-86,-85,-83,0,-78,0,0,0,-71,-86,-86,-76,-75,-70,-71,-77,-74,-60,-60,-85,-82,-80,-80,0,0,0,0,0,0,0,-75,-75,0,0,0,0,0,0,0,0,-54,-74
0,-80,0,0,0,-86,-86,0,0,0,-87,-86,-85,-83,0,-78,0,0,0,-71,-86,-86,-76,-75,-70,-71,-77,-74,-60,-60,-85,-82,-80,-80,0,0,0,0,0,0,0,-75,-75,0,0,0,0,0,0,0,0,-54,-74
0,-80,-84,-85,0,-78,-78,0,0,0,-87,-86,-85,-83,-81,-79,0,0,0,0,-86,-86,-76,-75,-71,-71,-77,-75,-57,-58,-85,-82,-82,-80,0,0,0,0,0,0,0,-75,-76,0,0,0,0,0,0,0,0,-54,-78
0,-80,-84,-85,0,-78,-78,0,0,0,-87,-86,-85,-83,-81,-79,0,0,0,0,-86,-86,-76,-75,-71,-71,-77,-75,-57,-58,-85,-82,-82,-80,0,0,0,0,0,0,0,-75,-76,0,0,0,0,0,0,0,0,-54,-78
0,-80,-84,-85,0,-78,-78,0,0,0,-87,-86,-85,-83,-81,-79,0,0,0,0,-86,-86,-76,-75,-71,-71,-77,-75,-57,-58,-85,-82,-82,-80,0,0,0,0,0,0,0,-75,-76,0,0,0,0,0,0,0,0,-54,-78
0,-80,-84,-85,0,-78,-78,0,0,0,-87,-86,-85,-83,-81,-79,0,0,0,0,-86,-86,-76,-75,-71,-71,-77,-75,-57,-58,-85,-82,-82,-80,0,0,0,0,0,0,0,-75,-76,0,0,0,0,0,0,0,0,-54,-78
0,0,-84,-85,-89,-78,-78,0,0,0,0,0,-78,-79,-80,-77,0,0,0,0,-84,-84,-79,-77,-70,-71,-80,-63,-57,-58,-85,-82,-82,-81,0,0,-85,-87,0,0,0,-75,-76,0,0,0,0,0,0,0,0,-53,-74
0,0,-84,-85,-89,-78,-78,0,0,0,0,0,-78,-79,-80,-77,0,0,0,0,-84,-84,-79,-77,-70,-71,-80,-63,-57,-58,-85,-82,-82,-81,0,0,-85,-87,0,0,0,-75,-76,0,0,0,0,0,0,0,0,-53,-74
0,0,-84,-85,-89,-78,-78,0,0,0,0,0,-78,-79,-80,-77,0,0,0,0,-84,-84,-79,-77,-70,-71,-80,-63,-57,-58,-85,-82,-82,-81,0,0,-85,-87,0,0,0,-75,-76,0,0,0,0,0,0,0,0,-53,-74
-85,-82,-72,-72,-89,-78,-78,0,-82,-82,0,0,-73,-74,-80,-77,0,0,0,0,-77,-78,-79,-77,-69,-72,-80,-63,-71,-71,-78,0,-70,-70,-87,0,-83,-83,0,0,0,-80,-80,0,0,0,0,0,0,0,0,-47,-66
-85,-82,-72,-72,-89,-78,-78,0,-82,-82,0,0,-73,-74,-80,-77,0,0,0,0,-77,-78,-79,-77,-69,-72,-80,-63,-71,-71,-78,0,-70,-70,-87,0,-83,-83,0,0,0,-80,-80,0,0,0,0,0,0,0,0,-47,-66
-85,-82,-72,-72,-89,-78,-78,0,-82,-82,0,0,-73,-74,-80,-77,0,0,0,0,-77,-78,-79,-77,-69,-72,-80,-63,-71,-71,-78,0,-70,-70,-87,0,-83,-83,0,0,0,-80,-80,0,0,0,0,0,0,0,0,-47,-66
-85,-82,-72,-72,-89,-78,-78,0,-82,-82,0,0,-73,-74,-80,-77,0,0,0,0,-77,-78,-79,-77,-69,-72,-80,-63,-71,-71,-78,0,-70,-70,-87,0,-83,-83,0,0,0,-80,-80,0,0,0,0,0,0,0,0,-47,-66
-85,-74,-80,-78,-89,0,0,-75,-83,-83,-82,-78,-75,-75,-80,-77,-83,-85,-76,-74,-76,-77,-79,-77,-69,-70,-80,-63,-73,-74,-78,0,-72,-75,-89,0,-83,-83,0,0,0,-79,-79,0,0,0,0,0,-80,-83,-84,-57,-62
-85,-74,-80,-78,-89,0,0,-75,-83,-83,-82,-78,-75,-75,-80,-77,-83,-85,-76,-74,-76,-77,-79,-77,-69,-70,-80,-63,-73,-74,-78,0,-72,-75,-89,0,-83,-83,0,0,0,-79,-79,0,0,0,0,0,-80,-83,-84,-57,-62
