0,0,0,0,0,0,0,-82,0,0,-71,-69,-84,-83,0,0,0,0,0,0,0,0,0,-74,-72,-71,0,0,0,0,0,-66,-78,-78,0,-81,-85,-85,0,0,0,0,0,0,0,0,0,-80,-79,-84,-83,-74,-68
0,0,0,0,0,0,0,-82,0,0,-71,-69,-84,-83,0,0,0,0,0,0,0,0,0,-74,-72,-71,0,0,0,0,0,-66,-78,-78,0,-81,-85,-85,0,0,0,0,0,0,0,0,0,-80,-79,-84,-83,-74,-68
0,0,0,0,0,0,0,-77,0,0,-71,-69,-82,-87,0,0,0,0,0,0,0,0,0,-70,-63,-65,0,0,0,0,0,-66,-83,-83,0,-81,-83,-84,0,0,0,0,0,0,0,0,0,-80,-79,-75,-77,-61,-66
0,0,0,0,0,0,0,-77,0,0,-71,-69,-82,-87,0,0,0,0,0,0,0,0,0,-70,-63,-65,0,0,0,0,0,-66,-83,-83,0,-81,-83,-84,0,0,0,0,0,0,0,0,0,-80,-79,-75,-77,-61,-66
0,0,0,0,0,0,0,-77,0,0,0,-74,-84,-87,0,0,0,0,0,-80,0,0,0,-76,-61,-61,0,0,0,0,-77,-64,-73,-73,0,-87,-83,-89,0,0,0,0,0,0,0,0,0,0,-71,-86,-85,-74,-69
0,0,0,0,0,0,0,-77,0,0,0,-74,-84,-87,0,0,0,0,0,-80,0,0,0,-76,-61,-61,0,0,0,0,-77,-64,-73,-73,0,-87,-83,-89,0,0,0,0,0,0,0,0,0,0,-71,-86,-85,-74,-69
0,0,0,0,-84,0,0,-75,0,0,0,-76,-85,-83,0,0,0,0,0,-80,0,0,-65,-62,-57,-59,0,0,0,0,-74,-70,-68,-67,-77,-81,-85,-85,0,0,0,0,0,0,0,0,0,-76,-73,-79,-79,-74,-52
0,0,0,0,-84,0,0,-75,0,0,0,-76,-85,-83,0,0,0,0,0,-80,0,0,-65,-62,-57,-59,0,0,0,0,-74,-70,-68,-67,-77,-81,-85,-85,0,0,0,0,0,0,0,0,0,-76,-73,-79,-79,-74,-52
0,-84,0,0,-84,0,0,-75,0,0,0,-72,-85,-88,0,0,0,0,0,-80,0,0,-74,-70,-58,-57,-86,0,0,0,-74,-70,-73,-73,-77,-81,-83,-83,0,0,0,0,0,0,0,0,0,-76,-70,-79,-80,-64,-59
0,-84,0,0,-84,0,0,-75,0,0,0,-72,-85,-88,0,0,0,0,0,-80,0,0,-74,-70,-58,-57,-86,0,0,0,-74,-70,-73,-73,-77,-81,-83,-83,0,0,0,0,0,0,0,0,0,-76,-70,-79,-80,-64,-59
0,-84,0,0,-86,0,0,-80,0,0,0,-72,-86,-85,0,0,0,0,-82,0,0,0,-72,-69,-59,-60,-86,0,0,0,-74,-68,-73,-73,-77,-81,-83,-83,0,0,0,0,0,0,0,0,0,-76,-74,-80,-82,-70,-63
0,-84,0,0,-86,0,0,-80,0,0,0,-72,-86,-85,0,0,0,0,-82,0,0,0,-72,-69,-59,-60,-86,0,0,0,-74,-68,-73,-73,-77,-81,-83,-83,0,0,0,0,0,0,0,0,0,-76,-74,-80,-82,-70,-63
-85,-84,0,0,-86,0,0,-80,0,0,0,-72,-86,-85,0,0,0,0,-82,-79,0,0,-71,-71,-58,-60,-86,0,0,0,0,-68,-76,-74,-77,-81,-78,-83,0,0,0,0,0,0,0,0,0,-77,-71,-79,-81,-70,-61
-85,-84,0,0,-86,0,0,-80,0,0,0,-72,-86,-85,0,0,0,0,-82,-79,0,0,-71,-71,-58,-60,-86,0,0,0,0,-68,-76,-74,-77,-81,-78,-83,0,0,0,0,0,0,0,0,0,-77,-71,-79,-81,-70,-61
-85,-88,0,0,-86,0,0,-80,0,0,0,0,-86,-85,0,-85,0,0,-82,-79,0,-91,-73,-69,-61,-63,0,0,0,0,0,-68,-75,-75,0,-81,-77,-77,0,0,0,0,0,0,0,0,0,-77,-72,-82,-80,-74,-69
-85,-88,0,0,-86,0,0,-80,0,0,0,0,-86,-85,0,-85,0,0,-82,-79,0,-91,-73,-69,-61,-63,0,0,0,0,0,-68,-75,-75,0,-81,-77,-77,0,0,0,0,0,0,0,0,0,-77,-72,-82,-80,-74,-69
-85,-88,0,0,0,0,0,-83,0,0,0,0,0,0,0,-85,0,0,0,-80,-91,-91,-72,-71,-60,-61,0,0,0,0,-72,-69,-73,-72,0,-81,-79,-79,0,0,0,0,0,0,0,0,0,-77,-72,-78,-80,-72,-65
-85,-88,0,0,0,0,0,-83,0,0,0,0,0,0,0,-85,0,0,0,-80,-91,-91,-72,-71,-60,-61,0,0,0,0,-72,-69,-73,-72,0,-81,-79,-79,0,0,0,0,0,0,0,0,0,-77,-72,-78,-80,-72,-65
0,-88,0,0,0,0,0,-80,0,0,0,-84,-89,-89,-89,-87,0,0,0,-80,-91,-91,-70,-73,-61,-60,0,0,0,0,-72,-70,-74,-72,0,0,-78,-79,0,0,0,0,0,0,0,0,0,0,-72,-80,-82,-75,-66
0,-88,0,0,0,0,0,-80,0,0,0,-84,-89,-89,-89,-87,0,0,0,-80,-91,-91,-70,-73,-61,-60,0,0,0,0,-72,-70,-74,-72,0,0,-78,-79,0,0,0,0,0,0,0,0,0,0,-72,-80,-82,-75,-66
0,0,0,0,0,0,0,-80,0,0,0,-84,-89,-89,-89,-83,0,0,0,-80,-91,0,-69,-70,-61,-62,0,0,0,0,-72,-71,-73,-74,0,0,-79,-79,0,0,0,0,0,0,0,0,0,0,-72,-80,-79,-73,-67
0,0,0,0,0,0,0,-80,0,0,0,-84,-89,-89,-89,-83,0,0,0,-80,-91,0,-69,-70,-61,-62,0,0,0,0,-72,-71,-73,-74,0,0,-79,-79,0,0,0,0,0,0,0,0,0,0,-72,-80,-79,-73,-67
0,0,0,0,0,0,0,-80,0,0,0,-84,-93,-89,-89,-83,0,0,0,0,-91,0,-69,-70,-59,-65,0,0,0,0,0,-71,-75,-76,0,0,-79,-79,0,0,0,0,0,0,0,0,0,0,-69,-79,-78,-68,-60
0,0,0,0,0,0,0,-80,0,0,0,-84,-93,-89,-89,-83,0,0,0,0,-91,0,-69,-70,-59,-65,0,0,0,0,0,-71,-75,-76,0,0,-79,-79,0,0,0,0,0,0,0,0,0,0,-69,-79,-78,-68,-60
0,0,0,0,0,0,0,-80,0,0,0,-84,-93,-89,-89,-83,0,0,0,0,-91,0,-69,-70,-59,-65,0,0,0,0,0,-71,-75,-76,0,0,-79,-79,0,0,0,0,0,0,0,0,0,0,-69,-79,-78,-68,-60
0,0,0,0,0,0,0,0,0,0,0,0,-89,0,0,-83,0,0,0,0,0,0,-75,-71,-62,-64,0,0,0,0,0,-71,-76,-77,0,0,-78,-80,0,0,0,0,0,0,0,0,0,0,-70,-78,-78,-73,-72
0,-86,0,0,0,0,0,-76,0,0,0,0,-82,-84,0,0,0,0,-83,-82,0,-91,-77,-75,-61,-62,0,0,0,0,0,0,-66,-66,0,0,-79,-79,0,0,0,0,0,0,0,0,0,-70,-70,-78,-81,-75,-78
0,-86,0,0,0,0,0,-76,0,0,0,0,-82,-84,0,0,0,0,-83,-82,0,-91,-77,-75,-61,-62,0,0,0,0,0,0,-66,-66,0,0,-79,-79,0,0,0,0,0,0,0,0,0,-70,-70,-78,-81,-75,-78
0,-86,0,0,0,0,0,-76,0,0,0,-67,-82,-84,0,0,0,0,-83,-82,0,-91,-64,-75,-60,-73,0,0,0,0,0,-68,-81,-81,0,0,-82,-83,0,0,0,0,0,0,0,0,0,-75,-69,-85,-85,-64,-59
0,-86,0,0,0,0,0,-76,0,0,0,-67,-82,-84,0,0,0,0,-83,-82,0,-91,-64,-75,-60,-73,0,0,0,0,0,-68,-81,-81,0,0,-82,-83,0,0,0,0,0,0,0,0,0,-75,-69,-85,-85,-64,-59
0,-86,0,0,0,0,0,-76,0,0,0,-67,-82,-85,0,0,0,0,-83,-83,0,-91,-73,-70,-66,-74,0,-91,0,0,0,-71,-74,-74,0,0,-87,-86,0,0,0,0,0,0,0,0,0,-75,-69,-85,-84,-72,-72
0,-86,0,0,0,0,0,-76,0,0,0,-67,-82,-85,0,0,0,0,-83,-83,0,-91,-73,-70,-66,-74,0,-91,0,0,0,-71,-74,-74,0,0,-87,-86,0,0,0,0,0,0,0,0,0,-75,-69,-85,-84,-72,-72
0,0,0,0,0,0,0,0,0,0,0,-70,-91,-85,0,0,0,0,0,-83,0,0,-66,-65,-72,-76,0,-91,0,0,0,-71,-74,-74,0,-75,-87,-86,0,0,0,0,0,0,0,0,0,-75,-69,-85,-86,-64,-59
0,0,0,0,0,0,0,0,0,0,0,-70,-91,-85,0,0,0,0,0,-83,0,0,-66,-65,-72,-76,0,-91,0,0,0,-71,-74,-74,0,-75,-87,-86,0,0,0,0,0,0,0,0,0,-75,-69,-85,-86,-64,-59
0,0,0,0,0,0,0,-74,0,0,0,-70,-88,-85,0,0,0,0,-78,-78,0,0,-69,-64,-75,-76,0,-91,0,0,-65,-71,-72,-70,0,-75,-87,-86,0,0,0,0,0,0,0,0,0,0,-71,-88,-88,-65,-60
0,0,0,0,0,0,0,-74,0,0,0,-70,-88,-85,0,0,0,0,-78,-78,0,0,-69,-64,-75,-76,0,-91,0,0,-65,-71,-72,-70,0,-75,-87,-86,0,0,0,0,0,0,0,0,0,0,-71,-88,-88,-65,-60
0,-80,0,0,0,0,0,-74,0,0,-72,-70,-87,-87,0,0,0,0,-78,-80,0,0,-71,-72,-72,-75,0,0,0,0,-65,-67,-70,-71,0,-75,0,0,0,0,0,0,0,0,0,0,0,0,-71,-89,-90,-58,-63
0,-80,0,0,0,0,0,-74,0,0,-72,-70,-87,-87,0,0,0,0,-78,-80,0,0,-71,-72,-72,-75,0,0,0,0,-65,-67,-70,-71,0,-75,0,0,0,0,0,0,0,0,0,0,0,0,-71,-89,-90,-58,-63
0,-80,0,0,0,0,0,-71,0,0,-72,-70,-85,-85,0,0,0,0,-78,-76,0,0,-68,-71,-71,-75,0,0,0,0,-63,-66,-72,-72,0,0,0,0,0,0,0,0,0,0,0,0,0,0,-71,-89,-90,-58,-57
0,-80,0,0,0,0,0,-71,0,0,-72,-70,-85,-85,0,0,0,0,-78,-76,0,0,-68,-71,-71,-75,0,0,0,0,-63,-66,-72,-72,0,0,0,0,0,0,0,0,0,0,0,0,0,0,-71,-89,-90,-58,-57
0,-80,0,0,-78,0,0,-71,0,0,-72,-70,-85,-85,0,0,0,0,0,-78,0,0,-70,-70,-70,-72,0,0,0,0,-61,-65,-71,-72,0,0,0,0,0,-87,0,0,0,0,0,0,0,-76,0,-89,-90,-55,-58
0,-80,0,0,-78,0,0,-71,0,0,-72,-70,-85,-85,0,0,0,0,0,-78,0,0,-70,-70,-70,-72,0,0,0,0,-61,-65,-71,-72,0,0,0,0,0,-87,0,0,0,0,0,0,0,-76,0,-89,-90,-55,-58
0,-81,0,0,-78,0,0,-71,0,0,0,0,-89,-87,0,0,0,0,0,-78,0,0,-73,-69,-69,-73,0,0,0,0,-63,-64,-72,-72,0,0,-88,0,0,-87,0,0,0,0,0,0,0,-74,-71,0,0,-54,-57
0,-81,0,0,-78,0,0,-71,0,0,0,0,-89,-87,0,0,0,0,0,-78,0,0,-73,-69,-69,-73,0,0,0,0,-63,-64,-72,-72,0,0,-88,0,0,-87,0,0,0,0,0,0,0,-74,-71,0,0,-54,-57
0,-81,0,0,-78,0,0,0,0,0,0,0,-86,-83,0,0,0,0,0,-78,0,0,-71,-71,-74,-79,0,-94,0,0,-65,-68,-70,-71,0,0,-88,-86,0,-87,0,0,0,0,0,0,0,-74,-72,-87,-88,-55,-60
0,-81,0,0,-78,0,0,0,0,0,0,0,-86,-83,0,0,0,0,0,-78,0,0,-71,-71,-74,-79,0,-94,0,0,-65,-68,-70,-71,0,0,-88,-86,0,-87,0,0,0,0,0,0,0,-74,-72,-87,-88,-55,-60
0,-81,0,0,0,0,0,-82,0,0,0,0,-86,-84,0,-76,0,0,0,0,0,0,-71,-70,-76,-75,0,-94,0,0,-65,-64,-66,-66,0,0,-88,-86,0,0,0,0,0,0,0,0,0,-74,-72,-87,-91,-60,-60
0,-81,0,0,0,0,0,-82,0,0,0,0,-86,-84,0,-76,0,0,0,0,0,0,-71,-70,-76,-75,0,-94,0,0,-65,-64,-66,-66,0,0,-88,-86,0,0,0,0,0,0,0,0,0,-74,-72,-87,-91,-60,-60
-84,0,0,0,0,0,0,-72,0,0,0,0,-85,-85,-78,-77,0,0,0,0,0,0,-70,-71,-75,-76,0,-94,0,0,-65,-65,-66,-66,0,0,0,-86,0,0,0,0,0,0,0,0,0,0,-72,-87,-91,-58,-61
-84,0,0,0,0,0,0,-72,0,0,0,0,-85,-85,-78,-77,0,0,0,0,0,0,-70,-71,-75,-76,0,-94,0,0,-65,-65,-66,-66,0,0,0,-86,0,0,0,0,0,0,0,0,0,0,-72,-87,-91,-58,-61
-84,-84,0,0,0,0,0,-80,0,0,-73,-75,-85,-83,-78,-77,0,0,0,0,0,0,-70,-70,-76,-75,-85,0,0,0,-65,-66,-66,-66,0,0,0,0,0,0,0,0,0,0,0,0,0,0,0,0,-92,-59,-57
-84,-84,0,0,0,0,0,-80,0,0,-73,-75,-85,-83,-78,-77,0,0,0,0,0,0,-70,-70,-76,-75,-85,0,0,0,-65,-66,-66,-66,0,0,0,0,0,0,0,0,0,0,0,0,0,0,0,0,-92,-59,-57
-84,-84,0,0,0,0,0,-80,0,0,-73,-75,-88,-85,-89,-87,0,0,0,-73,0,0,-70,-71,-76,-77,-85,0,0,0,-65,-66,-67,-67,0,0,0,0,0,0,0,0,0,0,0,0,0,-76,-72,0,-92,-59,-61
-84,-84,0,0,0,0,0,-80,0,0,-73,-75,-88,-85,-89,-87,0,0,0,-73,0,0,-70,-71,-76,-77,-85,0,0,0,-65,-66,-67,-67,0,0,0,0,0,0,0,0,0,0,0,0,0,-76,-72,0,-92,-59,-61
0,-84,0,0,-79,0,0,-80,0,0,-73,-75,-84,-85,-89,-87,0,0,0,-73,0,0,-72,-68,-73,-80,-85,0,0,0,-65,-66,-67,-67,0,0,0,0,-92,-86,0,0,0,0,0,0,0,-76,-72,0,-92,-58,-58
0,-84,0,0,-79,0,0,-80,0,0,-73,-75,-84,-85,-89,-87,0,0,0,-73,0,0,-72,-68,-73,-80,-85,0,0,0,-65,-66,-67,-67,0,0,0,0,-92,-86,0,0,0,0,0,0,0,-76,-72,0,-92,-58,-58
-82,-83,0,0,-79,0,0,-74,0,0,0,-70,-84,-85,-89,-87,0,0,0,-73,0,0,-72,-62,-63,-73,0,0,0,0,-67,-66,-79,-80,-82,-90,0,0,-92,-86,0,0,0,0,0,0,0,-79,-75,-90,-92,-59,-62
-82,-83,0,0,-79,0,0,-74,0,0,0,-70,-84,-85,-89,-87,0,0,0,-73,0,0,-72,-62,-63,-73,0,0,0,0,-67,-66,-79,-80,-82,-90,0,0,-92,-86,0,0,0,0,0,0,0,-79,-75,-90,-92,-59,-62
-82,-83,0,0,-79,0,0,-74,0,0,0,-79,-87,-85,0,0,0,0,-84,-81,0,0,-72,-77,-72,-72,0,0,0,0,-68,-60,-80,-78,-82,-90,-91,0,-92,-86,0,0,0,0,0,0,0,-79,-72,-90,-92,-62,-69
