0,-78,0,0,0,-86,-90,-74,0,0,0,-72,-79,-80,-83,-79,0,0,0,0,-82,-80,-72,-73,-66,-69,0,-82,-79,-79,-64,-59,-71,-72,0,0,-82,-82,0,0,0,0,0,0,0,-87,0,-69,-71,-74,-75,-54,-69
0,-78,0,0,0,-86,-90,-74,0,0,0,-72,-79,-80,-83,-79,0,0,0,0,-82,-80,-72,-73,-66,-69,0,-82,-79,-79,-64,-59,-71,-72,0,0,-82,-82,0,0,0,0,0,0,0,-87,0,-69,-71,-74,-75,-54,-69
0,0,0,0,0,-86,-90,-70,0,0,-71,-70,-82,-80,-83,-74,0,0,0,0,-85,-83,-68,-66,-65,-73,0,-85,-86,-87,-64,-68,-72,-72,0,0,-82,-82,0,0,0,0,0,0,0,0,0,0,-71,-82,-80,-60,-61
0,0,0,0,0,-86,-90,-70,0,0,-71,-70,-82,-80,-83,-74,0,0,0,0,-85,-83,-68,-66,-65,-73,0,-85,-86,-87,-64,-68,-72,-72,0,0,-82,-82,0,0,0,0,0,0,0,0,0,0,-71,-82,-80,-60,-61
0,0,0,0,-76,0,0,-70,0,0,-71,-71,-83,-82,0,-74,0,0,0,0,-88,-87,-68,-64,-62,-64,-84,-91,-87,-86,0,-74,-73,-70,0,0,-80,-79,0,0,0,0,0,0,0,0,0,-72,-69,-78,-81,-61,-59
0,0,0,0,-76,0,0,-70,0,0,-71,-71,-83,-82,0,-74,0,0,0,0,-88,-87,-68,-64,-62,-64,-84,-91,-87,-86,0,-74,-73,-70,0,0,-80,-79,0,0,0,0,0,0,0,0,0,-72,-69,-78,-81,-61,-59
-83,-80,0,0,-76,0,0,-70,0,0,-71,-71,-79,-80,0,-74,0,0,0,0,-88,-88,-68,-66,-67,-68,-84,-86,-87,-87,0,-74,-71,-71,0,0,-81,-81,0,0,0,0,0,0,0,0,0,-72,-69,-77,-79,-61,-60
-83,-80,0,0,-76,0,0,-70,0,0,-71,-71,-79,-80,0,-74,0,0,0,0,-88,-88,-68,-66,-67,-68,-84,-86,-87,-87,0,-74,-71,-71,0,0,-81,-81,0,0,0,0,0,0,0,0,0,-72,-69,-77,-79,-61,-60
-83,-80,0,0,-76,0,0,-75,0,0,0,-71,-83,-84,0,0,0,0,0,0,-84,-87,0,-70,-64,-68,-84,-86,-89,-88,0,-74,-68,-69,0,0,-81,-82,0,-81,-79,0,0,0,0,0,0,-72,-69,-78,-75,-66,-62
-83,-80,0,0,-76,0,0,-75,0,0,0,-71,-83,-84,0,0,0,0,0,0,-84,-87,0,-70,-64,-68,-84,-86,-89,-88,0,-74,-68,-69,0,0,-81,-82,0,-81,-79,0,0,0,0,0,0,-72,-69,-78,-75,-66,-62
-83,-80,0,0,-70,0,0,-75,0,0,0,0,-80,-81,-73,0,0,0,0,0,-89,-87,0,-70,-69,-69,0,-86,-88,-88,0,-71,-70,-69,0,0,-80,-81,0,-81,-79,0,0,0,0,0,0,-71,-70,-81,-83,-60,-59
-83,-80,0,0,-70,0,0,-75,0,0,0,0,-80,-81,-73,0,0,0,0,0,-89,-87,0,-70,-69,-69,0,-86,-88,-88,0,-71,-70,-69,0,0,-80,-81,0,-81,-79,0,0,0,0,0,0,-71,-70,-81,-83,-60,-59
0,0,0,0,-71,0,0,-76,0,0,0,0,-80,-82,-73,0,0,0,0,0,-89,-88,-72,-64,-67,-69,0,0,-88,-87,0,-71,-73,-75,0,0,-79,-77,0,-81,-79,0,0,0,0,0,0,-74,-70,-81,-82,-60,-63
0,0,0,0,-71,0,0,-76,0,0,0,0,-80,-82,-73,0,0,0,0,0,-89,-88,-72,-64,-67,-69,0,0,-88,-87,0,-71,-73,-75,0,0,-79,-77,0,-81,-79,0,0,0,0,0,0,-74,-70,-81,-82,-60,-63
0,0,0,0,-69,0,0,-76,0,0,0,0,-84,-81,-73,0,0,0,0,0,-88,-87,-70,-68,-68,-70,0,0,-88,-87,-69,-71,-71,-70,0,0,-78,-79,0,-83,-83,0,0,0,0,0,0,-74,-70,-80,-79,-58,-60
0,0,0,0,-69,0,0,-76,0,0,0,0,-84,-81,-73,0,0,0,0,0,-88,-87,-70,-68,-68,-70,0,0,-88,-87,-69,-71,-71,-70,0,0,-78,-79,0,-83,-83,0,0,0,0,0,0,-74,-70,-80,-79,-58,-60
0,0,0,0,-69,0,0,-76,0,0,0,0,-85,-81,-75,-73,0,0,0,0,-89,-90,-70,-68,-68,-72,0,0,-88,-87,-69,-71,-67,-67,0,0,-79,-79,0,-83,-83,0,0,0,0,0,0,-74,-71,-81,-82,-59,-58
0,0,0,0,-69,0,0,-76,0,0,0,0,-85,-81,-75,-73,0,0,0,0,-89,-90,-70,-68,-68,-72,0,0,-88,-87,-69,-71,-67,-67,0,0,-79,-79,0,-83,-83,0,0,0,0,0,0,-74,-71,-81,-82,-59,-58
0,0,0,0,-72,0,0,-76,0,0,0,-72,-85,-81,-75,-73,0,0,0,0,-90,-90,-70,-69,-67,-68,0,0,-88,-87,-69,-68,-66,-66,0,0,-78,-78,0,-83,-83,0,0,0,0,0,0,-71,-67,-79,-80,-63,-61
0,0,0,0,-72,0,0,-76,0,0,0,-72,-85,-81,-75,-73,0,0,0,0,-90,-90,-70,-69,-67,-68,0,0,-88,-87,-69,-68,-66,-66,0,0,-78,-78,0,-83,-83,0,0,0,0,0,0,-71,-67,-79,-80,-63,-61
-82,-81,0,0,-72,0,0,-76,0,0,0,-77,-81,-80,-75,-73,0,0,0,0,-86,-91,0,-69,-66,-69,0,0,-88,-86,-69,-68,-71,-71,0,0,-80,-80,0,0,0,0,0,0,0,0,0,-71,-67,-79,-84,-58,-57
-82,-81,0,0,-72,0,0,-76,0,0,0,-77,-81,-80,-75,-73,0,0,0,0,-86,-91,0,-69,-66,-69,0,0,-88,-86,-69,-68,-71,-71,0,0,-80,-80,0,0,0,0,0,0,0,0,0,-71,-67,-79,-84,-58,-57
-82,-81,0,0,-72,0,0,-76,0,0,0,-77,-83,-81,0,-76,0,0,0,0,-86,-91,0,-69,-67,-69,-84,-85,-88,-86,-69,-68,-65,-65,0,0,-80,-80,0,0,0,0,0,0,0,0,0,-71,-66,-80,-80,-62,-62
-82,-81,0,0,-72,0,0,-76,0,0,0,-77,-83,-81,0,-76,0,0,0,0,-86,-91,0,-69,-67,-69,-84,-85,-88,-86,-69,-68,-65,-65,0,0,-80,-80,0,0,0,0,0,0,0,0,0,-71,-66,-80,-80,-62,-62
-82,-81,0,0,0,0,0,0,0,0,0,-77,-85,-84,-77,-72,0,0,0,0,-86,-90,-71,-71,-68,-66,-84,-82,-89,-86,0,0,-67,-67,0,0,-80,-80,0,0,0,0,0,0,0,0,0,0,-66,-80,-80,-61,-59
-82,-81,0,0,0,0,0,0,0,0,0,-77,-85,-84,-77,-72,0,0,0,0,-86,-90,-71,-71,-68,-66,-84,-82,-89,-86,0,0,-67,-67,0,0,-80,-80,0,0,0,0,0,0,0,0,0,0,-66,-80,-80,-61,-59
0,0,0,0,-79,0,0,-80,0,0,-76,0,-87,-89,-77,-72,0,0,0,0,0,-90,-71,-66,-64,-65,-84,-82,-89,-89,-69,-65,-73,-73,0,0,-84,-83,0,0,-81,0,0,0,0,0,0,-76,-71,-79,-80,-58,-71
0,0,0,0,-79,0,0,-80,0,0,-76,0,-87,-89,-77,-72,0,0,0,0,0,-90,-71,-66,-64,-65,-84,-82,-89,-89,-69,-65,-73,-73,0,0,-84,-83,0,0,-81,0,0,0,0,0,0,-76,-71,-79,-80,-58,-71
0,0,0,0,-79,0,0,-80,0,0,-76,0,-83,-80,-77,-72,0,0,0,0,0,-90,-71,-66,-66,-67,0,-82,-89,-89,-68,-68,-69,-68,0,0,-84,-83,0,0,-81,0,0,0,0,0,0,-76,-69,-77,-78,-59,-60
0,0,0,0,-79,0,0,-80,0,0,-76,0,-83,-80,-77,-72,0,0,0,0,0,-90,-71,-66,-66,-67,0,-82,-89,-89,-68,-68,-69,-68,0,0,-84,-83,0,0,-81,0,0,0,0,0,0,-76,-69,-77,-78,-59,-60
0,-81,0,0,-79,0,0,-68,0,0,-76,0,-79,-77,0,-73,0,0,0,0,-82,-85,0,-70,-63,-74,0,-88,-84,-84,-68,-68,-64,-64,0,0,-84,-83,0,0,-85,0,0,0,0,0,0,-76,-69,-80,-79,-58,-60
0,-81,0,0,-79,0,0,-68,0,0,-76,0,-79,-77,0,-73,0,0,0,0,-82,-85,0,-70,-63,-74,0,-88,-84,-84,-68,-68,-64,-64,0,0,-84,-83,0,0,-85,0,0,0,0,0,0,-76,-69,-80,-79,-58,-60
0,-81,0,0,0,0,0,-68,0,0,0,0,-79,-76,0,-73,0,0,0,0,-85,-86,0,-68,-59,-60,0,-88,-88,-87,-72,-61,-72,-71,0,0,-80,-81,0,0,-85,0,0,0,0,0,0,0,-73,-85,-85,-59,-62
0,-81,0,0,0,0,0,-68,0,0,0,0,-79,-76,0,-73,0,0,0,0,-85,-86,0,-68,-59,-60,0,-88,-88,-87,-72,-61,-72,-71,0,0,-80,-81,0,0,-85,0,0,0,0,0,0,0,-73,-85,-85,-59,-62
0,-81,0,0,0,0,0,-74,0,0,0,0,-78,-80,0,-73,0,0,0,0,-87,-85,-66,-62,-61,-63,0,-88,-88,-87,-73,-64,-72,-71,0,0,-80,-81,0,-86,-85,0,0,0,0,0,0,0,-73,-87,-82,-57,-59
0,-81,0,0,0,0,0,-74,0,0,0,0,-78,-80,0,-73,0,0,0,0,-87,-85,-66,-62,-61,-63,0,-88,-88,-87,-73,-64,-72,-71,0,0,-80,-81,0,-86,-85,0,0,0,0,0,0,0,-73,-87,-82,-57,-59
0,-78,0,0,0,-88,0,-74,0,0,0,0,-78,-78,0,-78,0,0,0,-75,-86,-86,-66,-64,-61,-62,0,0,-88,-87,-73,-64,-73,-73,0,0,-80,-81,0,-86,0,0,0,0,0,-90,0,0,-73,-86,-85,-56,-61
0,-78,0,0,0,-88,0,-74,0,0,0,0,-78,-78,0,-78,0,0,0,-75,-86,-86,-66,-64,-61,-62,0,0,-88,-87,-73,-64,-73,-73,0,0,-80,-81,0,-86,0,0,0,0,0,-90,0,0,-73,-86,-85,-56,-61
0,-78,0,0,0,-88,0,-74,0,0,0,0,-77,-77,0,-78,0,0,0,-75,-84,-83,-65,-64,-61,-61,0,0,-87,-87,-73,-61,-73,-73,0,0,-80,-81,-87,-86,0,0,0,0,0,-90,0,0,-71,-82,-81,-57,-62
0,-78,0,0,0,-88,0,-74,0,0,0,0,-77,-77,0,-78,0,0,0,-75,-84,-83,-65,-64,-61,-61,0,0,-87,-87,-73,-61,-73,-73,0,0,-80,-81,-87,-86,0,0,0,0,0,-90,0,0,-71,-82,-81,-57,-62
0,-78,0,0,0,-88,0,-73,0,0,0,0,-82,-80,0,-78,0,0,-82,-79,-85,-85,-65,-62,-60,-64,0,0,-85,-84,-68,-63,-71,-72,0,0,-81,-81,-87,-84,-83,0,0,0,0,-90,0,-82,-71,-83,-84,-57,-63
0,-78,0,0,0,-88,0,-73,0,0,0,0,-82,-80,0,-78,0,0,-82,-79,-85,-85,-65,-62,-60,-64,0,0,-85,-84,-68,-63,-71,-72,0,0,-81,-81,-87,-84,-83,0,0,0,0,-90,0,-82,-71,-83,-84,-57,-63
0,-79,0,0,0,-87,-88,-74,0,0,0,0,-80,-80,0,0,0,0,-82,-79,-87,-86,-65,-64,-66,-75,0,0,-81,-82,-68,-67,-76,-76,0,-90,-81,-81,-87,-84,-83,0,0,0,0,0,0,-82,-71,-77,-77,-56,-64
0,-79,0,0,0,-87,-88,-74,0,0,0,0,-80,-80,0,0,0,0,-82,-79,-87,-86,-65,-64,-66,-75,0,0,-81,-82,-68,-67,-76,-76,0,-90,-81,-81,-87,-84,-83,0,0,0,0,0,0,-82,-71,-77,-77,-56,-64
0,-79,0,0,0,-87,-87,-71,0,0,0,0,-82,-80,0,-73,0,0,-82,-79,-85,-86,-70,-67,-69,-69,0,0,-85,-85,-68,-67,-68,-68,0,-90,-79,-81,0,-84,-83,0,0,0,0,0,0,-67,0,-75,-78,-61,-61
0,-79,0,0,0,-87,-87,-71,0,0,0,0,-82,-80,0,-73,0,0,-82,-79,-85,-86,-70,-67,-69,-69,0,0,-85,-85,-68,-67,-68,-68,0,-90,-79,-81,0,-84,-83,0,0,0,0,0,0,-67,0,-75,-78,-61,-61
0,-79,0,0,-77,-87,-87,-71,0,0,0,0,-80,-79,0,-73,0,0,0,0,-91,-90,-66,-65,-68,-68,0,0,-84,-84,-68,-65,-72,-72,0,-88,-81,-80,0,0,0,0,0,0,0,0,0,-67,0,-80,-81,-58,-62
0,-79,0,0,-77,-87,-87,-71,0,0,0,0,-80,-79,0,-73,0,0,0,0,-91,-90,-66,-65,-68,-68,0,0,-84,-84,-68,-65,-72,-72,0,-88,-81,-80,0,0,0,0,0,0,0,0,0,-67,0,-80,-81,-58,-62
0,-75,0,0,-77,-87,-87,-71,0,0,0,0,-81,-79,0,-73,0,0,0,0,-88,-89,-70,-65,-69,-73,0,0,-85,-86,-70,-69,-73,-72,0,-88,-79,-78,0,0,0,0,0,0,0,0,0,-67,-65,-82,-81,-59,-59
0,-75,0,0,-77,-87,-87,-71,0,0,0,0,-81,-79,0,-73,0,0,0,0,-88,-89,-70,-65,-69,-73,0,0,-85,-86,-70,-69,-73,-72,0,-88,-79,-78,0,0,0,0,0,0,0,0,0,-67,-65,-82,-81,-59,-59
0,-75,0,0,-77,0,0,-71,0,0,0,0,-79,-77,0,0,0,0,0,-75,-88,-89,-65,-64,-68,-69,0,0,-84,-85,-71,-63,-67,-67,0,-88,-82,-82,0,0,0,0,0,0,0,0,0,0,-65,-84,-84,-57,-60
0,-75,0,0,-77,0,0,-71,0,0,0,0,-79,-77,0,0,0,0,0,-75,-88,-89,-65,-64,-68,-69,0,0,-84,-85,-71,-63,-67,-67,0,-88,-82,-82,0,0,0,0,0,0,0,0,0,0,-65,-84,-84,-57,-60
0,-75,0,0,-77,0,0,-71,0,0,0,0,-79,-77,0,0,0,0,0,-75,-88,-89,-65,-64,-68,-69,0,0,-84,-85,-71,-63,-67,-67,0,-88,-82,-82,0,0,0,0,0,0,0,0,0,0,-65,-84,-84,-57,-60
0,-75,0,0,-75,0,0,-71,0,0,0,0,-80,-79,0,0,0,0,0,-75,-88,-89,-65,-64,-66,-70,0,0,-82,-83,-71,-63,-71,-70,0,0,-78,-78,0,0,0,0,0,0,0,0,0,-72,-72,-82,-81,-57,-57
0,-75,0,0,-75,0,0,-71,0,0,0,0,-80,-79,0,0,0,0,0,-75,-88,-89,-65,-64,-66,-70,0,0,-82,-83,-71,-63,-71,-70,0,0,-78,-78,0,0,0,0,0,0,0,0,0,-72,-72,-82,-81,-57,-57
0,0,0,0,-75,0,0,-71,0,0,0,0,-84,-83,0,-72,0,0,0,-75,-82,-81,-65,-62,-63,-64,0,0,-86,-87,-71,-63,-71,-70,-78,-83,-74,-74,0,0,0,0,0,0,0,0,0,-70,-66,-75,-75,-54,-62
0,0,0,0,-75,0,0,-71,0,0,0,0,-84,-83,0,-72,0,0,0,-75,-82,-81,-65,-62,-63,-64,0,0,-86,-87,-71,-63,-71,-70,-78,-83,-74,-74,0,0,0,0,0,0,0,0,0,-70,-66,-75,-75,-54,-62
