-67,-63,-66,-66,-74,-76,-77,-70,-75,-76,0,0,-81,-80,0,-75,-80,-78,-66,-62,-59,-60,-72,0,-68,-71,-78,0,-70,-70,-69,0,-70,-71,0,0,-84,-82,0,0,-89,-83,-83,-82,-82,-86,-85,0,0,-81,-80,-46,-74
-67,-63,-66,-66,-74,-76,-77,-70,-75,-76,0,0,-81,-80,0,-75,-80,-78,-66,-62,-59,-60,-72,0,-68,-71,-78,0,-70,-70,-69,0,-70,-71,0,0,-84,-82,0,0,-89,-83,-83,-82,-82,-86,-85,0,0,-81,-80,-46,-74
0,-62,-65,-65,-74,0,0,-65,-74,-75,0,0,-81,-80,0,-75,-83,-82,-66,-62,-59,-64,0,0,-67,-67,-78,0,-68,-68,-69,-70,-65,-65,0,0,-82,-83,0,0,-89,-82,-83,-81,-81,-86,0,0,-89,-79,-79,-47,-65
0,-62,-65,-65,-74,0,0,-65,-74,-75,0,0,-81,-80,0,-75,-83,-82,-66,-62,-59,-64,0,0,-67,-67,-78,0,-68,-68,-69,-70,-65,-65,0,0,-82,-83,0,0,-89,-82,-83,-81,-81,-86,0,0,-89,-79,-79,-47,-65
0,-62,-65,-65,-74,0,0,-65,-74,-75,0,0,-81,-80,0,-75,-83,-82,-66,-62,-59,-64,0,0,-67,-67,-78,0,-68,-68,-69,-70,-65,-65,0,0,-82,-83,0,0,-89,-82,-83,-81,-81,-86,0,0,-89,-79,-79,-47,-65
0,-62,-65,-65,-74,0,0,-65,-74,-75,0,0,-81,-80,0,-75,-83,-82,-66,-62,-59,-64,0,0,-67,-67,-78,0,-68,-68,-69,-70,-65,-65,0,0,-82,-83,0,0,-89,-82,-83,-81,-81,-86,0,0,-89,-79,-79,-47,-65
-64,-62,-65,-66,-74,0,0,-70,-75,-75,0,0,-75,-75,-75,-73,-79,-79,-66,-64,-60,-62,0,0,-67,-67,-78,0,-70,-70,-69,-70,-69,-69,-81,-83,-80,-81,0,0,-87,-82,-83,-81,-81,-86,0,0,-89,-78,-79,-44,-60
-64,-62,-65,-66,-74,0,0,-70,-75,-75,0,0,-75,-75,-75,-73,-79,-79,-66,-64,-60,-62,0,0,-67,-67,-78,0,-70,-70,-69,-70,-69,-69,-81,-83,-80,-81,0,0,-87,-82,-83,-81,-81,-86,0,0,-89,-78,-79,-44,-60
-64,-62,-65,-66,-74,0,0,-70,-75,-75,0,0,-75,-75,-75,-73,-79,-79,-66,-64,-60,-62,0,0,-67,-67,-78,0,-70,-70,-69,-70,-69,-69,-81,-83,-80,-81,0,0,-87,-82,-83,-81,-81,-86,0,0,-89,-78,-79,-44,-60
-64,-62,-65,-66,-74,0,0,-70,-75,-75,0,0,-75,-75,-75,-73,-79,-79,-66,-64,-60,-62,0,0,-67,-67,-78,0,-70,-70,-69,-70,-69,-69,-81,-83,-80,-81,0,0,-87,-82,-83,-81,-81,-86,0,0,-89,-78,-79,-44,-60
-64,-61,-66,-65,-78,0,0,-68,-76,-76,0,0,-76,-76,-75,-73,-82,-80,-68,-67,-56,-59,0,0,-66,-67,-80,0,-69,-70,-70,-70,-65,-65,-81,-83,-81,-80,0,0,-87,-84,-85,-83,-83,-86,0,-84,-89,-81,-80,-46,-64
-64,-61,-66,-65,-78,0,0,-68,-76,-76,0,0,-76,-76,-75,-73,-82,-80,-68,-67,-56,-59,0,0,-66,-67,-80,0,-69,-70,-70,-70,-65,-65,-81,-83,-81,-80,0,0,-87,-84,-85,-83,-83,-86,0,-84,-89,-81,-80,-46,-64
-64,-61,-66,-65,-78,0,0,-68,-76,-76,0,0,-76,-76,-75,-73,-82,-80,-68,-67,-56,-59,0,0,-66,-67,-80,0,-69,-70,-70,-70,-65,-65,-81,-83,-81,-80,0,0,-87,-84,-85,-83,-83,-86,0,-84,-89,-81,-80,-46,-64
-64,-61,-66,-65,-78,0,0,-68,-76,-76,0,0,-76,-76,-75,-73,-82,-80,-68,-67,-56,-59,0,0,-66,-67,-80,0,-69,-70,-70,-70,-65,-65,-81,-83,-81,-80,0,0,-87,-84,-85,-83,-83,-86,0,-84,-89,-81,-80,-46,-64
-64,-61,-69,-69,0,0,0,-78,-74,-74,0,0,-77,-77,-75,-73,-80,-80,-69,-63,-58,-58,0,-72,-66,-66,-80,0,-70,-70,-69,-72,-69,-69,-81,-83,-83,-82,0,0,-87,-84,-85,-83,-84,-83,0,-84,0,-81,-80,-47,-64
-64,-61,-69,-69,0,0,0,-78,-74,-74,0,0,-77,-77,-75,-73,-80,-80,-69,-63,-58,-58,0,-72,-66,-66,-80,0,-70,-70,-69,-72,-69,-69,-81,-83,-83,-82,0,0,-87,-84,-85,-83,-84,-83,0,-84,0,-81,-80,-47,-64
-64,-61,-69,-69,0,0,0,-78,-74,-74,0,0,-77,-77,-75,-73,-80,-80,-69,-63,-58,-58,0,-72,-66,-66,-80,0,-70,-70,-69,-72,-69,-69,-81,-83,-83,-82,0,0,-87,-84,-85,-83,-84,-83,0,-84,0,-81,-80,-47,-64
-64,-61,-69,-69,0,0,0,-78,-74,-74,0,0,-77,-77,-75,-73,-80,-80,-69,-63,-58,-58,0,-72,-66,-66,-80,0,-70,-70,-69,-72,-69,-69,-81,-83,-83,-82,0,0,-87,-84,-85,-83,-84,-83,0,-84,0,-81,-80,-47,-64
-65,-61,-64,-65,0,0,0,-78,-60,-76,0,0,-77,-77,-75,-71,-82,-81,0,-66,-54,-58,-72,-72,-66,-66,-80,0,-68,-68,-69,-72,-65,-65,0,0,-78,-78,0,0,0,-84,-85,-83,-84,-83,0,-84,0,-79,-79,-49,-64
-65,-61,-64,-65,0,0,0,-78,-60,-76,0,0,-77,-77,-75,-71,-82,-81,0,-66,-54,-58,-72,-72,-66,-66,-80,0,-68,-68,-69,-72,-65,-65,0,0,-78,-78,0,0,0,-84,-85,-83,-84,-83,0,-84,0,-79,-79,-49,-64
-65,-61,-64,-65,0,0,0,-78,-60,-76,0,0,-77,-77,-75,-71,-82,-81,0,-66,-54,-58,-72,-72,-66,-66,-80,0,-68,-68,-69,-72,-65,-65,0,0,-78,-78,0,0,0,-84,-85,-83,-84,-83,0,-84,0,-79,-79,-49,-64
-65,-61,-64,-65,0,0,0,-78,-60,-76,0,0,-77,-77,-75,-71,-82,-81,0,-66,-54,-58,-72,-72,-66,-66,-80,0,-68,-68,-69,-72,-65,-65,0,0,-78,-78,0,0,0,-84,-85,-83,-84,-83,0,-84,0,-79,-79,-49,-64
-66,-59,-69,-68,0,0,0,-67,-72,-72,0,0,-77,-77,-75,-71,-82,-82,0,-62,-57,-57,-72,-72,-65,-65,0,0,-73,-73,0,-70,-64,-64,0,0,-82,-82,0,0,0,0,-84,0,0,-83,0,0,0,-79,-79,-47,-64
-66,-59,-69,-68,0,0,0,-67,-72,-72,0,0,-77,-77,-75,-71,-82,-82,0,-62,-57,-57,-72,-72,-65,-65,0,0,-73,-73,0,-70,-64,-64,0,0,-82,-82,0,0,0,0,-84,0,0,-83,0,0,0,-79,-79,-47,-64
-66,-59,-69,-68,0,0,0,-67,-72,-72,0,0,-77,-77,-75,-71,-82,-82,0,-62,-57,-57,-72,-72,-65,-65,0,0,-73,-73,0,-70,-64,-64,0,0,-82,-82,0,0,0,0,-84,0,0,-83,0,0,0,-79,-79,-47,-64
-65,-62,-68,-69,-81,0,0,-67,-74,-74,0,0,-78,-79,-76,-72,-81,-84,-66,-62,-57,-57,-72,-73,-68,-69,0,-86,-73,-73,0,-70,-68,-68,0,0,-81,-81,0,0,0,0,-84,-86,-83,-83,-83,0,0,-78,-79,-57,-63
-65,-62,-68,-69,-81,0,0,-67,-74,-74,0,0,-78,-79,-76,-72,-81,-84,-66,-62,-57,-57,-72,-73,-68,-69,0,-86,-73,-73,0,-70,-68,-68,0,0,-81,-81,0,0,0,0,-84,-86,-83,-83,-83,0,0,-78,-79,-57,-63
-65,-62,-68,-69,-81,0,0,-67,-74,-74,0,0,-78,-79,-76,-72,-81,-84,-66,-62,-57,-57,-72,-73,-68,-69,0,-86,-73,-73,0,-70,-68,-68,0,0,-81,-81,0,0,0,0,-84,-86,-83,-83,-83,0,0,-78,-79,-57,-63
-65,-62,-68,-69,-81,0,0,-67,-74,-74,0,0,-78,-79,-76,-72,-81,-84,-66,-62,-57,-57,-72,-73,-68,-69,0,-86,-73,-73,0,-70,-68,-68,0,0,-81,-81,0,0,0,0,-84,-86,-83,-83,-83,0,0,-78,-79,-57,-63
-72,-72,-67,-67,-81,0,0,-66,-73,-73,0,0,-80,-80,0,-73,-81,-82,-66,-63,-56,-55,-73,-73,-66,-66,0,-86,-70,-70,0,0,-68,-68,0,0,-82,-81,0,0,-86,-82,-84,-86,-83,-83,-83,0,0,-79,-80,-49,-68
-72,-72,-67,-67,-81,0,0,-66,-73,-73,0,0,-80,-80,0,-73,-81,-82,-66,-63,-56,-55,-73,-73,-66,-66,0,-86,-70,-70,0,0,-68,-68,0,0,-82,-81,0,0,-86,-82,-84,-86,-83,-83,-83,0,0,-79,-80,-49,-68
-72,-72,-67,-67,-81,0,0,-66,-73,-73,0,0,-80,-80,0,-73,-81,-82,-66,-63,-56,-55,-73,-73,-66,-66,0,-86,-70,-70,0,0,-68,-68,0,0,-82,-81,0,0,-86,-82,-84,-86,-83,-83,-83,0,0,-79,-80,-49,-68
-72,-72,-67,-67,-81,0,0,-66,-73,-73,0,0,-80,-80,0,-73,-81,-82,-66,-63,-56,-55,-73,-73,-66,-66,0,-86,-70,-70,0,0,-68,-68,0,0,-82,-81,0,0,-86,-82,-84,-86,-83,-83,-83,0,0,-79,-80,-49,-68
-67,-63,-68,-68,-81,0,0,-69,-73,-73,0,0,-80,-80,0,-75,-78,-78,-66,-62,-58,-58,-73,-73,-65,-66,0,-86,-68,-68,0,0,-68,-68,-82,-86,-84,-86,0,0,-86,-82,0,-86,-83,-83,-83,0,0,-82,-82,-51,-68
-67,-63,-68,-68,-81,0,0,-69,-73,-73,0,0,-80,-80,0,-75,-78,-78,-66,-62,-58,-58,-73,-73,-65,-66,0,-86,-68,-68,0,0,-68,-68,-82,-86,-84,-86,0,0,-86,-82,0,-86,-83,-83,-83,0,0,-82,-82,-51,-68
-67,-63,-68,-68,-81,0,0,-69,-73,-73,0,0,-80,-80,0,-75,-78,-78,-66,-62,-58,-58,-73,-73,-65,-66,0,-86,-68,-68,0,0,-68,-68,-82,-86,-84,-86,0,0,-86,-82,0,-86,-83,-83,-83,0,0,-82,-82,-51,-68
-67,-63,-68,-68,-81,0,0,-69,-73,-73,0,0,-80,-80,0,-75,-78,-78,-66,-62,-58,-58,-73,-73,-65,-66,0,-86,-68,-68,0,0,-68,-68,-82,-86,-84,-86,0,0,-86,-82,0,-86,-83,-83,-83,0,0,-82,-82,-51,-68
-67,-63,-63,-64,-78,0,0,-69,-77,-77,0,0,-80,-81,0,-75,-81,-80,0,-64,-58,-58,-74,-74,-66,-67,-81,-83,-68,-68,0,0,-66,-67,-82,-86,-80,-86,0,0,-86,-82,0,-56,-83,0,0,0,0,-80,-82,-52,-67
-67,-63,-63,-64,-78,0,0,-69,-77,-77,0,0,-80,-81,0,-75,-81,-80,0,-64,-58,-58,-74,-74,-66,-67,-81,-83,-68,-68,0,0,-66,-67,-82,-86,-80,-86,0,0,-86,-82,0,-56,-83,0,0,0,0,-80,-82,-52,-67
-67,-63,-63,-64,-78,0,0,-69,-77,-77,0,0,-80,-81,0,-75,-81,-80,0,-64,-58,-58,-74,-74,-66,-67,-81,-83,-68,-68,0,0,-66,-67,-82,-86,-80,-86,0,0,-86,-82,0,-56,-83,0,0,0,0,-80,-82,-52,-67
-67,-63,-63,-64,-78,0,0,-69,-77,-77,0,0,-80,-81,0,-75,-81,-80,0,-64,-58,-58,-74,-74,-66,-67,-81,-83,-68,-68,0,0,-66,-67,-82,-86,-80,-86,0,0,-86,-82,0,-56,-83,0,0,0,0,-80,-82,-52,-67
-64,-62,-65,-67,-78,0,0,-69,-74,-74,0,0,-77,-77,0,0,-81,-80,0,-73,-59,-59,-79,0,-69,-69,-81,-83,-69,-69,0,0,-68,-68,-82,-86,-80,-81,0,-86,-85,-82,-84,-56,-83,0,0,0,0,-79,-80,-46,-68
-64,-62,-65,-67,-78,0,0,-69,-74,-74,0,0,-77,-77,0,0,-81,-80,0,-73,-59,-59,-79,0,-69,-69,-81,-83,-69,-69,0,0,-68,-68,-82,-86,-80,-81,0,-86,-85,-82,-84,-56,-83,0,0,0,0,-79,-80,-46,-68
-64,-62,-65,-67,-78,0,0,-69,-74,-74,0,0,-77,-77,0,0,-81,-80,0,-73,-59,-59,-79,0,-69,-69,-81,-83,-69,-69,0,0,-68,-68,-82,-86,-80,-81,0,-86,-85,-82,-84,-56,-83,0,0,0,0,-79,-80,-46,-68
-64,-61,-65,-65,-78,0,0,-69,-74,-75,0,0,-78,-78,0,0,-80,-80,0,-63,-56,-60,-79,0,-68,-67,-81,-83,-69,-68,-68,0,-64,-66,0,0,-80,-81,0,-86,-85,0,-84,-56,-83,0,0,0,0,-78,-78,-49,-67
-64,-61,-65,-65,-78,0,0,-69,-74,-75,0,0,-78,-78,0,0,-80,-80,0,-63,-56,-60,-79,0,-68,-67,-81,-83,-69,-68,-68,0,-64,-66,0,0,-80,-81,0,-86,-85,0,-84,-56,-83,0,0,0,0,-78,-78,-49,-67
-64,-61,-65,-65,-78,0,0,-69,-74,-75,0,0,-78,-78,0,0,-80,-80,0,-63,-56,-60,-79,0,-68,-67,-81,-83,-69,-68,-68,0,-64,-66,0,0,-80,-81,0,-86,-85,0,-84,-56,-83,0,0,0,0,-78,-78,-49,-67
-64,-61,-65,-65,-78,0,0,-69,-74,-75,0,0,-78,-78,0,0,-80,-80,0,-63,-56,-60,-79,0,-68,-67,-81,-83,-69,-68,-68,0,-64,-66,0,0,-80,-81,0,-86,-85,0,-84,-56,-83,0,0,0,0,-78,-78,-49,-67
-64,-61,-65,-65,0,0,0,-67,-76,-76,0,0,-79,-78,0,0,-82,-81,0,-70,-61,-64,-74,0,-67,-67,0,0,-67,-68,-68,0,-67,-67,0,0,-79,-79,0,-86,-85,0,-84,0,0,0,0,0,0,-79,-79,-48,-68
-64,-61,-65,-65,0,0,0,-67,-76,-76,0,0,-79,-78,0,0,-82,-81,0,-70,-61,-64,-74,0,-67,-67,0,0,-67,-68,-68,0,-67,-67,0,0,-79,-79,0,-86,-85,0,-84,0,0,0,0,0,0,-79,-79,-48,-68
-64,-61,-65,-65,0,0,0,-67,-76,-76,0,0,-79,-78,0,0,-82,-81,0,-70,-61,-64,-74,0,-67,-67,0,0,-67,-68,-68,0,-67,-67,0,0,-79,-79,0,-86,-85,0,-84,0,0,0,0,0,0,-79,-79,-48,-68
-64,-61,-65,-65,0,0,0,-67,-76,-76,0,0,-79,-78,0,0,-82,-81,0,-70,-61,-64,-74,0,-67,-67,0,0,-67,-68,-68,0,-67,-67,0,0,-79,-79,0,-86,-85,0,-84,0,0,0,0,0,0,-79,-79,-48,-68
-68,-64,-64,-64,-82,0,0,0,-73,-74,0,0,-79,-79,0,0,-81,-81,-66,-70,-57,-57,0,0,-65,-65,0,0,-68,-68,-68,-73,-64,-64,0,0,-81,-83,0,-83,-83,-82,-84,0,0,0,0,0,-81,-80,-80,-53,-59
-68,-64,-64,-64,-82,0,0,0,-73,-74,0,0,-79,-79,0,0,-81,-81,-66,-70,-57,-57,0,0,-65,-65,0,0,-68,-68,-68,-73,-64,-64,0,0,-81,-83,0,-83,-83,-82,-84,0,0,0,0,0,-81,-80,-80,-53,-59
-68,-64,-64,-64,-82,0,0,0,-73,-74,0,0,-79,-79,0,0,-81,-81,-66,-70,-57,-57,0,0,-65,-65,0,0,-68,-68,-68,-73,-64,-64,0,0,-81,-83,0,-83,-83,-82,-84,0,0,0,0,0,-81,-80,-80,-53,-59
-68,-64,-64,-64,-82,0,0,0,-73,-74,0,0,-79,-79,0,0,-81,-81,-66,-70,-57,-57,0,0,-65,-65,0,0,-68,-68,-68,-73,-64,-64,0,0,-81,-83,0,-83,-83,-82,-84,0,0,0,0,0,-81,-80,-80,-53,-59
-65,-61,-57,-56,-82,0,0,0,-77,-76,0,0,-76,-79,0,0,-85,-84,-66,-63,-59,-68,0,0,-66,-66,0,0,-71,-71,-71,-73,-70,-70,0,0,-82,-83,0,0,0,-82,-84,0,0,-85,-83,0,-81,-76,-76,-58,-70
-65,-61,-57,-56,-82,0,0,0,-77,-76,0,0,-76,-79,0,0,-85,-84,-66,-63,-59,-68,0,0,-66,-66,0,0,-71,-71,-71,-73,-70,-70,0,0,-82,-83,0,0,0,-82,-84,0,0,-85,-83,0,-81,-76,-76,-58,-70
-65,-61,-57,-56,-82,0,0,0,-77,-76,0,0,-76,-79,0,0,-85,-84,-66,-63,-59,-68,0,0,-66,-66,0,0,-71,-71,-71,-73,-70,-70,0,0,-82,-83,0,0,0,-82,-84,0,0,-85,-83,0,-81,-76,-76,-58,-70
-65,-61,-57,-56,-82,0,0,0,-77,-76,0,0,-76,-79,0,0,-85,-84,-66,-63,-59,-68,0,0,-66,-66,0,0,-71,-71,-71,-73,-70,-70,0,0,-82,-83,0,0,0,-82,-84,0,0,-85,-83,0,-81,-76,-76,-58,-70
-67,-64,-57,-56,-81,0,0,-74,-78,-79,0,0,-78,-79,0,-86,-82,-82,-60,-59,-64,-65,-75,0,-70,-72,0,0,-77,-78,-71,0,-73,-73,0,0,-81,-81,0,-84,-86,-83,-83,0,-86,-83,-85,0,0,-78,-78,-59,-67
-67,-64,-57,-56,-81,0,0,-74,-78,-79,0,0,-78,-79,0,-86,-82,-82,-60,-59,-64,-65,-75,0,-70,-72,0,0,-77,-78,-71,0,-73,-73,0,0,-81,-81,0,-84,-86,-83,-83,0,-86,-83,-85,0,0,-78,-78,-59,-67
-67,-64,-57,-56,-81,0,0,-74,-78,-79,0,0,-78,-79,0,-86,-82,-82,-60,-59,-64,-65,-75,0,-70,-72,0,0,-77,-78,-71,0,-73,-73,0,0,-81,-81,0,-84,-86,-83,-83,0,-86,-83,-85,0,0,-78,-78,-59,-67
-67,-64,-57,-56,-81,0,0,-74,-78,-79,0,0,-78,-79,0,-86,-82,-82,-60,-59,-64,-65,-75,0,-70,-72,0,0,-77,-78,-71,0,-73,-73,0,0,-81,-81,0,-84,-86,-83,-83,0,-86,-83,-85,0,0,-78,-78,-59,-67
-68,-58,-57,-57,-81,0,0,-74,-78,-78,0,0,-77,-76,0,-86,-82,-82,-62,-59,-59,-64,-75,0,-68,-68,0,0,-73,-73,-71,0,-74,-74,0,0,-81,-81,0,0,0,-83,-83,-87,-86,-83,-85,0,0,-77,-77,-56,-75
-68,-58,-57,-57,-81,0,0,-74,-78,-78,0,0,-77,-76,0,-86,-82,-82,-62,-59,-59,-64,-75,0,-68,-68,0,0,-73,-73,-71,0,-74,-74,0,0,-81,-81,0,0,0,-83,-83,-87,-86,-83,-85,0,0,-77,-77,-56,-75
-68,-58,-57,-57,-81,0,0,-74,-78,-78,0,0,-77,-76,0,-86,-82,-82,-62,-59,-59,-64,-75,0,-68,-68,0,0,-73,-73,-71,0,-74,-74,0,0,-81,-81,0,0,0,-83,-83,-87,-86,-83,-85,0,0,-77,-77,-56,-75
-68,-66,-58,-58,-81,0,0,-74,-80,-80,0,0,-63,-77,0,-86,-79,-80,-60,-57,-62,-63,-75,0,-73,-74,0,0,-73,-73,-71,0,-69,-69,0,0,-81,-81,0,0,0,0,0,-87,-86,-83,-85,0,0,-76,-76,-57,-64
-68,-66,-58,-58,-81,0,0,-74,-80,-80,0,0,-63,-77,0,-86,-79,-80,-60,-57,-62,-63,-75,0,-73,-74,0,0,-73,-73,-71,0,-69,-69,0,0,-81,-81,0,0,0,0,0,-87,-86,-83,-85,0,0,-76,-76,-57,-64
-68,-66,-58,-58,-81,0,0,-74,-80,-80,0,0,-63,-77,0,-86,-79,-80,-60,-57,-62,-63,-75,0,-73,-74,0,0,-73,-73,-71,0,-69,-69,0,0,-81,-81,0,0,0,0,0,-87,-86,-83,-85,0,0,-76,-76,-57,-64
-68,-66,-58,-58,-81,0,0,-74,-80,-80,0,0,-63,-77,0,-86,-79,-80,-60,-57,-62,-63,-75,0,-73,-74,0,0,-73,-73,-71,0,-69,-69,0,0,-81,-81,0,0,0,0,0,-87,-86,-83,-85,0,0,-76,-76,-57,-64
-68,-66,-58,-58,-82,0,0,-76,-79,-81,0,0,-80,-80,0,0,-83,-84,-60,-58,-61,-62,0,0,-71,-71,0,0,-74,-74,-71,-76,-71,-71,0,0,-82,-81,0,-85,-86,0,0,-87,-86,-82,-83,0,0,-76,-76,-56,-65
-68,-66,-58,-58,-82,0,0,-76,-79,-81,0,0,-80,-80,0,0,-83,-84,-60,-58,-61,-62,0,0,-71,-71,0,0,-74,-74,-71,-76,-71,-71,0,0,-82,-81,0,-85,-86,0,0,-87,-86,-82,-83,0,0,-76,-76,-56,-65
-68,-66,-58,-58,-82,0,0,-76,-79,-81,0,0,-80,-80,0,0,-83,-84,-60,-58,-61,-62,0,0,-71,-71,0,0,-74,-74,-71,-76,-71,-71,0,0,-82,-81,0,-85,-86,0,0,-87,-86,-82,-83,0,0,-76,-76,-56,-65
-68,-66,-58,-58,-82,0,0,-76,-79,-81,0,0,-80,-80,0,0,-83,-84,-60,-58,-61,-62,0,0,-71,-71,0,0,-74,-74,-71,-76,-71,-71,0,0,-82,-81,0,-85,-86,0,0,-87,-86,-82,-83,0,0,-76,-76,-56,-65
-68,-66,-59,-60,0,0,0,-74,-78,-80,0,0,-82,-79,0,0,-84,-80,-60,-59,-62,-64,0,0,-73,-72,0,0,-71,-71,-71,-76,-71,-71,0,0,-81,-81,0,-85,-86,0,0,0,0,-81,0,0,0,-77,-76,-56,-69
-68,-66,-59,-60,0,0,0,-74,-78,-80,0,0,-82,-79,0,0,-84,-80,-60,-59,-62,-64,0,0,-73,-72,0,0,-71,-71,-71,-76,-71,-71,0,0,-81,-81,0,-85,-86,0,0,0,0,-81,0,0,0,-77,-76,-56,-69
-68,-66,-59,-60,0,0,0,-74,-78,-80,0,0,-82,-79,0,0,-84,-80,-60,-59,-62,-64,0,0,-73,-72,0,0,-71,-71,-71,-76,-71,-71,0,0,-81,-81,0,-85,-86,0,0,0,0,-81,0,0,0,-77,-76,-56,-69
-68,-66,-59,-60,0,0,0,-74,-78,-80,0,0,-82,-79,0,0,-84,-80,-60,-59,-62,-64,0,0,-73,-72,0,0,-71,-71,-71,-76,-71,-71,0,0,-81,-81,0,-85,-86,0,0,0,0,-81,0,0,0,-77,-76,-56,-69
-71,-66,-59,-60,0,0,0,-74,-77,-79,0,0,-82,-79,0,0,-84,-83,-60,-58,-61,-62,-73,-73,-70,-70,-80,0,-73,-73,-71,-76,-71,-71,0,-87,-81,-81,0,-85,-86,0,0,0,0,-81,0,-78,-74,-77,-76,-56,-66
-71,-66,-59,-60,0,0,0,-74,-77,-79,0,0,-82,-79,0,0,-84,-83,-60,-58,-61,-62,-73,-73,-70,-70,-80,0,-73,-73,-71,-76,-71,-71,0,-87,-81,-81,0,-85,-86,0,0,0,0,-81,0,-78,-74,-77,-76,-56,-66
-71,-66,-59,-60,0,0,0,-74,-77,-79,0,0,-82,-79,0,0,-84,-83,-60,-58,-61,-62,-73,-73,-70,-70,-80,0,-73,-73,-71,-76,-71,-71,0,-87,-81,-81,0,-85,-86,0,0,0,0,-81,0,-78,-74,-77,-76,-56,-66
-71,-66,-59,-60,0,0,0,-74,-77,-79,0,0,-82,-79,0,0,-84,-83,-60,-58,-61,-62,-73,-73,-70,-70,-80,0,-73,-73,-71,-76,-71,-71,0,-87,-81,-81,0,-85,-86,0,0,0,0,-81,0,-78,-74,-77,-76,-56,-66
0,-64,-60,-60,0,0,0,-74,-79,-80,0,0,-77,-77,0,0,0,-85,-61,-59,-64,-65,-73,-73,-71,-70,-80,0,-72,-72,0,0,-74,-75,-86,-87,-82,-81,0,0,0,0,0,0,0,-81,0,-78,-74,-75,-76,-60,-67
0,-64,-60,-60,0,0,0,-74,-79,-80,0,0,-77,-77,0,0,0,-85,-61,-59,-64,-65,-73,-73,-71,-70,-80,0,-72,-72,0,0,-74,-75,-86,-87,-82,-81,0,0,0,0,0,0,0,-81,0,-78,-74,-75,-76,-60,-67
0,-64,-60,-60,0,0,0,-74,-79,-80,0,0,-77,-77,0,0,0,-85,-61,-59,-64,-65,-73,-73,-71,-70,-80,0,-72,-72,0,0,-74,-75,-86,-87,-82,-81,0,0,0,0,0,0,0,-81,0,-78,-74,-75,-76,-60,-67
-67,0,-58,-58,0,0,0,-74,-79,-77,0,0,-78,-78,-76,-75,-79,-85,-61,-59,-61,-67,-73,-73,-72,-72,-80,0,-76,-76,0,0,-70,-70,-86,-87,-80,-81,0,-86,-86,0,0,0,0,0,0,-78,-74,-76,-78,-53,-65
-67,0,-58,-58,0,0,0,-74,-79,-77,0,0,-78,-78,-76,-75,-79,-85,-61,-59,-61,-67,-73,-73,-72,-72,-80,0,-76,-76,0,0,-70,-70,-86,-87,-80,-81,0,-86,-86,0,0,0,0,0,0,-78,-74,-76,-78,-53,-65
-67,0,-58,-58,0,0,0,-74,-79,-77,0,0,-78,-78,-76,-75,-79,-85,-61,-59,-61,-67,-73,-73,-72,-72,-80,0,-76,-76,0,0,-70,-70,-86,-87,-80,-81,0,-86,-86,0,0,0,0,0,0,-78,-74,-76,-78,-53,-65
-67,0,-58,-58,0,0,0,-74,-79,-77,0,0,-78,-78,-76,-75,-79,-85,-61,-59,-61,-67,-73,-73,-72,-72,-80,0,-76,-76,0,0,-70,-70,-86,-87,-80,-81,0,-86,-86,0,0,0,0,0,0,-78,-74,-76,-78,-53,-65
-67,-62,-60,-60,0,0,0,-73,-79,-79,0,0,-81,-82,-76,-75,-79,-80,-64,-60,-60,-60,0,0,-73,-73,-81,0,-73,-73,0,0,-68,-68,-86,-85,-80,-80,0,-86,-86,-82,-82,0,0,0,0,0,-75,-80,-80,-53,-67
-67,-62,-60,-60,0,0,0,-73,-79,-79,0,0,-81,-82,-76,-75,-79,-80,-64,-60,-60,-60,0,0,-73,-73,-81,0,-73,-73,0,0,-68,-68,-86,-85,-80,-80,0,-86,-86,-82,-82,0,0,0,0,0,-75,-80,-80,-53,-67
-67,-62,-60,-60,0,0,0,-73,-79,-79,0,0,-81,-82,-76,-75,-79,-80,-64,-60,-60,-60,0,0,-73,-73,-81,0,-73,-73,0,0,-68,-68,-86,-85,-80,-80,0,-86,-86,-82,-82,0,0,0,0,0,-75,-80,-80,-53,-67
-67,-62,-60,-60,0,0,0,-73,-79,-79,0,0,-81,-82,-76,-75,-79,-80,-64,-60,-60,-60,0,0,-73,-73,-81,0,-73,-73,0,0,-68,-68,-86,-85,-80,-80,0,-86,-86,-82,-82,0,0,0,0,0,-75,-80,-80,-53,-67
-67,-62,-60,-60,-80,0,0,-76,-77,-78,0,0,-77,-76,-76,-75,-79,-80,-64,-60,-61,-61,0,0,-75,-74,-81,0,-75,-75,0,0,-68,-68,0,0,-78,-79,0,-86,-86,-82,-82,-82,-82,-83,-83,0,0,-80,-79,-55,-66
-67,-62,-60,-60,-80,0,0,-76,-77,-78,0,0,-77,-76,-76,-75,-79,-80,-64,-60,-61,-61,0,0,-75,-74,-81,0,-75,-75,0,0,-68,-68,0,0,-78,-79,0,-86,-86,-82,-82,-82,-82,-83,-83,0,0,-80,-79,-55,-66
-67,-62,-60,-60,-80,0,0,-76,-77,-78,0,0,-77,-76,-76,-75,-79,-80,-64,-60,-61,-61,0,0,-75,-74,-81,0,-75,-75,0,0,-68,-68,0,0,-78,-79,0,-86,-86,-82,-82,-82,-82,-83,-83,0,0,-80,-79,-55,-66
-67,-62,-60,-60,-80,0,0,-76,-77,-78,0,0,-77,-76,-76,-75,-79,-80,-64,-60,-61,-61,0,0,-75,-74,-81,0,-75,-75,0,0,-68,-68,0,0,-78,-79,0,-86,-86,-82,-82,-82,-82,-83,-83,0,0,-80,-79,-55,-66
-65,-62,-56,-57,-80,0,0,0,-78,-78,0,0,-79,-80,-77,-77,-70,-84,-64,-64,-64,-65,-77,-74,-69,-69,-81,-83,-76,-76,-77,0,-70,-70,0,0,-74,-74,0,0,0,-82,-82,-82,-82,-83,-83,0,0,-82,-82,-59,-64
-65,-62,-56,-57,-80,0,0,0,-78,-78,0,0,-79,-80,-77,-77,-70,-84,-64,-64,-64,-65,-77,-74,-69,-69,-81,-83,-76,-76,-77,0,-70,-70,0,0,-74,-74,0,0,0,-82,-82,-82,-82,-83,-83,0,0,-82,-82,-59,-64
-65,-62,-56,-57,-80,0,0,0,-78,-78,0,0,-79,-80,-77,-77,-70,-84,-64,-64,-64,-65,-77,-74,-69,-69,-81,-83,-76,-76,-77,0,-70,-70,0,0,-74,-74,0,0,0,-82,-82,-82,-82,-83,-83,0,0,-82,-82,-59,-64
-65,-62,-56,-57,-80,0,0,0,-78,-78,0,0,-79,-80,-77,-77,-70,-84,-64,-64,-64,-65,-77,-74,-69,-69,-81,-83,-76,-76,-77,0,-70,-70,0,0,-74,-74,0,0,0,-82,-82,-82,-82,-83,-83,0,0,-82,-82,-59,-64
-64,-63,-62,-62,-80,0,0,0,-75,-76,0,0,-79,-78,0,-80,-81,-81,0,-59,-62,-69,-77,-74,-70,-71,0,-83,-75,-75,-77,0,-75,-74,0,0,-85,-85,0,0,0,0,-86,-82,-82,-83,-83,0,0,-84,-83,-55,-63
-64,-63,-62,-62,-80,0,0,0,-75,-76,0,0,-79,-78,0,-80,-81,-81,0,-59,-62,-69,-77,-74,-70,-71,0,-83,-75,-75,-77,0,-75,-74,0,0,-85,-85,0,0,0,0,-86,-82,-82,-83,-83,0,0,-84,-83,-55,-63
-64,-63,-62,-62,-80,0,0,0,-75,-76,0,0,-79,-78,0,-80,-81,-81,0,-59,-62,-69,-77,-74,-70,-71,0,-83,-75,-75,-77,0,-75,-74,0,0,-85,-85,0,0,0,0,-86,-82,-82,-83,-83,0,0,-84,-83,-55,-63
-62,-60,-64,-65,-86,0,0,-80,-77,-76,0,0,-82,-81,0,-80,-85,-84,0,-68,-56,-65,-77,-74,-70,-70,0,-83,-80,-80,-77,0,-75,-75,0,0,-80,-80,0,0,0,0,-86,-82,-82,-79,-78,0,0,-84,-83,-57,-64
-62,-60,-64,-65,-86,0,0,-80,-77,-76,0,0,-82,-81,0,-80,-85,-84,0,-68,-56,-65,-77,-74,-70,-70,0,-83,-80,-80,-77,0,-75,-75,0,0,-80,-80,0,0,0,0,-86,-82,-82,-79,-78,0,0,-84,-83,-57,-64
-62,-60,-64,-65,-86,0,0,-80,-77,-76,0,0,-82,-81,0,-80,-85,-84,0,-68,-56,-65,-77,-74,-70,-70,0,-83,-80,-80,-77,0,-75,-75,0,0,-80,-80,0,0,0,0,-86,-82,-82,-79,-78,0,0,-84,-83,-57,-64
-62,-60,-64,-65,-86,0,0,-80,-77,-76,0,0,-82,-81,0,-80,-85,-84,0,-68,-56,-65,-77,-74,-70,-70,0,-83,-80,-80,-77,0,-75,-75,0,0,-80,-80,0,0,0,0,-86,-82,-82,-79,-78,0,0,-84,-83,-57,-64
-75,-71,-55,-56,0,0,0,-80,-77,-76,0,0,-75,-77,-85,-80,-85,-84,0,-70,-58,-66,-81,-78,-71,-71,0,0,-81,-80,0,0,-67,-67,0,0,-87,-83,0,0,0,0,-86,0,0,-79,-78,0,0,-84,-83,-60,-81
-75,-71,-55,-56,0,0,0,-80,-77,-76,0,0,-75,-77,-85,-80,-85,-84,0,-70,-58,-66,-81,-78,-71,-71,0,0,-81,-80,0,0,-67,-67,0,0,-87,-83,0,0,0,0,-86,0,0,-79,-78,0,0,-84,-83,-60,-81
-75,-71,-55,-56,0,0,0,-80,-77,-76,0,0,-75,-77,-85,-80,-85,-84,0,-70,-58,-66,-81,-78,-71,-71,0,0,-81,-80,0,0,-67,-67,0,0,-87,-83,0,0,0,0,-86,0,0,-79,-78,0,0,-84,-83,-60,-81
-75,-71,-55,-56,0,0,0,-80,-77,-76,0,0,-75,-77,-85,-80,-85,-84,0,-70,-58,-66,-81,-78,-71,-71,0,0,-81,-80,0,0,-67,-67,0,0,-87,-83,0,0,0,0,-86,0,0,-79,-78,0,0,-84,-83,-60,-81
-77,-75,-64,-65,0,0,0,-80,-78,-79,0,0,-86,-83,-85,-81,0,0,0,-70,-63,-64,-81,-78,-74,-74,0,-89,-80,-80,-87,-86,-75,-74,0,0,-86,-86,0,0,0,0,0,-81,-82,-79,-78,0,-86,-80,-80,-64,-72
-77,-75,-64,-65,0,0,0,-80,-78,-79,0,0,-86,-83,-85,-81,0,0,0,-70,-63,-64,-81,-78,-74,-74,0,-89,-80,-80,-87,-86,-75,-74,0,0,-86,-86,0,0,0,0,0,-81,-82,-79,-78,0,-86,-80,-80,-64,-72
-77,-75,-64,-65,0,0,0,-80,-78,-79,0,0,-86,-83,-85,-81,0,0,0,-70,-63,-64,-81,-78,-74,-74,0,-89,-80,-80,-87,-86,-75,-74,0,0,-86,-86,0,0,0,0,0,-81,-82,-79,-78,0,-86,-80,-80,-64,-72
-77,-75,-64,-65,0,0,0,-80,-78,-79,0,0,-86,-83,-85,-81,0,0,0,-70,-63,-64,-81,-78,-74,-74,0,-89,-80,-80,-87,-86,-75,-74,0,0,-86,-86,0,0,0,0,0,-81,-82,-79,-78,0,-86,-80,-80,-64,-72
-79,-76,-65,-66,-89,0,0,-77,-78,-78,0,0,-81,-80,-85,-81,0,0,-79,-70,-62,-65,-82,-83,-73,-72,0,-89,-80,-80,-87,-86,-77,-76,0,0,-86,-86,0,0,0,0,0,-81,-82,-80,-80,0,-86,-80,-80,-61,-75
-79,-76,-65,-66,-89,0,0,-77,-78,-78,0,0,-81,-80,-85,-81,0,0,-79,-70,-62,-65,-82,-83,-73,-72,0,-89,-80,-80,-87,-86,-77,-76,0,0,-86,-86,0,0,0,0,0,-81,-82,-80,-80,0,-86,-80,-80,-61,-75
-79,-76,-65,-66,-89,0,0,-77,-78,-78,0,0,-81,-80,-85,-81,0,0,-79,-70,-62,-65,-82,-83,-73,-72,0,-89,-80,-80,-87,-86,-77,-76,0,0,-86,-86,0,0,0,0,0,-81,-82,-80,-80,0,-86,-80,-80,-61,-75
-79,-76,-65,-66,-89,0,0,-77,-78,-78,0,0,-81,-80,-85,-81,0,0,-79,-70,-62,-65,-82,-83,-73,-72,0,-89,-80,-80,-87,-86,-77,-76,0,0,-86,-86,0,0,0,0,0,-81,-82,-80,-80,0,-86,-80,-80,-61,-75
-79,-76,-61,-62,-89,0,0,-77,-78,-79,0,0,-80,-82,0,0,0,0,-79,-73,-63,-67,-82,-83,-73,-73,0,-89,-80,-80,-87,-86,-75,-74,0,0,-85,-83,0,0,0,0,0,-81,-82,-80,-81,0,-86,-78,-80,-64,-76
-79,-76,-61,-62,-89,0,0,-77,-78,-79,0,0,-80,-82,0,0,0,0,-79,-73,-63,-67,-82,-83,-73,-73,0,-89,-80,-80,-87,-86,-75,-74,0,0,-85,-83,0,0,0,0,0,-81,-82,-80,-81,0,-86,-78,-80,-64,-76
-79,-76,-61,-62,-89,0,0,-77,-78,-79,0,0,-80,-82,0,0,0,0,-79,-73,-63,-67,-82,-83,-73,-73,0,-89,-80,-80,-87,-86,-75,-74,0,0,-85,-83,0,0,0,0,0,-81,-82,-80,-81,0,-86,-78,-80,-64,-76
-79,-76,-61,-62,-89,0,0,-77,-78,-79,0,0,-80,-82,0,0,0,0,-79,-73,-63,-67,-82,-83,-73,-73,0,-89,-80,-80,-87,-86,-75,-74,0,0,-85,-83,0,0,0,0,0,-81,-82,-80,-81,0,-86,-78,-80,-64,-76
-80,-76,-65,-66,-89,0,0,-77,-76,-77,0,0,-80,-82,0,0,0,0,-79,-78,-64,-65,-76,-82,-73,-73,0,0,-81,-80,-87,0,-71,-71,0,0,-82,-83,0,0,0,0,0,0,-85,-80,-79,0,-84,-80,-80,-66,-71
-80,-76,-65,-66,-89,0,0,-77,-76,-77,0,0,-80,-82,0,0,0,0,-79,-78,-64,-65,-76,-82,-73,-73,0,0,-81,-80,-87,0,-71,-71,0,0,-82,-83,0,0,0,0,0,0,-85,-80,-79,0,-84,-80,-80,-66,-71
-80,-76,-65,-66,-89,0,0,-77,-76,-77,0,0,-80,-82,0,0,0,0,-79,-78,-64,-65,-76,-82,-73,-73,0,0,-81,-80,-87,0,-71,-71,0,0,-82,-83,0,0,0,0,0,0,-85,-80,-79,0,-84,-80,-80,-66,-71
-80,-76,-65,-66,-89,0,0,-77,-76,-77,0,0,-80,-82,0,0,0,0,-79,-78,-64,-65,-76,-82,-73,-73,0,0,-81,-80,-87,0,-71,-71,0,0,-82,-83,0,0,0,0,0,0,-85,-80,-79,0,-84,-80,-80,-66,-71
-80,-77,-71,-71,-79,0,0,-79,-77,-78,0,0,-83,-81,-75,-74,-81,-81,-57,-72,-66,-66,-70,-82,-71,-72,0,0,-81,-80,-73,0,-72,-72,0,0,-83,-83,0,0,0,0,0,-84,-84,-83,-81,0,0,-82,-81,-62,-69
-80,-77,-71,-71,-79,0,0,-79,-77,-78,0,0,-83,-81,-75,-74,-81,-81,-57,-72,-66,-66,-70,-82,-71,-72,0,0,-81,-80,-73,0,-72,-72,0,0,-83,-83,0,0,0,0,0,-84,-84,-83,-81,0,0,-82,-81,-62,-69
-80,-77,-71,-71,-79,0,0,-79,-77,-78,0,0,-83,-81,-75,-74,-81,-81,-57,-72,-66,-66,-70,-82,-71,-72,0,0,-81,-80,-73,0,-72,-72,0,0,-83,-83,0,0,0,0,0,-84,-84,-83,-81,0,0,-82,-81,-62,-69
-80,-77,-71,-71,-79,0,0,-79,-77,-78,0,0,-83,-81,-75,-74,-81,-81,-57,-72,-66,-66,-70,-82,-71,-72,0,0,-81,-80,-73,0,-72,-72,0,0,-83,-83,0,0,0,0,0,-84,-84,-83,-81,0,0,-82,-81,-62,-69
-69,-68,-65,-64,-79,0,0,-88,-74,-75,0,0,-77,-77,-75,-74,-81,-81,-57,-55,-51,-56,-70,-69,-63,-63,0,0,-73,-73,-73,-69,-67,-68,0,0,-77,-78,0,0,0,0,0,-84,-84,-83,-83,0,0,-79,-80,-53,-67
-69,-68,-65,-64,-79,0,0,-88,-74,-75,0,0,-77,-77,-75,-74,-81,-81,-57,-55,-51,-56,-70,-69,-63,-63,0,0,-73,-73,-73,-69,-67,-68,0,0,-77,-78,0,0,0,0,0,-84,-84,-83,-83,0,0,-79,-80,-53,-67
-69,-68,-65,-64,-79,0,0,-88,-74,-75,0,0,-77,-77,-75,-74,-81,-81,-57,-55,-51,-56,-70,-69,-63,-63,0,0,-73,-73,-73,-69,-67,-68,0,0,-77,-78,0,0,0,0,0,-84,-84,-83,-83,0,0,-79,-80,-53,-67
-69,-68,-65,-64,-79,0,0,-88,-74,-75,0,0,-77,-77,-75,-74,-81,-81,-57,-55,-51,-56,-70,-69,-63,-63,0,0,-73,-73,-73,-69,-67,-68,0,0,-77,-78,0,0,0,0,0,-84,-84,-83,-83,0,0,-79,-80,-53,-67
-69,-68,-65,-64,-79,0,0,-88,-74,-75,0,0,-77,-77,-75,-74,-81,-81,-57,-55,-51,-56,-70,-69,-63,-63,0,0,-73,-73,-73,-69,-67,-68,0,0,-77,-78,0,0,0,0,0,-84,-84,-83,-83,0,0,-79,-80,-53,-67
-68,-66,-57,-56,0,0,0,-83,-73,-73,0,0,-73,-73,0,-73,-84,-85,-58,-55,-57,-56,-71,-69,-70,-70,0,0,-70,-71,-75,-69,-71,-71,0,0,-75,-75,0,-82,-82,-84,0,0,0,-81,-82,0,0,0,0,-48,-58
-68,-66,-57,-56,0,0,0,-83,-73,-73,0,0,-73,-73,0,-73,-84,-85,-58,-55,-57,-56,-71,-69,-70,-70,0,0,-70,-71,-75,-69,-71,-71,0,0,-75,-75,0,-82,-82,-84,0,0,0,-81,-82,0,0,0,0,-48,-58
-68,-66,-57,-56,0,0,0,-83,-73,-73,0,0,-73,-73,0,-73,-84,-85,-58,-55,-57,-56,-71,-69,-70,-70,0,0,-70,-71,-75,-69,-71,-71,0,0,-75,-75,0,-82,-82,-84,0,0,0,-81,-82,0,0,0,0,-48,-58
0,-64,-64,-65,0,0,0,-75,-76,-77,0,0,-75,-75,0,-73,-81,-80,-61,-59,-57,-65,-71,-69,-72,-72,-77,-85,-73,-73,0,0,-69,-69,-79,0,-77,-78,0,-82,-82,-84,0,-83,-85,-83,-81,0,0,0,0,-49,-60
0,-64,-64,-65,0,0,0,-75,-76,-77,0,0,-75,-75,0,-73,-81,-80,-61,-59,-57,-65,-71,-69,-72,-72,-77,-85,-73,-73,0,0,-69,-69,-79,0,-77,-78,0,-82,-82,-84,0,-83,-85,-83,-81,0,0,0,0,-49,-60
0,-64,-64,-65,0,0,0,-75,-76,-77,0,0,-75,-75,0,-73,-81,-80,-61,-59,-57,-65,-71,-69,-72,-72,-77,-85,-73,-73,0,0,-69,-69,-79,0,-77,-78,0,-82,-82,-84,0,-83,-85,-83,-81,0,0,0,0,-49,-60
0,-64,-64,-65,0,0,0,-75,-76,-77,0,0,-75,-75,0,-73,-81,-80,-61,-59,-57,-65,-71,-69,-72,-72,-77,-85,-73,-73,0,0,-69,-69,-79,0,-77,-78,0,-82,-82,-84,0,-83,-85,-83,-81,0,0,0,0,-49,-60
0,-64,-64,-64,0,0,0,-74,-75,-75,0,0,-77,-77,0,0,-79,-79,-61,-58,-59,-60,-71,0,-71,-70,-77,-85,-73,-74,0,0,-67,-67,-79,0,-78,-79,0,-82,-82,0,0,-83,-85,0,0,0,0,-85,-82,-50,-59
0,-64,-64,-64,0,0,0,-74,-75,-75,0,0,-77,-77,0,0,-79,-79,-61,-58,-59,-60,-71,0,-71,-70,-77,-85,-73,-74,0,0,-67,-67,-79,0,-78,-79,0,-82,-82,0,0,-83,-85,0,0,0,0,-85,-82,-50,-59
0,-64,-64,-64,0,0,0,-74,-75,-75,0,0,-77,-77,0,0,-79,-79,-61,-58,-59,-60,-71,0,-71,-70,-77,-85,-73,-74,0,0,-67,-67,-79,0,-78,-79,0,-82,-82,0,0,-83,-85,0,0,0,0,-85,-82,-50,-59
0,-64,-64,-64,0,0,0,-74,-75,-75,0,0,-77,-77,0,0,-79,-79,-61,-58,-59,-60,-71,0,-71,-70,-77,-85,-73,-74,0,0,-67,-67,-79,0,-78,-79,0,-82,-82,0,0,-83,-85,0,0,0,0,-85,-82,-50,-59
0,-64,-69,-70,0,0,0,0,-78,-78,0,0,-79,-77,0,0,-80,-80,-60,-62,-56,-56,-71,-78,-68,-68,-77,-85,-70,-70,0,0,-73,-73,-79,0,-78,-78,0,-84,-87,0,0,-83,-85,-83,-82,0,0,-85,-82,-48,-57
0,-64,-69,-70,0,0,0,0,-78,-78,0,0,-79,-77,0,0,-80,-80,-60,-62,-56,-56,-71,-78,-68,-68,-77,-85,-70,-70,0,0,-73,-73,-79,0,-78,-78,0,-84,-87,0,0,-83,-85,-83,-82,0,0,-85,-82,-48,-57
0,-64,-69,-70,0,0,0,0,-78,-78,0,0,-79,-77,0,0,-80,-80,-60,-62,-56,-56,-71,-78,-68,-68,-77,-85,-70,-70,0,0,-73,-73,-79,0,-78,-78,0,-84,-87,0,0,-83,-85,-83,-82,0,0,-85,-82,-48,-57
0,-64,-69,-70,0,0,0,0,-78,-78,0,0,-79,-77,0,0,-80,-80,-60,-62,-56,-56,-71,-78,-68,-68,-77,-85,-70,-70,0,0,-73,-73,-79,0,-78,-78,0,-84,-87,0,0,-83,-85,-83,-82,0,0,-85,-82,-48,-57
-69,-67,-64,-63,0,0,0,0,-75,-75,0,0,-77,-77,0,0,-83,-81,-60,-57,-57,-60,-70,-78,-70,-70,0,0,-73,-73,0,0,-70,-70,0,0,-75,-75,0,-84,-87,0,0,0,0,-83,-82,0,0,-85,-82,-49,-57
-69,-67,-64,-63,0,0,0,0,-75,-75,0,0,-77,-77,0,0,-83,-81,-60,-57,-57,-60,-70,-78,-70,-70,0,0,-73,-73,0,0,-70,-70,0,0,-75,-75,0,-84,-87,0,0,0,0,-83,-82,0,0,-85,-82,-49,-57
-69,-67,-64,-63,0,0,0,0,-75,-75,0,0,-77,-77,0,0,-83,-81,-60,-57,-57,-60,-70,-78,-70,-70,0,0,-73,-73,0,0,-70,-70,0,0,-75,-75,0,-84,-87,0,0,0,0,-83,-82,0,0,-85,-82,-49,-57
-69,-67,-64,-64,0,0,0,0,-56,-75,0,0,-79,-80,0,-74,-80,-79,-57,-54,-57,-57,0,-78,-72,-72,0,0,-75,-76,0,0,-70,-70,0,-83,-78,-78,0,0,-83,-84,-84,0,0,-83,-82,0,0,-81,-81,-50,-57
-69,-67,-64,-64,0,0,0,0,-56,-75,0,0,-79,-80,0,-74,-80,-79,-57,-54,-57,-57,0,-78,-72,-72,0,0,-75,-76,0,0,-70,-70,0,-83,-78,-78,0,0,-83,-84,-84,0,0,-83,-82,0,0,-81,-81,-50,-57
-69,-67,-64,-64,0,0,0,0,-56,-75,0,0,-79,-80,0,-74,-80,-79,-57,-54,-57,-57,0,-78,-72,-72,0,0,-75,-76,0,0,-70,-70,0,-83,-78,-78,0,0,-83,-84,-84,0,0,-83,-82,0,0,-81,-81,-50,-57
-69,-67,-64,-64,0,0,0,0,-56,-75,0,0,-79,-80,0,-74,-80,-79,-57,-54,-57,-57,0,-78,-72,-72,0,0,-75,-76,0,0,-70,-70,0,-83,-78,-78,0,0,-83,-84,-84,0,0,-83,-82,0,0,-81,-81,-50,-57
-69,-67,-71,-72,0,0,0,-77,-79,-79,0,-82,-75,-74,-75,-74,-82,-81,-57,-56,-55,-55,0,-68,-71,-72,0,0,-72,-72,0,0,-73,-73,0,-83,-79,-80,0,0,-83,-84,-84,-84,0,-82,0,0,0,-81,-81,-46,-60
-69,-67,-71,-72,0,0,0,-77,-79,-79,0,-82,-75,-74,-75,-74,-82,-81,-57,-56,-55,-55,0,-68,-71,-72,0,0,-72,-72,0,0,-73,-73,0,-83,-79,-80,0,0,-83,-84,-84,-84,0,-82,0,0,0,-81,-81,-46,-60
-69,-67,-71,-72,0,0,0,-77,-79,-79,0,-82,-75,-74,-75,-74,-82,-81,-57,-56,-55,-55,0,-68,-71,-72,0,0,-72,-72,0,0,-73,-73,0,-83,-79,-80,0,0,-83,-84,-84,-84,0,-82,0,0,0,-81,-81,-46,-60
-69,-67,-71,-72,0,0,0,-77,-79,-79,0,-82,-75,-74,-75,-74,-82,-81,-57,-56,-55,-55,0,-68,-71,-72,0,0,-72,-72,0,0,-73,-73,0,-83,-79,-80,0,0,-83,-84,-84,-84,0,-82,0,0,0,-81,-81,-46,-60
-66,-65,-73,-72,-85,0,0,-77,-77,-78,0,-82,-77,-77,-75,-74,-80,-80,-61,-58,-57,-57,0,-68,-69,-70,0,0,-69,-69,0,0,-64,-65,0,-83,-78,-78,0,0,0,-84,-84,-84,0,-82,-78,0,0,-80,-80,-47,-57
-66,-65,-73,-72,-85,0,0,-77,-77,-78,0,-82,-77,-77,-75,-74,-80,-80,-61,-58,-57,-57,0,-68,-69,-70,0,0,-69,-69,0,0,-64,-65,0,-83,-78,-78,0,0,0,-84,-84,-84,0,-82,-78,0,0,-80,-80,-47,-57
-66,-65,-73,-72,-85,0,0,-77,-77,-78,0,-82,-77,-77,-75,-74,-80,-80,-61,-58,-57,-57,0,-68,-69,-70,0,0,-69,-69,0,0,-64,-65,0,-83,-78,-78,0,0,0,-84,-84,-84,0,-82,-78,0,0,-80,-80,-47,-57
-66,-65,-73,-72,-85,0,0,-77,-77,-78,0,-82,-77,-77,-75,-74,-80,-80,-61,-58,-57,-57,0,-68,-69,-70,0,0,-69,-69,0,0,-64,-65,0,-83,-78,-78,0,0,0,-84,-84,-84,0,-82,-78,0,0,-80,-80,-47,-57
-69,-67,-62,-63,-85,0,0,-77,-78,-79,0,-82,-75,-75,-75,-74,-79,-79,-59,-58,-59,-63,-72,-68,-64,-65,0,0,-75,-75,0,0,-69,-70,0,0,-78,-77,0,0,0,0,0,-84,0,-82,-78,0,0,-80,-80,-56,-58
-69,-67,-62,-63,-85,0,0,-77,-78,-79,0,-82,-75,-75,-75,-74,-79,-79,-59,-58,-59,-63,-72,-68,-64,-65,0,0,-75,-75,0,0,-69,-70,0,0,-78,-77,0,0,0,0,0,-84,0,-82,-78,0,0,-80,-80,-56,-58
-69,-67,-62,-63,-85,0,0,-77,-78,-79,0,-82,-75,-75,-75,-74,-79,-79,-59,-58,-59,-63,-72,-68,-64,-65,0,0,-75,-75,0,0,-69,-70,0,0,-78,-77,0,0,0,0,0,-84,0,-82,-78,0,0,-80,-80,-56,-58
-65,-64,-60,-61,-85,0,0,-72,-78,-78,0,0,-76,-74,0,0,-81,-80,-59,-57,-58,-58,-72,-69,-69,-69,0,0,-73,-73,0,0,-71,-71,0,0,-75,-75,0,0,0,0,0,-84,-85,-79,-78,0,0,-80,-80,-49,-58
-65,-64,-60,-61,-85,0,0,-72,-78,-78,0,0,-76,-74,0,0,-81,-80,-59,-57,-58,-58,-72,-69,-69,-69,0,0,-73,-73,0,0,-71,-71,0,0,-75,-75,0,0,0,0,0,-84,-85,-79,-78,0,0,-80,-80,-49,-58
-65,-64,-60,-61,-85,0,0,-72,-78,-78,0,0,-76,-74,0,0,-81,-80,-59,-57,-58,-58,-72,-69,-69,-69,0,0,-73,-73,0,0,-71,-71,0,0,-75,-75,0,0,0,0,0,-84,-85,-79,-78,0,0,-80,-80,-49,-58
-65,-64,-60,-61,-85,0,0,-72,-78,-78,0,0,-76,-74,0,0,-81,-80,-59,-57,-58,-58,-72,-69,-69,-69,0,0,-73,-73,0,0,-71,-71,0,0,-75,-75,0,0,0,0,0,-84,-85,-79,-78,0,0,-80,-80,-49,-58
-65,-64,-63,-62,-77,0,0,0,-77,-76,0,0,-73,-74,0,-72,-83,-83,-58,-55,-57,-57,-72,-73,-80,-80,0,0,-72,-72,0,0,-69,-69,0,0,-75,-75,0,0,-89,0,-84,-84,-85,-82,-82,0,0,-83,-84,-50,-55
-66,-66,-60,-61,-77,0,0,0,-73,-73,0,0,-74,-76,0,-72,-81,-81,-56,-54,-57,-57,0,-69,-69,-69,0,0,-69,-70,0,0,-70,-70,0,0,-78,-78,0,0,-89,0,-84,-84,-85,-80,-80,0,0,-83,-84,-50,-59
-68,-66,-63,-63,-81,0,0,0,-73,-73,0,0,-75,-75,0,-72,-83,-82,-56,-53,-58,-62,0,-75,-69,-69,-76,-82,-73,-73,-77,-79,-70,-70,-83,-80,-76,-76,0,-83,-89,-82,-84,0,0,0,-83,0,0,-83,-84,-53,-59
-68,-66,-63,-63,-81,0,0,0,-73,-73,0,0,-75,-75,0,-72,-83,-82,-56,-53,-58,-62,0,-75,-69,-69,-76,-82,-73,-73,-77,-79,-70,-70,-83,-80,-76,-76,0,-83,-89,-82,-84,0,0,0,-83,0,0,-83,-84,-53,-59
-68,-66,-63,-63,-81,0,0,0,-73,-73,0,0,-75,-75,0,-72,-83,-82,-56,-53,-58,-62,0,-75,-69,-69,-76,-82,-73,-73,-77,-79,-70,-70,-83,-80,-76,-76,0,-83,-89,-82,-84,0,0,0,-83,0,0,-83,-84,-53,-59
-68,-66,-63,-63,-81,0,0,0,-73,-73,0,0,-75,-75,0,-72,-83,-82,-56,-53,-58,-62,0,-75,-69,-69,-76,-82,-73,-73,-77,-79,-70,-70,-83,-80,-76,-76,0,-83,-89,-82,-84,0,0,0,-83,0,0,-83,-84,-53,-59
-68,-64,-62,-62,-81,0,0,-80,-71,-70,0,0,-78,-78,0,0,-59,-83,-67,-65,-54,-58,0,0,-69,-69,-76,-82,-72,-71,-77,-79,-71,-71,-83,-80,-81,-81,0,-83,-85,-82,-81,0,0,-82,-83,0,0,-79,-79,-45,-61
-68,-64,-62,-62,-81,0,0,-80,-71,-70,0,0,-78,-78,0,0,-59,-83,-67,-65,-54,-58,0,0,-69,-69,-76,-82,-72,-71,-77,-79,-71,-71,-83,-80,-81,-81,0,-83,-85,-82,-81,0,0,-82,-83,0,0,-79,-79,-45,-61
-68,-64,-62,-62,-81,0,0,-80,-71,-70,0,0,-78,-78,0,0,-59,-83,-67,-65,-54,-58,0,0,-69,-69,-76,-82,-72,-71,-77,-79,-71,-71,-83,-80,-81,-81,0,-83,-85,-82,-81,0,0,-82,-83,0,0,-79,-79,-45,-61
-68,-64,-62,-62,-81,0,0,-80,-71,-70,0,0,-78,-78,0,0,-59,-83,-67,-65,-54,-58,0,0,-69,-69,-76,-82,-72,-71,-77,-79,-71,-71,-83,-80,-81,-81,0,-83,-85,-82,-81,0,0,-82,-83,0,0,-79,-79,-45,-61
-74,-71,-61,-61,-80,-79,-78,-80,-83,-74,0,0,-82,-81,0,0,-81,-82,-63,-62,-58,-59,0,0,-73,-74,-72,-81,-73,-73,0,0,-69,-69,-79,-82,-77,-77,0,-80,-81,-85,-85,0,-85,-82,-83,0,0,-79,-78,-49,-73
-69,-65,-67,-67,-80,-79,-78,0,-75,-74,0,0,-82,-82,0,-70,-81,-82,-68,-67,-54,-55,0,0,-66,-66,-72,-81,-71,-71,-78,0,-70,-70,-79,-79,-78,-78,0,-80,-81,-86,-84,0,-85,-80,-78,0,0,-79,-78,-50,-57
-69,-65,-67,-67,-80,-79,-78,0,-75,-74,0,0,-82,-82,0,-70,-81,-82,-68,-67,-54,-55,0,0,-66,-66,-72,-81,-71,-71,-78,0,-70,-70,-79,-79,-78,-78,0,-80,-81,-86,-84,0,-85,-80,-78,0,0,-79,-78,-50,-57
-69,-65,-67,-67,-80,-79,-78,0,-75,-74,0,0,-82,-82,0,-70,-81,-82,-68,-67,-54,-55,0,0,-66,-66,-72,-81,-71,-71,-78,0,-70,-70,-79,-79,-78,-78,0,-80,-81,-86,-84,0,-85,-80,-78,0,0,-79,-78,-50,-57
-69,-65,-67,-67,-80,-79,-78,0,-75,-74,0,0,-82,-82,0,-70,-81,-82,-68,-67,-54,-55,0,0,-66,-66,-72,-81,-71,-71,-78,0,-70,-70,-79,-79,-78,-78,0,-80,-81,-86,-84,0,-85,-80,-78,0,0,-79,-78,-50,-57
-66,-65,-60,-60,-80,-79,-78,0,-75,-75,0,0,-80,-81,0,-70,-79,-79,-69,-57,-53,-60,0,0,-67,-67,-72,-81,-57,-75,-78,-76,-67,-67,-79,-79,-77,-77,0,0,-81,-86,-84,-84,-85,-80,-78,0,0,-80,-79,-44,-56
-66,-65,-60,-60,-80,-79,-78,0,-75,-75,0,0,-80,-81,0,-70,-79,-79,-69,-57,-53,-60,0,0,-67,-67,-72,-81,-57,-75,-78,-76,-67,-67,-79,-79,-77,-77,0,0,-81,-86,-84,-84,-85,-80,-78,0,0,-80,-79,-44,-56
-66,-65,-60,-60,-80,-79,-78,0,-75,-75,0,0,-80,-81,0,-70,-79,-79,-69,-57,-53,-60,0,0,-67,-67,-72,-81,-57,-75,-78,-76,-67,-67,-79,-79,-77,-77,0,0,-81,-86,-84,-84,-85,-80,-78,0,0,-80,-79,-44,-56
-66,-65,-60,-60,-80,-79,-78,0,-75,-75,0,0,-80,-81,0,-70,-79,-79,-69,-57,-53,-60,0,0,-67,-67,-72,-81,-57,-75,-78,-76,-67,-67,-79,-79,-77,-77,0,0,-81,-86,-84,-84,-85,-80,-78,0,0,-80,-79,-44,-56
-66,-63,-67,-68,-77,0,0,0,-80,-79,0,0,-79,-79,0,-70,-76,-76,-61,-57,-51,-54,-73,0,-71,-71,-75,-85,-72,-71,-78,-76,-74,-74,-79,-87,-78,-78,0,0,-81,-82,-84,-84,0,-82,-82,0,0,-84,-84,-45,-59
-66,-63,-67,-68,-77,0,0,0,-80,-79,0,0,-79,-79,0,-70,-76,-76,-61,-57,-51,-54,-73,0,-71,-71,-75,-85,-72,-71,-78,-76,-74,-74,-79,-87,-78,-78,0,0,-81,-82,-84,-84,0,-82,-82,0,0,-84,-84,-45,-59
-66,-63,-67,-68,-77,0,0,0,-80,-79,0,0,-79,-79,0,-70,-76,-76,-61,-57,-51,-54,-73,0,-71,-71,-75,-85,-72,-71,-78,-76,-74,-74,-79,-87,-78,-78,0,0,-81,-82,-84,-84,0,-82,-82,0,0,-84,-84,-45,-59
-66,-63,-67,-68,-77,0,0,0,-80,-79,0,0,-79,-79,0,-70,-76,-76,-61,-57,-51,-54,-73,0,-71,-71,-75,-85,-72,-71,-78,-76,-74,-74,-79,-87,-78,-78,0,0,-81,-82,-84,-84,0,-82,-82,0,0,-84,-84,-45,-59
-66,-63,-61,-61,-77,0,0,0,-82,-82,0,0,-80,-81,0,0,-81,-82,-59,-57,-53,-58,-73,0,-71,-70,-75,0,-72,-72,-76,-76,-69,-69,-79,-87,-76,-76,0,-79,-82,-85,-86,-84,0,-82,-82,0,0,-83,-82,-46,-62
-66,-63,-61,-61,-77,0,0,0,-82,-82,0,0,-80,-81,0,0,-81,-82,-59,-57,-53,-58,-73,0,-71,-70,-75,0,-72,-72,-76,-76,-69,-69,-79,-87,-76,-76,0,-79,-82,-85,-86,-84,0,-82,-82,0,0,-83,-82,-46,-62
-66,-63,-61,-61,-77,0,0,0,-82,-82,0,0,-80,-81,0,0,-81,-82,-59,-57,-53,-58,-73,0,-71,-70,-75,0,-72,-72,-76,-76,-69,-69,-79,-87,-76,-76,0,-79,-82,-85,-86,-84,0,-82,-82,0,0,-83,-82,-46,-62
-66,-63,-61,-61,-77,0,0,0,-82,-82,0,0,-80,-81,0,0,-81,-82,-59,-57,-53,-58,-73,0,-71,-70,-75,0,-72,-72,-76,-76,-69,-69,-79,-87,-76,-76,0,-79,-82,-85,-86,-84,0,-82,-82,0,0,-83,-82,-46,-62
-69,-66,-66,-67,-77,0,0,-79,-82,-82,0,0,-80,-79,0,-70,-76,-77,-59,-57,-53,-54,-73,-70,-67,-67,-72,0,-70,-70,0,0,-69,-69,-79,-90,-79,-78,0,-79,-82,-84,-84,-82,-82,-84,-83,0,0,-83,-82,-44,-60
-69,-66,-66,-67,-77,0,0,-79,-82,-82,0,0,-80,-79,0,-70,-76,-77,-59,-57,-53,-54,-73,-70,-67,-67,-72,0,-70,-70,0,0,-69,-69,-79,-90,-79,-78,0,-79,-82,-84,-84,-82,-82,-84,-83,0,0,-83,-82,-44,-60
-69,-66,-66,-67,-77,0,0,-79,-82,-82,0,0,-80,-79,0,-70,-76,-77,-59,-57,-53,-54,-73,-70,-67,-67,-72,0,-70,-70,0,0,-69,-69,-79,-90,-79,-78,0,-79,-82,-84,-84,-82,-82,-84,-83,0,0,-83,-82,-44,-60
-66,-62,-61,-62,-77,-75,-76,-79,-81,-81,0,0,-77,-77,0,-70,-80,-79,-59,-58,-56,-61,-74,-70,-72,-72,-72,0,-71,-71,0,0,-65,-66,0,-90,-75,-75,0,-79,-82,-84,-85,-82,-82,-84,-83,0,0,-83,-82,-44,-64
-66,-62,-61,-62,-77,-75,-76,-79,-81,-81,0,0,-77,-77,0,-70,-80,-79,-59,-58,-56,-61,-74,-70,-72,-72,-72,0,-71,-71,0,0,-65,-66,0,-90,-75,-75,0,-79,-82,-84,-85,-82,-82,-84,-83,0,0,-83,-82,-44,-64
-66,-62,-61,-62,-77,-75,-76,-79,-81,-81,0,0,-77,-77,0,-70,-80,-79,-59,-58,-56,-61,-74,-70,-72,-72,-72,0,-71,-71,0,0,-65,-66,0,-90,-75,-75,0,-79,-82,-84,-85,-82,-82,-84,-83,0,0,-83,-82,-44,-64
-66,-62,-61,-62,-77,-75,-76,-79,-81,-81,0,0,-77,-77,0,-70,-80,-79,-59,-58,-56,-61,-74,-70,-72,-72,-72,0,-71,-71,0,0,-65,-66,0,-90,-75,-75,0,-79,-82,-84,-85,-82,-82,-84,-83,0,0,-83,-82,-44,-64
0,-62,-67,-67,-77,-75,-76,-79,-81,-81,0,0,-78,-77,0,-70,-81,-82,-57,-57,-57,-57,-72,-70,-70,-71,-72,0,-71,-71,0,0,-69,-69,-82,-90,-77,-77,0,-82,-81,-84,-85,-82,-82,-84,-83,0,0,-84,-84,-43,-57
0,-62,-67,-67,-77,-75,-76,-79,-81,-81,0,0,-78,-77,0,-70,-81,-82,-57,-57,-57,-57,-72,-70,-70,-71,-72,0,-71,-71,0,0,-69,-69,-82,-90,-77,-77,0,-82,-81,-84,-85,-82,-82,-84,-83,0,0,-84,-84,-43,-57
0,-62,-67,-67,-77,-75,-76,-79,-81,-81,0,0,-78,-77,0,-70,-81,-82,-57,-57,-57,-57,-72,-70,-70,-71,-72,0,-71,-71,0,0,-69,-69,-82,-90,-77,-77,0,-82,-81,-84,-85,-82,-82,-84,-83,0,0,-84,-84,-43,-57
0,-62,-67,-67,-77,-75,-76,-79,-81,-81,0,0,-78,-77,0,-70,-81,-82,-57,-57,-57,-57,-72,-70,-70,-71,-72,0,-71,-71,0,0,-69,-69,-82,-90,-77,-77,0,-82,-81,-84,-85,-82,-82,-84,-83,0,0,-84,-84,-43,-57
0,0,-61,-61,-75,-75,-76,0,-84,-80,0,0,-78,-78,0,0,-77,-77,-60,-63,-58,-58,-75,-73,-72,-72,-72,0,-72,-71,0,0,-64,-63,-82,0,-76,-75,0,-82,-81,-82,-84,0,0,0,0,0,0,-84,-84,-44,-56
0,0,-61,-61,-75,-75,-76,0,-84,-80,0,0,-78,-78,0,0,-77,-77,-60,-63,-58,-58,-75,-73,-72,-72,-72,0,-72,-71,0,0,-64,-63,-82,0,-76,-75,0,-82,-81,-82,-84,0,0,0,0,0,0,-84,-84,-44,-56
0,0,-61,-61,-75,-75,-76,0,-84,-80,0,0,-78,-78,0,0,-77,-77,-60,-63,-58,-58,-75,-73,-72,-72,-72,0,-72,-71,0,0,-64,-63,-82,0,-76,-75,0,-82,-81,-82,-84,0,0,0,0,0,0,-84,-84,-44,-56
0,0,-61,-61,-75,-75,-76,0,-84,-80,0,0,-78,-78,0,0,-77,-77,-60,-63,-58,-58,-75,-73,-72,-72,-72,0,-72,-71,0,0,-64,-63,-82,0,-76,-75,0,-82,-81,-82,-84,0,0,0,0,0,0,-84,-84,-44,-56
0,-61,-62,-63,-73,0,0,0,-79,-80,0,0,-77,-80,-76,-71,-84,-83,-60,-59,-56,-61,0,-73,-71,-69,-72,0,-71,-72,0,0,-65,-65,-82,-86,-77,-78,0,-82,-81,-84,0,-83,-85,-83,-81,0,0,-84,-84,-47,-58
0,-61,-62,-63,-73,0,0,0,-79,-80,0,0,-77,-80,-76,-71,-84,-83,-60,-59,-56,-61,0,-73,-71,-69,-72,0,-71,-72,0,0,-65,-65,-82,-86,-77,-78,0,-82,-81,-84,0,-83,-85,-83,-81,0,0,-84,-84,-47,-58
0,-61,-62,-63,-73,0,0,0,-79,-80,0,0,-77,-80,-76,-71,-84,-83,-60,-59,-56,-61,0,-73,-71,-69,-72,0,-71,-72,0,0,-65,-65,-82,-86,-77,-78,0,-82,-81,-84,0,-83,-85,-83,-81,0,0,-84,-84,-47,-58
0,-61,-62,-63,-73,0,0,0,-79,-80,0,0,-77,-80,-76,-71,-84,-83,-60,-59,-56,-61,0,-73,-71,-69,-72,0,-71,-72,0,0,-65,-65,-82,-86,-77,-78,0,-82,-81,-84,0,-83,-85,-83,-81,0,0,-84,-84,-47,-58
-67,-61,-64,-64,-73,0,0,0,-81,-82,0,0,-80,-80,-76,-71,-84,-83,-57,-58,-51,-57,0,0,-71,-71,-72,0,-71,-71,0,0,-71,-72,-78,-86,-79,-79,0,-81,-81,-84,0,-83,-85,-83,-81,0,0,0,-85,-42,-55
-67,-61,-64,-64,-73,0,0,0,-81,-82,0,0,-80,-80,-76,-71,-84,-83,-57,-58,-51,-57,0,0,-71,-71,-72,0,-71,-71,0,0,-71,-72,-78,-86,-79,-79,0,-81,-81,-84,0,-83,-85,-83,-81,0,0,0,-85,-42,-55
-67,-61,-64,-64,-73,0,0,0,-81,-82,0,0,-80,-80,-76,-71,-84,-83,-57,-58,-51,-57,0,0,-71,-71,-72,0,-71,-71,0,0,-71,-72,-78,-86,-79,-79,0,-81,-81,-84,0,-83,-85,-83,-81,0,0,0,-85,-42,-55
-67,-61,-64,-64,-73,0,0,0,-79,-79,0,0,-79,-77,-76,-71,-81,-82,-62,-60,-59,-64,0,0,-70,-70,-70,0,-70,-70,0,0,-71,-71,-78,-86,-79,-79,0,-86,-85,-84,-82,-83,-85,-83,-81,0,0,0,-85,-45,-61
-67,-61,-64,-64,-73,0,0,0,-79,-79,0,0,-79,-77,-76,-71,-81,-82,-62,-60,-59,-64,0,0,-70,-70,-70,0,-70,-70,0,0,-71,-71,-78,-86,-79,-79,0,-86,-85,-84,-82,-83,-85,-83,-81,0,0,0,-85,-45,-61
-67,-61,-64,-64,-73,0,0,0,-79,-79,0,0,-79,-77,-76,-71,-81,-82,-62,-60,-59,-64,0,0,-70,-70,-70,0,-70,-70,0,0,-71,-71,-78,-86,-79,-79,0,-86,-85,-84,-82,-83,-85,-83,-81,0,0,0,-85,-45,-61
-67,-61,-64,-64,-73,0,0,0,-79,-79,0,0,-79,-77,-76,-71,-81,-82,-62,-60,-59,-64,0,0,-70,-70,-70,0,-70,-70,0,0,-71,-71,-78,-86,-79,-79,0,-86,-85,-84,-82,-83,-85,-83,-81,0,0,0,-85,-45,-61
-67,-62,-63,-62,-74,0,0,0,-77,-78,0,0,-78,-79,0,-70,-79,-79,-62,-59,-55,-55,0,0,-70,-70,0,0,-72,-73,0,0,-65,-66,0,0,-76,-76,0,-86,-85,-83,-82,-84,-85,-81,-81,0,0,-83,-85,-43,-64
-67,-62,-63,-62,-74,0,0,0,-77,-78,0,0,-78,-79,0,-70,-79,-79,-62,-59,-55,-55,0,0,-70,-70,0,0,-72,-73,0,0,-65,-66,0,0,-76,-76,0,-86,-85,-83,-82,-84,-85,-81,-81,0,0,-83,-85,-43,-64
-67,-62,-63,-62,-74,0,0,0,-77,-78,0,0,-78,-79,0,-70,-79,-79,-62,-59,-55,-55,0,0,-70,-70,0,0,-72,-73,0,0,-65,-66,0,0,-76,-76,0,-86,-85,-83,-82,-84,-85,-81,-81,0,0,-83,-85,-43,-64
-67,-62,-63,-62,-74,0,0,0,-77,-78,0,0,-78,-79,0,-70,-79,-79,-62,-59,-55,-55,0,0,-70,-70,0,0,-72,-73,0,0,-65,-66,0,0,-76,-76,0,-86,-85,-83,-82,-84,-85,-81,-81,0,0,-83,-85,-43,-64
-65,-63,-76,-76,-75,0,0,0,-82,-79,0,0,-78,-80,0,0,-83,-80,-64,-62,-54,-57,0,0,-70,-71,0,0,-74,-74,0,0,-71,-71,0,0,-75,-75,0,-79,-80,-82,-82,-84,-85,-81,-81,0,0,-83,-82,-47,-54
-65,-63,-76,-76,-75,0,0,0,-82,-79,0,0,-78,-80,0,0,-83,-80,-64,-62,-54,-57,0,0,-70,-71,0,0,-74,-74,0,0,-71,-71,0,0,-75,-75,0,-79,-80,-82,-82,-84,-85,-81,-81,0,0,-83,-82,-47,-54
-65,-63,-76,-76,-75,0,0,0,-82,-79,0,0,-78,-80,0,0,-83,-80,-64,-62,-54,-57,0,0,-70,-71,0,0,-74,-74,0,0,-71,-71,0,0,-75,-75,0,-79,-80,-82,-82,-84,-85,-81,-81,0,0,-83,-82,-47,-54
-65,-63,-76,-76,-75,0,0,0,-82,-79,0,0,-78,-80,0,0,-83,-80,-64,-62,-54,-57,0,0,-70,-71,0,0,-74,-74,0,0,-71,-71,0,0,-75,-75,0,-79,-80,-82,-82,-84,-85,-81,-81,0,0,-83,-82,-47,-54
0,-60,-60,-61,-76,0,0,0,-79,-79,0,0,-80,-79,-74,0,-80,-80,-64,-60,-60,-65,0,0,-75,-74,0,0,-74,-74,0,0,-69,-69,-80,-85,-75,-76,0,-79,-80,-81,-81,0,0,0,0,0,0,-83,-82,-47,-57
0,-60,-60,-61,-76,0,0,0,-79,-79,0,0,-80,-79,-74,0,-80,-80,-64,-60,-60,-65,0,0,-75,-74,0,0,-74,-74,0,0,-69,-69,-80,-85,-75,-76,0,-79,-80,-81,-81,0,0,0,0,0,0,-83,-82,-47,-57
0,-60,-60,-61,-76,0,0,0,-79,-79,0,0,-80,-79,-74,0,-80,-80,-64,-60,-60,-65,0,0,-75,-74,0,0,-74,-74,0,0,-69,-69,-80,-85,-75,-76,0,-79,-80,-81,-81,0,0,0,0,0,0,-83,-82,-47,-57
-66,-61,-61,-62,-76,-77,-76,0,-81,-80,0,0,-78,-79,-74,0,-79,-80,-59,-57,-59,-59,0,0,-70,-70,-74,-85,-74,-74,-77,-77,-63,-64,-80,-85,-81,-80,0,-77,0,-79,-81,0,0,-81,-83,0,0,-83,0,-44,-54
-66,-61,-61,-62,-76,-77,-76,0,-81,-80,0,0,-78,-79,-74,0,-79,-80,-59,-57,-59,-59,0,0,-70,-70,-74,-85,-74,-74,-77,-77,-63,-64,-80,-85,-81,-80,0,-77,0,-79,-81,0,0,-81,-83,0,0,-83,0,-44,-54
-66,-61,-61,-62,-76,-77,-76,0,-81,-80,0,0,-78,-79,-74,0,-79,-80,-59,-57,-59,-59,0,0,-70,-70,-74,-85,-74,-74,-77,-77,-63,-64,-80,-85,-81,-80,0,-77,0,-79,-81,0,0,-81,-83,0,0,-83,0,-44,-54
-66,-61,-61,-62,-76,-77,-76,0,-81,-80,0,0,-78,-79,-74,0,-79,-80,-59,-57,-59,-59,0,0,-70,-70,-74,-85,-74,-74,-77,-77,-63,-64,-80,-85,-81,-80,0,-77,0,-79,-81,0,0,-81,-83,0,0,-83,0,-44,-54
-66,-61,-65,-64,-81,-77,-76,0,-82,-84,0,0,-80,-81,-74,0,-83,-83,-59,-59,-58,-60,0,0,-71,-70,-74,-85,-73,-73,-77,-77,-65,-65,-80,-85,-72,-72,0,-77,0,-83,-81,0,0,-81,-83,0,-80,0,0,-44,-54
-66,-61,-65,-64,-81,-77,-76,0,-82,-84,0,0,-80,-81,-74,0,-83,-83,-59,-59,-58,-60,0,0,-71,-70,-74,-85,-73,-73,-77,-77,-65,-65,-80,-85,-72,-72,0,-77,0,-83,-81,0,0,-81,-83,0,-80,0,0,-44,-54
-66,-61,-65,-64,-81,-77,-76,0,-82,-84,0,0,-80,-81,-74,0,-83,-83,-59,-59,-58,-60,0,0,-71,-70,-74,-85,-73,-73,-77,-77,-65,-65,-80,-85,-72,-72,0,-77,0,-83,-81,0,0,-81,-83,0,-80,0,0,-44,-54
-66,-61,-65,-64,-81,-77,-76,0,-82,-84,0,0,-80,-81,-74,0,-83,-83,-59,-59,-58,-60,0,0,-71,-70,-74,-85,-73,-73,-77,-77,-65,-65,-80,-85,-72,-72,0,-77,0,-83,-81,0,0,-81,-83,0,-80,0,0,-44,-54
-66,-62,-68,-68,-81,-77,-76,-69,-79,-80,0,0,-81,-80,0,0,-84,-85,-56,-64,-57,-59,0,0,-67,-67,-74,-85,-73,-73,-77,-77,-69,-69,-82,-83,-75,-75,0,0,0,-81,-82,0,0,-81,-83,0,-80,-81,-80,-48,-57
-66,-62,-68,-68,-81,-77,-76,-69,-79,-80,0,0,-81,-80,0,0,-84,-85,-56,-64,-57,-59,0,0,-67,-67,-74,-85,-73,-73,-77,-77,-69,-69,-82,-83,-75,-75,0,0,0,-81,-82,0,0,-81,-83,0,-80,-81,-80,-48,-57
-66,-62,-68,-68,-81,-77,-76,-69,-79,-80,0,0,-81,-80,0,0,-84,-85,-56,-64,-57,-59,0,0,-67,-67,-74,-85,-73,-73,-77,-77,-69,-69,-82,-83,-75,-75,0,0,0,-81,-82,0,0,-81,-83,0,-80,-81,-80,-48,-57
0,0,-63,-63,0,0,0,-69,-72,-82,0,0,-76,-77,0,0,-78,-79,-56,-55,-59,-59,0,0,-70,-70,-72,-80,-68,-68,-75,-73,-67,-67,-77,-79,-80,-83,0,0,0,-81,-83,0,0,-81,-83,0,-80,-81,-80,-50,-62
0,0,-63,-63,0,0,0,-69,-72,-82,0,0,-76,-77,0,0,-78,-79,-56,-55,-59,-59,0,0,-70,-70,-72,-80,-68,-68,-75,-73,-67,-67,-77,-79,-80,-83,0,0,0,-81,-83,0,0,-81,-83,0,-80,-81,-80,-50,-62
0,0,-63,-63,0,0,0,-69,-72,-82,0,0,-76,-77,0,0,-78,-79,-56,-55,-59,-59,0,0,-70,-70,-72,-80,-68,-68,-75,-73,-67,-67,-77,-79,-80,-83,0,0,0,-81,-83,0,0,-81,-83,0,-80,-81,-80,-50,-62
0,0,-63,-63,0,0,0,-69,-72,-82,0,0,-76,-77,0,0,-78,-79,-56,-55,-59,-59,0,0,-70,-70,-72,-80,-68,-68,-75,-73,-67,-67,-77,-79,-80,-83,0,0,0,-81,-83,0,0,-81,-83,0,-80,-81,-80,-50,-62
-66,0,-58,-58,0,0,0,-69,-72,-72,0,0,-79,-80,-81,-78,-78,-78,-62,-60,-52,-56,0,0,-81,-82,0,0,-68,-69,0,0,-63,-63,-77,-82,-75,-75,0,0,0,-82,-83,-85,-84,-81,-83,0,0,-81,-80,-44,-62
-66,0,-58,-58,0,0,0,-69,-72,-72,0,0,-79,-80,-81,-78,-78,-78,-62,-60,-52,-56,0,0,-81,-82,0,0,-68,-69,0,0,-63,-63,-77,-82,-75,-75,0,0,0,-82,-83,-85,-84,-81,-83,0,0,-81,-80,-44,-62
-66,0,-58,-58,0,0,0,-69,-72,-72,0,0,-79,-80,-81,-78,-78,-78,-62,-60,-52,-56,0,0,-81,-82,0,0,-68,-69,0,0,-63,-63,-77,-82,-75,-75,0,0,0,-82,-83,-85,-84,-81,-83,0,0,-81,-80,-44,-62
-66,0,-58,-58,0,0,0,-69,-72,-72,0,0,-79,-80,-81,-78,-78,-78,-62,-60,-52,-56,0,0,-81,-82,0,0,-68,-69,0,0,-63,-63,-77,-82,-75,-75,0,0,0,-82,-83,-85,-84,-81,-83,0,0,-81,-80,-44,-62
-66,-71,-63,-64,0,0,0,-75,-72,-73,0,0,-80,-79,-81,-78,-78,-79,-62,-67,-52,-57,-71,0,-71,-73,0,0,-68,-68,0,0,-73,-73,0,-82,-76,-76,0,-82,-82,-83,-83,-85,-84,-84,-83,0,0,-79,-80,-52,-64
-66,-71,-63,-64,0,0,0,-75,-72,-73,0,0,-80,-79,-81,-78,-78,-79,-62,-67,-52,-57,-71,0,-71,-73,0,0,-68,-68,0,0,-73,-73,0,-82,-76,-76,0,-82,-82,-83,-83,-85,-84,-84,-83,0,0,-79,-80,-52,-64
-66,-71,-63,-64,0,0,0,-75,-72,-73,0,0,-80,-79,-81,-78,-78,-79,-62,-67,-52,-57,-71,0,-71,-73,0,0,-68,-68,0,0,-73,-73,0,-82,-76,-76,0,-82,-82,-83,-83,-85,-84,-84,-83,0,0,-79,-80,-52,-64
-66,-71,-63,-64,0,0,0,-75,-72,-73,0,0,-80,-79,-81,-78,-78,-79,-62,-67,-52,-57,-71,0,-71,-73,0,0,-68,-68,0,0,-73,-73,0,-82,-76,-76,0,-82,-82,-83,-83,-85,-84,-84,-83,0,0,-79,-80,-52,-64
