-68,-65,-66,-67,0,-81,-81,-80,-77,-77,0,0,-71,-72,0,0,-85,-83,-57,-57,-65,-64,0,-72,-66,-66,0,0,-71,-72,-65,-71,-66,-67,-82,0,-78,-78,0,0,0,0,0,-87,0,0,0,-86,0,-81,-82,-47,-59
-68,-65,-66,-67,0,-81,-81,-80,-77,-77,0,0,-71,-72,0,0,-85,-83,-57,-57,-65,-64,0,-72,-66,-66,0,0,-71,-72,-65,-71,-66,-67,-82,0,-78,-78,0,0,0,0,0,-87,0,0,0,-86,0,-81,-82,-47,-59
-68,-65,-66,-67,0,-81,-81,-80,-77,-77,0,0,-71,-72,0,0,-85,-83,-57,-57,-65,-64,0,-72,-66,-66,0,0,-71,-72,-65,-71,-66,-67,-82,0,-78,-78,0,0,0,0,0,-87,0,0,0,-86,0,-81,-82,-47,-59
0,0,-66,-67,0,-81,-81,-80,-78,-78,0,0,-71,-72,0,0,-86,-83,-58,-56,-65,-67,0,-72,-67,-67,0,0,-75,-76,-65,0,-69,-69,-82,0,-79,-79,0,0,0,0,0,0,0,-85,-83,0,0,-81,-85,-47,-58
0,0,-66,-67,0,-81,-81,-80,-78,-78,0,0,-71,-72,0,0,-86,-83,-58,-56,-65,-67,0,-72,-67,-67,0,0,-75,-76,-65,0,-69,-69,-82,0,-79,-79,0,0,0,0,0,0,0,-85,-83,0,0,-81,-85,-47,-58
0,0,-66,-67,0,-81,-81,-80,-78,-78,0,0,-71,-72,0,0,-86,-83,-58,-56,-65,-67,0,-72,-67,-67,0,0,-75,-76,-65,0,-69,-69,-82,0,-79,-79,0,0,0,0,0,0,0,-85,-83,0,0,-81,-85,-47,-58
0,0,-66,-67,0,-81,-81,-80,-78,-78,0,0,-71,-72,0,0,-86,-83,-58,-56,-65,-67,0,-72,-67,-67,0,0,-75,-76,-65,0,-69,-69,-82,0,-79,-79,0,0,0,0,0,0,0,-85,-83,0,0,-81,-85,-47,-58
-67,-67,-68,-68,0,0,0,-76,-76,-76,0,0,-72,-72,0,0,-85,-83,-58,-56,-55,-62,0,-72,-67,-67,0,0,-69,-69,0,0,-63,-63,0,0,-80,-79,0,0,-87,0,0,-84,-84,-85,-83,-87,0,-82,-83,-50,-61
-67,-67,-68,-68,0,0,0,-76,-76,-76,0,0,-72,-72,0,0,-85,-83,-58,-56,-55,-62,0,-72,-67,-67,0,0,-69,-69,0,0,-63,-63,0,0,-80,-79,0,0,-87,0,0,-84,-84,-85,-83,-87,0,-82,-83,-50,-61
-67,-67,-68,-68,0,0,0,-76,-76,-76,0,0,-72,-72,0,0,-85,-83,-58,-56,-55,-62,0,-72,-67,-67,0,0,-69,-69,0,0,-63,-63,0,0,-80,-79,0,0,-87,0,0,-84,-84,-85,-83,-87,0,-82,-83,-50,-61
-67,-67,-68,-68,0,0,0,-76,-76,-76,0,0,-72,-72,0,0,-85,-83,-58,-56,-55,-62,0,-72,-67,-67,0,0,-69,-69,0,0,-63,-63,0,0,-80,-79,0,0,-87,0,0,-84,-84,-85,-83,-87,0,-82,-83,-50,-61
-67,-67,-65,-65,0,0,0,-74,-77,-77,0,0,-76,-75,0,0,-84,-83,-58,-56,-59,-61,0,0,-68,-69,0,0,-71,-71,0,-77,-67,-67,-81,0,-77,-78,0,0,-87,0,0,-84,-84,-85,-83,-87,0,-83,-84,-48,-60
-67,-67,-65,-65,0,0,0,-74,-77,-77,0,0,-76,-75,0,0,-84,-83,-58,-56,-59,-61,0,0,-68,-69,0,0,-71,-71,0,-77,-67,-67,-81,0,-77,-78,0,0,-87,0,0,-84,-84,-85,-83,-87,0,-83,-84,-48,-60
-67,-67,-65,-65,0,0,0,-74,-77,-77,0,0,-76,-75,0,0,-84,-83,-58,-56,-59,-61,0,0,-68,-69,0,0,-71,-71,0,-77,-67,-67,-81,0,-77,-78,0,0,-87,0,0,-84,-84,-85,-83,-87,0,-83,-84,-48,-60
-67,-67,-65,-65,0,0,0,-74,-77,-77,0,0,-76,-75,0,0,-84,-83,-58,-56,-59,-61,0,0,-68,-69,0,0,-71,-71,0,-77,-67,-67,-81,0,-77,-78,0,0,-87,0,0,-84,-84,-85,-83,-87,0,-83,-84,-48,-60
-67,-67,-70,-71,0,-81,-83,0,-79,-84,0,0,-73,-73,-76,0,-84,-83,-58,-60,-58,-60,0,0,-69,-69,0,0,-69,-69,0,-77,-65,-65,-81,0,-83,-83,0,-83,-87,-83,-84,-84,-84,0,0,-87,0,-80,-81,-48,-60
-67,-67,-70,-71,0,-81,-83,0,-79,-84,0,0,-73,-73,-76,0,-84,-83,-58,-60,-58,-60,0,0,-69,-69,0,0,-69,-69,0,-77,-65,-65,-81,0,-83,-83,0,-83,-87,-83,-84,-84,-84,0,0,-87,0,-80,-81,-48,-60
-67,-67,-70,-71,0,-81,-83,0,-79,-84,0,0,-73,-73,-76,0,-84,-83,-58,-60,-58,-60,0,0,-69,-69,0,0,-69,-69,0,-77,-65,-65,-81,0,-83,-83,0,-83,-87,-83,-84,-84,-84,0,0,-87,0,-80,-81,-48,-60
-67,-67,-70,-71,0,-81,-83,0,-79,-84,0,0,-73,-73,-76,0,-84,-83,-58,-60,-58,-60,0,0,-69,-69,0,0,-69,-69,0,-77,-65,-65,-81,0,-83,-83,0,-83,-87,-83,-84,-84,-84,0,0,-87,0,-80,-81,-48,-60
-68,-68,-67,-67,0,-81,-83,0,-79,-78,0,0,-73,-72,-76,0,-83,-84,-58,-55,-56,-62,0,0,-67,-67,-75,-83,-70,-70,0,-77,-63,-64,-81,0,-82,-83,0,-83,-86,-83,-84,0,0,-83,-84,0,0,-82,-82,-49,-59
-68,-68,-67,-67,0,-81,-83,0,-79,-78,0,0,-73,-72,-76,0,-83,-84,-58,-55,-56,-62,0,0,-67,-67,-75,-83,-70,-70,0,-77,-63,-64,-81,0,-82,-83,0,-83,-86,-83,-84,0,0,-83,-84,0,0,-82,-82,-49,-59
-68,-68,-67,-67,0,-81,-83,0,-79,-78,0,0,-73,-72,-76,0,-83,-84,-58,-55,-56,-62,0,0,-67,-67,-75,-83,-70,-70,0,-77,-63,-64,-81,0,-82,-83,0,-83,-86,-83,-84,0,0,-83,-84,0,0,-82,-82,-49,-59
-68,-68,-66,-66,0,-81,-83,0,-78,-79,0,0,-71,-72,-76,0,-83,0,-59,-60,-57,-69,0,0,-70,-70,-75,-83,-72,-72,-68,0,-68,-68,0,-84,-77,-78,0,-83,-83,-83,-84,0,0,-83,-84,0,0,-81,-82,-47,-57
-68,-68,-66,-66,0,-81,-83,0,-78,-79,0,0,-71,-72,-76,0,-83,0,-59,-60,-57,-69,0,0,-70,-70,-75,-83,-72,-72,-68,0,-68,-68,0,-84,-77,-78,0,-83,-83,-83,-84,0,0,-83,-84,0,0,-81,-82,-47,-57
-68,-68,-66,-66,0,-81,-83,0,-78,-79,0,0,-71,-72,-76,0,-83,0,-59,-60,-57,-69,0,0,-70,-70,-75,-83,-72,-72,-68,0,-68,-68,0,-84,-77,-78,0,-83,-83,-83,-84,0,0,-83,-84,0,0,-81,-82,-47,-57
-68,-68,-66,-66,0,-81,-83,0,-78,-79,0,0,-71,-72,-76,0,-83,0,-59,-60,-57,-69,0,0,-70,-70,-75,-83,-72,-72,-68,0,-68,-68,0,-84,-77,-78,0,-83,-83,-83,-84,0,0,-83,-84,0,0,-81,-82,-47,-57
-73,-72,-72,-73,0,-82,-85,0,-76,-76,0,0,-75,-76,-73,-72,0,0,-56,-55,-59,-62,0,0,-67,-67,-75,-83,-78,-78,-68,0,-62,-62,0,-84,-79,-79,0,-81,-84,-84,-84,0,0,-83,-84,0,0,-82,-82,-57,-60
-73,-72,-72,-73,0,-82,-85,0,-76,-76,0,0,-75,-76,-73,-72,0,0,-56,-55,-59,-62,0,0,-67,-67,-75,-83,-78,-78,-68,0,-62,-62,0,-84,-79,-79,0,-81,-84,-84,-84,0,0,-83,-84,0,0,-82,-82,-57,-60
-73,-72,-72,-73,0,-82,-85,0,-76,-76,0,0,-75,-76,-73,-72,0,0,-56,-55,-59,-62,0,0,-67,-67,-75,-83,-78,-78,-68,0,-62,-62,0,-84,-79,-79,0,-81,-84,-84,-84,0,0,-83,-84,0,0,-82,-82,-57,-60
-73,-72,-72,-73,0,-82,-85,0,-76,-76,0,0,-75,-76,-73,-72,0,0,-56,-55,-59,-62,0,0,-67,-67,-75,-83,-78,-78,-68,0,-62,-62,0,-84,-79,-79,0,-81,-84,-84,-84,0,0,-83,-84,0,0,-82,-82,-57,-60
0,-71,-72,-72,0,-82,-85,0,-76,-77,0,0,-75,-75,-73,-72,0,0,-56,-55,-60,-61,0,0,-67,-67,0,0,-76,-76,-68,0,-59,-59,0,-84,-80,-80,0,-81,-84,-57,-84,-84,-84,0,-84,0,0,-82,-83,-53,-62
0,-71,-72,-72,0,-82,-85,0,-76,-77,0,0,-75,-75,-73,-72,0,0,-56,-55,-60,-61,0,0,-67,-67,0,0,-76,-76,-68,0,-59,-59,0,-84,-80,-80,0,-81,-84,-57,-84,-84,-84,0,-84,0,0,-82,-83,-53,-62
0,-71,-72,-72,0,-82,-85,0,-76,-77,0,0,-75,-75,-73,-72,0,0,-56,-55,-60,-61,0,0,-67,-67,0,0,-76,-76,-68,0,-59,-59,0,-84,-80,-80,0,-81,-84,-57,-84,-84,-84,0,-84,0,0,-82,-83,-53,-62
0,-71,-73,-72,0,-82,-85,0,-77,-76,0,0,-74,-75,-73,-72,-85,0,-57,-55,-60,-59,0,0,-67,-68,0,0,-78,-79,-68,0,-60,-60,0,-84,-81,-81,-86,0,0,-83,-84,-84,-84,-82,-84,0,0,-82,-81,-58,-61
0,-71,-73,-72,0,-82,-85,0,-77,-76,0,0,-74,-75,-73,-72,-85,0,-57,-55,-60,-59,0,0,-67,-68,0,0,-78,-79,-68,0,-60,-60,0,-84,-81,-81,-86,0,0,-83,-84,-84,-84,-82,-84,0,0,-82,-81,-58,-61
0,-71,-73,-72,0,-82,-85,0,-77,-76,0,0,-74,-75,-73,-72,-85,0,-57,-55,-60,-59,0,0,-67,-68,0,0,-78,-79,-68,0,-60,-60,0,-84,-81,-81,-86,0,0,-83,-84,-84,-84,-82,-84,0,0,-82,-81,-58,-61
0,-71,-73,-72,0,-82,-85,0,-77,-76,0,0,-74,-75,-73,-72,-85,0,-57,-55,-60,-59,0,0,-67,-68,0,0,-78,-79,-68,0,-60,-60,0,-84,-81,-81,-86,0,0,-83,-84,-84,-84,-82,-84,0,0,-82,-81,-58,-61
0,-75,-68,-68,-79,0,0,-79,-80,-79,0,0,-74,-75,-75,-74,-85,0,-56,-56,-58,-61,0,0,-69,-68,0,0,-74,-74,-68,0,-61,-61,-83,-84,-81,-81,-86,0,0,-83,-84,-84,-84,-82,-82,0,0,0,0,-58,-59
0,-75,-68,-68,-79,0,0,-79,-80,-79,0,0,-74,-75,-75,-74,-85,0,-56,-56,-58,-61,0,0,-69,-68,0,0,-74,-74,-68,0,-61,-61,-83,-84,-81,-81,-86,0,0,-83,-84,-84,-84,-82,-82,0,0,0,0,-58,-59
0,-75,-68,-68,-79,0,0,-79,-80,-79,0,0,-74,-75,-75,-74,-85,0,-56,-56,-58,-61,0,0,-69,-68,0,0,-74,-74,-68,0,-61,-61,-83,-84,-81,-81,-86,0,0,-83,-84,-84,-84,-82,-82,0,0,0,0,-58,-59
0,-75,-68,-68,-79,0,0,-79,-80,-79,0,0,-74,-75,-75,-74,-85,0,-56,-56,-58,-61,0,0,-69,-68,0,0,-74,-74,-68,0,-61,-61,-83,-84,-81,-81,-86,0,0,-83,-84,-84,-84,-82,-82,0,0,0,0,-58,-59
-71,-75,-67,-67,-79,0,0,-79,-80,-82,0,0,-73,-74,-75,-74,-85,0,-57,-56,-58,-58,0,0,-68,-67,0,0,-77,-77,-68,0,-60,-60,-83,-84,-80,-80,-86,0,0,-83,-84,0,0,-82,-82,0,0,-84,-84,-59,-60
-71,-75,-67,-67,-79,0,0,-79,-80,-82,0,0,-73,-74,-75,-74,-85,0,-57,-56,-58,-58,0,0,-68,-67,0,0,-77,-77,-68,0,-60,-60,-83,-84,-80,-80,-86,0,0,-83,-84,0,0,-82,-82,0,0,-84,-84,-59,-60
-71,-75,-67,-67,-79,0,0,-79,-80,-82,0,0,-73,-74,-75,-74,-85,0,-57,-56,-58,-58,0,0,-68,-67,0,0,-77,-77,-68,0,-60,-60,-83,-84,-80,-80,-86,0,0,-83,-84,0,0,-82,-82,0,0,-84,-84,-59,-60
-71,-75,-67,-67,-79,0,0,-79,-80,-82,0,0,-73,-74,-75,-74,-85,0,-57,-56,-58,-58,0,0,-68,-67,0,0,-77,-77,-68,0,-60,-60,-83,-84,-80,-80,-86,0,0,-83,-84,0,0,-82,-82,0,0,-84,-84,-59,-60
-71,-68,-68,-68,-79,-82,-81,-79,-76,-77,0,0,-74,-74,0,-72,0,0,-60,-59,-57,-58,0,0,-67,-66,0,0,-74,-73,0,0,-62,-62,-83,-82,-80,-80,0,-83,0,-83,-84,0,0,-80,-80,0,0,-84,-84,-57,-60
-71,-68,-68,-68,-79,-82,-81,-79,-76,-77,0,0,-74,-74,0,-72,0,0,-60,-59,-57,-58,0,0,-67,-66,0,0,-74,-73,0,0,-62,-62,-83,-82,-80,-80,0,-83,0,-83,-84,0,0,-80,-80,0,0,-84,-84,-57,-60
-71,-68,-68,-68,-79,-82,-81,-79,-76,-77,0,0,-74,-74,0,-72,0,0,-60,-59,-57,-58,0,0,-67,-66,0,0,-74,-73,0,0,-62,-62,-83,-82,-80,-80,0,-83,0,-83,-84,0,0,-80,-80,0,0,-84,-84,-57,-60
-71,-60,-66,-65,0,-82,-81,0,-80,-79,0,0,-72,-72,0,0,0,0,-64,-65,-59,-58,0,0,-68,-68,0,0,-71,-70,0,0,-62,-62,0,0,-81,-82,0,-83,0,-83,-84,0,0,-78,-78,0,0,-84,-84,-56,-59
-71,-60,-66,-65,0,-82,-81,0,-80,-79,0,0,-72,-72,0,0,0,0,-64,-65,-59,-58,0,0,-68,-68,0,0,-71,-70,0,0,-62,-62,0,0,-81,-82,0,-83,0,-83,-84,0,0,-78,-78,0,0,-84,-84,-56,-59
-71,-60,-66,-65,0,-82,-81,0,-80,-79,0,0,-72,-72,0,0,0,0,-64,-65,-59,-58,0,0,-68,-68,0,0,-71,-70,0,0,-62,-62,0,0,-81,-82,0,-83,0,-83,-84,0,0,-78,-78,0,0,-84,-84,-56,-59
-71,-60,-66,-65,0,-82,-81,0,-80,-79,0,0,-72,-72,0,0,0,0,-64,-65,-59,-58,0,0,-68,-68,0,0,-71,-70,0,0,-62,-62,0,0,-81,-82,0,-83,0,-83,-84,0,0,-78,-78,0,0,-84,-84,-56,-59
-63,-60,-62,-61,0,-82,-81,0,-77,-77,0,0,-72,-74,0,0,-82,-84,-63,-63,-58,-65,-74,-71,-69,-69,0,-88,-68,-68,0,0,-62,-62,0,0,-78,-79,0,-83,0,-83,-84,-83,-82,-86,-84,0,0,-80,-81,-50,-62
-63,-60,-62,-61,0,-82,-81,0,-77,-77,0,0,-72,-74,0,0,-82,-84,-63,-63,-58,-65,-74,-71,-69,-69,0,-88,-68,-68,0,0,-62,-62,0,0,-78,-79,0,-83,0,-83,-84,-83,-82,-86,-84,0,0,-80,-81,-50,-62
-63,-60,-62,-61,0,-82,-81,0,-77,-77,0,0,-72,-74,0,0,-82,-84,-63,-63,-58,-65,-74,-71,-69,-69,0,-88,-68,-68,0,0,-62,-62,0,0,-78,-79,0,-83,0,-83,-84,-83,-82,-86,-84,0,0,-80,-81,-50,-62
-63,-60,-62,-61,0,-82,-81,0,-77,-77,0,0,-72,-74,0,0,-82,-84,-63,-63,-58,-65,-74,-71,-69,-69,0,-88,-68,-68,0,0,-62,-62,0,0,-78,-79,0,-83,0,-83,-84,-83,-82,-86,-84,0,0,-80,-81,-50,-62
-66,-63,-68,-70,-79,-79,-79,-76,-80,-81,0,0,-72,-71,0,0,-82,-84,-62,-60,-58,-65,-74,-71,-71,-71,0,-88,-69,-70,0,0,-62,-64,0,-84,-78,-79,0,0,0,-85,0,-83,-82,-86,-84,0,0,-76,-76,-51,-63
-66,-63,-68,-70,-79,-79,-79,-76,-80,-81,0,0,-72,-71,0,0,-82,-84,-62,-60,-58,-65,-74,-71,-71,-71,0,-88,-69,-70,0,0,-62,-64,0,-84,-78,-79,0,0,0,-85,0,-83,-82,-86,-84,0,0,-76,-76,-51,-63
-66,-63,-68,-70,-79,-79,-79,-76,-80,-81,0,0,-72,-71,0,0,-82,-84,-62,-60,-58,-65,-74,-71,-71,-71,0,-88,-69,-70,0,0,-62,-64,0,-84,-78,-79,0,0,0,-85,0,-83,-82,-86,-84,0,0,-76,-76,-51,-63
-66,-63,-68,-70,-79,-79,-79,-76,-80,-81,0,0,-72,-71,0,0,-82,-84,-62,-60,-58,-65,-74,-71,-71,-71,0,-88,-69,-70,0,0,-62,-64,0,-84,-78,-79,0,0,0,-85,0,-83,-82,-86,-84,0,0,-76,-76,-51,-63
0,-73,-61,-61,-79,-79,-79,-76,-83,-86,0,0,-78,-77,-85,-78,-82,-83,0,-70,-66,-67,0,0,-66,-66,0,-87,-74,-74,0,0,-77,-78,0,-84,-78,-79,0,0,0,-85,0,0,0,-81,-80,0,0,-83,-83,-52,-61
0,-73,-61,-61,-79,-79,-79,-76,-83,-86,0,0,-78,-77,-85,-78,-82,-83,0,-70,-66,-67,0,0,-66,-66,0,-87,-74,-74,0,0,-77,-78,0,-84,-78,-79,0,0,0,-85,0,0,0,-81,-80,0,0,-83,-83,-52,-61
0,-73,-61,-61,-79,-79,-79,-76,-83,-86,0,0,-78,-77,-85,-78,-82,-83,0,-70,-66,-67,0,0,-66,-66,0,-87,-74,-74,0,0,-77,-78,0,-84,-78,-79,0,0,0,-85,0,0,0,-81,-80,0,0,-83,-83,-52,-61
0,-73,-59,-59,0,-76,-78,-78,-85,-83,0,0,-78,-77,-85,-78,-84,-84,0,-68,-65,-65,0,0,-68,-68,0,-87,-74,-74,0,0,-73,-73,0,0,-77,-78,0,0,0,0,0,0,0,-82,-82,0,0,-83,-83,-52,-62
0,-73,-59,-59,0,-76,-78,-78,-85,-83,0,0,-78,-77,-85,-78,-84,-84,0,-68,-65,-65,0,0,-68,-68,0,-87,-74,-74,0,0,-73,-73,0,0,-77,-78,0,0,0,0,0,0,0,-82,-82,0,0,-83,-83,-52,-62
0,-73,-59,-59,0,-76,-78,-78,-85,-83,0,0,-78,-77,-85,-78,-84,-84,0,-68,-65,-65,0,0,-68,-68,0,-87,-74,-74,0,0,-73,-73,0,0,-77,-78,0,0,0,0,0,0,0,-82,-82,0,0,-83,-83,-52,-62
0,0,-59,-59,0,0,0,-78,-85,-83,0,0,-77,-78,-85,-83,-81,-82,-70,-73,-65,-65,-71,0,-65,-65,0,0,-74,-74,0,0,-72,-72,0,0,-78,-78,0,0,-85,0,0,0,0,-82,-82,0,0,-83,-83,-52,-68
0,0,-59,-59,0,0,0,-78,-85,-83,0,0,-77,-78,-85,-83,-81,-82,-70,-73,-65,-65,-71,0,-65,-65,0,0,-74,-74,0,0,-72,-72,0,0,-78,-78,0,0,-85,0,0,0,0,-82,-82,0,0,-83,-83,-52,-68
0,0,-59,-59,0,0,0,-78,-85,-83,0,0,-77,-78,-85,-83,-81,-82,-70,-73,-65,-65,-71,0,-65,-65,0,0,-74,-74,0,0,-72,-72,0,0,-78,-78,0,0,-85,0,0,0,0,-82,-82,0,0,-83,-83,-52,-68
0,0,-59,-59,0,0,0,-78,-85,-83,0,0,-77,-78,-85,-83,-81,-82,-70,-73,-65,-65,-71,0,-65,-65,0,0,-74,-74,0,0,-72,-72,0,0,-78,-78,0,0,-85,0,0,0,0,-82,-82,0,0,-83,-83,-52,-68
0,0,-60,-61,0,-83,-83,-77,-82,-82,0,0,-77,-77,0,0,-81,-82,-70,-71,-67,-68,-71,0,-65,-64,0,0,-74,-75,0,0,-73,-73,0,0,-78,-79,0,0,-85,0,0,0,0,0,0,0,0,-83,-82,-51,-64
0,0,-60,-61,0,-83,-83,-77,-82,-82,0,0,-77,-77,0,0,-81,-82,-70,-71,-67,-68,-71,0,-65,-64,0,0,-74,-75,0,0,-73,-73,0,0,-78,-79,0,0,-85,0,0,0,0,0,0,0,0,-83,-82,-51,-64
0,0,-60,-61,0,-83,-83,-77,-82,-82,0,0,-77,-77,0,0,-81,-82,-70,-71,-67,-68,-71,0,-65,-64,0,0,-74,-75,0,0,-73,-73,0,0,-78,-79,0,0,-85,0,0,0,0,0,0,0,0,-83,-82,-51,-64
0,0,-60,-61,0,-83,-83,-77,-82,-82,0,0,-77,-77,0,0,-81,-82,-70,-71,-67,-68,-71,0,-65,-64,0,0,-74,-75,0,0,-73,-73,0,0,-78,-79,0,0,-85,0,0,0,0,0,0,0,0,-83,-82,-51,-64
-72,-71,-64,-64,0,-83,-83,0,-83,-83,0,0,-74,-74,0,0,-83,-84,-70,-71,-65,-69,-71,0,-66,-66,-75,0,-72,-72,0,-70,-72,-72,0,0,-78,-79,0,0,-85,0,0,0,0,0,0,0,0,-83,-83,-52,-70
-72,-71,-64,-64,0,-83,-83,0,-83,-83,0,0,-74,-74,0,0,-83,-84,-70,-71,-65,-69,-71,0,-66,-66,-75,0,-72,-72,0,-70,-72,-72,0,0,-78,-79,0,0,-85,0,0,0,0,0,0,0,0,-83,-83,-52,-70
-72,-71,-64,-64,0,-83,-83,0,-83,-83,0,0,-74,-74,0,0,-83,-84,-70,-71,-65,-69,-71,0,-66,-66,-75,0,-72,-72,0,-70,-72,-72,0,0,-78,-79,0,0,-85,0,0,0,0,0,0,0,0,-83,-83,-52,-70
-72,-71,-61,-62,-78,-83,-83,0,-82,-83,0,0,-76,-76,0,0,-81,-81,0,0,-66,-67,-72,-73,-66,-65,-75,0,-75,-76,-68,-70,-72,-71,-83,-82,-77,-77,0,0,0,0,0,0,0,-81,-82,0,0,-83,-83,-51,-63
-72,-71,-61,-62,-78,-83,-83,0,-82,-83,0,0,-76,-76,0,0,-81,-81,0,0,-66,-67,-72,-73,-66,-65,-75,0,-75,-76,-68,-70,-72,-71,-83,-82,-77,-77,0,0,0,0,0,0,0,-81,-82,0,0,-83,-83,-51,-63
-72,-71,-61,-62,-78,-83,-83,0,-82,-83,0,0,-76,-76,0,0,-81,-81,0,0,-66,-67,-72,-73,-66,-65,-75,0,-75,-76,-68,-70,-72,-71,-83,-82,-77,-77,0,0,0,0,0,0,0,-81,-82,0,0,-83,-83,-51,-63
-72,-71,-61,-62,-78,-83,-83,0,-82,-83,0,0,-76,-76,0,0,-81,-81,0,0,-66,-67,-72,-73,-66,-65,-75,0,-75,-76,-68,-70,-72,-71,-83,-82,-77,-77,0,0,0,0,0,0,0,-81,-82,0,0,-83,-83,-51,-63
-72,-71,-60,-60,-78,-82,-82,-85,-86,-84,0,0,-78,-78,0,0,-82,-82,-68,-65,-66,-66,-72,-73,-67,-67,-75,0,-74,-73,-68,-70,-70,-70,-83,-82,-77,-77,0,0,0,-86,-84,0,0,-81,-82,0,0,-81,-83,-50,-61
-72,-71,-60,-60,-78,-82,-82,-85,-86,-84,0,0,-78,-78,0,0,-82,-82,-68,-65,-66,-66,-72,-73,-67,-67,-75,0,-74,-73,-68,-70,-70,-70,-83,-82,-77,-77,0,0,0,-86,-84,0,0,-81,-82,0,0,-81,-83,-50,-61
-72,-71,-60,-60,-78,-82,-82,-85,-86,-84,0,0,-78,-78,0,0,-82,-82,-68,-65,-66,-66,-72,-73,-67,-67,-75,0,-74,-73,-68,-70,-70,-70,-83,-82,-77,-77,0,0,0,-86,-84,0,0,-81,-82,0,0,-81,-83,-50,-61
-72,-71,-60,-60,-78,-82,-82,-85,-86,-84,0,0,-78,-78,0,0,-82,-82,-68,-65,-66,-66,-72,-73,-67,-67,-75,0,-74,-73,-68,-70,-70,-70,-83,-82,-77,-77,0,0,0,-86,-84,0,0,-81,-82,0,0,-81,-83,-50,-61
-72,-69,-58,-59,-78,-82,-82,-85,-86,-84,-84,0,-79,-79,-86,-87,-82,-82,-68,-65,-66,-66,0,-73,-68,-68,-76,0,-72,-72,-68,0,-73,-73,-83,-82,-76,-76,0,0,-88,-86,-84,0,0,-81,-82,0,0,-83,-85,-52,-63
-72,-69,-58,-59,-78,-82,-82,-85,-86,-84,-84,0,-79,-79,-86,-87,-82,-82,-68,-65,-66,-66,0,-73,-68,-68,-76,0,-72,-72,-68,0,-73,-73,-83,-82,-76,-76,0,0,-88,-86,-84,0,0,-81,-82,0,0,-83,-85,-52,-63
-72,-69,-58,-59,-78,-82,-82,-85,-86,-84,-84,0,-79,-79,-86,-87,-82,-82,-68,-65,-66,-66,0,-73,-68,-68,-76,0,-72,-72,-68,0,-73,-73,-83,-82,-76,-76,0,0,-88,-86,-84,0,0,-81,-82,0,0,-83,-85,-52,-63
-72,-69,-58,-59,-78,-82,-82,-85,-86,-84,-84,0,-79,-79,-86,-87,-82,-82,-68,-65,-66,-66,0,-73,-68,-68,-76,0,-72,-72,-68,0,-73,-73,-83,-82,-76,-76,0,0,-88,-86,-84,0,0,-81,-82,0,0,-83,-85,-52,-63
-72,-70,-57,-57,0,-83,0,-85,-83,-83,-84,0,-78,-79,-86,-87,-82,-81,-68,-65,-65,-67,0,0,-68,-69,-79,0,-71,-72,0,0,-76,-76,0,0,-78,-79,0,0,-88,-86,-84,-86,-85,-80,-81,0,0,-85,-85,-52,-63
-72,-70,-57,-57,0,-83,0,-85,-83,-83,-84,0,-78,-79,-86,-87,-82,-81,-68,-65,-65,-67,0,0,-68,-69,-79,0,-71,-72,0,0,-76,-76,0,0,-78,-79,0,0,-88,-86,-84,-86,-85,-80,-81,0,0,-85,-85,-52,-63
-72,-70,-57,-57,0,-83,0,-85,-83,-83,-84,0,-78,-79,-86,-87,-82,-81,-68,-65,-65,-67,0,0,-68,-69,-79,0,-71,-72,0,0,-76,-76,0,0,-78,-79,0,0,-88,-86,-84,-86,-85,-80,-81,0,0,-85,-85,-52,-63
-72,-70,-57,-57,0,-83,0,-85,-83,-83,-84,0,-78,-79,-86,-87,-82,-81,-68,-65,-65,-67,0,0,-68,-69,-79,0,-71,-72,0,0,-76,-76,0,0,-78,-79,0,0,-88,-86,-84,-86,-85,-80,-81,0,0,-85,-85,-52,-63
-66,-71,-57,-57,-79,-80,-81,-76,-82,-84,-84,0,-74,-75,-86,-87,0,0,-67,-66,-65,-65,0,0,-67,-67,-79,0,-71,-71,0,0,-75,-75,0,0,-77,-77,0,0,-88,-78,-83,-86,-85,0,0,0,0,-84,-87,-51,-63
-66,-71,-57,-57,-79,-80,-81,-76,-82,-84,-84,0,-74,-75,-86,-87,0,0,-67,-66,-65,-65,0,0,-67,-67,-79,0,-71,-71,0,0,-75,-75,0,0,-77,-77,0,0,-88,-78,-83,-86,-85,0,0,0,0,-84,-87,-51,-63
-66,-71,-57,-57,-79,-80,-81,-76,-82,-84,-84,0,-74,-75,-86,-87,0,0,-67,-66,-65,-65,0,0,-67,-67,-79,0,-71,-71,0,0,-75,-75,0,0,-77,-77,0,0,-88,-78,-83,-86,-85,0,0,0,0,-84,-87,-51,-63
-66,-63,-60,-60,-79,-80,-81,-76,-83,-84,0,0,-75,-75,0,-74,0,0,-62,-59,-65,-68,0,0,-70,-70,-79,0,-70,-70,-69,0,-69,-70,0,-89,-78,-79,0,0,0,0,-83,-86,-85,0,0,0,0,-85,-87,-54,-60
-66,-63,-60,-60,-79,-80,-81,-76,-83,-84,0,0,-75,-75,0,-74,0,0,-62,-59,-65,-68,0,0,-70,-70,-79,0,-70,-70,-69,0,-69,-70,0,-89,-78,-79,0,0,0,0,-83,-86,-85,0,0,0,0,-85,-87,-54,-60
-66,-63,-60,-60,-79,-80,-81,-76,-83,-84,0,0,-75,-75,0,-74,0,0,-62,-59,-65,-68,0,0,-70,-70,-79,0,-70,-70,-69,0,-69,-70,0,-89,-78,-79,0,0,0,0,-83,-86,-85,0,0,0,0,-85,-87,-54,-60
-66,-63,-60,-60,-79,-80,-81,-76,-83,-84,0,0,-75,-75,0,-74,0,0,-62,-59,-65,-68,0,0,-70,-70,-79,0,-70,-70,-69,0,-69,-70,0,-89,-78,-79,0,0,0,0,-83,-86,-85,0,0,0,0,-85,-87,-54,-60
-64,-63,-60,-59,-79,-80,-81,-76,-83,-82,0,0,-76,-75,0,-74,0,0,-60,-60,-64,-65,0,0,-69,-69,0,0,-71,-72,-69,0,-69,-69,0,-89,-78,-78,0,0,-86,0,-83,0,0,0,0,0,0,-85,-87,-53,-62
-64,-63,-60,-59,-79,-80,-81,-76,-83,-82,0,0,-76,-75,0,-74,0,0,-60,-60,-64,-65,0,0,-69,-69,0,0,-71,-72,-69,0,-69,-69,0,-89,-78,-78,0,0,-86,0,-83,0,0,0,0,0,0,-85,-87,-53,-62
-64,-63,-60,-59,-79,-80,-81,-76,-83,-82,0,0,-76,-75,0,-74,0,0,-60,-60,-64,-65,0,0,-69,-69,0,0,-71,-72,-69,0,-69,-69,0,-89,-78,-78,0,0,-86,0,-83,0,0,0,0,0,0,-85,-87,-53,-62
-64,-63,-60,-59,-79,-80,-81,-76,-83,-82,0,0,-76,-75,0,-74,0,0,-60,-60,-64,-65,0,0,-69,-69,0,0,-71,-72,-69,0,-69,-69,0,-89,-78,-78,0,0,-86,0,-83,0,0,0,0,0,0,-85,-87,-53,-62
-64,-63,-60,-60,-82,-82,-82,0,-84,-83,0,0,-80,-80,0,-74,0,0,-63,-59,-64,-65,0,0,-68,-68,-76,-86,-74,-74,-69,-72,-69,-70,0,-89,-79,-79,0,0,-86,0,0,0,0,-83,-83,0,0,-81,-82,-60,-59
-64,-63,-60,-60,-82,-82,-82,0,-84,-83,0,0,-80,-80,0,-74,0,0,-63,-59,-64,-65,0,0,-68,-68,-76,-86,-74,-74,-69,-72,-69,-70,0,-89,-79,-79,0,0,-86,0,0,0,0,-83,-83,0,0,-81,-82,-60,-59
-64,-63,-60,-60,-82,-82,-82,0,-84,-83,0,0,-80,-80,0,-74,0,0,-63,-59,-64,-65,0,0,-68,-68,-76,-86,-74,-74,-69,-72,-69,-70,0,-89,-79,-79,0,0,-86,0,0,0,0,-83,-83,0,0,-81,-82,-60,-59
-64,-63,-59,-58,-82,-82,-81,0,-83,-82,0,0,-80,-80,0,0,0,0,-63,-60,-65,-65,0,0,-66,-67,-76,-86,-73,-73,0,-72,-69,-70,0,0,-79,-79,0,0,-86,0,0,0,0,-83,-83,0,0,-81,-82,-53,-58
-64,-63,-59,-58,-82,-82,-81,0,-83,-82,0,0,-80,-80,0,0,0,0,-63,-60,-65,-65,0,0,-66,-67,-76,-86,-73,-73,0,-72,-69,-70,0,0,-79,-79,0,0,-86,0,0,0,0,-83,-83,0,0,-81,-82,-53,-58
-64,-63,-59,-58,-82,-82,-81,0,-83,-82,0,0,-80,-80,0,0,0,0,-63,-60,-65,-65,0,0,-66,-67,-76,-86,-73,-73,0,-72,-69,-70,0,0,-79,-79,0,0,-86,0,0,0,0,-83,-83,0,0,-81,-82,-53,-58
-64,-63,-59,-58,-82,-82,-81,0,-83,-82,0,0,-80,-80,0,0,0,0,-63,-60,-65,-65,0,0,-66,-67,-76,-86,-73,-73,0,-72,-69,-70,0,0,-79,-79,0,0,-86,0,0,0,0,-83,-83,0,0,-81,-82,-53,-58
-75,-73,-59,-59,-82,-81,-80,-76,-84,-82,0,0,-79,-78,-85,-84,0,0,-58,-63,-63,-65,-76,-77,-70,-69,-76,-86,-74,-74,0,-72,-71,-71,0,0,-79,-80,0,0,0,-84,-82,-86,-85,-83,-83,0,0,0,0,-52,-66
-75,-73,-59,-59,-82,-81,-80,-76,-84,-82,0,0,-79,-78,-85,-84,0,0,-58,-63,-63,-65,-76,-77,-70,-69,-76,-86,-74,-74,0,-72,-71,-71,0,0,-79,-80,0,0,0,-84,-82,-86,-85,-83,-83,0,0,0,0,-52,-66
-75,-73,-59,-59,-82,-81,-80,-76,-84,-82,0,0,-79,-78,-85,-84,0,0,-58,-63,-63,-65,-76,-77,-70,-69,-76,-86,-74,-74,0,-72,-71,-71,0,0,-79,-80,0,0,0,-84,-82,-86,-85,-83,-83,0,0,0,0,-52,-66
-75,-73,-59,-59,-82,-81,-80,-76,-84,-82,0,0,-79,-78,-85,-84,0,0,-58,-63,-63,-65,-76,-77,-70,-69,-76,-86,-74,-74,0,-72,-71,-71,0,0,-79,-80,0,0,0,-84,-82,-86,-85,-83,-83,0,0,0,0,-52,-66
-66,-61,-62,-61,0,-82,-84,-76,-83,-82,0,0,-77,-78,-85,-84,0,0,-58,-63,-63,-66,-76,-77,-71,-71,-79,0,-78,-78,0,0,-65,-65,0,-90,-84,-84,0,0,0,-84,-82,-86,-85,-87,-84,0,0,-84,-86,-58,-63
-66,-61,-62,-61,0,-82,-84,-76,-83,-82,0,0,-77,-78,-85,-84,0,0,-58,-63,-63,-66,-76,-77,-71,-71,-79,0,-78,-78,0,0,-65,-65,0,-90,-84,-84,0,0,0,-84,-82,-86,-85,-87,-84,0,0,-84,-86,-58,-63
-66,-61,-62,-61,0,-82,-84,-76,-83,-82,0,0,-77,-78,-85,-84,0,0,-58,-63,-63,-66,-76,-77,-71,-71,-79,0,-78,-78,0,0,-65,-65,0,-90,-84,-84,0,0,0,-84,-82,-86,-85,-87,-84,0,0,-84,-86,-58,-63
-66,-61,-62,-61,0,-82,-84,-76,-83,-82,0,0,-77,-78,-85,-84,0,0,-58,-63,-63,-66,-76,-77,-71,-71,-79,0,-78,-78,0,0,-65,-65,0,-90,-84,-84,0,0,0,-84,-82,-86,-85,-87,-84,0,0,-84,-86,-58,-63
-63,-61,-70,-71,0,0,-84,-88,-83,-86,0,0,-75,-75,-83,-80,0,0,-59,-59,-61,-64,-81,-84,-65,-64,-79,0,-78,-78,0,0,-67,-67,0,-90,-85,-83,0,0,0,0,0,0,0,-81,-82,0,0,-84,-86,-61,-74
-64,-63,-65,-65,0,0,0,-78,-84,-85,0,0,-75,-75,0,0,0,0,-57,-56,-62,-63,-81,-84,-65,-65,-79,0,-76,-76,0,0,-71,-71,0,0,-84,-83,0,-84,-83,0,0,0,0,-81,-82,0,0,0,0,-69,-74
-64,-63,-65,-65,0,0,0,-78,-84,-85,0,0,-75,-75,0,0,0,0,-57,-56,-62,-63,-81,-84,-65,-65,-79,0,-76,-76,0,0,-71,-71,0,0,-84,-83,0,-84,-83,0,0,0,0,-81,-82,0,0,0,0,-69,-74
-64,-63,-65,-65,0,0,0,-78,-84,-85,0,0,-75,-75,0,0,0,0,-57,-56,-62,-63,-81,-84,-65,-65,-79,0,-76,-76,0,0,-71,-71,0,0,-84,-83,0,-84,-83,0,0,0,0,-81,-82,0,0,0,0,-69,-74
-64,-63,-65,-65,0,0,0,-78,-84,-85,0,0,-75,-75,0,0,0,0,-57,-56,-62,-63,-81,-84,-65,-65,-79,0,-76,-76,0,0,-71,-71,0,0,-84,-83,0,-84,-83,0,0,0,0,-81,-82,0,0,0,0,-69,-74
-63,-62,-72,-72,0,0,0,-78,-84,-84,0,0,-77,-77,0,0,0,0,-57,-57,-62,-62,-76,-77,-64,-65,-79,0,-76,-76,0,0,-64,-64,0,-89,-84,-85,0,-84,-83,0,0,0,0,-83,-82,0,0,0,0,-69,-74
-63,-62,-72,-72,0,0,0,-78,-84,-84,0,0,-77,-77,0,0,0,0,-57,-57,-62,-62,-76,-77,-64,-65,-79,0,-76,-76,0,0,-64,-64,0,-89,-84,-85,0,-84,-83,0,0,0,0,-83,-82,0,0,0,0,-69,-74
-63,-62,-72,-72,0,0,0,-78,-84,-84,0,0,-77,-77,0,0,0,0,-57,-57,-62,-62,-76,-77,-64,-65,-79,0,-76,-76,0,0,-64,-64,0,-89,-84,-85,0,-84,-83,0,0,0,0,-83,-82,0,0,0,0,-69,-74
-63,-62,-72,-72,0,0,0,-78,-84,-84,0,0,-77,-77,0,0,0,0,-57,-57,-62,-62,-76,-77,-64,-65,-79,0,-76,-76,0,0,-64,-64,0,-89,-84,-85,0,-84,-83,0,0,0,0,-83,-82,0,0,0,0,-69,-74
-63,-61,-74,-74,0,0,0,0,-85,-86,0,0,-77,-77,0,0,0,0,-57,-57,-62,-62,-77,-77,-66,-66,-79,0,-76,-76,-75,-80,-66,-66,0,-89,-84,-85,0,-84,-83,0,0,0,0,-83,-83,0,0,0,0,-69,-74
-63,-61,-74,-74,0,0,0,0,-85,-86,0,0,-77,-77,0,0,0,0,-57,-57,-62,-62,-77,-77,-66,-66,-79,0,-76,-76,-75,-80,-66,-66,0,-89,-84,-85,0,-84,-83,0,0,0,0,-83,-83,0,0,0,0,-69,-74
-63,-61,-74,-74,0,0,0,0,-85,-86,0,0,-77,-77,0,0,0,0,-57,-57,-62,-62,-77,-77,-66,-66,-79,0,-76,-76,-75,-80,-66,-66,0,-89,-84,-85,0,-84,-83,0,0,0,0,-83,-83,0,0,0,0,-69,-74
-63,-61,-74,-74,0,0,0,0,-85,-86,0,0,-77,-77,0,0,0,0,-57,-57,-62,-62,-77,-77,-66,-66,-79,0,-76,-76,-75,-80,-66,-66,0,-89,-84,-85,0,-84,-83,0,0,0,0,-83,-83,0,0,0,0,-69,-74
-64,-64,-74,-74,0,0,0,0,-85,-86,0,0,-79,-78,0,0,0,0,-58,-58,-62,-62,-78,-77,-65,-65,0,-88,-80,-80,-75,-80,-67,-67,0,-89,-84,-84,0,0,0,0,0,0,-88,-83,-83,0,-85,0,0,-73,-74
-64,-64,-74,-74,0,0,0,0,-85,-86,0,0,-79,-78,0,0,0,0,-58,-58,-62,-62,-78,-77,-65,-65,0,-88,-80,-80,-75,-80,-67,-67,0,-89,-84,-84,0,0,0,0,0,0,-88,-83,-83,0,-85,0,0,-73,-74
-64,-64,-74,-74,0,0,0,0,-85,-86,0,0,-79,-78,0,0,0,0,-58,-58,-62,-62,-78,-77,-65,-65,0,-88,-80,-80,-75,-80,-67,-67,0,-89,-84,-84,0,0,0,0,0,0,-88,-83,-83,0,-85,0,0,-73,-74
-64,-62,-62,-75,0,0,0,0,-85,-86,0,0,-80,-79,0,0,0,0,-59,-58,-63,-63,-78,-79,-66,-67,0,-88,-77,-77,-75,-80,-65,-65,0,-88,-86,-84,0,-86,-85,0,0,0,-88,-82,-84,0,-85,-85,-84,-72,-75
-64,-62,-62,-75,0,0,0,0,-85,-86,0,0,-80,-79,0,0,0,0,-59,-58,-63,-63,-78,-79,-66,-67,0,-88,-77,-77,-75,-80,-65,-65,0,-88,-86,-84,0,-86,-85,0,0,0,-88,-82,-84,0,-85,-85,-84,-72,-75
-64,-62,-62,-75,0,0,0,0,-85,-86,0,0,-80,-79,0,0,0,0,-59,-58,-63,-63,-78,-79,-66,-67,0,-88,-77,-77,-75,-80,-65,-65,0,-88,-86,-84,0,-86,-85,0,0,0,-88,-82,-84,0,-85,-85,-84,-72,-75
-64,-62,-62,-75,0,0,0,0,-85,-86,0,0,-80,-79,0,0,0,0,-59,-58,-63,-63,-78,-79,-66,-67,0,-88,-77,-77,-75,-80,-65,-65,0,-88,-86,-84,0,-86,-85,0,0,0,-88,-82,-84,0,-85,-85,-84,-72,-75
-65,-62,-73,-73,0,0,0,0,-85,-84,0,0,-79,-79,0,-88,0,0,-58,-57,-63,-63,0,0,-65,-65,0,-88,-80,-80,-76,0,-66,-66,0,-88,-86,-86,0,-86,-85,0,0,0,-88,-83,-84,0,-85,-85,-84,-69,-75
-65,-62,-73,-73,0,0,0,0,-85,-84,0,0,-79,-79,0,-88,0,0,-58,-57,-63,-63,0,0,-65,-65,0,-88,-80,-80,-76,0,-66,-66,0,-88,-86,-86,0,-86,-85,0,0,0,-88,-83,-84,0,-85,-85,-84,-69,-75
-65,-62,-73,-73,0,0,0,0,-85,-84,0,0,-79,-79,0,-88,0,0,-58,-57,-63,-63,0,0,-65,-65,0,-88,-80,-80,-76,0,-66,-66,0,-88,-86,-86,0,-86,-85,0,0,0,-88,-83,-84,0,-85,-85,-84,-69,-75
-65,-62,-73,-73,0,0,0,0,-85,-84,0,0,-79,-79,0,-88,0,0,-58,-57,-63,-63,0,0,-65,-65,0,-88,-80,-80,-76,0,-66,-66,0,-88,-86,-86,0,-86,-85,0,0,0,-88,-83,-84,0,-85,-85,-84,-69,-75
-64,-63,-69,-69,0,0,0,0,-84,-86,0,0,-78,-78,0,-88,0,0,-59,-57,-63,-62,-79,0,-66,-65,0,0,-78,-77,-76,0,-65,-65,0,-88,-86,-87,0,-86,-85,0,0,0,0,0,0,0,0,-85,-84,-72,-74
-64,-63,-69,-69,0,0,0,0,-84,-86,0,0,-78,-78,0,-88,0,0,-59,-57,-63,-62,-79,0,-66,-65,0,0,-78,-77,-76,0,-65,-65,0,-88,-86,-87,0,-86,-85,0,0,0,0,0,0,0,0,-85,-84,-72,-74
-64,-63,-69,-69,0,0,0,0,-84,-86,0,0,-78,-78,0,-88,0,0,-59,-57,-63,-62,-79,0,-66,-65,0,0,-78,-77,-76,0,-65,-65,0,-88,-86,-87,0,-86,-85,0,0,0,0,0,0,0,0,-85,-84,-72,-74
-64,-63,-69,-69,0,0,0,0,-84,-86,0,0,-78,-78,0,-88,0,0,-59,-57,-63,-62,-79,0,-66,-65,0,0,-78,-77,-76,0,-65,-65,0,-88,-86,-87,0,-86,-85,0,0,0,0,0,0,0,0,-85,-84,-72,-74
-63,-62,-71,-71,-86,0,0,-79,-84,-85,0,0,-79,-78,0,-88,0,0,-59,-59,-63,-63,-79,0,-65,-65,0,0,-80,-80,-75,0,-65,-66,0,0,-86,-87,0,-87,-84,0,0,0,0,-83,-84,0,0,-84,-84,-70,-75
-63,-62,-71,-71,-86,0,0,-79,-84,-85,0,0,-79,-78,0,-88,0,0,-59,-59,-63,-63,-79,0,-65,-65,0,0,-80,-80,-75,0,-65,-66,0,0,-86,-87,0,-87,-84,0,0,0,0,-83,-84,0,0,-84,-84,-70,-75
-63,-62,-71,-71,-86,0,0,-79,-84,-85,0,0,-79,-78,0,-88,0,0,-59,-59,-63,-63,-79,0,-65,-65,0,0,-80,-80,-75,0,-65,-66,0,0,-86,-87,0,-87,-84,0,0,0,0,-83,-84,0,0,-84,-84,-70,-75
-63,-62,-71,-71,-86,0,0,-79,-84,-85,0,0,-79,-78,0,-88,0,0,-59,-59,-63,-63,-79,0,-65,-65,0,0,-80,-80,-75,0,-65,-66,0,0,-86,-87,0,-87,-84,0,0,0,0,-83,-84,0,0,-84,-84,-70,-75
-63,-62,-70,-70,-86,0,0,-79,-85,-85,0,0,-78,-77,0,0,0,0,-58,-58,-62,-63,-79,0,-65,-65,0,0,-78,-78,-75,0,-65,-65,0,-87,-87,-85,0,-85,-85,0,0,0,0,-83,-84,0,0,-84,-85,-74,-74
-63,-62,-70,-70,-86,0,0,-79,-85,-85,0,0,-78,-77,0,0,0,0,-58,-58,-62,-63,-79,0,-65,-65,0,0,-78,-78,-75,0,-65,-65,0,-87,-87,-85,0,-85,-85,0,0,0,0,-83,-84,0,0,-84,-85,-74,-74
-63,-62,-70,-70,-86,0,0,-79,-85,-85,0,0,-78,-77,0,0,0,0,-58,-58,-62,-63,-79,0,-65,-65,0,0,-78,-78,-75,0,-65,-65,0,-87,-87,-85,0,-85,-85,0,0,0,0,-83,-84,0,0,-84,-85,-74,-74
-63,-62,-67,-67,-86,0,0,-79,-84,-84,0,0,-77,-78,0,0,0,0,-58,-57,-62,-61,-79,0,-66,-66,-79,-89,-81,-80,0,-80,-68,-68,0,-87,-84,-86,0,0,0,0,0,0,-87,-83,-84,0,0,0,0,-70,-74
-63,-62,-67,-67,-86,0,0,-79,-84,-84,0,0,-77,-78,0,0,0,0,-58,-57,-62,-61,-79,0,-66,-66,-79,-89,-81,-80,0,-80,-68,-68,0,-87,-84,-86,0,0,0,0,0,0,-87,-83,-84,0,0,0,0,-70,-74
-63,-62,-67,-67,-86,0,0,-79,-84,-84,0,0,-77,-78,0,0,0,0,-58,-57,-62,-61,-79,0,-66,-66,-79,-89,-81,-80,0,-80,-68,-68,0,-87,-84,-86,0,0,0,0,0,0,-87,-83,-84,0,0,0,0,-70,-74
-63,-62,-67,-67,-86,0,0,-79,-84,-84,0,0,-77,-78,0,0,0,0,-58,-57,-62,-61,-79,0,-66,-66,-79,-89,-81,-80,0,-80,-68,-68,0,-87,-84,-86,0,0,0,0,0,0,-87,-83,-84,0,0,0,0,-70,-74
-64,-61,-66,-66,-87,0,0,-78,-85,-85,0,0,-78,-79,0,0,0,0,-57,-58,-62,-62,-78,0,-66,-65,-79,-89,-78,-78,0,-80,-66,-66,0,-87,-86,-87,0,0,0,0,0,0,-87,-82,-84,0,0,-81,-81,-69,-74
-64,-61,-66,-66,-87,0,0,-78,-85,-85,0,0,-78,-79,0,0,0,0,-57,-58,-62,-62,-78,0,-66,-65,-79,-89,-78,-78,0,-80,-66,-66,0,-87,-86,-87,0,0,0,0,0,0,-87,-82,-84,0,0,-81,-81,-69,-74
-64,-61,-66,-66,-87,0,0,-78,-85,-85,0,0,-78,-79,0,0,0,0,-57,-58,-62,-62,-78,0,-66,-65,-79,-89,-78,-78,0,-80,-66,-66,0,-87,-86,-87,0,0,0,0,0,0,-87,-82,-84,0,0,-81,-81,-69,-74
-64,-61,-66,-66,-87,0,0,-78,-85,-85,0,0,-78,-79,0,0,0,0,-57,-58,-62,-62,-78,0,-66,-65,-79,-89,-78,-78,0,-80,-66,-66,0,-87,-86,-87,0,0,0,0,0,0,-87,-82,-84,0,0,-81,-81,-69,-74
-63,-61,-64,-64,0,0,-85,-79,-85,-85,0,0,-77,-79,0,0,0,0,-58,-56,-62,-62,-78,0,-65,-66,-79,-89,-77,-76,0,-80,-68,-69,0,0,-84,-86,0,0,0,-86,-84,0,-87,0,0,0,0,-81,-81,-64,-73
-63,-61,-64,-64,0,0,-85,-79,-85,-85,0,0,-77,-79,0,0,0,0,-58,-56,-62,-62,-78,0,-65,-66,-79,-89,-77,-76,0,-80,-68,-69,0,0,-84,-86,0,0,0,-86,-84,0,-87,0,0,0,0,-81,-81,-64,-73
-63,-61,-64,-64,0,0,-85,-79,-85,-85,0,0,-77,-79,0,0,0,0,-58,-56,-62,-62,-78,0,-65,-66,-79,-89,-77,-76,0,-80,-68,-69,0,0,-84,-86,0,0,0,-86,-84,0,-87,0,0,0,0,-81,-81,-64,-73
-63,-61,-64,-64,0,0,-85,-79,-85,-85,0,0,-77,-79,0,0,0,0,-58,-56,-62,-62,-78,0,-65,-66,-79,-89,-77,-76,0,-80,-68,-69,0,0,-84,-86,0,0,0,-86,-84,0,-87,0,0,0,0,-81,-81,-64,-73
-65,-64,-65,-65,0,0,-85,-79,-86,-85,0,0,-78,-77,0,0,0,0,-58,-58,-60,-61,-74,0,-64,-64,0,0,-79,-78,0,-79,-67,-67,0,0,-84,-85,0,0,0,-86,-84,0,0,0,0,0,0,-81,-81,-64,-72
-65,-64,-65,-65,0,0,-85,-79,-86,-85,0,0,-78,-77,0,0,0,0,-58,-58,-60,-61,-74,0,-64,-64,0,0,-79,-78,0,-79,-67,-67,0,0,-84,-85,0,0,0,-86,-84,0,0,0,0,0,0,-81,-81,-64,-72
-65,-64,-65,-65,0,0,-85,-79,-86,-85,0,0,-78,-77,0,0,0,0,-58,-58,-60,-61,-74,0,-64,-64,0,0,-79,-78,0,-79,-67,-67,0,0,-84,-85,0,0,0,-86,-84,0,0,0,0,0,0,-81,-81,-64,-72
-71,-70,-70,-69,0,-85,-85,0,-79,-79,0,0,-79,-81,0,0,-80,-86,-59,-58,-59,-59,-74,0,-70,-69,0,-77,-78,-78,0,-79,-71,-71,-84,-89,-87,-86,0,0,-84,-86,-84,-83,-83,-85,-85,0,0,-82,-82,-57,-74
-71,-70,-70,-69,0,-85,-85,0,-79,-79,0,0,-79,-81,0,0,-80,-86,-59,-58,-59,-59,-74,0,-70,-69,0,-77,-78,-78,0,-79,-71,-71,-84,-89,-87,-86,0,0,-84,-86,-84,-83,-83,-85,-85,0,0,-82,-82,-57,-74
-71,-70,-70,-69,0,-85,-85,0,-79,-79,0,0,-79,-81,0,0,-80,-86,-59,-58,-59,-59,-74,0,-70,-69,0,-77,-78,-78,0,-79,-71,-71,-84,-89,-87,-86,0,0,-84,-86,-84,-83,-83,-85,-85,0,0,-82,-82,-57,-74
-71,-70,-70,-69,0,-85,-85,0,-79,-79,0,0,-79,-81,0,0,-80,-86,-59,-58,-59,-59,-74,0,-70,-69,0,-77,-78,-78,0,-79,-71,-71,-84,-89,-87,-86,0,0,-84,-86,-84,-83,-83,-85,-85,0,0,-82,-82,-57,-74
-72,-72,-74,-74,0,-85,-85,-82,-84,-84,0,0,-76,-77,0,0,-80,-86,-61,-65,-65,-69,-74,-74,-74,-75,0,-77,-72,-73,0,-77,-66,-66,-84,-89,-87,-79,0,0,-84,0,0,-83,-83,-85,-85,0,0,-82,-82,-63,-61
-72,-72,-74,-74,0,-85,-85,-82,-84,-84,0,0,-76,-77,0,0,-80,-86,-61,-65,-65,-69,-74,-74,-74,-75,0,-77,-72,-73,0,-77,-66,-66,-84,-89,-87,-79,0,0,-84,0,0,-83,-83,-85,-85,0,0,-82,-82,-63,-61
-72,-72,-74,-74,0,-85,-85,-82,-84,-84,0,0,-76,-77,0,0,-80,-86,-61,-65,-65,-69,-74,-74,-74,-75,0,-77,-72,-73,0,-77,-66,-66,-84,-89,-87,-79,0,0,-84,0,0,-83,-83,-85,-85,0,0,-82,-82,-63,-61
-72,-72,-74,-74,0,-85,-85,-82,-84,-84,0,0,-76,-77,0,0,-80,-86,-61,-65,-65,-69,-74,-74,-74,-75,0,-77,-72,-73,0,-77,-66,-66,-84,-89,-87,-79,0,0,-84,0,0,-83,-83,-85,-85,0,0,-82,-82,-63,-61
-74,-70,-61,-61,0,-74,-75,-82,0,0,0,0,-85,-85,0,0,-82,-82,-62,-61,-62,-61,0,-74,-72,-73,0,-78,-68,-69,0,-86,-73,-73,0,-80,-80,-80,0,-86,-85,0,0,0,0,-84,-83,0,0,-85,-85,-54,-62
-74,-70,-61,-61,0,-74,-75,-82,0,0,0,0,-85,-85,0,0,-82,-82,-62,-61,-62,-61,0,-74,-72,-73,0,-78,-68,-69,0,-86,-73,-73,0,-80,-80,-80,0,-86,-85,0,0,0,0,-84,-83,0,0,-85,-85,-54,-62
-74,-70,-61,-61,0,-74,-75,-82,0,0,0,0,-85,-85,0,0,-82,-82,-62,-61,-62,-61,0,-74,-72,-73,0,-78,-68,-69,0,-86,-73,-73,0,-80,-80,-80,0,-86,-85,0,0,0,0,-84,-83,0,0,-85,-85,-54,-62
-74,-70,-62,-61,-82,-74,-75,-81,0,0,0,0,-86,-84,0,0,-82,-81,-61,-61,-61,-62,0,0,-72,-72,-78,-78,-68,-69,0,-86,-74,-74,-91,-87,-80,-79,0,-86,-85,0,0,0,0,0,0,0,0,-84,-85,-54,-62
-74,-70,-62,-61,-82,-74,-75,-81,0,0,0,0,-86,-84,0,0,-82,-81,-61,-61,-61,-62,0,0,-72,-72,-78,-78,-68,-69,0,-86,-74,-74,-91,-87,-80,-79,0,-86,-85,0,0,0,0,0,0,0,0,-84,-85,-54,-62
-74,-70,-62,-61,-82,-74,-75,-81,0,0,0,0,-86,-84,0,0,-82,-81,-61,-61,-61,-62,0,0,-72,-72,-78,-78,-68,-69,0,-86,-74,-74,-91,-87,-80,-79,0,-86,-85,0,0,0,0,0,0,0,0,-84,-85,-54,-62
-74,-70,-62,-61,-82,-74,-75,-81,0,0,0,0,-86,-84,0,0,-82,-81,-61,-61,-61,-62,0,0,-72,-72,-78,-78,-68,-69,0,-86,-74,-74,-91,-87,-80,-79,0,-86,-85,0,0,0,0,0,0,0,0,-84,-85,-54,-62
-73,-70,-62,-61,-82,0,0,-84,-83,-84,0,0,-85,-84,0,0,-83,-82,-59,-58,-59,-63,0,0,-72,-72,-78,0,-73,-73,-78,-86,-77,-77,-91,-87,-77,-78,0,-86,-85,0,0,0,0,0,0,0,0,-85,-84,-49,-72
-73,-70,-62,-61,-82,0,0,-84,-83,-84,0,0,-85,-84,0,0,-83,-82,-59,-58,-59,-63,0,0,-72,-72,-78,0,-73,-73,-78,-86,-77,-77,-91,-87,-77,-78,0,-86,-85,0,0,0,0,0,0,0,0,-85,-84,-49,-72
-73,-70,-62,-61,-82,0,0,-84,-83,-84,0,0,-85,-84,0,0,-83,-82,-59,-58,-59,-63,0,0,-72,-72,-78,0,-73,-73,-78,-86,-77,-77,-91,-87,-77,-78,0,-86,-85,0,0,0,0,0,0,0,0,-85,-84,-49,-72
-73,-70,-62,-61,-82,0,0,-84,-83,-84,0,0,-85,-84,0,0,-83,-82,-59,-58,-59,-63,0,0,-72,-72,-78,0,-73,-73,-78,-86,-77,-77,-91,-87,-77,-78,0,-86,-85,0,0,0,0,0,0,0,0,-85,-84,-49,-72
-74,-73,-63,-63,-82,-76,0,0,-83,-84,0,0,-83,-85,0,0,-81,-82,-60,-61,-60,-59,0,0,-75,-75,-78,0,-70,-70,-78,-78,-74,-74,-91,-87,-84,-85,0,-85,-84,0,0,0,0,0,0,0,0,0,0,-51,-72
-74,-73,-63,-63,-82,-76,0,0,-83,-84,0,0,-83,-85,0,0,-81,-82,-60,-61,-60,-59,0,0,-75,-75,-78,0,-70,-70,-78,-78,-74,-74,-91,-87,-84,-85,0,-85,-84,0,0,0,0,0,0,0,0,0,0,-51,-72
-74,-73,-63,-63,-82,-76,0,0,-83,-84,0,0,-83,-85,0,0,-81,-82,-60,-61,-60,-59,0,0,-75,-75,-78,0,-70,-70,-78,-78,-74,-74,-91,-87,-84,-85,0,-85,-84,0,0,0,0,0,0,0,0,0,0,-51,-72
-72,-69,-63,-63,0,-76,0,0,-83,-84,0,0,-83,-84,0,0,-81,-82,-60,-62,-58,-61,-79,0,-71,-70,0,0,-72,-73,-78,-78,-71,-72,0,0,-85,-84,0,-85,-84,0,0,0,0,0,0,0,0,0,0,-50,-78
-72,-69,-63,-63,0,-76,0,0,-83,-84,0,0,-83,-84,0,0,-81,-82,-60,-62,-58,-61,-79,0,-71,-70,0,0,-72,-73,-78,-78,-71,-72,0,0,-85,-84,0,-85,-84,0,0,0,0,0,0,0,0,0,0,-50,-78
-72,-69,-63,-63,0,-76,0,0,-83,-84,0,0,-83,-84,0,0,-81,-82,-60,-62,-58,-61,-79,0,-71,-70,0,0,-72,-73,-78,-78,-71,-72,0,0,-85,-84,0,-85,-84,0,0,0,0,0,0,0,0,0,0,-50,-78
-72,-69,-63,-63,0,-76,0,0,-83,-84,0,0,-83,-84,0,0,-81,-82,-60,-62,-58,-61,-79,0,-71,-70,0,0,-72,-73,-78,-78,-71,-72,0,0,-85,-84,0,-85,-84,0,0,0,0,0,0,0,0,0,0,-50,-78
-74,-72,-64,-63,0,-76,0,0,-85,-87,0,0,-83,-85,0,0,-81,-82,-60,-58,-59,-61,-79,-77,-75,-76,0,0,-69,-69,0,0,-76,-75,0,0,-85,-84,0,-84,-85,0,0,0,0,0,0,0,0,0,0,-52,-72
-74,-72,-64,-63,0,-76,0,0,-85,-87,0,0,-83,-85,0,0,-81,-82,-60,-58,-59,-61,-79,-77,-75,-76,0,0,-69,-69,0,0,-76,-75,0,0,-85,-84,0,-84,-85,0,0,0,0,0,0,0,0,0,0,-52,-72
-74,-72,-64,-63,0,-76,0,0,-85,-87,0,0,-83,-85,0,0,-81,-82,-60,-58,-59,-61,-79,-77,-75,-76,0,0,-69,-69,0,0,-76,-75,0,0,-85,-84,0,-84,-85,0,0,0,0,0,0,0,0,0,0,-52,-72
-74,-72,-64,-63,0,-76,0,0,-85,-87,0,0,-83,-85,0,0,-81,-82,-60,-58,-59,-61,-79,-77,-75,-76,0,0,-69,-69,0,0,-76,-75,0,0,-85,-84,0,-84,-85,0,0,0,0,0,0,0,0,0,0,-52,-72
-75,-73,-63,-62,0,0,0,-83,-84,-85,0,0,-83,-85,0,0,-81,-81,-60,-59,-60,-61,-79,-77,-77,-77,0,0,-69,-69,0,0,-72,-72,-86,0,-86,-86,0,-84,-85,0,0,0,0,-84,-82,0,0,-84,0,-51,-70
-75,-73,-63,-62,0,0,0,-83,-84,-85,0,0,-83,-85,0,0,-81,-81,-60,-59,-60,-61,-79,-77,-77,-77,0,0,-69,-69,0,0,-72,-72,-86,0,-86,-86,0,-84,-85,0,0,0,0,-84,-82,0,0,-84,0,-51,-70
-75,-73,-63,-62,0,0,0,-83,-84,-85,0,0,-83,-85,0,0,-81,-81,-60,-59,-60,-61,-79,-77,-77,-77,0,0,-69,-69,0,0,-72,-72,-86,0,-86,-86,0,-84,-85,0,0,0,0,-84,-82,0,0,-84,0,-51,-70
-75,-73,-63,-62,0,0,0,-83,-84,-85,0,0,-83,-85,0,0,-81,-81,-60,-59,-60,-61,-79,-77,-77,-77,0,0,-69,-69,0,0,-72,-72,-86,0,-86,-86,0,-84,-85,0,0,0,0,-84,-82,0,0,-84,0,-51,-70
-73,-72,-62,-62,0,-77,-75,-83,-85,-84,0,0,-83,-85,0,0,-82,-83,-60,-59,-61,-60,0,-77,-72,-72,0,0,-72,-72,-82,-83,-74,-75,-86,0,-84,-84,0,-81,-84,-83,-83,-85,-85,-84,-82,0,0,-84,0,-52,-71
-73,-72,-62,-62,0,-77,-75,-83,-85,-84,0,0,-83,-85,0,0,-82,-83,-60,-59,-61,-60,0,-77,-72,-72,0,0,-72,-72,-82,-83,-74,-75,-86,0,-84,-84,0,-81,-84,-83,-83,-85,-85,-84,-82,0,0,-84,0,-52,-71
-73,-72,-62,-62,0,-77,-75,-83,-85,-84,0,0,-83,-85,0,0,-82,-83,-60,-59,-61,-60,0,-77,-72,-72,0,0,-72,-72,-82,-83,-74,-75,-86,0,-84,-84,0,-81,-84,-83,-83,-85,-85,-84,-82,0,0,-84,0,-52,-71
-73,-69,-63,-63,0,-77,-75,-83,-62,-83,0,0,-85,-85,-81,-78,-80,-81,-63,-62,-58,-63,-77,-76,-75,-75,-79,0,-70,-70,-82,-83,-77,-78,-86,-82,-83,-83,0,-81,-84,-83,-83,-85,-85,-84,-82,0,0,-84,0,-52,-71
-73,-69,-63,-63,0,-77,-75,-83,-62,-83,0,0,-85,-85,-81,-78,-80,-81,-63,-62,-58,-63,-77,-76,-75,-75,-79,0,-70,-70,-82,-83,-77,-78,-86,-82,-83,-83,0,-81,-84,-83,-83,-85,-85,-84,-82,0,0,-84,0,-52,-71
-73,-69,-63,-63,0,-77,-75,-83,-62,-83,0,0,-85,-85,-81,-78,-80,-81,-63,-62,-58,-63,-77,-76,-75,-75,-79,0,-70,-70,-82,-83,-77,-78,-86,-82,-83,-83,0,-81,-84,-83,-83,-85,-85,-84,-82,0,0,-84,0,-52,-71
-73,-69,-63,-63,0,-77,-75,-83,-62,-83,0,0,-85,-85,-81,-78,-80,-81,-63,-62,-58,-63,-77,-76,-75,-75,-79,0,-70,-70,-82,-83,-77,-78,-86,-82,-83,-83,0,-81,-84,-83,-83,-85,-85,-84,-82,0,0,-84,0,-52,-71
-71,-69,-65,-65,-86,-77,-75,-77,-82,-84,0,0,-84,-85,-81,-78,-81,-81,-61,-62,-57,-58,-77,-76,-73,-73,-79,0,-71,-71,-82,-83,-72,-72,0,-82,-80,-80,0,-81,-80,-83,-83,-85,-85,-83,-85,0,0,0,0,-57,-64
-71,-69,-65,-65,-86,-77,-75,-77,-82,-84,0,0,-84,-85,-81,-78,-81,-81,-61,-62,-57,-58,-77,-76,-73,-73,-79,0,-71,-71,-82,-83,-72,-72,0,-82,-80,-80,0,-81,-80,-83,-83,-85,-85,-83,-85,0,0,0,0,-57,-64
-71,-69,-65,-65,-86,-77,-75,-77,-82,-84,0,0,-84,-85,-81,-78,-81,-81,-61,-62,-57,-58,-77,-76,-73,-73,-79,0,-71,-71,-82,-83,-72,-72,0,-82,-80,-80,0,-81,-80,-83,-83,-85,-85,-83,-85,0,0,0,0,-57,-64
-71,-69,-65,-65,-86,-77,-75,-77,-82,-84,0,0,-84,-85,-81,-78,-81,-81,-61,-62,-57,-58,-77,-76,-73,-73,-79,0,-71,-71,-82,-83,-72,-72,0,-82,-80,-80,0,-81,-80,-83,-83,-85,-85,-83,-85,0,0,0,0,-57,-64
-72,-71,-69,-69,-86,-73,-75,-77,-86,-84,0,0,-84,-85,-81,-78,-85,-85,-61,-63,-59,-63,-77,-76,-71,-71,-79,0,-68,-68,-78,-78,-72,-73,-85,-82,-80,-80,0,0,-81,0,0,0,0,-83,-85,0,0,0,0,-54,-62
-72,-71,-69,-69,-86,-73,-75,-77,-86,-84,0,0,-84,-85,-81,-78,-85,-85,-61,-63,-59,-63,-77,-76,-71,-71,-79,0,-68,-68,-78,-78,-72,-73,-85,-82,-80,-80,0,0,-81,0,0,0,0,-83,-85,0,0,0,0,-54,-62
-72,-71,-69,-69,-86,-73,-75,-77,-86,-84,0,0,-84,-85,-81,-78,-85,-85,-61,-63,-59,-63,-77,-76,-71,-71,-79,0,-68,-68,-78,-78,-72,-73,-85,-82,-80,-80,0,0,-81,0,0,0,0,-83,-85,0,0,0,0,-54,-62
-72,-71,-69,-69,-86,-73,-75,-77,-86,-84,0,0,-84,-85,-81,-78,-85,-85,-61,-63,-59,-63,-77,-76,-71,-71,-79,0,-68,-68,-78,-78,-72,-73,-85,-82,-80,-80,0,0,-81,0,0,0,0,-83,-85,0,0,0,0,-54,-62
-69,-67,-66,-65,-86,-73,-75,-77,-84,-84,0,0,-84,-85,0,0,-85,-84,-61,-58,-61,-64,-74,-74,-73,-73,-77,-81,-72,-72,-78,0,-73,-72,-85,-84,-78,-78,0,0,0,0,0,0,0,-85,-83,0,0,0,0,-50,-63
-69,-67,-66,-65,-86,-73,-75,-77,-84,-84,0,0,-84,-85,0,0,-85,-84,-61,-58,-61,-64,-74,-74,-73,-73,-77,-81,-72,-72,-78,0,-73,-72,-85,-84,-78,-78,0,0,0,0,0,0,0,-85,-83,0,0,0,0,-50,-63
-69,-67,-66,-65,-86,-73,-75,-77,-84,-84,0,0,-84,-85,0,0,-85,-84,-61,-58,-61,-64,-74,-74,-73,-73,-77,-81,-72,-72,-78,0,-73,-72,-85,-84,-78,-78,0,0,0,0,0,0,0,-85,-83,0,0,0,0,-50,-63
-69,-67,-66,-65,-86,-73,-75,-77,-84,-84,0,0,-84,-85,0,0,-85,-84,-61,-58,-61,-64,-74,-74,-73,-73,-77,-81,-72,-72,-78,0,-73,-72,-85,-84,-78,-78,0,0,0,0,0,0,0,-85,-83,0,0,0,0,-50,-63
-69,-67,-63,-63,-90,-73,-75,-82,-82,-82,0,0,-83,-81,0,0,-80,-79,-61,-60,-60,-63,-78,-76,-69,-69,-77,-81,-71,-71,-78,-71,-71,-71,-85,-83,-80,-80,0,-85,-84,0,0,0,0,-82,-83,0,0,-82,-82,-48,-59
-69,-67,-63,-63,-90,-73,-75,-82,-82,-82,0,0,-83,-81,0,0,-80,-79,-61,-60,-60,-63,-78,-76,-69,-69,-77,-81,-71,-71,-78,-71,-71,-71,-85,-83,-80,-80,0,-85,-84,0,0,0,0,-82,-83,0,0,-82,-82,-48,-59
-69,-67,-63,-63,-90,-73,-75,-82,-82,-82,0,0,-83,-81,0,0,-80,-79,-61,-60,-60,-63,-78,-76,-69,-69,-77,-81,-71,-71,-78,-71,-71,-71,-85,-83,-80,-80,0,-85,-84,0,0,0,0,-82,-83,0,0,-82,-82,-48,-59
-72,-71,-70,-70,-73,0,0,0,-60,-87,0,0,-83,-81,0,0,-81,-81,-61,-59,-56,-57,-73,-74,-74,-74,-77,-81,-68,-68,0,-71,-79,-79,-86,-83,-82,-82,0,-85,-84,0,0,0,0,0,0,0,0,-82,-82,-57,-59
-72,-71,-70,-70,-73,0,0,0,-60,-87,0,0,-83,-81,0,0,-81,-81,-61,-59,-56,-57,-73,-74,-74,-74,-77,-81,-68,-68,0,-71,-79,-79,-86,-83,-82,-82,0,-85,-84,0,0,0,0,0,0,0,0,-82,-82,-57,-59
-72,-71,-70,-70,-73,0,0,0,-60,-87,0,0,-83,-81,0,0,-81,-81,-61,-59,-56,-57,-73,-74,-74,-74,-77,-81,-68,-68,0,-71,-79,-79,-86,-83,-82,-82,0,-85,-84,0,0,0,0,0,0,0,0,-82,-82,-57,-59
-72,-71,-70,-70,-73,0,0,0,-60,-87,0,0,-83,-81,0,0,-81,-81,-61,-59,-56,-57,-73,-74,-74,-74,-77,-81,-68,-68,0,-71,-79,-79,-86,-83,-82,-82,0,-85,-84,0,0,0,0,0,0,0,0,-82,-82,-57,-59
-68,0,-69,-70,-76,-78,-77,-74,-78,-79,0,0,-74,-84,-79,0,-80,-80,-68,-68,-60,-64,-73,-71,-68,-68,0,0,-71,-70,-69,-71,-74,-74,0,0,-83,-84,0,-85,-84,-82,0,0,0,-80,-80,0,0,-82,-82,-56,-58
-68,0,-69,-70,-76,-78,-77,-74,-78,-79,0,0,-74,-84,-79,0,-80,-80,-68,-68,-60,-64,-73,-71,-68,-68,0,0,-71,-70,-69,-71,-74,-74,0,0,-83,-84,0,-85,-84,-82,0,0,0,-80,-80,0,0,-82,-82,-56,-58
-68,0,-69,-70,-76,-78,-77,-74,-78,-79,0,0,-74,-84,-79,0,-80,-80,-68,-68,-60,-64,-73,-71,-68,-68,0,0,-71,-70,-69,-71,-74,-74,0,0,-83,-84,0,-85,-84,-82,0,0,0,-80,-80,0,0,-82,-82,-56,-58
-68,0,-69,-70,-76,-78,-77,-74,-78,-79,0,0,-74,-84,-79,0,-80,-80,-68,-68,-60,-64,-73,-71,-68,-68,0,0,-71,-70,-69,-71,-74,-74,0,0,-83,-84,0,-85,-84,-82,0,0,0,-80,-80,0,0,-82,-82,-56,-58
-68,0,-70,-70,0,-78,-77,-74,-79,-79,0,0,-74,-74,-79,0,-83,-83,-52,-51,-53,-65,-73,-71,-68,-69,0,0,-69,-69,-69,0,-65,-65,0,0,-82,-81,0,0,-83,-82,0,0,0,-80,-80,0,0,-79,-80,-57,-66
-68,0,-70,-70,0,-78,-77,-74,-79,-79,0,0,-74,-74,-79,0,-83,-83,-52,-51,-53,-65,-73,-71,-68,-69,0,0,-69,-69,-69,0,-65,-65,0,0,-82,-81,0,0,-83,-82,0,0,0,-80,-80,0,0,-79,-80,-57,-66
-68,0,-70,-70,0,-78,-77,-74,-79,-79,0,0,-74,-74,-79,0,-83,-83,-52,-51,-53,-65,-73,-71,-68,-69,0,0,-69,-69,-69,0,-65,-65,0,0,-82,-81,0,0,-83,-82,0,0,0,-80,-80,0,0,-79,-80,-57,-66
-68,0,-70,-70,0,-78,-77,-74,-79,-79,0,0,-74,-74,-79,0,-83,-83,-52,-51,-53,-65,-73,-71,-68,-69,0,0,-69,-69,-69,0,-65,-65,0,0,-82,-81,0,0,-83,-82,0,0,0,-80,-80,0,0,-79,-80,-57,-66
