0,0,0,0,-81,0,0,0,-78,-79,0,0,-72,-73,0,0,-80,-72,-75,-72,-65,-64,-75,-75,-66,-65,0,0,-70,-70,-71,0,-63,-63,0,0,-81,-81,0,-78,0,-79,-81,0,0,0,-84,0,0,-79,-79,-59,-58
0,0,0,0,-81,0,0,0,-78,-79,0,0,-72,-73,0,0,-80,-72,-75,-72,-65,-64,-75,-75,-66,-65,0,0,-70,-70,-71,0,-63,-63,0,0,-81,-81,0,-78,0,-79,-81,0,0,0,-84,0,0,-79,-79,-59,-58
0,0,0,0,-81,0,0,0,-81,-80,0,0,-73,-73,0,0,-72,-72,0,0,-66,-66,-75,-75,-63,-67,0,0,-68,-68,0,0,-66,-66,0,0,-82,-84,0,-78,-82,-79,-78,0,0,-86,-84,0,0,-82,-80,-56,-62
0,0,0,0,-81,0,0,0,-81,-80,0,0,-73,-73,0,0,-72,-72,0,0,-66,-66,-75,-75,-63,-67,0,0,-68,-68,0,0,-66,-66,0,0,-82,-84,0,-78,-82,-79,-78,0,0,-86,-84,0,0,-82,-80,-56,-62
0,0,0,0,-81,0,0,0,-81,-80,0,0,-73,-73,0,0,-72,-72,0,0,-66,-66,-75,-75,-63,-67,0,0,-68,-68,0,0,-66,-66,0,0,-82,-84,0,-78,-82,-79,-78,0,0,-86,-84,0,0,-82,-80,-56,-62
0,0,0,0,-78,0,0,-83,-83,-84,0,0,-74,-74,0,0,-79,-79,0,0,-65,-65,-75,-74,-66,-66,0,0,-69,-69,0,0,-63,-63,0,0,-81,-80,0,-78,-82,-85,-81,0,0,-86,-84,0,0,-83,-82,-54,-62
0,0,0,0,-78,0,0,-83,-83,-84,0,0,-74,-74,0,0,-79,-79,0,0,-65,-65,-75,-74,-66,-66,0,0,-69,-69,0,0,-63,-63,0,0,-81,-80,0,-78,-82,-85,-81,0,0,-86,-84,0,0,-83,-82,-54,-62
0,0,0,0,-78,0,0,-83,-83,-84,0,0,-74,-74,0,0,-79,-79,0,0,-65,-65,-75,-74,-66,-66,0,0,-69,-69,0,0,-63,-63,0,0,-81,-80,0,-78,-82,-85,-81,0,0,-86,-84,0,0,-83,-82,-54,-62
0,0,0,0,-78,0,0,-83,-83,-84,0,0,-74,-74,0,0,-79,-79,0,0,-65,-65,-75,-74,-66,-66,0,0,-69,-69,0,0,-63,-63,0,0,-81,-80,0,-78,-82,-85,-81,0,0,-86,-84,0,0,-83,-82,-54,-62
0,0,-76,-75,-78,0,0,-83,-83,-84,0,0,-73,-73,0,0,-77,-77,0,0,-64,-63,-76,-74,-65,-65,0,0,-70,-70,0,0,-64,-64,0,0,-85,-82,0,0,-82,-85,-83,0,0,-86,-85,0,0,-82,-81,-54,-61
0,0,-76,-75,-78,0,0,-83,-83,-84,0,0,-73,-73,0,0,-77,-77,0,0,-64,-63,-76,-74,-65,-65,0,0,-70,-70,0,0,-64,-64,0,0,-85,-82,0,0,-82,-85,-83,0,0,-86,-85,0,0,-82,-81,-54,-61
0,0,-76,-75,-78,0,0,-83,-83,-84,0,0,-73,-73,0,0,-77,-77,0,0,-64,-63,-76,-74,-65,-65,0,0,-70,-70,0,0,-64,-64,0,0,-85,-82,0,0,-82,-85,-83,0,0,-86,-85,0,0,-82,-81,-54,-61
0,0,-76,-75,-78,0,0,-83,-83,-84,0,0,-73,-73,0,0,-77,-77,0,0,-64,-63,-76,-74,-65,-65,0,0,-70,-70,0,0,-64,-64,0,0,-85,-82,0,0,-82,-85,-83,0,0,-86,-85,0,0,-82,-81,-54,-61
0,0,-76,-75,-79,0,0,-83,-81,-82,0,0,-76,-76,0,0,-74,-74,-77,-74,-64,-64,0,0,-63,-63,0,0,-64,-64,0,0,-68,-68,0,0,-83,-83,0,0,0,-81,-80,0,0,0,0,0,0,-80,-80,-57,-61
0,0,-76,-75,-79,0,0,-83,-81,-82,0,0,-76,-76,0,0,-74,-74,-77,-74,-64,-64,0,0,-63,-63,0,0,-64,-64,0,0,-68,-68,0,0,-83,-83,0,0,0,-81,-80,0,0,0,0,0,0,-80,-80,-57,-61
0,0,-76,-75,-79,0,0,-83,-81,-82,0,0,-76,-76,0,0,-74,-74,-77,-74,-64,-64,0,0,-63,-63,0,0,-64,-64,0,0,-68,-68,0,0,-83,-83,0,0,0,-81,-80,0,0,0,0,0,0,-80,-80,-57,-61
-79,-77,-76,-75,-79,0,0,0,-76,-76,0,0,-77,-77,0,0,-78,-80,-77,-74,-65,-65,0,-74,-62,-64,0,0,-67,-67,-72,0,-65,-65,0,0,-80,-80,0,0,0,-82,-81,0,0,0,0,0,0,-79,-79,-58,-61
-79,-77,-76,-75,-79,0,0,0,-76,-76,0,0,-77,-77,0,0,-78,-80,-77,-74,-65,-65,0,-74,-62,-64,0,0,-67,-67,-72,0,-65,-65,0,0,-80,-80,0,0,0,-82,-81,0,0,0,0,0,0,-79,-79,-58,-61
-79,-77,-76,-75,-79,0,0,0,-76,-76,0,0,-77,-77,0,0,-78,-80,-77,-74,-65,-65,0,-74,-62,-64,0,0,-67,-67,-72,0,-65,-65,0,0,-80,-80,0,0,0,-82,-81,0,0,0,0,0,0,-79,-79,-58,-61
-79,-77,-76,-75,-79,0,0,0,-76,-76,0,0,-77,-77,0,0,-78,-80,-77,-74,-65,-65,0,-74,-62,-64,0,0,-67,-67,-72,0,-65,-65,0,0,-80,-80,0,0,0,-82,-81,0,0,0,0,0,0,-79,-79,-58,-61
-79,-77,-77,-77,-78,-78,-79,0,-74,-75,-82,-80,-73,-73,-82,-75,-77,-78,-77,-74,-66,-66,0,-74,-62,-61,0,0,-66,-67,-72,0,-67,-67,0,0,-79,-80,0,0,0,-81,-81,0,0,0,0,0,0,-79,-80,-56,-57
-79,-77,-77,-77,-78,-78,-79,0,-74,-75,-82,-80,-73,-73,-82,-75,-77,-78,-77,-74,-66,-66,0,-74,-62,-61,0,0,-66,-67,-72,0,-67,-67,0,0,-79,-80,0,0,0,-81,-81,0,0,0,0,0,0,-79,-80,-56,-57
-79,-77,-77,-77,-78,-78,-79,0,-74,-75,-82,-80,-73,-73,-82,-75,-77,-78,-77,-74,-66,-66,0,-74,-62,-61,0,0,-66,-67,-72,0,-67,-67,0,0,-79,-80,0,0,0,-81,-81,0,0,0,0,0,0,-79,-80,-56,-57
-79,-77,-77,-77,-78,-78,-79,0,-74,-75,-82,-80,-73,-73,-82,-75,-77,-78,-77,-74,-66,-66,0,-74,-62,-61,0,0,-66,-67,-72,0,-67,-67,0,0,-79,-80,0,0,0,-81,-81,0,0,0,0,0,0,-79,-80,-56,-57
-79,-77,-74,-76,-78,-78,-79,-73,-76,-76,-82,-80,-74,-73,-82,-75,-77,-75,-80,0,-65,-66,-75,-74,-63,-65,0,-82,-65,-65,-72,-73,-66,-66,0,0,-80,-79,0,-80,-81,-83,-85,-83,-82,0,0,0,-90,-80,-82,-56,-60
-79,-77,-74,-76,-78,-78,-79,-73,-76,-76,-82,-80,-74,-73,-82,-75,-77,-75,-80,0,-65,-66,-75,-74,-63,-65,0,-82,-65,-65,-72,-73,-66,-66,0,0,-80,-79,0,-80,-81,-83,-85,-83,-82,0,0,0,-90,-80,-82,-56,-60
-79,-77,-74,-76,-78,-78,-79,-73,-76,-76,-82,-80,-74,-73,-82,-75,-77,-75,-80,0,-65,-66,-75,-74,-63,-65,0,-82,-65,-65,-72,-73,-66,-66,0,0,-80,-79,0,-80,-81,-83,-85,-83,-82,0,0,0,-90,-80,-82,-56,-60
0,0,-80,-82,-78,-78,-79,-73,-79,-80,-82,-80,-75,-76,-82,-75,-77,-75,-72,0,-65,-66,-75,-74,-64,-64,0,-82,-64,-64,-71,-73,-64,-64,0,0,-82,-84,0,-80,-81,-77,-76,-83,-82,0,0,0,-90,-81,-82,-55,-59
0,0,-80,-82,-78,-78,-79,-73,-79,-80,-82,-80,-75,-76,-82,-75,-77,-75,-72,0,-65,-66,-75,-74,-64,-64,0,-82,-64,-64,-71,-73,-64,-64,0,0,-82,-84,0,-80,-81,-77,-76,-83,-82,0,0,0,-90,-81,-82,-55,-59
0,0,-80,-82,-78,-78,-79,-73,-79,-80,-82,-80,-75,-76,-82,-75,-77,-75,-72,0,-65,-66,-75,-74,-64,-64,0,-82,-64,-64,-71,-73,-64,-64,0,0,-82,-84,0,-80,-81,-77,-76,-83,-82,0,0,0,-90,-81,-82,-55,-59
0,0,-80,-82,-78,-78,-79,-73,-79,-80,-82,-80,-75,-76,-82,-75,-77,-75,-72,0,-65,-66,-75,-74,-64,-64,0,-82,-64,-64,-71,-73,-64,-64,0,0,-82,-84,0,-80,-81,-77,-76,-83,-82,0,0,0,-90,-81,-82,-55,-59
0,0,0,0,0,0,0,-73,-76,-75,0,0,-75,-76,-82,-80,-77,-76,-72,0,-63,-65,-75,-74,-63,-65,0,-82,-68,-68,-72,-73,-67,-67,0,0,-79,-79,0,-80,-81,-81,-80,-83,-82,0,0,0,-90,-82,-82,-56,-59
0,0,0,0,0,0,0,-73,-76,-75,0,0,-75,-76,-82,-80,-77,-76,-72,0,-63,-65,-75,-74,-63,-65,0,-82,-68,-68,-72,-73,-67,-67,0,0,-79,-79,0,-80,-81,-81,-80,-83,-82,0,0,0,-90,-82,-82,-56,-59
0,0,0,0,0,0,0,-73,-76,-75,0,0,-75,-76,-82,-80,-77,-76,-72,0,-63,-65,-75,-74,-63,-65,0,-82,-68,-68,-72,-73,-67,-67,0,0,-79,-79,0,-80,-81,-81,-80,-83,-82,0,0,0,-90,-82,-82,-56,-59
0,0,0,0,0,0,0,-73,-76,-75,0,0,-75,-76,-82,-80,-77,-76,-72,0,-63,-65,-75,-74,-63,-65,0,-82,-68,-68,-72,-73,-67,-67,0,0,-79,-79,0,-80,-81,-81,-80,-83,-82,0,0,0,-90,-82,-82,-56,-59
0,-77,-77,-77,0,0,0,-73,-76,-77,0,0,-76,-75,-82,-80,-81,-81,0,0,-63,-64,-74,0,-61,-61,0,0,-69,-69,-70,-70,-67,-67,0,-88,-84,-84,0,-80,-79,-79,-78,0,0,-83,-82,0,0,-82,-82,-56,-60
0,-77,-77,-77,0,0,0,-73,-76,-77,0,0,-76,-75,-82,-80,-81,-81,0,0,-63,-64,-74,0,-61,-61,0,0,-69,-69,-70,-70,-67,-67,0,-88,-84,-84,0,-80,-79,-79,-78,0,0,-83,-82,0,0,-82,-82,-56,-60
0,-77,-77,-77,0,0,0,-73,-76,-77,0,0,-76,-75,-82,-80,-81,-81,0,0,-63,-64,-74,0,-61,-61,0,0,-69,-69,-70,-70,-67,-67,0,-88,-84,-84,0,-80,-79,-79,-78,0,0,-83,-82,0,0,-82,-82,-56,-60
0,-77,-77,-77,0,0,0,-73,-76,-77,0,0,-76,-75,-82,-80,-81,-81,0,0,-63,-64,-74,0,-61,-61,0,0,-69,-69,-70,-70,-67,-67,0,-88,-84,-84,0,-80,-79,-79,-78,0,0,-83,-82,0,0,-82,-82,-56,-60
0,-77,-77,-77,0,0,0,-73,-76,-75,0,0,-76,-76,-82,0,-77,-77,0,0,-65,-65,-78,-76,-61,-63,0,0,-65,-65,-70,-73,-67,-67,0,-88,-82,-83,0,-80,-79,-78,-77,0,0,-83,-82,0,0,-79,-78,-54,-60
0,-77,-77,-77,0,0,0,-73,-76,-75,0,0,-76,-76,-82,0,-77,-77,0,0,-65,-65,-78,-76,-61,-63,0,0,-65,-65,-70,-73,-67,-67,0,-88,-82,-83,0,-80,-79,-78,-77,0,0,-83,-82,0,0,-79,-78,-54,-60
0,-77,-77,-77,0,0,0,-73,-76,-75,0,0,-76,-76,-82,0,-77,-77,0,0,-65,-65,-78,-76,-61,-63,0,0,-65,-65,-70,-73,-67,-67,0,-88,-82,-83,0,-80,-79,-78,-77,0,0,-83,-82,0,0,-79,-78,-54,-60
0,-77,-77,-77,0,0,0,-73,-76,-75,0,0,-76,-76,-82,0,-77,-77,0,0,-65,-65,-78,-76,-61,-63,0,0,-65,-65,-70,-73,-67,-67,0,-88,-82,-83,0,-80,-79,-78,-77,0,0,-83,-82,0,0,-79,-78,-54,-60
0,-77,-77,-77,0,0,0,-73,-73,-72,0,0,-74,-73,-82,-81,-82,-80,0,0,-67,-67,-78,-76,-63,-63,-77,-84,-63,-63,-70,-73,-68,-68,0,-88,-84,-85,0,-80,-79,-77,-76,0,0,-83,-82,0,0,-79,-78,-53,-61
0,-77,-77,-77,0,0,0,-73,-73,-72,0,0,-74,-73,-82,-81,-82,-80,0,0,-67,-67,-78,-76,-63,-63,-77,-84,-63,-63,-70,-73,-68,-68,0,-88,-84,-85,0,-80,-79,-77,-76,0,0,-83,-82,0,0,-79,-78,-53,-61
0,-77,-77,-77,0,0,0,-73,-73,-72,0,0,-74,-73,-82,-81,-82,-80,0,0,-67,-67,-78,-76,-63,-63,-77,-84,-63,-63,-70,-73,-68,-68,0,-88,-84,-85,0,-80,-79,-77,-76,0,0,-83,-82,0,0,-79,-78,-53,-61
0,0,-76,-76,-71,0,0,-73,-79,-79,0,0,-72,-71,-81,-81,-82,-80,0,0,-68,-69,-70,-76,-62,-63,-77,-84,-71,-71,-71,-71,-65,-65,0,0,-84,-85,0,-85,-84,-79,-79,-80,-79,-84,-83,0,0,-78,-78,-54,-62
0,0,-76,-76,-71,0,0,-73,-79,-79,0,0,-72,-71,-81,-81,-82,-80,0,0,-68,-69,-70,-76,-62,-63,-77,-84,-71,-71,-71,-71,-65,-65,0,0,-84,-85,0,-85,-84,-79,-79,-80,-79,-84,-83,0,0,-78,-78,-54,-62
0,0,-76,-76,-71,0,0,-73,-79,-79,0,0,-72,-71,-81,-81,-82,-80,0,0,-68,-69,-70,-76,-62,-63,-77,-84,-71,-71,-71,-71,-65,-65,0,0,-84,-85,0,-85,-84,-79,-79,-80,-79,-84,-83,0,0,-78,-78,-54,-62
0,0,-76,-76,-71,0,0,-73,-79,-79,0,0,-72,-71,-81,-81,-82,-80,0,0,-68,-69,-70,-76,-62,-63,-77,-84,-71,-71,-71,-71,-65,-65,0,0,-84,-85,0,-85,-84,-79,-79,-80,-79,-84,-83,0,0,-78,-78,-54,-62
0,0,-76,-76,-71,0,0,-69,-78,-78,0,0,-71,-71,-80,-81,-82,0,0,0,-69,-69,-70,-70,-61,-61,-77,-84,-67,-68,-71,-75,-66,-66,0,0,-76,-86,0,-81,-80,-78,-79,-80,-79,-84,-83,0,0,-75,-75,-58,-67
0,0,-76,-76,-71,0,0,-69,-78,-78,0,0,-71,-71,-80,-81,-82,0,0,0,-69,-69,-70,-70,-61,-61,-77,-84,-67,-68,-71,-75,-66,-66,0,0,-76,-86,0,-81,-80,-78,-79,-80,-79,-84,-83,0,0,-75,-75,-58,-67
0,0,-76,-76,-71,0,0,-69,-78,-78,0,0,-71,-71,-80,-81,-82,0,0,0,-69,-69,-70,-70,-61,-61,-77,-84,-67,-68,-71,-75,-66,-66,0,0,-76,-86,0,-81,-80,-78,-79,-80,-79,-84,-83,0,0,-75,-75,-58,-67
0,0,-76,-76,-71,0,0,-69,-78,-78,0,0,-71,-71,-80,-81,-82,0,0,0,-69,-69,-70,-70,-61,-61,-77,-84,-67,-68,-71,-75,-66,-66,0,0,-76,-86,0,-81,-80,-78,-79,-80,-79,-84,-83,0,0,-75,-75,-58,-67
0,0,-76,-76,-71,0,0,-70,-79,-80,0,0,-73,-73,0,0,0,0,0,0,-66,-65,-72,-71,-60,-60,0,0,-64,-64,0,0,-66,-67,0,0,-76,-77,0,-81,-80,-80,-81,-80,-79,-78,-78,0,0,-76,-76,-57,-64
0,0,-76,-76,-71,0,0,-70,-79,-80,0,0,-73,-73,0,0,0,0,0,0,-66,-65,-72,-71,-60,-60,0,0,-64,-64,0,0,-66,-67,0,0,-76,-77,0,-81,-80,-80,-81,-80,-79,-78,-78,0,0,-76,-76,-57,-64
0,0,-76,-76,-71,0,0,-70,-79,-80,0,0,-73,-73,0,0,0,0,0,0,-66,-65,-72,-71,-60,-60,0,0,-64,-64,0,0,-66,-67,0,0,-76,-77,0,-81,-80,-80,-81,-80,-79,-78,-78,0,0,-76,-76,-57,-64
0,0,-76,-76,-71,0,0,-70,-79,-80,0,0,-73,-73,0,0,0,0,0,0,-66,-65,-72,-71,-60,-60,0,0,-64,-64,0,0,-66,-67,0,0,-76,-77,0,-81,-80,-80,-81,-80,-79,-78,-78,0,0,-76,-76,-57,-64
0,0,-76,-75,-79,0,0,0,-75,-75,0,0,-75,-75,0,0,0,0,0,0,-66,-66,-72,-71,-61,-60,0,0,-64,-64,0,0,-65,-65,0,0,-82,-82,0,-81,-80,-81,-80,-84,-84,-78,-78,0,0,-78,-77,-52,-64
0,0,-76,-75,-79,0,0,0,-75,-75,0,0,-75,-75,0,0,0,0,0,0,-66,-66,-72,-71,-61,-60,0,0,-64,-64,0,0,-65,-65,0,0,-82,-82,0,-81,-80,-81,-80,-84,-84,-78,-78,0,0,-78,-77,-52,-64
0,0,-76,-75,-79,0,0,0,-75,-75,0,0,-75,-75,0,0,0,0,0,0,-66,-66,-72,-71,-61,-60,0,0,-64,-64,0,0,-65,-65,0,0,-82,-82,0,-81,-80,-81,-80,-84,-84,-78,-78,0,0,-78,-77,-52,-64
-76,-75,-73,-73,-79,0,0,0,-76,-76,0,0,-74,-74,0,0,-78,-78,-66,-64,-63,-69,-72,0,-62,-72,0,0,-64,-64,0,0,-67,-67,0,0,-82,-82,0,0,0,-80,-80,-73,-73,-81,-81,0,0,-79,-78,-56,-65
-76,-75,-73,-73,-79,0,0,0,-76,-76,0,0,-74,-74,0,0,-78,-78,-66,-64,-63,-69,-72,0,-62,-72,0,0,-64,-64,0,0,-67,-67,0,0,-82,-82,0,0,0,-80,-80,-73,-73,-81,-81,0,0,-79,-78,-56,-65
-76,-75,-73,-73,-79,0,0,0,-76,-76,0,0,-74,-74,0,0,-78,-78,-66,-64,-63,-69,-72,0,-62,-72,0,0,-64,-64,0,0,-67,-67,0,0,-82,-82,0,0,0,-80,-80,-73,-73,-81,-81,0,0,-79,-78,-56,-65
-76,-75,-73,-73,-79,0,0,0,-76,-76,0,0,-74,-74,0,0,-78,-78,-66,-64,-63,-69,-72,0,-62,-72,0,0,-64,-64,0,0,-67,-67,0,0,-82,-82,0,0,0,-80,-80,-73,-73,-81,-81,0,0,-79,-78,-56,-65
-76,-75,-75,-69,-80,0,0,0,-79,-79,0,0,-75,-75,0,0,-78,-78,-66,-64,-63,-63,-72,0,-67,-68,0,0,-71,-70,0,0,-69,-69,0,0,-79,-79,0,0,0,-71,-72,-73,-73,-81,-81,0,0,-78,-78,-49,-58
-76,-75,-75,-69,-80,0,0,0,-79,-79,0,0,-75,-75,0,0,-78,-78,-66,-64,-63,-63,-72,0,-67,-68,0,0,-71,-70,0,0,-69,-69,0,0,-79,-79,0,0,0,-71,-72,-73,-73,-81,-81,0,0,-78,-78,-49,-58
-76,-75,-75,-69,-80,0,0,0,-79,-79,0,0,-75,-75,0,0,-78,-78,-66,-64,-63,-63,-72,0,-67,-68,0,0,-71,-70,0,0,-69,-69,0,0,-79,-79,0,0,0,-71,-72,-73,-73,-81,-81,0,0,-78,-78,-49,-58
-76,-75,-75,-69,-80,0,0,0,-79,-79,0,0,-75,-75,0,0,-78,-78,-66,-64,-63,-63,-72,0,-67,-68,0,0,-71,-70,0,0,-69,-69,0,0,-79,-79,0,0,0,-71,-72,-73,-73,-81,-81,0,0,-78,-78,-49,-58
-77,-74,-71,-71,0,0,0,0,-78,-78,0,0,-77,-77,0,0,-77,-77,-64,-63,-64,-65,-79,-77,-64,-65,0,0,-68,-68,-71,0,-71,-71,-86,0,-81,-80,0,-76,-76,-74,-74,-74,-74,-74,-74,0,0,-81,-81,-46,-59
-77,-74,-71,-71,0,0,0,0,-78,-78,0,0,-77,-77,0,0,-77,-77,-64,-63,-64,-65,-79,-77,-64,-65,0,0,-68,-68,-71,0,-71,-71,-86,0,-81,-80,0,-76,-76,-74,-74,-74,-74,-74,-74,0,0,-81,-81,-46,-59
-75,-73,-70,-71,0,0,0,0,-81,-79,0,0,-69,-69,-75,-72,0,0,-63,-62,-62,-62,-79,-77,-64,-64,0,0,-68,-68,-71,-74,-66,-65,-86,0,-79,-79,0,-76,-76,-76,-76,-76,-75,-74,-74,0,0,-81,-81,-45,-77
-75,-73,-70,-71,0,0,0,0,-81,-79,0,0,-69,-69,-75,-72,0,0,-63,-62,-62,-62,-79,-77,-64,-64,0,0,-68,-68,-71,-74,-66,-65,-86,0,-79,-79,0,-76,-76,-76,-76,-76,-75,-74,-74,0,0,-81,-81,-45,-77
-75,-73,-70,-71,0,0,0,0,-81,-79,0,0,-69,-69,-75,-72,0,0,-63,-62,-62,-62,-79,-77,-64,-64,0,0,-68,-68,-71,-74,-66,-65,-86,0,-79,-79,0,-76,-76,-76,-76,-76,-75,-74,-74,0,0,-81,-81,-45,-77
-75,-73,-68,-68,0,0,0,0,-81,-81,0,0,-71,-71,-75,-72,-78,-77,-65,-65,-63,-64,-79,-77,-64,-64,0,0,-65,-65,-71,-74,-66,-66,-86,0,-76,-76,0,0,0,-77,-76,-76,-76,-74,-74,0,0,-81,-81,-51,-64
-75,-73,-68,-68,0,0,0,0,-81,-81,0,0,-71,-71,-75,-72,-78,-77,-65,-65,-63,-64,-79,-77,-64,-64,0,0,-65,-65,-71,-74,-66,-66,-86,0,-76,-76,0,0,0,-77,-76,-76,-76,-74,-74,0,0,-81,-81,-51,-64
-75,-73,-68,-68,0,0,0,0,-81,-81,0,0,-71,-71,-75,-72,-78,-77,-65,-65,-63,-64,-79,-77,-64,-64,0,0,-65,-65,-71,-74,-66,-66,-86,0,-76,-76,0,0,0,-77,-76,-76,-76,-74,-74,0,0,-81,-81,-51,-64
-75,-73,-68,-68,0,0,0,0,-81,-81,0,0,-71,-71,-75,-72,-78,-77,-65,-65,-63,-64,-79,-77,-64,-64,0,0,-65,-65,-71,-74,-66,-66,-86,0,-76,-76,0,0,0,-77,-76,-76,-76,-74,-74,0,0,-81,-81,-51,-64
-75,-73,-72,-72,0,0,0,0,-77,-78,0,0,-72,-81,-75,-72,-78,-77,-70,-70,-61,-62,-73,-69,-66,-68,0,0,-69,-68,0,-74,-68,-68,0,-88,-76,-76,0,-76,0,-74,-74,-74,-72,-83,-83,0,0,-80,-80,-44,-69
-75,-73,-72,-72,0,0,0,0,-77,-78,0,0,-72,-81,-75,-72,-78,-77,-70,-70,-61,-62,-73,-69,-66,-68,0,0,-69,-68,0,-74,-68,-68,0,-88,-76,-76,0,-76,0,-74,-74,-74,-72,-83,-83,0,0,-80,-80,-44,-69
-75,-73,-72,-72,0,0,0,0,-77,-78,0,0,-72,-81,-75,-72,-78,-77,-70,-70,-61,-62,-73,-69,-66,-68,0,0,-69,-68,0,-74,-68,-68,0,-88,-76,-76,0,-76,0,-74,-74,-74,-72,-83,-83,0,0,-80,-80,-44,-69
-75,-73,-72,-72,0,0,0,0,-77,-78,0,0,-72,-81,-75,-72,-78,-77,-70,-70,-61,-62,-73,-69,-66,-68,0,0,-69,-68,0,-74,-68,-68,0,-88,-76,-76,0,-76,0,-74,-74,-74,-72,-83,-83,0,0,-80,-80,-44,-69
-74,-71,-69,-69,-80,0,0,0,-77,-77,0,0,-72,-72,-74,-72,-78,-77,0,0,-64,-63,-70,-69,-64,-64,-80,-80,-67,-67,0,0,-73,-73,0,-88,-78,-79,0,-76,0,-70,-71,-72,-73,-83,-83,0,0,-77,-77,-43,-60
-74,-71,-69,-69,-80,0,0,0,-77,-77,0,0,-72,-72,-74,-72,-78,-77,0,0,-64,-63,-70,-69,-64,-64,-80,-80,-67,-67,0,0,-73,-73,0,-88,-78,-79,0,-76,0,-70,-71,-72,-73,-83,-83,0,0,-77,-77,-43,-60
-74,-71,-69,-69,-80,0,0,0,-77,-77,0,0,-72,-72,-74,-72,-78,-77,0,0,-64,-63,-70,-69,-64,-64,-80,-80,-67,-67,0,0,-73,-73,0,-88,-78,-79,0,-76,0,-70,-71,-72,-73,-83,-83,0,0,-77,-77,-43,-60
-72,-70,-70,-70,-80,0,0,0,-79,-78,0,0,-75,-74,-74,-74,-80,-81,0,0,-67,-66,-70,-69,-66,-66,-80,-80,-68,-68,-74,0,-64,-64,0,-88,-77,-78,0,-76,-76,-67,-67,-74,-72,-83,-83,0,0,-75,-74,-43,-62
-72,-70,-70,-70,-80,0,0,0,-79,-78,0,0,-75,-74,-74,-74,-80,-81,0,0,-67,-66,-70,-69,-66,-66,-80,-80,-68,-68,-74,0,-64,-64,0,-88,-77,-78,0,-76,-76,-67,-67,-74,-72,-83,-83,0,0,-75,-74,-43,-62
-72,-70,-70,-70,-80,0,0,0,-79,-78,0,0,-75,-74,-74,-74,-80,-81,0,0,-67,-66,-70,-69,-66,-66,-80,-80,-68,-68,-74,0,-64,-64,0,-88,-77,-78,0,-76,-76,-67,-67,-74,-72,-83,-83,0,0,-75,-74,-43,-62
-72,-70,-70,-70,-80,0,0,0,-79,-78,0,0,-75,-74,-74,-74,-80,-81,0,0,-67,-66,-70,-69,-66,-66,-80,-80,-68,-68,-74,0,-64,-64,0,-88,-77,-78,0,-76,-76,-67,-67,-74,-72,-83,-83,0,0,-75,-74,-43,-62
0,0,-70,-70,-80,0,0,0,-77,-77,0,0,-67,-75,-72,0,-80,-81,0,-77,-65,-65,-70,-71,-66,-66,-80,-80,-68,-68,-74,0,-63,-63,0,-86,-78,-78,0,0,-76,-75,-66,-72,-72,0,0,0,0,-77,-75,-42,-62
0,0,-70,-70,-80,0,0,0,-77,-77,0,0,-67,-75,-72,0,-80,-81,0,-77,-65,-65,-70,-71,-66,-66,-80,-80,-68,-68,-74,0,-63,-63,0,-86,-78,-78,0,0,-76,-75,-66,-72,-72,0,0,0,0,-77,-75,-42,-62
0,0,-70,-70,-80,0,0,0,-77,-77,0,0,-67,-75,-72,0,-80,-81,0,-77,-65,-65,-70,-71,-66,-66,-80,-80,-68,-68,-74,0,-63,-63,0,-86,-78,-78,0,0,-76,-75,-66,-72,-72,0,0,0,0,-77,-75,-42,-62
0,0,-70,-70,-80,0,0,0,-77,-77,0,0,-67,-75,-72,0,-80,-81,0,-77,-65,-65,-70,-71,-66,-66,-80,-80,-68,-68,-74,0,-63,-63,0,-86,-78,-78,0,0,-76,-75,-66,-72,-72,0,0,0,0,-77,-75,-42,-62
0,-64,-71,-71,-77,0,0,0,-77,-77,0,0,-73,-73,-72,-67,-78,-78,0,-77,-65,-64,-73,0,-70,-69,0,0,-69,-69,-74,0,-65,-65,0,0,-79,-80,0,-76,-76,-67,-67,-70,-71,0,0,0,0,-75,-76,-42,-66
0,-64,-71,-71,-77,0,0,0,-77,-77,0,0,-73,-73,-72,-67,-78,-78,0,-77,-65,-64,-73,0,-70,-69,0,0,-69,-69,-74,0,-65,-65,0,0,-79,-80,0,-76,-76,-67,-67,-70,-71,0,0,0,0,-75,-76,-42,-66
0,-64,-71,-71,-77,0,0,0,-77,-77,0,0,-73,-73,-72,-67,-78,-78,0,-77,-65,-64,-73,0,-70,-69,0,0,-69,-69,-74,0,-65,-65,0,0,-79,-80,0,-76,-76,-67,-67,-70,-71,0,0,0,0,-75,-76,-42,-66
-70,-64,-71,-71,-77,0,0,0,-79,-77,0,0,-73,-73,-72,-67,-75,-75,0,-77,-67,-67,-73,-72,-69,-70,0,0,-69,-68,0,0,-67,-67,0,0,-78,-79,0,-76,-77,-68,-69,-70,-70,0,0,0,0,-75,-74,-41,-67
-70,-64,-71,-71,-77,0,0,0,-79,-77,0,0,-73,-73,-72,-67,-75,-75,0,-77,-67,-67,-73,-72,-69,-70,0,0,-69,-68,0,0,-67,-67,0,0,-78,-79,0,-76,-77,-68,-69,-70,-70,0,0,0,0,-75,-74,-41,-67
-70,-64,-71,-71,-77,0,0,0,-79,-77,0,0,-73,-73,-72,-67,-75,-75,0,-77,-67,-67,-73,-72,-69,-70,0,0,-69,-68,0,0,-67,-67,0,0,-78,-79,0,-76,-77,-68,-69,-70,-70,0,0,0,0,-75,-74,-41,-67
-70,-64,-71,-71,-77,0,0,0,-79,-77,0,0,-73,-73,-72,-67,-75,-75,0,-77,-67,-67,-73,-72,-69,-70,0,0,-69,-68,0,0,-67,-67,0,0,-78,-79,0,-76,-77,-68,-69,-70,-70,0,0,0,0,-75,-74,-41,-67
-70,-64,-69,-69,-77,0,0,0,-80,-80,0,0,-71,-71,-70,-67,-75,-75,0,0,-67,-67,-74,-72,-71,-71,0,0,-69,-69,0,0,-68,-68,0,-89,-75,-75,0,-76,-76,-71,-71,-70,-70,-78,-78,0,0,-74,-74,-45,-72
-70,-64,-69,-69,-77,0,0,0,-80,-80,0,0,-71,-71,-70,-67,-75,-75,0,0,-67,-67,-74,-72,-71,-71,0,0,-69,-69,0,0,-68,-68,0,-89,-75,-75,0,-76,-76,-71,-71,-70,-70,-78,-78,0,0,-74,-74,-45,-72
-70,-64,-69,-69,-77,0,0,0,-80,-80,0,0,-71,-71,-70,-67,-75,-75,0,0,-67,-67,-74,-72,-71,-71,0,0,-69,-69,0,0,-68,-68,0,-89,-75,-75,0,-76,-76,-71,-71,-70,-70,-78,-78,0,0,-74,-74,-45,-72
-70,-64,-69,-69,-77,0,0,0,-80,-80,0,0,-71,-71,-70,-67,-75,-75,0,0,-67,-67,-74,-72,-71,-71,0,0,-69,-69,0,0,-68,-68,0,-89,-75,-75,0,-76,-76,-71,-71,-70,-70,-78,-78,0,0,-74,-74,-45,-72
-70,-64,-66,-66,-77,0,0,0,-76,-75,0,0,-70,-70,-73,-67,-75,-75,-65,-65,-65,-62,-74,-72,-70,-72,0,0,-71,-71,0,0,-68,-68,0,-89,-76,-76,0,0,-75,-69,-69,-70,-69,-78,-78,0,0,-75,-76,-44,-73
-70,-64,-66,-66,-77,0,0,0,-76,-75,0,0,-70,-70,-73,-67,-75,-75,-65,-65,-65,-62,-74,-72,-70,-72,0,0,-71,-71,0,0,-68,-68,0,-89,-76,-76,0,0,-75,-69,-69,-70,-69,-78,-78,0,0,-75,-76,-44,-73
-70,-64,-66,-66,-77,0,0,0,-76,-75,0,0,-70,-70,-73,-67,-75,-75,-65,-65,-65,-62,-74,-72,-70,-72,0,0,-71,-71,0,0,-68,-68,0,-89,-76,-76,0,0,-75,-69,-69,-70,-69,-78,-78,0,0,-75,-76,-44,-73
0,-70,-66,-66,0,0,0,0,-76,-77,0,0,-70,-70,-73,-70,-78,-79,-65,-65,-64,-62,-74,-72,-66,-69,0,0,-67,-67,0,0,-67,-67,0,-89,-76,-78,0,-72,-75,-69,-69,-73,-73,-78,-78,0,0,-79,-77,-42,-63
0,-70,-66,-66,0,0,0,0,-76,-77,0,0,-70,-70,-73,-70,-78,-79,-65,-65,-64,-62,-74,-72,-66,-69,0,0,-67,-67,0,0,-67,-67,0,-89,-76,-78,0,-72,-75,-69,-69,-73,-73,-78,-78,0,0,-79,-77,-42,-63
0,-70,-66,-66,0,0,0,0,-76,-77,0,0,-70,-70,-73,-70,-78,-79,-65,-65,-64,-62,-74,-72,-66,-69,0,0,-67,-67,0,0,-67,-67,0,-89,-76,-78,0,-72,-75,-69,-69,-73,-73,-78,-78,0,0,-79,-77,-42,-63
0,-70,-66,-66,0,0,0,0,-76,-77,0,0,-70,-70,-73,-70,-78,-79,-65,-65,-64,-62,-74,-72,-66,-69,0,0,-67,-67,0,0,-67,-67,0,-89,-76,-78,0,-72,-75,-69,-69,-73,-73,-78,-78,0,0,-79,-77,-42,-63
0,-70,-64,-64,-76,0,0,0,-76,-77,0,0,-70,-72,0,-70,-78,-79,-65,-65,-65,-64,-70,-68,-69,-69,0,0,-69,-69,-68,0,-69,-70,-84,0,-79,-79,0,-72,-75,-75,-73,-72,-72,-77,-78,0,0,-78,-78,-45,-60
0,-70,-64,-64,-76,0,0,0,-76,-77,0,0,-70,-72,0,-70,-78,-79,-65,-65,-65,-64,-70,-68,-69,-69,0,0,-69,-69,-68,0,-69,-70,-84,0,-79,-79,0,-72,-75,-75,-73,-72,-72,-77,-78,0,0,-78,-78,-45,-60
0,-70,-64,-64,-76,0,0,0,-76,-77,0,0,-70,-72,0,-70,-78,-79,-65,-65,-65,-64,-70,-68,-69,-69,0,0,-69,-69,-68,0,-69,-70,-84,0,-79,-79,0,-72,-75,-75,-73,-72,-72,-77,-78,0,0,-78,-78,-45,-60
0,-70,-64,-64,-76,0,0,0,-76,-77,0,0,-70,-72,0,-70,-78,-79,-65,-65,-65,-64,-70,-68,-69,-69,0,0,-69,-69,-68,0,-69,-70,-84,0,-79,-79,0,-72,-75,-75,-73,-72,-72,-77,-78,0,0,-78,-78,-45,-60
0,0,-69,-68,-76,0,0,0,-79,-80,0,0,-73,-73,0,-70,-78,-79,-65,-63,-65,-65,-70,-68,-69,-71,0,0,-65,-65,-68,0,-67,-67,-84,0,-78,-78,0,-72,-71,-82,-81,-79,-79,-77,-78,0,-84,-78,-77,-44,-64
0,0,-69,-68,-76,0,0,0,-79,-80,0,0,-73,-73,0,-70,-78,-79,-65,-63,-65,-65,-70,-68,-69,-71,0,0,-65,-65,-68,0,-67,-67,-84,0,-78,-78,0,-72,-71,-82,-81,-79,-79,-77,-78,0,-84,-78,-77,-44,-64
0,0,-69,-68,-76,0,0,0,-79,-80,0,0,-73,-73,0,-70,-78,-79,-65,-63,-65,-65,-70,-68,-69,-71,0,0,-65,-65,-68,0,-67,-67,-84,0,-78,-78,0,-72,-71,-82,-81,-79,-79,-77,-78,0,-84,-78,-77,-44,-64
0,0,-69,-68,-76,0,0,0,-79,-80,0,0,-73,-73,0,-70,-78,-79,-65,-63,-65,-65,-70,-68,-69,-71,0,0,-65,-65,-68,0,-67,-67,-84,0,-78,-78,0,-72,-71,-82,-81,-79,-79,-77,-78,0,-84,-78,-77,-44,-64
0,-70,-71,-70,-76,0,0,0,-77,-77,0,0,-69,-69,0,0,-80,-83,-64,-62,-63,-63,0,-68,-68,-68,0,0,-67,-67,-68,0,-66,-66,-84,0,-78,-78,0,-73,-72,-75,-75,-75,-74,-77,-78,0,-84,-77,-76,-42,-61
0,-70,-71,-70,-76,0,0,0,-77,-77,0,0,-69,-69,0,0,-80,-83,-64,-62,-63,-63,0,-68,-68,-68,0,0,-67,-67,-68,0,-66,-66,-84,0,-78,-78,0,-73,-72,-75,-75,-75,-74,-77,-78,0,-84,-77,-76,-42,-61
0,-70,-71,-70,-76,0,0,0,-77,-77,0,0,-69,-69,0,0,-80,-83,-64,-62,-63,-63,0,-68,-68,-68,0,0,-67,-67,-68,0,-66,-66,-84,0,-78,-78,0,-73,-72,-75,-75,-75,-74,-77,-78,0,-84,-77,-76,-42,-61
0,-70,-69,-69,0,0,0,0,-77,-77,0,0,-70,-70,0,0,-80,-79,-64,-64,-64,-63,0,-68,-66,-69,0,0,-62,-62,-66,0,-66,-66,0,0,-79,-79,0,-73,-72,-73,-74,-75,-77,-77,-77,0,-84,-79,-79,-44,-61
0,-70,-69,-69,0,0,0,0,-77,-77,0,0,-70,-70,0,0,-80,-79,-64,-64,-64,-63,0,-68,-66,-69,0,0,-62,-62,-66,0,-66,-66,0,0,-79,-79,0,-73,-72,-73,-74,-75,-77,-77,-77,0,-84,-79,-79,-44,-61
0,-70,-69,-69,0,0,0,0,-77,-77,0,0,-70,-70,0,0,-80,-79,-64,-64,-64,-63,0,-68,-66,-69,0,0,-62,-62,-66,0,-66,-66,0,0,-79,-79,0,-73,-72,-73,-74,-75,-77,-77,-77,0,-84,-79,-79,-44,-61
0,-70,-69,-69,0,0,0,0,-77,-77,0,0,-70,-70,0,0,-80,-79,-64,-64,-64,-63,0,-68,-66,-69,0,0,-62,-62,-66,0,-66,-66,0,0,-79,-79,0,-73,-72,-73,-74,-75,-77,-77,-77,0,-84,-79,-79,-44,-61
0,-70,-66,-67,0,0,0,0,-74,-75,0,0,-70,-69,0,-66,-80,-79,-68,-68,-60,-61,0,0,-67,-69,0,0,-65,-65,0,0,-74,-73,0,0,-76,-76,0,0,0,-76,-76,0,0,-77,-77,0,0,-80,-79,-47,-61
0,-70,-66,-67,0,0,0,0,-74,-75,0,0,-70,-69,0,-66,-80,-79,-68,-68,-60,-61,0,0,-67,-69,0,0,-65,-65,0,0,-74,-73,0,0,-76,-76,0,0,0,-76,-76,0,0,-77,-77,0,0,-80,-79,-47,-61
0,-70,-66,-67,0,0,0,0,-74,-75,0,0,-70,-69,0,-66,-80,-79,-68,-68,-60,-61,0,0,-67,-69,0,0,-65,-65,0,0,-74,-73,0,0,-76,-76,0,0,0,-76,-76,0,0,-77,-77,0,0,-80,-79,-47,-61
0,-70,-66,-67,0,0,0,0,-74,-75,0,0,-70,-69,0,-66,-80,-79,-68,-68,-60,-61,0,0,-67,-69,0,0,-65,-65,0,0,-74,-73,0,0,-76,-76,0,0,0,-76,-76,0,0,-77,-77,0,0,-80,-79,-47,-61
0,-73,-72,-71,0,0,0,0,-78,-78,0,0,-83,-83,-68,-66,-77,-78,-68,-63,-68,-68,0,0,-62,-68,-77,0,-73,-73,0,-80,-72,-72,0,0,-80,-79,0,0,0,-79,-78,-76,-77,0,0,0,0,-80,-79,-44,-60
0,-73,-72,-71,0,0,0,0,-78,-78,0,0,-83,-83,-68,-66,-77,-78,-68,-63,-68,-68,0,0,-62,-68,-77,0,-73,-73,0,-80,-72,-72,0,0,-80,-79,0,0,0,-79,-78,-76,-77,0,0,0,0,-80,-79,-44,-60
0,-73,-72,-71,0,0,0,0,-78,-78,0,0,-83,-83,-68,-66,-77,-78,-68,-63,-68,-68,0,0,-62,-68,-77,0,-73,-73,0,-80,-72,-72,0,0,-80,-79,0,0,0,-79,-78,-76,-77,0,0,0,0,-80,-79,-44,-60
0,-73,-72,-71,0,0,0,0,-78,-78,0,0,-83,-83,-68,-66,-77,-78,-68,-63,-68,-68,0,0,-62,-68,-77,0,-73,-73,0,-80,-72,-72,0,0,-80,-79,0,0,0,-79,-78,-76,-77,0,0,0,0,-80,-79,-44,-60
-74,-71,-69,-69,0,0,0,0,-79,-79,0,0,-78,-78,-68,-65,0,0,-66,-64,-67,-69,-75,-74,-66,-66,-77,0,-73,-73,-75,-80,-67,-70,0,0,-76,-76,0,0,-80,-76,-78,-76,-77,0,0,0,0,0,0,-48,-59
-74,-71,-69,-69,0,0,0,0,-79,-79,0,0,-78,-78,-68,-65,0,0,-66,-64,-67,-69,-75,-74,-66,-66,-77,0,-73,-73,-75,-80,-67,-70,0,0,-76,-76,0,0,-80,-76,-78,-76,-77,0,0,0,0,0,0,-48,-59
-74,-71,-69,-69,0,0,0,0,-79,-79,0,0,-78,-78,-68,-65,0,0,-66,-64,-67,-69,-75,-74,-66,-66,-77,0,-73,-73,-75,-80,-67,-70,0,0,-76,-76,0,0,-80,-76,-78,-76,-77,0,0,0,0,0,0,-48,-59
-74,-71,-70,-70,0,0,0,-77,-77,-77,0,0,-80,-78,-69,-66,0,0,-66,-64,-72,-70,-75,-74,-66,-66,0,0,-72,-72,-75,-77,-75,-75,0,0,-76,-77,0,0,-80,-84,-84,-77,-77,0,0,0,0,-80,-81,-47,-60
-74,-71,-70,-70,0,0,0,-77,-77,-77,0,0,-80,-78,-69,-66,0,0,-66,-64,-72,-70,-75,-74,-66,-66,0,0,-72,-72,-75,-77,-75,-75,0,0,-76,-77,0,0,-80,-84,-84,-77,-77,0,0,0,0,-80,-81,-47,-60
-74,-71,-70,-70,0,0,0,-77,-77,-77,0,0,-80,-78,-69,-66,0,0,-66,-64,-72,-70,-75,-74,-66,-66,0,0,-72,-72,-75,-77,-75,-75,0,0,-76,-77,0,0,-80,-84,-84,-77,-77,0,0,0,0,-80,-81,-47,-60
-74,-71,-70,-70,0,0,0,-77,-77,-77,0,0,-80,-78,-69,-66,0,0,-66,-64,-72,-70,-75,-74,-66,-66,0,0,-72,-72,-75,-77,-75,-75,0,0,-76,-77,0,0,-80,-84,-84,-77,-77,0,0,0,0,-80,-81,-47,-60
-74,-71,-70,-71,0,0,0,-77,-80,-80,0,0,-75,-75,-69,-65,0,0,-66,-64,-68,-68,0,-74,-64,-66,0,0,-72,-72,-77,-76,-73,-74,0,0,-76,-77,0,0,0,-84,-82,-77,-77,-81,-81,0,0,-80,-81,-48,-58
-74,-71,-70,-71,0,0,0,-77,-80,-80,0,0,-75,-75,-69,-65,0,0,-66,-64,-68,-68,0,-74,-64,-66,0,0,-72,-72,-77,-76,-73,-74,0,0,-76,-77,0,0,0,-84,-82,-77,-77,-81,-81,0,0,-80,-81,-48,-58
-74,-71,-70,-71,0,0,0,-77,-80,-80,0,0,-75,-75,-69,-65,0,0,-66,-64,-68,-68,0,-74,-64,-66,0,0,-72,-72,-77,-76,-73,-74,0,0,-76,-77,0,0,0,-84,-82,-77,-77,-81,-81,0,0,-80,-81,-48,-58
0,-72,-70,-70,0,0,0,-77,-78,-77,-82,0,-77,-77,-69,-66,0,0,-64,-61,-70,-70,0,0,-65,-64,0,-83,-69,-69,-77,-76,-73,-73,0,0,-79,-80,0,0,0,-83,-80,-77,-78,-81,-81,0,-88,-80,-81,-44,-59
0,-72,-70,-70,0,0,0,-77,-78,-77,-82,0,-77,-77,-69,-66,0,0,-64,-61,-70,-70,0,0,-65,-64,0,-83,-69,-69,-77,-76,-73,-73,0,0,-79,-80,0,0,0,-83,-80,-77,-78,-81,-81,0,-88,-80,-81,-44,-59
0,-72,-70,-70,0,0,0,-77,-78,-77,-82,0,-77,-77,-69,-66,0,0,-64,-61,-70,-70,0,0,-65,-64,0,-83,-69,-69,-77,-76,-73,-73,0,0,-79,-80,0,0,0,-83,-80,-77,-78,-81,-81,0,-88,-80,-81,-44,-59
0,-72,-70,-70,0,0,0,-77,-78,-77,-82,0,-77,-77,-69,-66,0,0,-64,-61,-70,-70,0,0,-65,-64,0,-83,-69,-69,-77,-76,-73,-73,0,0,-79,-80,0,0,0,-83,-80,-77,-78,-81,-81,0,-88,-80,-81,-44,-59
0,-71,-72,-71,0,0,0,-80,-79,-80,-82,0,-78,-78,-69,-68,0,0,-68,-64,-69,-69,0,0,-67,-67,0,-83,-77,-77,-77,-76,-74,-74,0,0,-77,-78,0,0,0,-82,-82,-79,-78,-81,-81,0,-88,-80,-79,-45,-59
0,-71,-72,-71,0,0,0,-80,-79,-80,-82,0,-78,-78,-69,-68,0,0,-68,-64,-69,-69,0,0,-67,-67,0,-83,-77,-77,-77,-76,-74,-74,0,0,-77,-78,0,0,0,-82,-82,-79,-78,-81,-81,0,-88,-80,-79,-45,-59
0,-71,-72,-71,0,0,0,-80,-79,-80,-82,0,-78,-78,-69,-68,0,0,-68,-64,-69,-69,0,0,-67,-67,0,-83,-77,-77,-77,-76,-74,-74,0,0,-77,-78,0,0,0,-82,-82,-79,-78,-81,-81,0,-88,-80,-79,-45,-59
0,-71,-72,-71,0,0,0,-80,-79,-80,-82,0,-78,-78,-69,-68,0,0,-68,-64,-69,-69,0,0,-67,-67,0,-83,-77,-77,-77,-76,-74,-74,0,0,-77,-78,0,0,0,-82,-82,-79,-78,-81,-81,0,-88,-80,-79,-45,-59
0,-71,-72,-72,0,0,0,-80,-77,-77,-82,0,-79,-79,-70,-67,-76,-77,-68,-64,-67,-67,0,0,-65,-68,0,-83,-73,-73,-74,-75,-75,-75,0,0,-72,-72,0,0,0,-79,-81,-78,-79,-81,-79,0,-88,-80,-83,-45,-62
0,-71,-72,-72,0,0,0,-80,-77,-77,-82,0,-79,-79,-70,-67,-76,-77,-68,-64,-67,-67,0,0,-65,-68,0,-83,-73,-73,-74,-75,-75,-75,0,0,-72,-72,0,0,0,-79,-81,-78,-79,-81,-79,0,-88,-80,-83,-45,-62
0,-71,-72,-72,0,0,0,-80,-77,-77,-82,0,-79,-79,-70,-67,-76,-77,-68,-64,-67,-67,0,0,-65,-68,0,-83,-73,-73,-74,-75,-75,-75,0,0,-72,-72,0,0,0,-79,-81,-78,-79,-81,-79,0,-88,-80,-83,-45,-62
0,-71,-67,-67,0,0,0,0,-73,-74,0,0,-78,-78,-72,-69,-76,-77,-68,-65,-69,-68,0,0,-64,-66,0,0,-70,-70,0,-74,-68,-69,0,0,-75,-75,0,-81,-81,-77,-78,-77,-77,-80,-79,0,0,-81,-80,-49,-60
0,-71,-67,-67,0,0,0,0,-73,-74,0,0,-78,-78,-72,-69,-76,-77,-68,-65,-69,-68,0,0,-64,-66,0,0,-70,-70,0,-74,-68,-69,0,0,-75,-75,0,-81,-81,-77,-78,-77,-77,-80,-79,0,0,-81,-80,-49,-60
0,-71,-67,-67,0,0,0,0,-73,-74,0,0,-78,-78,-72,-69,-76,-77,-68,-65,-69,-68,0,0,-64,-66,0,0,-70,-70,0,-74,-68,-69,0,0,-75,-75,0,-81,-81,-77,-78,-77,-77,-80,-79,0,0,-81,-80,-49,-60
0,-71,-67,-67,0,0,0,0,-73,-74,0,0,-78,-78,-72,-69,-76,-77,-68,-65,-69,-68,0,0,-64,-66,0,0,-70,-70,0,-74,-68,-69,0,0,-75,-75,0,-81,-81,-77,-78,-77,-77,-80,-79,0,0,-81,-80,-49,-60
-75,-71,-66,-67,0,0,0,0,-81,-81,0,0,-73,-74,-71,-68,-76,-77,-68,-64,-67,-67,0,0,-64,-65,0,0,-72,-73,0,0,-71,-70,0,0,-75,-75,0,-81,-81,-80,-79,-77,-77,-79,-80,0,0,-80,-80,-48,-59
-75,-71,-66,-67,0,0,0,0,-81,-81,0,0,-73,-74,-71,-68,-76,-77,-68,-64,-67,-67,0,0,-64,-65,0,0,-72,-73,0,0,-71,-70,0,0,-75,-75,0,-81,-81,-80,-79,-77,-77,-79,-80,0,0,-80,-80,-48,-59
-75,-71,-66,-67,0,0,0,0,-81,-81,0,0,-73,-74,-71,-68,-76,-77,-68,-64,-67,-67,0,0,-64,-65,0,0,-72,-73,0,0,-71,-70,0,0,-75,-75,0,-81,-81,-80,-79,-77,-77,-79,-80,0,0,-80,-80,-48,-59
-75,-71,-66,-67,0,0,0,0,-81,-81,0,0,-73,-74,-71,-68,-76,-77,-68,-64,-67,-67,0,0,-64,-65,0,0,-72,-73,0,0,-71,-70,0,0,-75,-75,0,-81,-81,-80,-79,-77,-77,-79,-80,0,0,-80,-80,-48,-59
-75,-72,-66,-67,-80,0,0,0,-78,-78,0,0,-75,-75,-70,-68,-76,-76,-68,-64,-66,-67,0,0,-65,-65,0,0,-70,-69,0,0,-71,-71,0,0,-77,-76,0,-81,-81,-79,-78,-77,-77,-80,-80,0,0,-80,-81,-48,-60
-75,-72,-66,-67,-80,0,0,0,-78,-78,0,0,-75,-75,-70,-68,-76,-76,-68,-64,-66,-67,0,0,-65,-65,0,0,-70,-69,0,0,-71,-71,0,0,-77,-76,0,-81,-81,-79,-78,-77,-77,-80,-80,0,0,-80,-81,-48,-60
-75,-72,-66,-67,-80,0,0,0,-78,-78,0,0,-75,-75,-70,-68,-76,-76,-68,-64,-66,-67,0,0,-65,-65,0,0,-70,-69,0,0,-71,-71,0,0,-77,-76,0,-81,-81,-79,-78,-77,-77,-80,-80,0,0,-80,-81,-48,-60
-75,-72,-69,-69,-80,0,0,0,-82,-83,0,0,-76,-76,-70,-69,-76,-76,0,-64,-67,-66,0,0,-65,-68,0,0,-69,-70,-71,0,-73,-73,0,0,-79,-80,0,-83,0,-79,-79,-79,-77,-80,-80,0,0,-80,-79,-51,-59
-75,-72,-69,-69,-80,0,0,0,-82,-83,0,0,-76,-76,-70,-69,-76,-76,0,-64,-67,-66,0,0,-65,-68,0,0,-69,-70,-71,0,-73,-73,0,0,-79,-80,0,-83,0,-79,-79,-79,-77,-80,-80,0,0,-80,-79,-51,-59
-75,-72,-69,-69,-80,0,0,0,-82,-83,0,0,-76,-76,-70,-69,-76,-76,0,-64,-67,-66,0,0,-65,-68,0,0,-69,-70,-71,0,-73,-73,0,0,-79,-80,0,-83,0,-79,-79,-79,-77,-80,-80,0,0,-80,-79,-51,-59
-75,-72,-69,-69,-80,0,0,0,-82,-83,0,0,-76,-76,-70,-69,-76,-76,0,-64,-67,-66,0,0,-65,-68,0,0,-69,-70,-71,0,-73,-73,0,0,-79,-80,0,-83,0,-79,-79,-79,-77,-80,-80,0,0,-80,-79,-51,-59
-74,-72,-70,-69,-80,0,0,0,-81,-82,0,0,-73,-74,-70,-69,-83,-84,0,-67,-66,-66,0,0,-64,-71,0,0,-70,-70,-71,0,-72,-72,0,0,-80,-80,0,-83,0,-78,-77,-78,-80,-80,-80,0,0,-79,-80,-46,-59
-74,-72,-70,-69,-80,0,0,0,-81,-82,0,0,-73,-74,-70,-69,-83,-84,0,-67,-66,-66,0,0,-64,-71,0,0,-70,-70,-71,0,-72,-72,0,0,-80,-80,0,-83,0,-78,-77,-78,-80,-80,-80,0,0,-79,-80,-46,-59
-74,-72,-70,-69,-80,0,0,0,-81,-82,0,0,-73,-74,-70,-69,-83,-84,0,-67,-66,-66,0,0,-64,-71,0,0,-70,-70,-71,0,-72,-72,0,0,-80,-80,0,-83,0,-78,-77,-78,-80,-80,-80,0,0,-79,-80,-46,-59
-74,-72,-70,-69,-80,0,0,0,-81,-82,0,0,-73,-74,-70,-69,-83,-84,0,-67,-66,-66,0,0,-64,-71,0,0,-70,-70,-71,0,-72,-72,0,0,-80,-80,0,-83,0,-78,-77,-78,-80,-80,-80,0,0,-79,-80,-46,-59
-74,-73,-70,-71,-83,0,0,0,-81,-80,0,0,-72,-72,-70,-68,0,0,-66,-66,-66,-68,0,0,-64,-64,0,0,-72,-72,-71,0,-67,-67,0,0,-79,-78,0,0,0,-79,-81,-78,-80,-80,-79,0,0,-81,-81,-45,-59
-74,-73,-70,-71,-83,0,0,0,-81,-80,0,0,-72,-72,-70,-68,0,0,-66,-66,-66,-68,0,0,-64,-64,0,0,-72,-72,-71,0,-67,-67,0,0,-79,-78,0,0,0,-79,-81,-78,-80,-80,-79,0,0,-81,-81,-45,-59
-74,-73,-70,-71,-83,0,0,0,-81,-80,0,0,-72,-72,-70,-68,0,0,-66,-66,-66,-68,0,0,-64,-64,0,0,-72,-72,-71,0,-67,-67,0,0,-79,-78,0,0,0,-79,-81,-78,-80,-80,-79,0,0,-81,-81,-45,-59
-74,-73,-70,-71,-83,0,0,0,-81,-80,0,0,-72,-72,-70,-68,0,0,-66,-66,-66,-68,0,0,-64,-64,0,0,-72,-72,-71,0,-67,-67,0,0,-79,-78,0,0,0,-79,-81,-78,-80,-80,-79,0,0,-81,-81,-45,-59
-74,-73,-70,-71,-83,0,0,0,-81,-80,0,0,-72,-72,-70,-68,0,0,-66,-66,-66,-68,0,0,-64,-64,0,0,-72,-72,-71,0,-67,-67,0,0,-79,-78,0,0,0,-79,-81,-78,-80,-80,-79,0,0,-81,-81,-45,-59
-78,-76,-67,-67,0,0,0,0,-80,-80,0,0,-73,-73,-69,-68,0,0,-66,-63,-69,-70,0,0,-62,-62,0,0,-77,-76,0,0,-67,-67,0,0,-77,-77,0,0,0,-80,-79,-78,-78,-78,-78,0,0,-80,-80,-45,-60
-73,-71,-69,-69,0,0,0,0,-76,-76,0,0,-75,-75,0,0,0,0,0,-66,-69,-68,-74,-76,-66,-73,0,0,-69,-69,0,-73,-68,-69,0,0,-80,-79,0,0,0,-80,-77,-77,-77,0,0,0,0,-80,-80,-46,-61
-73,-71,-69,-69,0,0,0,0,-76,-76,0,0,-75,-75,0,0,0,0,0,-66,-69,-68,-74,-76,-66,-73,0,0,-69,-69,0,-73,-68,-69,0,0,-80,-79,0,0,0,-80,-77,-77,-77,0,0,0,0,-80,-80,-46,-61
-73,-71,-69,-69,0,0,0,0,-76,-76,0,0,-75,-75,0,0,0,0,0,-66,-69,-68,-74,-76,-66,-73,0,0,-69,-69,0,-73,-68,-69,0,0,-80,-79,0,0,0,-80,-77,-77,-77,0,0,0,0,-80,-80,-46,-61
-73,-71,-68,-68,-75,-78,-79,0,-79,-78,0,0,-74,-74,0,0,-79,-83,-75,-62,-69,-68,-74,-76,-62,-62,0,-76,-70,-70,0,-73,-67,-66,0,0,-79,-78,0,0,0,-78,-78,0,0,0,0,0,0,-81,-82,-47,-56
-73,-71,-68,-68,-75,-78,-79,0,-79,-78,0,0,-74,-74,0,0,-79,-83,-75,-62,-69,-68,-74,-76,-62,-62,0,-76,-70,-70,0,-73,-67,-66,0,0,-79,-78,0,0,0,-78,-78,0,0,0,0,0,0,-81,-82,-47,-56
-73,-71,-68,-68,-75,-78,-79,0,-79,-78,0,0,-74,-74,0,0,-79,-83,-75,-62,-69,-68,-74,-76,-62,-62,0,-76,-70,-70,0,-73,-67,-66,0,0,-79,-78,0,0,0,-78,-78,0,0,0,0,0,0,-81,-82,-47,-56
-73,-71,-68,-68,-75,-78,-79,0,-79,-78,0,0,-74,-74,0,0,-79,-83,-75,-62,-69,-68,-74,-76,-62,-62,0,-76,-70,-70,0,-73,-67,-66,0,0,-79,-78,0,0,0,-78,-78,0,0,0,0,0,0,-81,-82,-47,-56
-73,-70,-76,-75,-75,-78,-79,0,-76,-76,0,0,-76,-75,-73,-71,-79,-83,-75,-73,-70,-70,-78,0,-67,-67,0,-76,-65,-65,0,0,-74,-74,0,0,-84,-85,0,0,0,-78,-79,0,0,0,0,0,0,-80,-82,-62,-68
-73,-70,-76,-75,-75,-78,-79,0,-76,-76,0,0,-76,-75,-73,-71,-79,-83,-75,-73,-70,-70,-78,0,-67,-67,0,-76,-65,-65,0,0,-74,-74,0,0,-84,-85,0,0,0,-78,-79,0,0,0,0,0,0,-80,-82,-62,-68
-73,-70,-76,-75,-75,-78,-79,0,-76,-76,0,0,-76,-75,-73,-71,-79,-83,-75,-73,-70,-70,-78,0,-67,-67,0,-76,-65,-65,0,0,-74,-74,0,0,-84,-85,0,0,0,-78,-79,0,0,0,0,0,0,-80,-82,-62,-68
-73,-70,-76,-75,-75,-78,-79,0,-76,-76,0,0,-76,-75,-73,-71,-79,-83,-75,-73,-70,-70,-78,0,-67,-67,0,-76,-65,-65,0,0,-74,-74,0,0,-84,-85,0,0,0,-78,-79,0,0,0,0,0,0,-80,-82,-62,-68
0,-70,-75,-75,-68,0,0,0,-83,-83,0,0,-74,-74,-73,-71,-83,-83,-73,-66,-63,-64,-78,0,-68,-71,0,-77,-62,-62,-78,0,-78,-77,0,0,-86,-85,0,0,0,-84,-82,-84,0,0,0,0,0,0,0,-63,-69
-73,-70,-75,-75,-74,0,0,0,-84,-83,0,0,-76,-74,-76,-75,-83,-84,-73,-68,-68,-68,-80,0,-67,-68,0,-77,-65,-65,-78,-77,-70,-71,0,0,-81,-81,0,0,0,-83,-82,-84,-85,0,0,0,0,0,0,-52,-65
-73,-70,-75,-75,-74,0,0,0,-84,-83,0,0,-76,-74,-76,-75,-83,-84,-73,-68,-68,-68,-80,0,-67,-68,0,-77,-65,-65,-78,-77,-70,-71,0,0,-81,-81,0,0,0,-83,-82,-84,-85,0,0,0,0,0,0,-52,-65
-73,-70,-75,-75,-74,0,0,0,-84,-83,0,0,-76,-74,-76,-75,-83,-84,-73,-68,-68,-68,-80,0,-67,-68,0,-77,-65,-65,-78,-77,-70,-71,0,0,-81,-81,0,0,0,-83,-82,-84,-85,0,0,0,0,0,0,-52,-65
-73,-70,-75,-75,-74,0,0,0,-84,-83,0,0,-76,-74,-76,-75,-83,-84,-73,-68,-68,-68,-80,0,-67,-68,0,-77,-65,-65,-78,-77,-70,-71,0,0,-81,-81,0,0,0,-83,-82,-84,-85,0,0,0,0,0,0,-52,-65
-73,-70,-74,-76,-74,-78,-78,-83,-84,-83,0,0,-75,-75,-76,-75,-82,-82,-72,-71,-66,-65,-80,0,-68,-68,-76,-76,-67,-67,-78,-77,-70,-70,0,0,-83,-83,0,0,0,-82,-82,-85,-85,0,0,0,0,-85,-85,-52,-64
-73,-70,-74,-76,-74,-78,-78,-83,-84,-83,0,0,-75,-75,-76,-75,-82,-82,-72,-71,-66,-65,-80,0,-68,-68,-76,-76,-67,-67,-78,-77,-70,-70,0,0,-83,-83,0,0,0,-82,-82,-85,-85,0,0,0,0,-85,-85,-52,-64
-73,-70,-74,-76,-74,-78,-78,-83,-84,-83,0,0,-75,-75,-76,-75,-82,-82,-72,-71,-66,-65,-80,0,-68,-68,-76,-76,-67,-67,-78,-77,-70,-70,0,0,-83,-83,0,0,0,-82,-82,-85,-85,0,0,0,0,-85,-85,-52,-64
-73,-70,-74,-76,-74,-78,-78,-83,-84,-83,0,0,-75,-75,-76,-75,-82,-82,-72,-71,-66,-65,-80,0,-68,-68,-76,-76,-67,-67,-78,-77,-70,-70,0,0,-83,-83,0,0,0,-82,-82,-85,-85,0,0,0,0,-85,-85,-52,-64
-73,-70,-76,-76,0,-78,-78,-83,-84,-83,0,-83,-75,-76,-76,-75,0,0,-72,-70,-65,-65,-80,0,-68,-70,-76,-76,-67,-67,-78,-77,-70,-70,0,0,-82,-82,0,0,0,-82,-82,-85,-85,-84,0,0,0,-85,-85,-58,-65
-73,-70,-76,-76,0,-78,-78,-83,-84,-83,0,-83,-75,-76,-76,-75,0,0,-72,-70,-65,-65,-80,0,-68,-70,-76,-76,-67,-67,-78,-77,-70,-70,0,0,-82,-82,0,0,0,-82,-82,-85,-85,-84,0,0,0,-85,-85,-58,-65
-73,-70,-76,-76,0,-78,-78,-83,-84,-83,0,-83,-75,-76,-76,-75,0,0,-72,-70,-65,-65,-80,0,-68,-70,-76,-76,-67,-67,-78,-77,-70,-70,0,0,-82,-82,0,0,0,-82,-82,-85,-85,-84,0,0,0,-85,-85,-58,-65
-71,0,-74,-74,0,-78,-78,-83,-84,-83,0,-83,-76,-75,-79,-77,-82,-81,-72,-70,-65,-66,0,0,-68,-69,-76,-76,-66,-65,-78,-80,-70,-70,-87,0,-82,-81,0,-80,-81,-82,-82,-85,-87,-84,0,0,0,-85,-85,-59,-65
-71,0,-74,-74,0,-78,-78,-83,-84,-83,0,-83,-76,-75,-79,-77,-82,-81,-72,-70,-65,-66,0,0,-68,-69,-76,-76,-66,-65,-78,-80,-70,-70,-87,0,-82,-81,0,-80,-81,-82,-82,-85,-87,-84,0,0,0,-85,-85,-59,-65
-71,0,-74,-74,0,-78,-78,-83,-84,-83,0,-83,-76,-75,-79,-77,-82,-81,-72,-70,-65,-66,0,0,-68,-69,-76,-76,-66,-65,-78,-80,-70,-70,-87,0,-82,-81,0,-80,-81,-82,-82,-85,-87,-84,0,0,0,-85,-85,-59,-65
-71,0,-74,-74,0,-78,-78,-83,-84,-83,0,-83,-76,-75,-79,-77,-82,-81,-72,-70,-65,-66,0,0,-68,-69,-76,-76,-66,-65,-78,-80,-70,-70,-87,0,-82,-81,0,-80,-81,-82,-82,-85,-87,-84,0,0,0,-85,-85,-59,-65
-74,-74,-73,-73,-73,0,0,0,-84,-83,0,-83,-76,-75,-78,-76,-82,-81,-75,-73,-67,-68,0,0,-71,-70,0,-76,-69,-69,-78,-80,-70,-70,-87,0,-82,-81,0,-80,-81,-80,-80,-85,-87,-84,-86,0,0,-84,-84,-49,-68
-74,-74,-73,-73,-73,0,0,0,-84,-83,0,-83,-76,-75,-78,-76,-82,-81,-75,-73,-67,-68,0,0,-71,-70,0,-76,-69,-69,-78,-80,-70,-70,-87,0,-82,-81,0,-80,-81,-80,-80,-85,-87,-84,-86,0,0,-84,-84,-49,-68
-74,-74,-73,-73,-73,0,0,0,-84,-83,0,-83,-76,-75,-78,-76,-82,-81,-75,-73,-67,-68,0,0,-71,-70,0,-76,-69,-69,-78,-80,-70,-70,-87,0,-82,-81,0,-80,-81,-80,-80,-85,-87,-84,-86,0,0,-84,-84,-49,-68
-74,-74,-73,-73,-73,0,0,0,-84,-83,0,-83,-76,-75,-78,-76,-82,-81,-75,-73,-67,-68,0,0,-71,-70,0,-76,-69,-69,-78,-80,-70,-70,-87,0,-82,-81,0,-80,-81,-80,-80,-85,-87,-84,-86,0,0,-84,-84,-49,-68
-74,-74,-73,-74,-73,0,0,-82,-83,-83,0,0,-75,-75,-76,-74,-82,-81,0,-71,-65,-65,0,0,-67,-70,-68,-76,-65,-65,-78,-80,-69,-70,-87,0,-81,-81,0,-80,-81,-77,-78,-85,-87,-85,-86,0,0,-83,-84,-53,-61
-74,-74,-73,-74,-73,0,0,-82,-83,-83,0,0,-75,-75,-76,-74,-82,-81,0,-71,-65,-65,0,0,-67,-70,-68,-76,-65,-65,-78,-80,-69,-70,-87,0,-81,-81,0,-80,-81,-77,-78,-85,-87,-85,-86,0,0,-83,-84,-53,-61
-74,-74,-73,-74,-73,0,0,-82,-83,-83,0,0,-75,-75,-76,-74,-82,-81,0,-71,-65,-65,0,0,-67,-70,-68,-76,-65,-65,-78,-80,-69,-70,-87,0,-81,-81,0,-80,-81,-77,-78,-85,-87,-85,-86,0,0,-83,-84,-53,-61
-74,-74,-73,-74,-73,0,0,-82,-83,-83,0,0,-75,-75,-76,-74,-82,-81,0,-71,-65,-65,0,0,-67,-70,-68,-76,-65,-65,-78,-80,-69,-70,-87,0,-81,-81,0,-80,-81,-77,-78,-85,-87,-85,-86,0,0,-83,-84,-53,-61
-77,-74,-75,-74,-73,0,0,-82,-83,-81,0,0,-79,-80,-76,-74,-73,-73,0,-71,-65,-65,0,0,-70,-73,-68,-70,-61,-61,-76,0,-70,-70,0,0,-80,-81,0,0,0,-80,-79,-84,0,-85,-86,0,0,-82,-84,-56,-61
-77,-74,-75,-74,-73,0,0,-82,-83,-81,0,0,-79,-80,-76,-74,-73,-73,0,-71,-65,-65,0,0,-70,-73,-68,-70,-61,-61,-76,0,-70,-70,0,0,-80,-81,0,0,0,-80,-79,-84,0,-85,-86,0,0,-82,-84,-56,-61
-77,-74,-75,-74,-73,0,0,-82,-83,-81,0,0,-79,-80,-76,-74,-73,-73,0,-71,-65,-65,0,0,-70,-73,-68,-70,-61,-61,-76,0,-70,-70,0,0,-80,-81,0,0,0,-80,-79,-84,0,-85,-86,0,0,-82,-84,-56,-61
-77,-78,-75,-74,0,0,0,-82,-80,-81,0,0,-73,-75,-76,-74,-74,-74,0,-70,-67,-67,0,0,-72,-75,-68,-70,-66,-66,-76,0,-70,-70,0,0,-80,-80,0,0,0,-79,-80,-84,0,-84,-86,0,0,-80,-83,-55,-62
-77,-78,-75,-74,0,0,0,-82,-80,-81,0,0,-73,-75,-76,-74,-74,-74,0,-70,-67,-67,0,0,-72,-75,-68,-70,-66,-66,-76,0,-70,-70,0,0,-80,-80,0,0,0,-79,-80,-84,0,-84,-86,0,0,-80,-83,-55,-62
-77,-78,-75,-74,0,0,0,-82,-80,-81,0,0,-73,-75,-76,-74,-74,-74,0,-70,-67,-67,0,0,-72,-75,-68,-70,-66,-66,-76,0,-70,-70,0,0,-80,-80,0,0,0,-79,-80,-84,0,-84,-86,0,0,-80,-83,-55,-62
-77,-78,-75,-74,0,0,0,-82,-80,-81,0,0,-73,-75,-76,-74,-74,-74,0,-70,-67,-67,0,0,-72,-75,-68,-70,-66,-66,-76,0,-70,-70,0,0,-80,-80,0,0,0,-79,-80,-84,0,-84,-86,0,0,-80,-83,-55,-62
-77,-78,-75,-74,-76,0,0,0,-83,-83,0,0,-76,-76,-70,-70,-74,-76,0,-70,-66,-66,0,0,-69,-68,-68,0,-66,-66,0,0,-70,-70,0,0,-80,-80,-84,-78,0,-80,-80,0,0,-84,-86,0,0,-80,-83,-47,-60
-77,-78,-75,-74,-76,0,0,0,-83,-83,0,0,-76,-76,-70,-70,-74,-76,0,-70,-66,-66,0,0,-69,-68,-68,0,-66,-66,0,0,-70,-70,0,0,-80,-80,-84,-78,0,-80,-80,0,0,-84,-86,0,0,-80,-83,-47,-60
-77,-78,-75,-74,-76,0,0,0,-83,-83,0,0,-76,-76,-70,-70,-74,-76,0,-70,-66,-66,0,0,-69,-68,-68,0,-66,-66,0,0,-70,-70,0,0,-80,-80,-84,-78,0,-80,-80,0,0,-84,-86,0,0,-80,-83,-47,-60
-77,-78,-75,-74,-76,0,0,0,-83,-83,0,0,-76,-76,-70,-70,-74,-76,0,-70,-66,-66,0,0,-69,-68,-68,0,-66,-66,0,0,-70,-70,0,0,-80,-80,-84,-78,0,-80,-80,0,0,-84,-86,0,0,-80,-83,-47,-60
-77,-78,-75,-76,-76,0,0,0,-78,-78,0,0,-73,-73,-70,-70,-74,-76,0,-73,-67,-67,-77,-80,-68,-71,-68,0,-63,-64,0,0,-70,-71,0,0,-81,-79,-84,-78,-82,-80,-80,0,0,-84,-86,0,0,-85,-84,-55,-62
-77,-78,-75,-76,-76,0,0,0,-78,-78,0,0,-73,-73,-70,-70,-74,-76,0,-73,-67,-67,-77,-80,-68,-71,-68,0,-63,-64,0,0,-70,-71,0,0,-81,-79,-84,-78,-82,-80,-80,0,0,-84,-86,0,0,-85,-84,-55,-62
-77,-78,-75,-76,-76,0,0,0,-78,-78,0,0,-73,-73,-70,-70,-74,-76,0,-73,-67,-67,-77,-80,-68,-71,-68,0,-63,-64,0,0,-70,-71,0,0,-81,-79,-84,-78,-82,-80,-80,0,0,-84,-86,0,0,-85,-84,-55,-62
0,-71,-75,-76,-76,0,0,-84,-82,-84,0,0,-75,-75,-70,-70,-80,-81,0,-71,-64,-64,-77,-80,-70,-71,-68,0,-64,-64,-77,-76,-68,-69,0,0,-80,-81,-84,-78,-82,-80,-80,0,0,0,0,0,0,0,0,-50,-62
0,-71,-75,-76,-76,0,0,-84,-82,-84,0,0,-75,-75,-70,-70,-80,-81,0,-71,-64,-64,-77,-80,-70,-71,-68,0,-64,-64,-77,-76,-68,-69,0,0,-80,-81,-84,-78,-82,-80,-80,0,0,0,0,0,0,0,0,-50,-62
0,-71,-75,-76,-76,0,0,-84,-82,-84,0,0,-75,-75,-70,-70,-80,-81,0,-71,-64,-64,-77,-80,-70,-71,-68,0,-64,-64,-77,-76,-68,-69,0,0,-80,-81,-84,-78,-82,-80,-80,0,0,0,0,0,0,0,0,-50,-62
0,-71,-75,-76,-76,0,0,-84,-82,-84,0,0,-75,-75,-70,-70,-80,-81,0,-71,-64,-64,-77,-80,-70,-71,-68,0,-64,-64,-77,-76,-68,-69,0,0,-80,-81,-84,-78,-82,-80,-80,0,0,0,0,0,0,0,0,-50,-62
0,-71,-75,-76,-79,0,0,-84,-82,-84,0,0,-76,-76,-73,-70,-80,-80,-73,-71,-71,-71,-77,-80,-66,-67,-71,-77,-68,-68,-77,-76,-68,-69,0,0,-80,-81,0,0,-82,-76,-77,0,0,-86,0,0,0,-83,-84,-51,-59
0,-71,-75,-76,-79,0,0,-84,-82,-84,0,0,-76,-76,-73,-70,-80,-80,-73,-71,-71,-71,-77,-80,-66,-67,-71,-77,-68,-68,-77,-76,-68,-69,0,0,-80,-81,0,0,-82,-76,-77,0,0,-86,0,0,0,-83,-84,-51,-59
0,-71,-75,-76,-79,0,0,-84,-82,-84,0,0,-76,-76,-73,-70,-80,-80,-73,-71,-71,-71,-77,-80,-66,-67,-71,-77,-68,-68,-77,-76,-68,-69,0,0,-80,-81,0,0,-82,-76,-77,0,0,-86,0,0,0,-83,-84,-51,-59
0,-71,-75,-76,-79,0,0,-84,-82,-84,0,0,-76,-76,-73,-70,-80,-80,-73,-71,-71,-71,-77,-80,-66,-67,-71,-77,-68,-68,-77,-76,-68,-69,0,0,-80,-81,0,0,-82,-76,-77,0,0,-86,0,0,0,-83,-84,-51,-59
0,-77,-73,-72,-79,-79,-79,-84,-83,-84,0,0,-76,-76,-76,0,-80,-79,-73,-71,-72,-71,0,0,-65,-66,-67,-77,-68,-68,-77,-76,-68,-69,0,0,-82,-82,0,-80,-81,-79,-79,0,0,-86,0,0,0,-83,-84,-60,-62
0,-77,-73,-72,-79,-79,-79,-84,-83,-84,0,0,-76,-76,-76,0,-80,-79,-73,-71,-72,-71,0,0,-65,-66,-67,-77,-68,-68,-77,-76,-68,-69,0,0,-82,-82,0,-80,-81,-79,-79,0,0,-86,0,0,0,-83,-84,-60,-62
0,-77,-73,-72,-79,-79,-79,-84,-83,-84,0,0,-76,-76,-76,0,-80,-79,-73,-71,-72,-71,0,0,-65,-66,-67,-77,-68,-68,-77,-76,-68,-69,0,0,-82,-82,0,-80,-81,-79,-79,0,0,-86,0,0,0,-83,-84,-60,-62
0,-77,-73,-72,-79,-79,-79,-84,-83,-84,0,0,-76,-76,-76,0,-80,-79,-73,-71,-72,-71,0,0,-65,-66,-67,-77,-68,-68,-77,-76,-68,-69,0,0,-82,-82,0,-80,-81,-79,-79,0,0,-86,0,0,0,-83,-84,-60,-62
0,-77,-74,-73,-79,-79,-79,0,-82,-84,0,0,-76,-75,-76,0,-82,-80,-73,-71,-69,-70,0,0,-64,-65,-67,-77,-68,-68,0,-76,-71,-71,0,0,-78,-78,0,-80,-81,-80,-79,0,0,-86,0,0,0,-83,-84,-59,-60
0,-77,-74,-73,-79,-79,-79,0,-82,-84,0,0,-76,-75,-76,0,-82,-80,-73,-71,-69,-70,0,0,-64,-65,-67,-77,-68,-68,0,-76,-71,-71,0,0,-78,-78,0,-80,-81,-80,-79,0,0,-86,0,0,0,-83,-84,-59,-60
0,-77,-74,-73,-79,-79,-79,0,-82,-84,0,0,-76,-75,-76,0,-82,-80,-73,-71,-69,-70,0,0,-64,-65,-67,-77,-68,-68,0,-76,-71,-71,0,0,-78,-78,0,-80,-81,-80,-79,0,0,-86,0,0,0,-83,-84,-59,-60
0,-73,-74,-74,-73,-79,-79,0,-84,-83,0,0,-77,-76,-76,0,-79,-80,0,-70,-71,-71,0,0,-65,-66,-67,0,-67,-67,0,-76,-70,-70,0,0,-76,-77,0,-80,-81,-79,-79,0,0,-87,0,0,0,-84,-84,-57,-61
0,-73,-74,-74,-73,-79,-79,0,-84,-83,0,0,-77,-76,-76,0,-79,-80,0,-70,-71,-71,0,0,-65,-66,-67,0,-67,-67,0,-76,-70,-70,0,0,-76,-77,0,-80,-81,-79,-79,0,0,-87,0,0,0,-84,-84,-57,-61
0,-73,-74,-74,-73,-79,-79,0,-84,-83,0,0,-77,-76,-76,0,-79,-80,0,-70,-71,-71,0,0,-65,-66,-67,0,-67,-67,0,-76,-70,-70,0,0,-76,-77,0,-80,-81,-79,-79,0,0,-87,0,0,0,-84,-84,-57,-61
0,-73,-74,-74,-73,-79,-79,0,-84,-83,0,0,-77,-76,-76,0,-79,-80,0,-70,-71,-71,0,0,-65,-66,-67,0,-67,-67,0,-76,-70,-70,0,0,-76,-77,0,-80,-81,-79,-79,0,0,-87,0,0,0,-84,-84,-57,-61
-80,-73,-76,-76,-73,0,-84,0,-80,-78,-85,0,-75,-74,0,0,-80,-80,0,-70,-71,-71,-79,-75,-67,-67,-74,-74,-62,-62,0,0,-69,-69,0,0,-84,-84,0,0,-82,-79,-79,-78,-79,-87,-81,0,0,-78,-78,-63,-65
-80,-73,-76,-76,-73,0,-84,0,-80,-78,-85,0,-75,-74,0,0,-80,-80,0,-70,-71,-71,-79,-75,-67,-67,-74,-74,-62,-62,0,0,-69,-69,0,0,-84,-84,0,0,-82,-79,-79,-78,-79,-87,-81,0,0,-78,-78,-63,-65
-80,-73,-76,-76,-73,0,-84,0,-80,-78,-85,0,-75,-74,0,0,-80,-80,0,-70,-71,-71,-79,-75,-67,-67,-74,-74,-62,-62,0,0,-69,-69,0,0,-84,-84,0,0,-82,-79,-79,-78,-79,-87,-81,0,0,-78,-78,-63,-65
-80,-73,-76,-76,-73,0,-84,0,-80,-78,-85,0,-75,-74,0,0,-80,-80,0,-70,-71,-71,-79,-75,-67,-67,-74,-74,-62,-62,0,0,-69,-69,0,0,-84,-84,0,0,-82,-79,-79,-78,-79,-87,-81,0,0,-78,-78,-63,-65
-80,-79,-78,-77,-75,0,-84,0,-77,-78,-85,0,-79,-79,0,0,-74,-74,0,-74,-71,-71,-79,-75,-63,-63,-74,-74,-63,-63,0,0,-68,-68,0,0,-79,-78,0,0,-82,-74,-74,-78,-79,-82,-81,0,0,-78,-78,-62,-67
-80,-79,-78,-77,-75,0,-84,0,-77,-78,-85,0,-79,-79,0,0,-74,-74,0,-74,-71,-71,-79,-75,-63,-63,-74,-74,-63,-63,0,0,-68,-68,0,0,-79,-78,0,0,-82,-74,-74,-78,-79,-82,-81,0,0,-78,-78,-62,-67
-80,-79,-78,-77,-75,0,-84,0,-77,-78,-85,0,-79,-79,0,0,-74,-74,0,-74,-71,-71,-79,-75,-63,-63,-74,-74,-63,-63,0,0,-68,-68,0,0,-79,-78,0,0,-82,-74,-74,-78,-79,-82,-81,0,0,-78,-78,-62,-67
-80,-79,-78,-77,-75,0,-84,0,-77,-78,-85,0,-79,-79,0,0,-74,-74,0,-74,-71,-71,-79,-75,-63,-63,-74,-74,-63,-63,0,0,-68,-68,0,0,-79,-78,0,0,-82,-74,-74,-78,-79,-82,-81,0,0,-78,-78,-62,-67
