-81,0,-73,-73,0,0,0,-68,-73,-74,0,0,-71,-72,-70,-70,-77,-77,-62,-61,-62,-65,-73,-75,-64,-65,-77,0,-76,-75,-69,-70,-61,-61,-83,-85,-82,-81,0,-86,-84,-84,0,-84,-86,-82,-81,0,0,-82,-82,-50,-63
-81,0,-73,-73,0,0,0,-68,-73,-74,0,0,-71,-72,-70,-70,-77,-77,-62,-61,-62,-65,-73,-75,-64,-65,-77,0,-76,-75,-69,-70,-61,-61,-83,-85,-82,-81,0,-86,-84,-84,0,-84,-86,-82,-81,0,0,-82,-82,-50,-63
-81,0,-73,-73,0,0,0,-68,-73,-74,0,0,-71,-72,-70,-70,-77,-77,-62,-61,-62,-65,-73,-75,-64,-65,-77,0,-76,-75,-69,-70,-61,-61,-83,-85,-82,-81,0,-86,-84,-84,0,-84,-86,-82,-81,0,0,-82,-82,-50,-63
-81,0,-72,-73,0,0,0,-68,-75,-75,0,0,-73,-72,-70,-70,-79,-79,-67,-62,-61,-61,-69,-68,-63,-64,-77,0,-74,-74,-69,-70,-61,-62,-83,-85,-85,-83,0,0,0,-84,-83,-84,-86,-82,-81,0,-77,-80,-81,-50,-61
-81,0,-72,-73,0,0,0,-68,-75,-75,0,0,-73,-72,-70,-70,-79,-79,-67,-62,-61,-61,-69,-68,-63,-64,-77,0,-74,-74,-69,-70,-61,-62,-83,-85,-85,-83,0,0,0,-84,-83,-84,-86,-82,-81,0,-77,-80,-81,-50,-61
-81,0,-72,-73,0,0,0,-68,-75,-75,0,0,-73,-72,-70,-70,-79,-79,-67,-62,-61,-61,-69,-68,-63,-64,-77,0,-74,-74,-69,-70,-61,-62,-83,-85,-85,-83,0,0,0,-84,-83,-84,-86,-82,-81,0,-77,-80,-81,-50,-61
-81,0,-72,-73,0,0,0,-68,-75,-75,0,0,-73,-72,-70,-70,-79,-79,-67,-62,-61,-61,-69,-68,-63,-64,-77,0,-74,-74,-69,-70,-61,-62,-83,-85,-85,-83,0,0,0,-84,-83,-84,-86,-82,-81,0,-77,-80,-81,-50,-61
-81,0,-73,-72,0,0,0,-70,-76,-76,0,0,-71,-71,-68,-72,-77,-78,-67,-62,-61,-61,-69,-70,-64,-65,0,0,-74,-75,0,-70,-60,-60,0,-81,-83,-83,0,0,-86,-84,-83,-86,-86,-84,-83,0,-77,-80,-81,-53,-62
-81,0,-73,-72,0,0,0,-70,-76,-76,0,0,-71,-71,-68,-72,-77,-78,-67,-62,-61,-61,-69,-70,-64,-65,0,0,-74,-75,0,-70,-60,-60,0,-81,-83,-83,0,0,-86,-84,-83,-86,-86,-84,-83,0,-77,-80,-81,-53,-62
-81,0,-73,-72,0,0,0,-70,-76,-76,0,0,-71,-71,-68,-72,-77,-78,-67,-62,-61,-61,-69,-70,-64,-65,0,0,-74,-75,0,-70,-60,-60,0,-81,-83,-83,0,0,-86,-84,-83,-86,-86,-84,-83,0,-77,-80,-81,-53,-62
-81,0,-73,-72,0,0,0,-70,-76,-76,0,0,-71,-71,-68,-72,-77,-78,-67,-62,-61,-61,-69,-70,-64,-65,0,0,-74,-75,0,-70,-60,-60,0,-81,-83,-83,0,0,-86,-84,-83,-86,-86,-84,-83,0,-77,-80,-81,-53,-62
0,0,-74,-74,0,0,0,-69,-76,-76,0,0,-70,-72,-68,-71,-79,-78,0,-62,-62,-61,-69,-70,-63,-63,0,0,-71,-72,0,-72,-64,-64,-83,-81,-85,-85,0,0,-86,-83,-83,-86,-85,-84,-83,0,-77,-80,-81,-52,-60
0,0,-74,-74,0,0,0,-69,-76,-76,0,0,-70,-72,-68,-71,-79,-78,0,-62,-62,-61,-69,-70,-63,-63,0,0,-71,-72,0,-72,-64,-64,-83,-81,-85,-85,0,0,-86,-83,-83,-86,-85,-84,-83,0,-77,-80,-81,-52,-60
0,0,-74,-74,0,0,0,-69,-76,-76,0,0,-70,-72,-68,-71,-79,-78,0,-62,-62,-61,-69,-70,-63,-63,0,0,-71,-72,0,-72,-64,-64,-83,-81,-85,-85,0,0,-86,-83,-83,-86,-85,-84,-83,0,-77,-80,-81,-52,-60
0,0,-74,-74,0,0,0,-69,-76,-76,0,0,-70,-72,-68,-71,-79,-78,0,-62,-62,-61,-69,-70,-63,-63,0,0,-71,-72,0,-72,-64,-64,-83,-81,-85,-85,0,0,-86,-83,-83,-86,-85,-84,-83,0,-77,-80,-81,-52,-60
0,0,-78,-72,0,0,0,-73,-76,-75,0,0,-72,-71,-68,-66,-63,-77,0,-65,-62,-64,-69,-70,-64,-64,0,0,-74,-74,0,0,-64,-64,-83,-81,-85,-85,0,-86,-86,-82,-84,-85,-85,-82,-83,0,0,-81,-80,-57,-62
0,0,-78,-72,0,0,0,-73,-76,-75,0,0,-72,-71,-68,-66,-63,-77,0,-65,-62,-64,-69,-70,-64,-64,0,0,-74,-74,0,0,-64,-64,-83,-81,-85,-85,0,-86,-86,-82,-84,-85,-85,-82,-83,0,0,-81,-80,-57,-62
0,0,-78,-72,0,0,0,-73,-76,-75,0,0,-72,-71,-68,-66,-63,-77,0,-65,-62,-64,-69,-70,-64,-64,0,0,-74,-74,0,0,-64,-64,-83,-81,-85,-85,0,-86,-86,-82,-84,-85,-85,-82,-83,0,0,-81,-80,-57,-62
0,0,-78,-72,0,0,0,-73,-75,-75,0,0,-78,-77,-69,-67,-76,-76,0,-63,-62,-62,-69,-69,-64,-65,0,0,-74,-74,-70,-69,-64,-64,-83,-81,-84,-84,0,-86,-87,-82,-84,-85,-85,-82,-83,0,-81,-79,-81,-58,-64
0,0,-78,-72,0,0,0,-73,-75,-75,0,0,-78,-77,-69,-67,-76,-76,0,-63,-62,-62,-69,-69,-64,-65,0,0,-74,-74,-70,-69,-64,-64,-83,-81,-84,-84,0,-86,-87,-82,-84,-85,-85,-82,-83,0,-81,-79,-81,-58,-64
0,0,-78,-72,0,0,0,-73,-75,-75,0,0,-78,-77,-69,-67,-76,-76,0,-63,-62,-62,-69,-69,-64,-65,0,0,-74,-74,-70,-69,-64,-64,-83,-81,-84,-84,0,-86,-87,-82,-84,-85,-85,-82,-83,0,-81,-79,-81,-58,-64
0,0,-78,-72,0,0,0,-73,-75,-75,0,0,-78,-77,-69,-67,-76,-76,0,-63,-62,-62,-69,-69,-64,-65,0,0,-74,-74,-70,-69,-64,-64,-83,-81,-84,-84,0,-86,-87,-82,-84,-85,-85,-82,-83,0,-81,-79,-81,-58,-64
0,-77,-71,-72,0,0,0,-77,-72,-72,0,0,-78,-81,-69,-64,-80,-80,-69,-60,-61,-71,-70,0,-66,-67,0,0,-73,-73,-70,-69,-67,-66,-81,-81,-84,-83,0,-86,-87,-82,-84,0,-83,-82,-82,0,-81,-79,-78,-64,-62
0,-77,-71,-72,0,0,0,-77,-72,-72,0,0,-78,-81,-69,-64,-80,-80,-69,-60,-61,-71,-70,0,-66,-67,0,0,-73,-73,-70,-69,-67,-66,-81,-81,-84,-83,0,-86,-87,-82,-84,0,-83,-82,-82,0,-81,-79,-78,-64,-62
0,-77,-71,-72,0,0,0,-77,-72,-72,0,0,-78,-81,-69,-64,-80,-80,-69,-60,-61,-71,-70,0,-66,-67,0,0,-73,-73,-70,-69,-67,-66,-81,-81,-84,-83,0,-86,-87,-82,-84,0,-83,-82,-82,0,-81,-79,-78,-64,-62
0,-77,-71,-72,0,0,0,-77,-72,-72,0,0,-78,-81,-69,-64,-80,-80,-69,-60,-61,-71,-70,0,-66,-67,0,0,-73,-73,-70,-69,-67,-66,-81,-81,-84,-83,0,-86,-87,-82,-84,0,-83,-82,-82,0,-81,-79,-78,-64,-62
0,-77,-74,-74,-79,0,0,-75,-76,-76,0,0,-77,-76,-71,-71,-82,-81,-69,-68,-59,-63,0,-69,-70,-68,0,0,-73,-73,-70,-69,-68,-68,0,0,-79,-78,0,0,0,-82,-83,0,-83,-82,-82,0,-81,-79,-78,-55,-73
0,-77,-74,-74,-79,0,0,-75,-76,-76,0,0,-77,-76,-71,-71,-82,-81,-69,-68,-59,-63,0,-69,-70,-68,0,0,-73,-73,-70,-69,-68,-68,0,0,-79,-78,0,0,0,-82,-83,0,-83,-82,-82,0,-81,-79,-78,-55,-73
0,-77,-74,-74,-79,0,0,-75,-76,-76,0,0,-77,-76,-71,-71,-82,-81,-69,-68,-59,-63,0,-69,-70,-68,0,0,-73,-73,-70,-69,-68,-68,0,0,-79,-78,0,0,0,-82,-83,0,-83,-82,-82,0,-81,-79,-78,-55,-73
0,-77,-74,-74,-79,0,0,-75,-76,-76,0,0,-77,-76,-71,-71,-82,-81,-69,-68,-59,-63,0,-69,-70,-68,0,0,-73,-73,-70,-69,-68,-68,0,0,-79,-78,0,0,0,-82,-83,0,-83,-82,-82,0,-81,-79,-78,-55,-73
0,-77,-71,-72,-79,0,0,-70,-76,-76,0,0,-71,-71,-71,-71,-79,-80,-69,-66,-58,-58,0,-69,-63,-63,-80,-84,-73,-73,-65,-70,-63,-63,0,0,-80,-80,0,0,0,-83,-82,0,0,-81,-82,0,0,-81,-82,-50,-64
0,-77,-71,-72,-79,0,0,-70,-76,-76,0,0,-71,-71,-71,-71,-79,-80,-69,-66,-58,-58,0,-69,-63,-63,-80,-84,-73,-73,-65,-70,-63,-63,0,0,-80,-80,0,0,0,-83,-82,0,0,-81,-82,0,0,-81,-82,-50,-64
0,-77,-71,-72,-79,0,0,-70,-76,-76,0,0,-71,-71,-71,-71,-79,-80,-69,-66,-58,-58,0,-69,-63,-63,-80,-84,-73,-73,-65,-70,-63,-63,0,0,-80,-80,0,0,0,-83,-82,0,0,-81,-82,0,0,-81,-82,-50,-64
0,-77,-71,-72,-79,0,0,-70,-76,-76,0,0,-71,-71,-71,-71,-79,-80,-69,-66,-58,-58,0,-69,-63,-63,-80,-84,-73,-73,-65,-70,-63,-63,0,0,-80,-80,0,0,0,-83,-82,0,0,-81,-82,0,0,-81,-82,-50,-64
0,0,-73,-73,-79,0,0,-70,-79,-80,0,0,-72,-72,-71,-68,-79,-79,0,-67,-64,-64,0,-69,-62,-62,-80,-84,-70,-70,-65,-70,-69,-68,0,0,-83,-83,0,-87,-85,-82,0,0,0,-81,-82,0,0,-79,-79,-49,-69
0,0,-73,-73,-79,0,0,-70,-79,-80,0,0,-72,-72,-71,-68,-79,-79,0,-67,-64,-64,0,-69,-62,-62,-80,-84,-70,-70,-65,-70,-69,-68,0,0,-83,-83,0,-87,-85,-82,0,0,0,-81,-82,0,0,-79,-79,-49,-69
0,0,-73,-73,-79,0,0,-70,-79,-80,0,0,-72,-72,-71,-68,-79,-79,0,-67,-64,-64,0,-69,-62,-62,-80,-84,-70,-70,-65,-70,-69,-68,0,0,-83,-83,0,-87,-85,-82,0,0,0,-81,-82,0,0,-79,-79,-49,-69
0,0,-73,-73,-81,0,0,0,-77,-77,0,0,-73,-73,-71,-68,-81,-83,0,-67,-65,-67,0,0,-61,-61,-80,-84,-72,-71,-68,-72,-65,-65,0,-83,-80,-81,0,-87,-85,-82,-83,0,0,-79,-81,0,0,-77,-78,-47,-65
0,0,-73,-73,-81,0,0,0,-77,-77,0,0,-73,-73,-71,-68,-81,-83,0,-67,-65,-67,0,0,-61,-61,-80,-84,-72,-71,-68,-72,-65,-65,0,-83,-80,-81,0,-87,-85,-82,-83,0,0,-79,-81,0,0,-77,-78,-47,-65
0,0,-73,-73,-81,0,0,0,-77,-77,0,0,-73,-73,-71,-68,-81,-83,0,-67,-65,-67,0,0,-61,-61,-80,-84,-72,-71,-68,-72,-65,-65,0,-83,-80,-81,0,-87,-85,-82,-83,0,0,-79,-81,0,0,-77,-78,-47,-65
0,0,-73,-73,-81,0,0,0,-77,-77,0,0,-73,-73,-71,-68,-81,-83,0,-67,-65,-67,0,0,-61,-61,-80,-84,-72,-71,-68,-72,-65,-65,0,-83,-80,-81,0,-87,-85,-82,-83,0,0,-79,-81,0,0,-77,-78,-47,-65
0,0,-73,-73,0,0,0,-70,-75,-76,0,0,-72,-73,-69,-67,-80,-80,0,-67,-66,-67,0,0,-62,-62,0,0,-73,-73,0,-70,-64,-64,0,-83,-82,-82,0,-87,-85,-84,-83,0,0,0,0,0,0,-77,-77,-49,-65
0,0,-73,-73,0,0,0,-70,-75,-76,0,0,-72,-73,-69,-67,-80,-80,0,-67,-66,-67,0,0,-62,-62,0,0,-73,-73,0,-70,-64,-64,0,-83,-82,-82,0,-87,-85,-84,-83,0,0,0,0,0,0,-77,-77,-49,-65
0,0,-73,-73,0,0,0,-70,-75,-76,0,0,-72,-73,-69,-67,-80,-80,0,-67,-66,-67,0,0,-62,-62,0,0,-73,-73,0,-70,-64,-64,0,-83,-82,-82,0,-87,-85,-84,-83,0,0,0,0,0,0,-77,-77,-49,-65
0,0,-73,-73,0,0,0,-70,-75,-76,0,0,-72,-73,-69,-67,-80,-80,0,-67,-66,-67,0,0,-62,-62,0,0,-73,-73,0,-70,-64,-64,0,-83,-82,-82,0,-87,-85,-84,-83,0,0,0,0,0,0,-77,-77,-49,-65
0,0,-75,-76,-82,0,0,-70,-76,-76,0,0,-71,-70,-69,-67,-78,-78,0,-61,-62,-72,0,-72,-62,-63,-80,-90,-73,-72,0,-70,-64,-64,-82,-83,-80,-80,0,-86,-87,-82,-83,0,0,0,0,0,0,-78,-78,-49,-63
0,0,-75,-76,-82,0,0,-70,-76,-76,0,0,-71,-70,-69,-67,-78,-78,0,-61,-62,-72,0,-72,-62,-63,-80,-90,-73,-72,0,-70,-64,-64,-82,-83,-80,-80,0,-86,-87,-82,-83,0,0,0,0,0,0,-78,-78,-49,-63
0,0,-75,-76,-82,0,0,-70,-76,-76,0,0,-71,-70,-69,-67,-78,-78,0,-61,-62,-72,0,-72,-62,-63,-80,-90,-73,-72,0,-70,-64,-64,-82,-83,-80,-80,0,-86,-87,-82,-83,0,0,0,0,0,0,-78,-78,-49,-63
0,0,-75,-76,-82,0,0,-70,-76,-76,0,0,-71,-70,-69,-67,-78,-78,0,-61,-62,-72,0,-72,-62,-63,-80,-90,-73,-72,0,-70,-64,-64,-82,-83,-80,-80,0,-86,-87,-82,-83,0,0,0,0,0,0,-78,-78,-49,-63
0,0,-77,-77,-82,0,0,-70,-74,-74,0,0,-73,-72,-71,-68,-84,-82,-64,-61,-59,-64,0,-72,-62,-62,-80,-90,-70,-70,0,0,-65,-65,-82,-80,-76,-76,0,-87,-87,-83,-84,0,0,0,0,0,0,-76,-76,-59,-65
0,0,-77,-77,-82,0,0,-70,-74,-74,0,0,-73,-72,-71,-68,-84,-82,-64,-61,-59,-64,0,-72,-62,-62,-80,-90,-70,-70,0,0,-65,-65,-82,-80,-76,-76,0,-87,-87,-83,-84,0,0,0,0,0,0,-76,-76,-59,-65
0,0,-77,-77,-82,0,0,-70,-74,-74,0,0,-73,-72,-71,-68,-84,-82,-64,-61,-59,-64,0,-72,-62,-62,-80,-90,-70,-70,0,0,-65,-65,-82,-80,-76,-76,0,-87,-87,-83,-84,0,0,0,0,0,0,-76,-76,-59,-65
0,0,-72,-74,-82,0,0,0,-70,-70,0,0,-71,-72,0,-68,-83,-82,-64,-62,-56,-56,0,-72,-63,-64,-80,-90,-70,-70,0,0,-69,-69,-82,-80,-84,-84,0,-85,-86,-83,-83,0,0,0,0,0,0,-79,-79,-49,-75
0,0,-72,-74,-82,0,0,0,-70,-70,0,0,-71,-72,0,-68,-83,-82,-64,-62,-56,-56,0,-72,-63,-64,-80,-90,-70,-70,0,0,-69,-69,-82,-80,-84,-84,0,-85,-86,-83,-83,0,0,0,0,0,0,-79,-79,-49,-75
0,0,-72,-74,-82,0,0,0,-70,-70,0,0,-71,-72,0,-68,-83,-82,-64,-62,-56,-56,0,-72,-63,-64,-80,-90,-70,-70,0,0,-69,-69,-82,-80,-84,-84,0,-85,-86,-83,-83,0,0,0,0,0,0,-79,-79,-49,-75
0,0,-72,-74,-82,0,0,0,-70,-70,0,0,-71,-72,0,-68,-83,-82,-64,-62,-56,-56,0,-72,-63,-64,-80,-90,-70,-70,0,0,-69,-69,-82,-80,-84,-84,0,-85,-86,-83,-83,0,0,0,0,0,0,-79,-79,-49,-75
-69,-69,-72,-71,-83,0,0,0,-76,-76,0,0,-73,-72,-78,-78,-83,-82,-64,-62,-58,-66,-72,0,-63,-63,0,0,-70,-70,-73,-68,-69,-69,-86,-81,-82,-83,0,-85,-86,-83,-83,0,-84,-80,-79,0,0,-80,-80,-50,-63
-69,-69,-72,-71,-83,0,0,0,-76,-76,0,0,-73,-72,-78,-78,-83,-82,-64,-62,-58,-66,-72,0,-63,-63,0,0,-70,-70,-73,-68,-69,-69,-86,-81,-82,-83,0,-85,-86,-83,-83,0,-84,-80,-79,0,0,-80,-80,-50,-63
-69,-69,-72,-71,-83,0,0,0,-76,-76,0,0,-73,-72,-78,-78,-83,-82,-64,-62,-58,-66,-72,0,-63,-63,0,0,-70,-70,-73,-68,-69,-69,-86,-81,-82,-83,0,-85,-86,-83,-83,0,-84,-80,-79,0,0,-80,-80,-50,-63
-69,-69,-72,-71,-83,0,0,0,-76,-76,0,0,-73,-72,-78,-78,-83,-82,-64,-62,-58,-66,-72,0,-63,-63,0,0,-70,-70,-73,-68,-69,-69,-86,-81,-82,-83,0,-85,-86,-83,-83,0,-84,-80,-79,0,0,-80,-80,-50,-63
-69,-69,-68,-69,-83,0,0,0,-75,-75,0,0,-79,-78,-78,-78,-84,-84,-67,-62,-64,-66,-72,0,-68,-68,0,0,-73,-73,-73,-68,-71,-71,0,-81,-84,-82,0,-85,-84,-83,-84,0,-84,-80,-79,0,0,-82,-81,-64,-68
-69,-69,-68,-69,-83,0,0,0,-75,-75,0,0,-79,-78,-78,-78,-84,-84,-67,-62,-64,-66,-72,0,-68,-68,0,0,-73,-73,-73,-68,-71,-71,0,-81,-84,-82,0,-85,-84,-83,-84,0,-84,-80,-79,0,0,-82,-81,-64,-68
-69,-69,-68,-69,-83,0,0,0,-75,-75,0,0,-79,-78,-78,-78,-84,-84,-67,-62,-64,-66,-72,0,-68,-68,0,0,-73,-73,-73,-68,-71,-71,0,-81,-84,-82,0,-85,-84,-83,-84,0,-84,-80,-79,0,0,-82,-81,-64,-68
-69,-69,-68,-69,-83,0,0,0,-75,-75,0,0,-79,-78,-78,-78,-84,-84,-67,-62,-64,-66,-72,0,-68,-68,0,0,-73,-73,-73,-68,-71,-71,0,-81,-84,-82,0,-85,-84,-83,-84,0,-84,-80,-79,0,0,-82,-81,-64,-68
-67,-63,-62,-62,0,0,0,-75,-71,-72,0,0,-79,-77,-77,-75,-84,-84,-60,-58,-62,-65,-73,0,-68,-68,0,-86,-76,-77,0,0,-64,-63,0,0,-85,-85,0,-85,-84,-83,-85,0,0,0,0,0,0,-78,-79,-55,-71
-67,-63,-62,-63,0,0,0,-75,-74,-73,0,0,-75,-74,-77,-75,-84,-83,0,-58,-62,-64,0,0,-69,-70,0,-86,-73,-73,0,0,-64,-64,0,0,-82,-83,0,-85,-87,0,0,0,-86,-82,-82,0,0,-80,-80,-57,-77
-67,-63,-62,-63,0,0,0,-75,-74,-73,0,0,-75,-74,-77,-75,-84,-83,0,-58,-62,-64,0,0,-69,-70,0,-86,-73,-73,0,0,-64,-64,0,0,-82,-83,0,-85,-87,0,0,0,-86,-82,-82,0,0,-80,-80,-57,-77
-67,-63,-62,-63,0,0,0,-75,-74,-73,0,0,-75,-74,-77,-75,-84,-83,0,-58,-62,-64,0,0,-69,-70,0,-86,-73,-73,0,0,-64,-64,0,0,-82,-83,0,-85,-87,0,0,0,-86,-82,-82,0,0,-80,-80,-57,-77
-67,-63,-62,-63,0,0,0,-75,-74,-73,0,0,-75,-74,-77,-75,-84,-83,0,-58,-62,-64,0,0,-69,-70,0,-86,-73,-73,0,0,-64,-64,0,0,-82,-83,0,-85,-87,0,0,0,-86,-82,-82,0,0,-80,-80,-57,-77
-69,-65,-64,-64,0,0,0,-76,-72,-71,0,0,-73,-72,-77,-75,-84,-83,-63,-62,-59,-64,0,0,-66,-66,0,0,-74,-74,0,0,-67,-67,-83,0,-82,-82,0,-85,-85,-82,0,0,-86,-82,-82,0,0,-81,-81,-57,-70
-69,-65,-64,-64,0,0,0,-76,-72,-71,0,0,-73,-72,-77,-75,-84,-83,-63,-62,-59,-64,0,0,-66,-66,0,0,-74,-74,0,0,-67,-67,-83,0,-82,-82,0,-85,-85,-82,0,0,-86,-82,-82,0,0,-81,-81,-57,-70
-69,-65,-64,-64,0,0,0,-76,-72,-71,0,0,-73,-72,-77,-75,-84,-83,-63,-62,-59,-64,0,0,-66,-66,0,0,-74,-74,0,0,-67,-67,-83,0,-82,-82,0,-85,-85,-82,0,0,-86,-82,-82,0,0,-81,-81,-57,-70
-69,-65,-64,-64,0,0,0,-76,-72,-71,0,0,-73,-72,-77,-75,-84,-83,-63,-62,-59,-64,0,0,-66,-66,0,0,-74,-74,0,0,-67,-67,-83,0,-82,-82,0,-85,-85,-82,0,0,-86,-82,-82,0,0,-81,-81,-57,-70
-69,-68,-60,-61,0,0,0,0,-71,-73,0,0,-73,-73,0,-72,-85,-82,-63,-62,-62,-62,0,0,-70,-70,0,0,-73,-74,0,-66,-66,-66,-83,0,-79,-80,0,-85,-87,-82,0,0,-86,-82,-82,0,0,-84,-82,-62,-70
-69,-68,-60,-61,0,0,0,0,-71,-73,0,0,-73,-73,0,-72,-85,-82,-63,-62,-62,-62,0,0,-70,-70,0,0,-73,-74,0,-66,-66,-66,-83,0,-79,-80,0,-85,-87,-82,0,0,-86,-82,-82,0,0,-84,-82,-62,-70
-69,-68,-60,-61,0,0,0,0,-71,-73,0,0,-73,-73,0,-72,-85,-82,-63,-62,-62,-62,0,0,-70,-70,0,0,-73,-74,0,-66,-66,-66,-83,0,-79,-80,0,-85,-87,-82,0,0,-86,-82,-82,0,0,-84,-82,-62,-70
-69,-66,-65,-65,0,-79,-79,0,-73,-73,0,0,-76,-77,0,-72,-85,-82,-63,-62,-61,-62,0,0,-65,-66,0,0,-73,-73,0,-66,-68,-68,-83,0,-83,-84,0,-85,-86,-82,-82,0,0,0,0,0,0,-82,-82,-58,-64
-69,-66,-65,-65,0,-79,-79,0,-73,-73,0,0,-76,-77,0,-72,-85,-82,-63,-62,-61,-62,0,0,-65,-66,0,0,-73,-73,0,-66,-68,-68,-83,0,-83,-84,0,-85,-86,-82,-82,0,0,0,0,0,0,-82,-82,-58,-64
-69,-66,-65,-65,0,-79,-79,0,-73,-73,0,0,-76,-77,0,-72,-85,-82,-63,-62,-61,-62,0,0,-65,-66,0,0,-73,-73,0,-66,-68,-68,-83,0,-83,-84,0,-85,-86,-82,-82,0,0,0,0,0,0,-82,-82,-58,-64
-69,-66,-65,-65,0,-79,-79,0,-73,-73,0,0,-76,-77,0,-72,-85,-82,-63,-62,-61,-62,0,0,-65,-66,0,0,-73,-73,0,-66,-68,-68,-83,0,-83,-84,0,-85,-86,-82,-82,0,0,0,0,0,0,-82,-82,-58,-64
-68,-64,-65,-64,-80,-79,-79,0,-71,-72,0,0,-73,-74,0,0,-81,-81,-61,-58,-61,-67,0,0,-65,-66,0,-77,-74,-74,0,-66,-68,-68,0,-84,-82,-83,0,-85,-86,-81,-82,-85,-84,-80,-80,0,0,-79,-80,-53,-64
-68,-64,-65,-64,-80,-79,-79,0,-71,-72,0,0,-73,-74,0,0,-81,-81,-61,-58,-61,-67,0,0,-65,-66,0,-77,-74,-74,0,-66,-68,-68,0,-84,-82,-83,0,-85,-86,-81,-82,-85,-84,-80,-80,0,0,-79,-80,-53,-64
-68,-64,-65,-64,-80,-79,-79,0,-71,-72,0,0,-73,-74,0,0,-81,-81,-61,-58,-61,-67,0,0,-65,-66,0,-77,-74,-74,0,-66,-68,-68,0,-84,-82,-83,0,-85,-86,-81,-82,-85,-84,-80,-80,0,0,-79,-80,-53,-64
-68,-64,-65,-64,-80,-79,-79,0,-71,-72,0,0,-73,-74,0,0,-81,-81,-61,-58,-61,-67,0,0,-65,-66,0,-77,-74,-74,0,-66,-68,-68,0,-84,-82,-83,0,-85,-86,-81,-82,-85,-84,-80,-80,0,0,-79,-80,-53,-64
-67,-65,-63,-63,-80,-79,-79,0,-75,-75,0,0,-76,-76,0,0,-83,-84,-63,-63,-63,-66,0,0,-71,-71,0,-77,-74,-75,0,0,-67,-67,0,-84,-78,-83,0,-86,-83,-81,-82,-85,-84,-80,-80,0,0,-81,-82,-62,-67
-67,-65,-63,-63,-80,-79,-79,0,-75,-75,0,0,-76,-76,0,0,-83,-84,-63,-63,-63,-66,0,0,-71,-71,0,-77,-74,-75,0,0,-67,-67,0,-84,-78,-83,0,-86,-83,-81,-82,-85,-84,-80,-80,0,0,-81,-82,-62,-67
-67,-65,-63,-63,-80,-79,-79,0,-75,-75,0,0,-76,-76,0,0,-83,-84,-63,-63,-63,-66,0,0,-71,-71,0,-77,-74,-75,0,0,-67,-67,0,-84,-78,-83,0,-86,-83,-81,-82,-85,-84,-80,-80,0,0,-81,-82,-62,-67
-67,-65,-63,-63,-80,-79,-79,0,-75,-75,0,0,-76,-76,0,0,-83,-84,-63,-63,-63,-66,0,0,-71,-71,0,-77,-74,-75,0,0,-67,-67,0,-84,-78,-83,0,-86,-83,-81,-82,-85,-84,-80,-80,0,0,-81,-82,-62,-67
-68,-65,-67,-66,-80,0,0,0,-73,-72,0,0,-77,-78,-78,-75,-85,-83,-64,-60,-62,-62,-72,0,-72,-72,0,-77,-75,-74,0,0,-63,-63,0,-84,-78,-79,0,-85,-88,-85,0,-85,-84,-80,-80,0,0,-78,-79,-57,-69
-68,-65,-67,-66,-80,0,0,0,-73,-72,0,0,-77,-78,-78,-75,-85,-83,-64,-60,-62,-62,-72,0,-72,-72,0,-77,-75,-74,0,0,-63,-63,0,-84,-78,-79,0,-85,-88,-85,0,-85,-84,-80,-80,0,0,-78,-79,-57,-69
-68,-65,-67,-66,-80,0,0,0,-73,-72,0,0,-77,-78,-78,-75,-85,-83,-64,-60,-62,-62,-72,0,-72,-72,0,-77,-75,-74,0,0,-63,-63,0,-84,-78,-79,0,-85,-88,-85,0,-85,-84,-80,-80,0,0,-78,-79,-57,-69
-68,-65,-67,-66,-80,0,0,0,-73,-72,0,0,-77,-78,-78,-75,-85,-83,-64,-60,-62,-62,-72,0,-72,-72,0,-77,-75,-74,0,0,-63,-63,0,-84,-78,-79,0,-85,-88,-85,0,-85,-84,-80,-80,0,0,-78,-79,-57,-69
-67,-64,-69,-69,0,0,0,-80,-74,-73,0,-83,-78,-79,-78,-75,-82,-81,-64,-62,-61,-68,-72,-72,-66,-67,0,-80,-75,-76,0,0,-64,-64,0,0,-78,-78,0,-85,-88,0,0,0,0,-84,-84,0,0,-81,-81,-60,-62
-67,-64,-69,-69,0,0,0,-80,-74,-73,0,-83,-78,-79,-78,-75,-82,-81,-64,-62,-61,-68,-72,-72,-66,-67,0,-80,-75,-76,0,0,-64,-64,0,0,-78,-78,0,-85,-88,0,0,0,0,-84,-84,0,0,-81,-81,-60,-62
-67,-64,-69,-69,0,0,0,-80,-74,-73,0,-83,-78,-79,-78,-75,-82,-81,-64,-62,-61,-68,-72,-72,-66,-67,0,-80,-75,-76,0,0,-64,-64,0,0,-78,-78,0,-85,-88,0,0,0,0,-84,-84,0,0,-81,-81,-60,-62
-68,-64,-68,-68,0,0,0,-80,-62,-72,0,-83,-73,-73,-78,-75,-82,-81,-60,-57,-60,-68,-72,-72,-70,-70,0,-80,-76,-76,0,0,-64,-64,0,0,-81,-81,0,-85,0,0,0,-85,-86,-84,-84,0,0,-82,-81,-58,-63
-68,-64,-68,-68,0,0,0,-80,-62,-72,0,-83,-73,-73,-78,-75,-82,-81,-60,-57,-60,-68,-72,-72,-70,-70,0,-80,-76,-76,0,0,-64,-64,0,0,-81,-81,0,-85,0,0,0,-85,-86,-84,-84,0,0,-82,-81,-58,-63
-68,-64,-68,-68,0,0,0,-80,-62,-72,0,-83,-73,-73,-78,-75,-82,-81,-60,-57,-60,-68,-72,-72,-70,-70,0,-80,-76,-76,0,0,-64,-64,0,0,-81,-81,0,-85,0,0,0,-85,-86,-84,-84,0,0,-82,-81,-58,-63
-68,-64,-68,-68,0,0,0,-80,-62,-72,0,-83,-73,-73,-78,-75,-82,-81,-60,-57,-60,-68,-72,-72,-70,-70,0,-80,-76,-76,0,0,-64,-64,0,0,-81,-81,0,-85,0,0,0,-85,-86,-84,-84,0,0,-82,-81,-58,-63
-68,-65,-67,-68,0,0,0,-80,-68,-69,0,-83,-79,-80,0,-80,-85,0,-61,-59,-62,-61,-73,-72,-68,-68,0,-80,-70,-71,0,0,-64,-64,0,0,-85,-85,0,0,0,0,-85,-85,-86,-84,-84,0,0,-79,-80,-54,-69
-68,-65,-67,-68,0,0,0,-80,-68,-69,0,-83,-79,-80,0,-80,-85,0,-61,-59,-62,-61,-73,-72,-68,-68,0,-80,-70,-71,0,0,-64,-64,0,0,-85,-85,0,0,0,0,-85,-85,-86,-84,-84,0,0,-79,-80,-54,-69
-68,-65,-67,-68,0,0,0,-80,-68,-69,0,-83,-79,-80,0,-80,-85,0,-61,-59,-62,-61,-73,-72,-68,-68,0,-80,-70,-71,0,0,-64,-64,0,0,-85,-85,0,0,0,0,-85,-85,-86,-84,-84,0,0,-79,-80,-54,-69
-68,-65,-67,-68,0,0,0,-80,-68,-69,0,-83,-79,-80,0,-80,-85,0,-61,-59,-62,-61,-73,-72,-68,-68,0,-80,-70,-71,0,0,-64,-64,0,0,-85,-85,0,0,0,0,-85,-85,-86,-84,-84,0,0,-79,-80,-54,-69
-68,-65,-70,-69,0,0,0,-83,-70,-69,0,0,-76,-76,0,-73,-83,-83,-59,-59,-62,-63,-73,-70,-68,-67,0,0,-71,-72,-72,0,-71,-71,0,0,-82,-84,0,0,0,0,-85,-85,-86,-83,0,0,0,-78,-79,-56,-72
-68,-65,-70,-69,0,0,0,-83,-70,-69,0,0,-76,-76,0,-73,-83,-83,-59,-59,-62,-63,-73,-70,-68,-67,0,0,-71,-72,-72,0,-71,-71,0,0,-82,-84,0,0,0,0,-85,-85,-86,-83,0,0,0,-78,-79,-56,-72
-68,-65,-70,-69,0,0,0,-83,-70,-69,0,0,-76,-76,0,-73,-83,-83,-59,-59,-62,-63,-73,-70,-68,-67,0,0,-71,-72,-72,0,-71,-71,0,0,-82,-84,0,0,0,0,-85,-85,-86,-83,0,0,0,-78,-79,-56,-72
-68,-65,-70,-69,0,0,0,-83,-70,-69,0,0,-76,-76,0,-73,-83,-83,-59,-59,-62,-63,-73,-70,-68,-67,0,0,-71,-72,-72,0,-71,-71,0,0,-82,-84,0,0,0,0,-85,-85,-86,-83,0,0,0,-78,-79,-56,-72
-68,-65,-62,-62,-80,0,0,0,-68,-69,0,0,-75,-76,0,-73,-83,-83,-59,-69,-62,-62,-72,0,-65,-64,0,0,-71,-72,-72,-74,-64,-64,0,0,-84,-83,0,0,0,0,-85,0,0,0,0,0,0,-79,-80,-58,-72
-68,-65,-62,-62,-80,0,0,0,-68,-69,0,0,-75,-76,0,-73,-83,-83,-59,-69,-62,-62,-72,0,-65,-64,0,0,-71,-72,-72,-74,-64,-64,0,0,-84,-83,0,0,0,0,-85,0,0,0,0,0,0,-79,-80,-58,-72
-68,-65,-62,-62,-80,0,0,0,-68,-69,0,0,-75,-76,0,-73,-83,-83,-59,-69,-62,-62,-72,0,-65,-64,0,0,-71,-72,-72,-74,-64,-64,0,0,-84,-83,0,0,0,0,-85,0,0,0,0,0,0,-79,-80,-58,-72
-68,-65,-62,-62,-80,0,0,0,-68,-69,0,0,-75,-76,0,-73,-83,-83,-59,-69,-62,-62,-72,0,-65,-64,0,0,-71,-72,-72,-74,-64,-64,0,0,-84,-83,0,0,0,0,-85,0,0,0,0,0,0,-79,-80,-58,-72
-68,-63,-69,-69,-80,0,0,-75,-73,-74,0,0,-78,-78,-78,-73,-83,-83,-59,-59,-62,-66,-72,-71,-71,-70,0,0,-70,-70,-72,-74,-69,-69,-83,0,-81,-82,0,-82,-81,-86,-85,0,-84,0,0,0,0,-77,-77,-58,-62
-68,-63,-69,-69,-80,0,0,-75,-73,-74,0,0,-78,-78,-78,-73,-83,-83,-59,-59,-62,-66,-72,-71,-71,-70,0,0,-70,-70,-72,-74,-69,-69,-83,0,-81,-82,0,-82,-81,-86,-85,0,-84,0,0,0,0,-77,-77,-58,-62
-68,-63,-69,-69,-80,0,0,-75,-73,-74,0,0,-78,-78,-78,-73,-83,-83,-59,-59,-62,-66,-72,-71,-71,-70,0,0,-70,-70,-72,-74,-69,-69,-83,0,-81,-82,0,-82,-81,-86,-85,0,-84,0,0,0,0,-77,-77,-58,-62
-66,-63,-65,-65,-80,0,0,-75,-76,-76,0,0,-75,-75,-78,-75,-85,-83,-62,-61,-62,-68,-72,-71,-67,-67,0,0,-74,-75,-75,-74,-71,-71,-83,0,-82,-81,0,-82,-81,-86,-85,0,-84,0,0,0,0,-78,-78,-56,-75
-66,-63,-65,-65,-80,0,0,-75,-76,-76,0,0,-75,-75,-78,-75,-85,-83,-62,-61,-62,-68,-72,-71,-67,-67,0,0,-74,-75,-75,-74,-71,-71,-83,0,-82,-81,0,-82,-81,-86,-85,0,-84,0,0,0,0,-78,-78,-56,-75
-66,-63,-65,-65,-80,0,0,-75,-76,-76,0,0,-75,-75,-78,-75,-85,-83,-62,-61,-62,-68,-72,-71,-67,-67,0,0,-74,-75,-75,-74,-71,-71,-83,0,-82,-81,0,-82,-81,-86,-85,0,-84,0,0,0,0,-78,-78,-56,-75
-66,-63,-65,-65,-80,0,0,-75,-76,-76,0,0,-75,-75,-78,-75,-85,-83,-62,-61,-62,-68,-72,-71,-67,-67,0,0,-74,-75,-75,-74,-71,-71,-83,0,-82,-81,0,-82,-81,-86,-85,0,-84,0,0,0,0,-78,-78,-56,-75
-68,-66,-65,-66,-79,0,0,-75,-75,-76,0,0,-75,-76,-78,-75,-83,-83,-59,-66,-60,-65,-75,-71,-71,-72,0,-79,-74,-75,-77,0,-72,-72,-83,0,-83,-82,0,-82,-81,-86,-85,0,-84,0,0,0,0,-82,-82,-58,-71
-68,-66,-65,-66,-79,0,0,-75,-75,-76,0,0,-75,-76,-78,-75,-83,-83,-59,-66,-60,-65,-75,-71,-71,-72,0,-79,-74,-75,-77,0,-72,-72,-83,0,-83,-82,0,-82,-81,-86,-85,0,-84,0,0,0,0,-82,-82,-58,-71
-68,-66,-65,-66,-79,0,0,-75,-75,-76,0,0,-75,-76,-78,-75,-83,-83,-59,-66,-60,-65,-75,-71,-71,-72,0,-79,-74,-75,-77,0,-72,-72,-83,0,-83,-82,0,-82,-81,-86,-85,0,-84,0,0,0,0,-82,-82,-58,-71
-68,-66,-65,-66,-79,0,0,-75,-75,-76,0,0,-75,-76,-78,-75,-83,-83,-59,-66,-60,-65,-75,-71,-71,-72,0,-79,-74,-75,-77,0,-72,-72,-83,0,-83,-82,0,-82,-81,-86,-85,0,-84,0,0,0,0,-82,-82,-58,-71
-72,-73,-67,-68,-79,0,0,-76,-79,-79,0,0,-75,-75,0,0,-82,-80,-59,-57,-61,-70,-75,-74,-66,-65,0,-79,-79,-79,-77,0,-72,-72,-79,0,-78,-79,0,0,-89,0,0,0,0,0,0,0,0,-79,-80,-47,-63
-72,-73,-67,-68,-79,0,0,-76,-79,-79,0,0,-75,-75,0,0,-82,-80,-59,-57,-61,-70,-75,-74,-66,-65,0,-79,-79,-79,-77,0,-72,-72,-79,0,-78,-79,0,0,-89,0,0,0,0,0,0,0,0,-79,-80,-47,-63
-72,-73,-67,-68,-79,0,0,-76,-79,-79,0,0,-75,-75,0,0,-82,-80,-59,-57,-61,-70,-75,-74,-66,-65,0,-79,-79,-79,-77,0,-72,-72,-79,0,-78,-79,0,0,-89,0,0,0,0,0,0,0,0,-79,-80,-47,-63
-72,-73,-67,-68,-79,0,0,-76,-79,-79,0,0,-75,-75,0,0,-82,-80,-59,-57,-61,-70,-75,-74,-66,-65,0,-79,-79,-79,-77,0,-72,-72,-79,0,-78,-79,0,0,-89,0,0,0,0,0,0,0,0,-79,-80,-47,-63
0,0,-73,-73,-79,0,0,0,-80,-80,-83,0,-78,-77,0,-76,-82,-84,-62,-60,-60,-60,-72,0,-65,-66,0,0,-73,-73,-76,0,-69,-69,0,0,-77,-77,0,-87,-85,-84,-84,-85,-85,-83,-85,0,0,-81,-81,-48,-70
0,0,-73,-73,-79,0,0,0,-80,-80,-83,0,-78,-77,0,-76,-82,-84,-62,-60,-60,-60,-72,0,-65,-66,0,0,-73,-73,-76,0,-69,-69,0,0,-77,-77,0,-87,-85,-84,-84,-85,-85,-83,-85,0,0,-81,-81,-48,-70
0,0,-73,-73,-79,0,0,0,-80,-80,-83,0,-78,-77,0,-76,-82,-84,-62,-60,-60,-60,-72,0,-65,-66,0,0,-73,-73,-76,0,-69,-69,0,0,-77,-77,0,-87,-85,-84,-84,-85,-85,-83,-85,0,0,-81,-81,-48,-70
0,0,-73,-73,-79,0,0,0,-80,-80,-83,0,-78,-77,0,-76,-82,-84,-62,-60,-60,-60,-72,0,-65,-66,0,0,-73,-73,-76,0,-69,-69,0,0,-77,-77,0,-87,-85,-84,-84,-85,-85,-83,-85,0,0,-81,-81,-48,-70
0,0,-67,-68,-79,0,0,0,-76,-76,0,0,-79,-77,0,0,-82,-83,-60,-59,-59,-61,-75,-72,-71,-70,0,0,-78,-78,-76,0,-68,-68,0,0,-77,-77,0,-87,-85,-84,-84,0,0,0,-84,0,0,-82,-80,-51,-66
0,0,-67,-68,-79,0,0,0,-76,-76,0,0,-79,-77,0,0,-82,-83,-60,-59,-59,-61,-75,-72,-71,-70,0,0,-78,-78,-76,0,-68,-68,0,0,-77,-77,0,-87,-85,-84,-84,0,0,0,-84,0,0,-82,-80,-51,-66
0,0,-67,-68,-79,0,0,0,-76,-76,0,0,-79,-77,0,0,-82,-83,-60,-59,-59,-61,-75,-72,-71,-70,0,0,-78,-78,-76,0,-68,-68,0,0,-77,-77,0,-87,-85,-84,-84,0,0,0,-84,0,0,-82,-80,-51,-66
0,0,-67,-68,-79,0,0,0,-76,-76,0,0,-79,-77,0,0,-82,-83,-60,-59,-59,-61,-75,-72,-71,-70,0,0,-78,-78,-76,0,-68,-68,0,0,-77,-77,0,-87,-85,-84,-84,0,0,0,-84,0,0,-82,-80,-51,-66
-72,0,-70,-68,-79,0,0,0,-60,-80,0,0,-80,-80,0,0,-83,-81,-60,-58,-60,-66,-75,-72,-67,-67,0,0,-74,-75,-76,0,-66,-66,0,-81,-77,-78,0,-85,-84,-84,-84,0,0,0,-84,0,0,-81,-81,-54,-63
-72,0,-70,-68,-79,0,0,0,-60,-80,0,0,-80,-80,0,0,-83,-81,-60,-58,-60,-66,-75,-72,-67,-67,0,0,-74,-75,-76,0,-66,-66,0,-81,-77,-78,0,-85,-84,-84,-84,0,0,0,-84,0,0,-81,-81,-54,-63
-72,0,-70,-68,-79,0,0,0,-60,-80,0,0,-80,-80,0,0,-83,-81,-60,-58,-60,-66,-75,-72,-67,-67,0,0,-74,-75,-76,0,-66,-66,0,-81,-77,-78,0,-85,-84,-84,-84,0,0,0,-84,0,0,-81,-81,-54,-63
-72,0,-70,-68,-79,0,0,-74,-77,-78,0,0,-76,-76,0,-76,-82,-82,-61,-60,-58,-62,-75,-72,-66,-66,0,0,-77,-77,0,0,-65,-64,-82,-81,-81,-81,0,-82,-85,0,0,0,0,0,-84,0,0,-79,-80,-56,-62
-72,0,-70,-68,-79,0,0,-74,-77,-78,0,0,-76,-76,0,-76,-82,-82,-61,-60,-58,-62,-75,-72,-66,-66,0,0,-77,-77,0,0,-65,-64,-82,-81,-81,-81,0,-82,-85,0,0,0,0,0,-84,0,0,-79,-80,-56,-62
-72,0,-70,-68,-79,0,0,-74,-77,-78,0,0,-76,-76,0,-76,-82,-82,-61,-60,-58,-62,-75,-72,-66,-66,0,0,-77,-77,0,0,-65,-64,-82,-81,-81,-81,0,-82,-85,0,0,0,0,0,-84,0,0,-79,-80,-56,-62
-72,0,-70,-68,-79,0,0,-74,-77,-78,0,0,-76,-76,0,-76,-82,-82,-61,-60,-58,-62,-75,-72,-66,-66,0,0,-77,-77,0,0,-65,-64,-82,-81,-81,-81,0,-82,-85,0,0,0,0,0,-84,0,0,-79,-80,-56,-62
-72,-69,-63,-64,-76,0,0,-74,-75,-75,0,0,-71,-72,0,-76,-80,-80,-61,-61,-57,-62,-74,-74,-65,-66,0,0,-75,-74,0,0,-73,-72,-82,-81,-76,-77,0,-82,-85,0,0,0,-85,-84,-84,0,0,-79,-79,-56,-63
-72,-69,-63,-64,-76,0,0,-74,-75,-75,0,0,-71,-72,0,-76,-80,-80,-61,-61,-57,-62,-74,-74,-65,-66,0,0,-75,-74,0,0,-73,-72,-82,-81,-76,-77,0,-82,-85,0,0,0,-85,-84,-84,0,0,-79,-79,-56,-63
-72,-69,-63,-64,-76,0,0,-74,-75,-75,0,0,-71,-72,0,-76,-80,-80,-61,-61,-57,-62,-74,-74,-65,-66,0,0,-75,-74,0,0,-73,-72,-82,-81,-76,-77,0,-82,-85,0,0,0,-85,-84,-84,0,0,-79,-79,-56,-63
-72,-69,-63,-64,-76,0,0,-74,-75,-75,0,0,-71,-72,0,-76,-80,-80,-61,-61,-57,-62,-74,-74,-65,-66,0,0,-75,-74,0,0,-73,-72,-82,-81,-76,-77,0,-82,-85,0,0,0,-85,-84,-84,0,0,-79,-79,-56,-63
-72,-69,-66,-66,-78,0,0,-74,-74,-74,0,0,-70,-71,0,-76,-58,-81,-61,-60,-57,-58,-74,-74,-64,-65,0,0,-74,-75,0,0,-70,-69,-82,-80,-75,-75,0,-83,-78,0,0,0,-85,-84,-84,0,0,-76,-77,-52,-63
-72,-69,-66,-66,-78,0,0,-74,-74,-74,0,0,-70,-71,0,-76,-58,-81,-61,-60,-57,-58,-74,-74,-64,-65,0,0,-74,-75,0,0,-70,-69,-82,-80,-75,-75,0,-83,-78,0,0,0,-85,-84,-84,0,0,-76,-77,-52,-63
-72,-69,-66,-66,-78,0,0,-74,-74,-74,0,0,-70,-71,0,-76,-58,-81,-61,-60,-57,-58,-74,-74,-64,-65,0,0,-74,-75,0,0,-70,-69,-82,-80,-75,-75,0,-83,-78,0,0,0,-85,-84,-84,0,0,-76,-77,-52,-63
-72,-69,-66,-65,-78,0,0,-78,-74,-74,0,0,-71,-71,0,0,-82,-80,-61,-61,-58,-61,-74,0,-65,-66,-79,0,-79,-79,-77,-75,-70,-70,-83,-80,-76,-77,0,-87,0,-84,-84,0,-85,-84,-84,0,0,-78,-77,-50,-66
-72,-69,-66,-65,-78,0,0,-78,-74,-74,0,0,-71,-71,0,0,-82,-80,-61,-61,-58,-61,-74,0,-65,-66,-79,0,-79,-79,-77,-75,-70,-70,-83,-80,-76,-77,0,-87,0,-84,-84,0,-85,-84,-84,0,0,-78,-77,-50,-66
-72,-69,-66,-65,-78,0,0,-78,-74,-74,0,0,-71,-71,0,0,-82,-80,-61,-61,-58,-61,-74,0,-65,-66,-79,0,-79,-79,-77,-75,-70,-70,-83,-80,-76,-77,0,-87,0,-84,-84,0,-85,-84,-84,0,0,-78,-77,-50,-66
-72,-69,-66,-65,-78,0,0,-78,-74,-74,0,0,-71,-71,0,0,-82,-80,-61,-61,-58,-61,-74,0,-65,-66,-79,0,-79,-79,-77,-75,-70,-70,-83,-80,-76,-77,0,-87,0,-84,-84,0,-85,-84,-84,0,0,-78,-77,-50,-66
0,-64,-69,-68,-80,0,0,-78,-75,-75,0,0,-72,-72,0,0,-82,-83,0,-58,-60,-64,-71,0,-72,-72,-79,0,-72,-72,-77,-75,-70,-70,-83,-83,-76,-76,0,-87,0,-84,-84,0,0,0,0,0,0,-79,-79,-45,-67
0,-64,-69,-68,-80,0,0,-78,-75,-75,0,0,-72,-72,0,0,-82,-83,0,-58,-60,-64,-71,0,-72,-72,-79,0,-72,-72,-77,-75,-70,-70,-83,-83,-76,-76,0,-87,0,-84,-84,0,0,0,0,0,0,-79,-79,-45,-67
0,-64,-69,-68,-80,0,0,-78,-75,-75,0,0,-72,-72,0,0,-82,-83,0,-58,-60,-64,-71,0,-72,-72,-79,0,-72,-72,-77,-75,-70,-70,-83,-83,-76,-76,0,-87,0,-84,-84,0,0,0,0,0,0,-79,-79,-45,-67
0,-64,-69,-68,-80,0,0,-78,-75,-75,0,0,-72,-72,0,0,-82,-83,0,-58,-60,-64,-71,0,-72,-72,-79,0,-72,-72,-77,-75,-70,-70,-83,-83,-76,-76,0,-87,0,-84,-84,0,0,0,0,0,0,-79,-79,-45,-67
0,-66,-69,-69,-80,0,0,-88,-74,-74,0,0,-72,-72,0,0,-82,-83,-59,-58,-57,-62,-72,-74,-66,-67,-79,0,-73,-73,-77,-75,-66,-66,0,-84,-80,-79,0,0,0,-84,-84,-85,-83,0,-88,0,0,-78,-79,-43,-65
0,-66,-69,-69,-80,0,0,-88,-74,-74,0,0,-72,-72,0,0,-82,-83,-59,-58,-57,-62,-72,-74,-66,-67,-79,0,-73,-73,-77,-75,-66,-66,0,-84,-80,-79,0,0,0,-84,-84,-85,-83,0,-88,0,0,-78,-79,-43,-65
0,-66,-69,-69,-80,0,0,-88,-74,-74,0,0,-72,-72,0,0,-82,-83,-59,-58,-57,-62,-72,-74,-66,-67,-79,0,-73,-73,-77,-75,-66,-66,0,-84,-80,-79,0,0,0,-84,-84,-85,-83,0,-88,0,0,-78,-79,-43,-65
0,-66,-69,-69,-80,0,0,-88,-74,-74,0,0,-72,-72,0,0,-82,-83,-59,-58,-57,-62,-72,-74,-66,-67,-79,0,-73,-73,-77,-75,-66,-66,0,-84,-80,-79,0,0,0,-84,-84,-85,-83,0,-88,0,0,-78,-79,-43,-65
0,-65,-67,-67,-78,0,0,-88,-79,-79,0,0,-75,-74,0,0,0,-82,-59,-60,-57,-56,-73,-74,-69,-69,-80,0,-75,-75,0,-74,-69,-70,0,-84,-80,-80,0,0,0,-84,-82,-85,-83,0,-88,0,0,-81,-82,-44,-66
0,-65,-67,-67,-78,0,0,-88,-79,-79,0,0,-75,-74,0,0,0,-82,-59,-60,-57,-56,-73,-74,-69,-69,-80,0,-75,-75,0,-74,-69,-70,0,-84,-80,-80,0,0,0,-84,-82,-85,-83,0,-88,0,0,-81,-82,-44,-66
0,-65,-67,-67,-78,0,0,-88,-79,-79,0,0,-75,-74,0,0,0,-82,-59,-60,-57,-56,-73,-74,-69,-69,-80,0,-75,-75,0,-74,-69,-70,0,-84,-80,-80,0,0,0,-84,-82,-85,-83,0,-88,0,0,-81,-82,-44,-66
0,0,-71,-71,-78,0,0,-88,-79,-78,0,0,-73,-73,0,0,-81,-82,-59,-59,-59,-58,-73,-74,-68,-69,-80,0,-75,-75,0,-74,-69,-70,0,-84,-80,-80,0,0,0,-84,-82,-85,-83,-81,-88,0,0,-81,-82,-44,-68
0,0,-71,-71,-78,0,0,-88,-79,-78,0,0,-73,-73,0,0,-81,-82,-59,-59,-59,-58,-73,-74,-68,-69,-80,0,-75,-75,0,-74,-69,-70,0,-84,-80,-80,0,0,0,-84,-82,-85,-83,-81,-88,0,0,-81,-82,-44,-68
0,0,-71,-71,-78,0,0,-88,-79,-78,0,0,-73,-73,0,0,-81,-82,-59,-59,-59,-58,-73,-74,-68,-69,-80,0,-75,-75,0,-74,-69,-70,0,-84,-80,-80,0,0,0,-84,-82,-85,-83,-81,-88,0,0,-81,-82,-44,-68
0,0,-71,-71,-78,0,0,-88,-79,-78,0,0,-73,-73,0,0,-81,-82,-59,-59,-59,-58,-73,-74,-68,-69,-80,0,-75,-75,0,-74,-69,-70,0,-84,-80,-80,0,0,0,-84,-82,-85,-83,-81,-88,0,0,-81,-82,-44,-68
-71,-68,-71,-71,-78,0,0,-74,-78,-77,0,0,-74,-74,0,0,-81,-83,0,-61,-58,-60,-72,0,-70,-70,-78,-79,-77,-77,-74,-73,-70,-70,0,-82,-77,-78,0,0,0,-84,-82,-84,-85,-81,-82,0,0,-82,-80,-48,-69
-71,-68,-71,-71,-78,0,0,-74,-78,-77,0,0,-74,-74,0,0,-81,-83,0,-61,-58,-60,-72,0,-70,-70,-78,-79,-77,-77,-74,-73,-70,-70,0,-82,-77,-78,0,0,0,-84,-82,-84,-85,-81,-82,0,0,-82,-80,-48,-69
-71,-68,-71,-71,-78,0,0,-74,-78,-77,0,0,-74,-74,0,0,-81,-83,0,-61,-58,-60,-72,0,-70,-70,-78,-79,-77,-77,-74,-73,-70,-70,0,-82,-77,-78,0,0,0,-84,-82,-84,-85,-81,-82,0,0,-82,-80,-48,-69
-71,-68,-71,-71,-78,0,0,-74,-78,-77,0,0,-74,-74,0,0,-81,-83,0,-61,-58,-60,-72,0,-70,-70,-78,-79,-77,-77,-74,-73,-70,-70,0,-82,-77,-78,0,0,0,-84,-82,-84,-85,-81,-82,0,0,-82,-80,-48,-69
-71,-68,-72,-71,-78,0,0,-74,-79,-78,0,0,-73,-73,0,0,-81,-83,-60,-61,-58,-58,-74,0,-69,-69,-76,-79,-78,-78,-74,-76,-68,-68,0,-78,-79,-78,0,0,0,-85,-83,-83,-84,-81,-82,0,0,-82,-80,-48,-66
-71,-68,-72,-71,-78,0,0,-74,-79,-78,0,0,-73,-73,0,0,-81,-83,-60,-61,-58,-58,-74,0,-69,-69,-76,-79,-78,-78,-74,-76,-68,-68,0,-78,-79,-78,0,0,0,-85,-83,-83,-84,-81,-82,0,0,-82,-80,-48,-66
-71,-68,-72,-71,-78,0,0,-74,-79,-78,0,0,-73,-73,0,0,-81,-83,-60,-61,-58,-58,-74,0,-69,-69,-76,-79,-78,-78,-74,-76,-68,-68,0,-78,-79,-78,0,0,0,-85,-83,-83,-84,-81,-82,0,0,-82,-80,-48,-66
-71,-68,-72,-71,-78,0,0,-74,-79,-78,0,0,-73,-73,0,0,-81,-83,-60,-61,-58,-58,-74,0,-69,-69,-76,-79,-78,-78,-74,-76,-68,-68,0,-78,-79,-78,0,0,0,-85,-83,-83,-84,-81,-82,0,0,-82,-80,-48,-66
-71,-68,-71,-71,0,0,0,0,-76,-75,0,0,-73,-72,0,-75,-82,-81,-60,-61,-63,-64,-73,0,-70,-70,-76,-79,-74,-74,-74,-76,-65,-66,0,-82,-79,-78,0,0,-86,-85,-83,0,0,0,0,0,0,-77,-77,-48,-66
-71,-68,-71,-71,0,0,0,0,-76,-75,0,0,-73,-72,0,-75,-82,-81,-60,-61,-63,-64,-73,0,-70,-70,-76,-79,-74,-74,-74,-76,-65,-66,0,-82,-79,-78,0,0,-86,-85,-83,0,0,0,0,0,0,-77,-77,-48,-66
-71,-68,-71,-71,0,0,0,0,-76,-75,0,0,-73,-72,0,-75,-82,-81,-60,-61,-63,-64,-73,0,-70,-70,-76,-79,-74,-74,-74,-76,-65,-66,0,-82,-79,-78,0,0,-86,-85,-83,0,0,0,0,0,0,-77,-77,-48,-66
0,-65,-71,-70,0,0,0,0,-72,-70,0,0,-76,-76,0,-75,-80,-81,-60,-59,-59,-61,-73,0,-66,-66,0,0,-73,-73,0,-76,-69,-69,0,-82,-75,-76,0,0,-86,0,0,0,0,0,0,0,0,-84,-82,-47,-72
0,-65,-71,-70,0,0,0,0,-72,-70,0,0,-76,-76,0,-75,-80,-81,-60,-59,-59,-61,-73,0,-66,-66,0,0,-73,-73,0,-76,-69,-69,0,-82,-75,-76,0,0,-86,0,0,0,0,0,0,0,0,-84,-82,-47,-72
0,-65,-71,-70,0,0,0,0,-72,-70,0,0,-76,-76,0,-75,-80,-81,-60,-59,-59,-61,-73,0,-66,-66,0,0,-73,-73,0,-76,-69,-69,0,-82,-75,-76,0,0,-86,0,0,0,0,0,0,0,0,-84,-82,-47,-72
0,-65,-71,-70,0,0,0,0,-72,-70,0,0,-76,-76,0,-75,-80,-81,-60,-59,-59,-61,-73,0,-66,-66,0,0,-73,-73,0,-76,-69,-69,0,-82,-75,-76,0,0,-86,0,0,0,0,0,0,0,0,-84,-82,-47,-72
0,-66,-67,-67,0,0,0,-81,-75,-75,0,0,-79,-79,-78,-75,-80,-79,-61,-58,-62,-63,-75,0,-70,-70,-76,0,-77,-77,-77,-76,-64,-64,0,0,-77,-76,0,-84,-86,-84,-81,0,0,0,0,0,0,-84,0,-49,-71
0,-66,-67,-67,0,0,0,-81,-75,-75,0,0,-79,-79,-78,-75,-80,-79,-61,-58,-62,-63,-75,0,-70,-70,-76,0,-77,-77,-77,-76,-64,-64,0,0,-77,-76,0,-84,-86,-84,-81,0,0,0,0,0,0,-84,0,-49,-71
0,-66,-67,-67,0,0,0,-81,-75,-75,0,0,-79,-79,-78,-75,-80,-79,-61,-58,-62,-63,-75,0,-70,-70,-76,0,-77,-77,-77,-76,-64,-64,0,0,-77,-76,0,-84,-86,-84,-81,0,0,0,0,0,0,-84,0,-49,-71
0,-66,-67,-67,0,0,0,-81,-75,-75,0,0,-79,-79,-78,-75,-80,-79,-61,-58,-62,-63,-75,0,-70,-70,-76,0,-77,-77,-77,-76,-64,-64,0,0,-77,-76,0,-84,-86,-84,-81,0,0,0,0,0,0,-84,0,-49,-71
-76,-72,-69,-69,0,0,0,-81,-81,-81,0,0,-79,-79,-78,-76,-78,-79,-67,-65,-56,-58,-75,0,-71,-71,-76,0,-63,-64,-77,-76,-64,-64,0,0,-80,-80,0,-84,-83,-84,-81,0,0,0,0,0,0,-84,-85,-43,-56
-76,-72,-69,-69,0,0,0,-81,-81,-81,0,0,-79,-79,-78,-76,-78,-79,-67,-65,-56,-58,-75,0,-71,-71,-76,0,-63,-64,-77,-76,-64,-64,0,0,-80,-80,0,-84,-83,-84,-81,0,0,0,0,0,0,-84,-85,-43,-56
-76,-72,-69,-69,0,0,0,-81,-81,-81,0,0,-79,-79,-78,-76,-78,-79,-67,-65,-56,-58,-75,0,-71,-71,-76,0,-63,-64,-77,-76,-64,-64,0,0,-80,-80,0,-84,-83,-84,-81,0,0,0,0,0,0,-84,-85,-43,-56
-76,-72,-69,-69,0,0,0,-81,-81,-81,0,0,-79,-79,-78,-76,-78,-79,-67,-65,-56,-58,-75,0,-71,-71,-76,0,-63,-64,-77,-76,-64,-64,0,0,-80,-80,0,-84,-83,-84,-81,0,0,0,0,0,0,-84,-85,-43,-56
-76,-72,-68,-68,0,0,0,0,-79,-79,0,0,-76,-76,0,0,-84,-80,-67,-68,-55,-57,0,0,-67,-67,0,0,-66,-66,0,-74,-63,-63,0,0,-82,-81,0,-78,-90,-81,-83,0,0,0,0,0,0,-85,-85,-45,-62
-76,-72,-68,-68,0,0,0,0,-79,-79,0,0,-76,-76,0,0,-84,-80,-67,-68,-55,-57,0,0,-67,-67,0,0,-66,-66,0,-74,-63,-63,0,0,-82,-81,0,-78,-90,-81,-83,0,0,0,0,0,0,-85,-85,-45,-62
-71,-69,-67,-67,0,0,0,0,-78,-79,0,0,-76,-76,0,0,-81,-80,-70,-66,-54,-56,0,-72,-66,-66,0,0,-64,-63,0,-74,-64,-64,0,0,-79,-80,0,-78,-90,-82,-84,0,0,-83,-82,0,0,-85,-84,-41,-75
-71,-69,-67,-67,0,0,0,0,-78,-79,0,0,-76,-76,0,0,-81,-80,-70,-66,-54,-56,0,-72,-66,-66,0,0,-64,-63,0,-74,-64,-64,0,0,-79,-80,0,-78,-90,-82,-84,0,0,-83,-82,0,0,-85,-84,-41,-75
-71,-69,-67,-67,0,0,0,0,-78,-79,0,0,-76,-76,0,0,-81,-80,-70,-66,-54,-56,0,-72,-66,-66,0,0,-64,-63,0,-74,-64,-64,0,0,-79,-80,0,-78,-90,-82,-84,0,0,-83,-82,0,0,-85,-84,-41,-75
0,-73,-68,-68,0,0,0,0,-79,-80,0,0,-77,-77,0,0,-82,-82,-68,-66,-57,-60,0,-72,-66,-66,0,0,-67,-67,0,-71,-64,-64,0,0,-77,-77,0,-78,-80,-82,-82,0,0,-83,-82,0,0,-85,-84,-41,-67
0,-73,-68,-68,0,0,0,0,-79,-80,0,0,-77,-77,0,0,-82,-82,-68,-66,-57,-60,0,-72,-66,-66,0,0,-67,-67,0,-71,-64,-64,0,0,-77,-77,0,-78,-80,-82,-82,0,0,-83,-82,0,0,-85,-84,-41,-67
0,-73,-68,-68,0,0,0,0,-79,-80,0,0,-77,-77,0,0,-82,-82,-68,-66,-57,-60,0,-72,-66,-66,0,0,-67,-67,0,-71,-64,-64,0,0,-77,-77,0,-78,-80,-82,-82,0,0,-83,-82,0,0,-85,-84,-41,-67
0,-73,-68,-68,0,0,0,0,-79,-80,0,0,-77,-77,0,0,-82,-82,-68,-66,-57,-60,0,-72,-66,-66,0,0,-67,-67,0,-71,-64,-64,0,0,-77,-77,0,-78,-80,-82,-82,0,0,-83,-82,0,0,-85,-84,-41,-67
0,-73,-68,-66,0,-77,-78,0,-79,-80,0,0,-76,-75,0,0,-83,-82,-63,-60,-57,-56,0,-72,-67,-66,0,0,-69,-68,0,-71,-59,-60,0,-82,-77,-77,0,-78,0,-81,-80,0,0,-83,-82,0,0,0,0,-40,-64
0,-73,-68,-66,0,-77,-78,0,-79,-80,0,0,-76,-75,0,0,-83,-82,-63,-60,-57,-56,0,-72,-67,-66,0,0,-69,-68,0,-71,-59,-60,0,-82,-77,-77,0,-78,0,-81,-80,0,0,-83,-82,0,0,0,0,-40,-64
0,-73,-68,-66,0,-77,-78,0,-79,-80,0,0,-76,-75,0,0,-83,-82,-63,-60,-57,-56,0,-72,-67,-66,0,0,-69,-68,0,-71,-59,-60,0,-82,-77,-77,0,-78,0,-81,-80,0,0,-83,-82,0,0,0,0,-40,-64
0,-73,-68,-66,0,-77,-78,0,-79,-80,0,0,-76,-75,0,0,-83,-82,-63,-60,-57,-56,0,-72,-67,-66,0,0,-69,-68,0,-71,-59,-60,0,-82,-77,-77,0,-78,0,-81,-80,0,0,-83,-82,0,0,0,0,-40,-64
0,0,-73,-73,0,-77,-78,0,-78,-79,0,0,-76,-76,0,0,-82,-81,-63,-60,-56,-56,0,0,-67,-66,-72,0,-67,-67,0,-67,-59,-59,0,-82,-82,-82,0,-78,0,-82,-80,-81,-81,0,0,0,0,0,0,-42,-61
0,0,-73,-73,0,-77,-78,0,-78,-79,0,0,-76,-76,0,0,-82,-81,-63,-60,-56,-56,0,0,-67,-66,-72,0,-67,-67,0,-67,-59,-59,0,-82,-82,-82,0,-78,0,-82,-80,-81,-81,0,0,0,0,0,0,-42,-61
0,0,-73,-73,0,-77,-78,0,-78,-79,0,0,-76,-76,0,0,-82,-81,-63,-60,-56,-56,0,0,-67,-66,-72,0,-67,-67,0,-67,-59,-59,0,-82,-82,-82,0,-78,0,-82,-80,-81,-81,0,0,0,0,0,0,-42,-61
0,-71,-68,-67,0,-77,-78,-79,-76,-76,0,0,-78,-77,0,0,-80,-81,-70,-65,-54,-57,0,0,-70,-70,-72,0,-64,-64,-75,-67,-60,-60,0,-82,-77,-77,0,-82,0,-82,-83,-81,-81,-81,-81,0,0,0,0,-41,-64
0,-71,-68,-67,0,-77,-78,-79,-76,-76,0,0,-78,-77,0,0,-80,-81,-70,-65,-54,-57,0,0,-70,-70,-72,0,-64,-64,-75,-67,-60,-60,0,-82,-77,-77,0,-82,0,-82,-83,-81,-81,-81,-81,0,0,0,0,-41,-64
0,-71,-68,-67,0,-77,-78,-79,-76,-76,0,0,-78,-77,0,0,-80,-81,-70,-65,-54,-57,0,0,-70,-70,-72,0,-64,-64,-75,-67,-60,-60,0,-82,-77,-77,0,-82,0,-82,-83,-81,-81,-81,-81,0,0,0,0,-41,-64
0,-71,-68,-67,0,-77,-78,-79,-76,-76,0,0,-78,-77,0,0,-80,-81,-70,-65,-54,-57,0,0,-70,-70,-72,0,-64,-64,-75,-67,-60,-60,0,-82,-77,-77,0,-82,0,-82,-83,-81,-81,-81,-81,0,0,0,0,-41,-64
-73,-71,-68,-69,-75,0,0,-79,-80,-80,0,0,-78,-77,-79,-76,-80,-81,-70,-65,-54,-57,0,0,-67,-67,-72,0,-64,-65,-75,-67,-62,-62,0,0,-77,-78,0,-82,0,-85,-83,-81,-81,-81,-81,0,0,0,0,-41,-66
-73,-71,-68,-69,-75,0,0,-79,-80,-80,0,0,-78,-77,-79,-76,-80,-81,-70,-65,-54,-57,0,0,-67,-67,-72,0,-64,-65,-75,-67,-62,-62,0,0,-77,-78,0,-82,0,-85,-83,-81,-81,-81,-81,0,0,0,0,-41,-66
-73,-71,-68,-69,-75,0,0,-79,-80,-80,0,0,-78,-77,-79,-76,-80,-81,-70,-65,-54,-57,0,0,-67,-67,-72,0,-64,-65,-75,-67,-62,-62,0,0,-77,-78,0,-82,0,-85,-83,-81,-81,-81,-81,0,0,0,0,-41,-66
-73,-71,-68,-69,-75,0,0,-79,-80,-80,0,0,-78,-77,-79,-76,-80,-81,-70,-65,-54,-57,0,0,-67,-67,-72,0,-64,-65,-75,-67,-62,-62,0,0,-77,-78,0,-82,0,-85,-83,-81,-81,-81,-81,0,0,0,0,-41,-66
-73,-71,-66,-66,-75,0,0,-79,-76,-77,0,0,-75,-76,-79,-76,-82,-81,-67,-65,-56,-55,0,0,-67,-67,0,0,-64,-64,-75,-72,-60,-59,0,0,-80,-81,0,0,0,-83,-82,-82,-81,-81,-81,0,0,0,0,-42,-62
-73,-71,-66,-66,-75,0,0,-79,-76,-77,0,0,-75,-76,-79,-76,-82,-81,-67,-65,-56,-55,0,0,-67,-67,0,0,-64,-64,-75,-72,-60,-59,0,0,-80,-81,0,0,0,-83,-82,-82,-81,-81,-81,0,0,0,0,-42,-62
-73,-71,-66,-66,-75,0,0,-79,-76,-77,0,0,-75,-76,-79,-76,-82,-81,-67,-65,-56,-55,0,0,-67,-67,0,0,-64,-64,-75,-72,-60,-59,0,0,-80,-81,0,0,0,-83,-82,-82,-81,-81,-81,0,0,0,0,-42,-62
-73,-71,-66,-66,-75,0,0,-79,-76,-77,0,0,-75,-76,-79,-76,-82,-81,-67,-65,-56,-55,0,0,-67,-67,0,0,-64,-64,-75,-72,-60,-59,0,0,-80,-81,0,0,0,-83,-82,-82,-81,-81,-81,0,0,0,0,-42,-62
-73,0,-68,-68,-75,0,0,-75,-80,-80,0,0,-78,-78,-79,-76,-58,-79,-58,0,-57,-59,0,0,-68,-68,0,0,-61,-60,0,0,-64,-64,0,0,-78,-79,0,-77,-77,-82,-82,-83,-82,-82,-82,0,0,0,0,-41,-61
-73,0,-68,-68,-75,0,0,-75,-80,-80,0,0,-78,-78,-79,-76,-58,-79,-58,0,-57,-59,0,0,-68,-68,0,0,-61,-60,0,0,-64,-64,0,0,-78,-79,0,-77,-77,-82,-82,-83,-82,-82,-82,0,0,0,0,-41,-61
-73,0,-68,-68,-75,0,0,-75,-80,-80,0,0,-78,-78,-79,-76,-58,-79,-58,0,-57,-59,0,0,-68,-68,0,0,-61,-60,0,0,-64,-64,0,0,-78,-79,0,-77,-77,-82,-82,-83,-82,-82,-82,0,0,0,0,-41,-61
-73,0,-68,-68,-75,0,0,-75,-80,-80,0,0,-78,-78,-79,-76,-58,-79,-58,0,-57,-59,0,0,-68,-68,0,0,-61,-60,0,0,-64,-64,0,0,-78,-79,0,-77,-77,-82,-82,-83,-82,-82,-82,0,0,0,0,-41,-61
0,0,-66,-65,-72,0,0,-75,-76,-77,0,0,-77,-78,-75,-76,-78,-79,0,0,-58,-58,-73,0,-69,-69,-69,0,-68,-68,0,0,-62,-62,0,0,-78,-78,0,-77,-77,-85,-83,-83,-84,0,-86,0,0,0,0,-38,-62
0,0,-66,-65,-72,0,0,-75,-76,-77,0,0,-77,-78,-75,-76,-78,-79,0,0,-58,-58,-73,0,-69,-69,-69,0,-68,-68,0,0,-62,-62,0,0,-78,-78,0,-77,-77,-85,-83,-83,-84,0,-86,0,0,0,0,-38,-62
0,0,-66,-65,-72,0,0,-75,-76,-77,0,0,-77,-78,-75,-76,-78,-79,0,0,-58,-58,-73,0,-69,-69,-69,0,-68,-68,0,0,-62,-62,0,0,-78,-78,0,-77,-77,-85,-83,-83,-84,0,-86,0,0,0,0,-38,-62
0,0,-66,-65,-72,0,0,-75,-76,-77,0,0,-77,-78,-75,-76,-78,-79,0,0,-58,-58,-73,0,-69,-69,-69,0,-68,-68,0,0,-62,-62,0,0,-78,-78,0,-77,-77,-85,-83,-83,-84,0,-86,0,0,0,0,-38,-62
0,-68,-67,-66,-72,0,0,-74,-77,-77,0,0,-77,-77,0,-74,-80,-80,0,0,-59,-60,-73,0,-68,-67,-69,0,-67,-67,0,0,-60,-61,0,0,-74,-75,0,-77,-77,-85,-83,-83,-84,0,-86,0,0,0,0,-40,-62
0,-68,-67,-66,-72,0,0,-74,-77,-77,0,0,-77,-77,0,-74,-80,-80,0,0,-59,-60,-73,0,-68,-67,-69,0,-67,-67,0,0,-60,-61,0,0,-74,-75,0,-77,-77,-85,-83,-83,-84,0,-86,0,0,0,0,-40,-62
0,-68,-67,-66,-72,0,0,-74,-77,-77,0,0,-77,-77,0,-74,-80,-80,0,0,-59,-60,-73,0,-68,-67,-69,0,-67,-67,0,0,-60,-61,0,0,-74,-75,0,-77,-77,-85,-83,-83,-84,0,-86,0,0,0,0,-40,-62
0,-68,-66,-67,-72,0,0,-73,-84,-78,0,0,-76,-77,0,-74,-81,-80,0,0,-58,-58,-73,0,-67,-67,-69,0,-66,-66,-76,-76,-60,-60,0,0,-75,-75,0,-77,-77,-85,-84,-83,-84,-85,-86,0,0,0,0,-38,-64
0,-68,-66,-67,-72,0,0,-73,-84,-78,0,0,-76,-77,0,-74,-81,-80,0,0,-58,-58,-73,0,-67,-67,-69,0,-66,-66,-76,-76,-60,-60,0,0,-75,-75,0,-77,-77,-85,-84,-83,-84,-85,-86,0,0,0,0,-38,-64
0,-68,-66,-67,-72,0,0,-73,-84,-78,0,0,-76,-77,0,-74,-81,-80,0,0,-58,-58,-73,0,-67,-67,-69,0,-66,-66,-76,-76,-60,-60,0,0,-75,-75,0,-77,-77,-85,-84,-83,-84,-85,-86,0,0,0,0,-38,-64
0,-68,-66,-67,-72,0,0,-73,-84,-78,0,0,-76,-77,0,-74,-81,-80,0,0,-58,-58,-73,0,-67,-67,-69,0,-66,-66,-76,-76,-60,-60,0,0,-75,-75,0,-77,-77,-85,-84,-83,-84,-85,-86,0,0,0,0,-38,-64
0,-68,-68,-69,-71,0,0,-70,-79,-78,0,0,-77,-77,0,0,-82,-81,-70,-69,-57,-56,0,0,-67,-67,-70,0,-69,-69,-76,-76,-64,-64,0,0,-82,-81,0,-77,-77,-85,-84,-75,-82,-85,-83,0,0,0,0,-39,-63
0,-68,-68,-69,-71,0,0,-70,-79,-78,0,0,-77,-77,0,0,-82,-81,-70,-69,-57,-56,0,0,-67,-67,-70,0,-69,-69,-76,-76,-64,-64,0,0,-82,-81,0,-77,-77,-85,-84,-75,-82,-85,-83,0,0,0,0,-39,-63
0,-68,-68,-69,-71,0,0,-70,-79,-78,0,0,-77,-77,0,0,-82,-81,-70,-69,-57,-56,0,0,-67,-67,-70,0,-69,-69,-76,-76,-64,-64,0,0,-82,-81,0,-77,-77,-85,-84,-75,-82,-85,-83,0,0,0,0,-39,-63
0,-68,-68,-69,-71,0,0,-70,-79,-78,0,0,-77,-77,0,0,-82,-81,-70,-69,-57,-56,0,0,-67,-67,-70,0,-69,-69,-76,-76,-64,-64,0,0,-82,-81,0,-77,-77,-85,-84,-75,-82,-85,-83,0,0,0,0,-39,-63
0,-67,-67,-67,-71,0,0,-70,-77,-77,0,0,-76,-75,0,-73,-83,-82,-70,-69,-56,-56,0,0,-69,-69,-70,-70,-66,-66,-76,-76,-63,-64,0,-83,-79,-78,0,0,0,-83,-83,-75,-82,-85,-83,0,0,0,0,-38,-59
0,-67,-67,-67,-71,0,0,-70,-77,-77,0,0,-76,-75,0,-73,-83,-82,-70,-69,-56,-56,0,0,-69,-69,-70,-70,-66,-66,-76,-76,-63,-64,0,-83,-79,-78,0,0,0,-83,-83,-75,-82,-85,-83,0,0,0,0,-38,-59
0,-67,-67,-67,-71,0,0,-70,-77,-77,0,0,-76,-75,0,-73,-83,-82,-70,-69,-56,-56,0,0,-69,-69,-70,-70,-66,-66,-76,-76,-63,-64,0,-83,-79,-78,0,0,0,-83,-83,-75,-82,-85,-83,0,0,0,0,-38,-59
0,-67,-67,-67,-71,0,0,-70,-77,-77,0,0,-76,-75,0,-73,-83,-82,-70,-69,-56,-56,0,0,-69,-69,-70,-70,-66,-66,-76,-76,-63,-64,0,-83,-79,-78,0,0,0,-83,-83,-75,-82,-85,-83,0,0,0,0,-38,-59
0,-67,-66,-67,-75,0,0,0,-77,-77,0,0,-77,-77,0,-73,-79,-78,-70,-69,-57,-56,0,-75,-70,-70,-71,-70,-65,-65,0,-74,-59,-59,0,-83,-81,-81,0,0,0,-83,-83,0,0,-84,-84,0,0,-80,-81,-40,-60
0,-67,-66,-67,-75,0,0,0,-77,-77,0,0,-77,-77,0,-73,-79,-78,-70,-69,-57,-56,0,-75,-70,-70,-71,-70,-65,-65,0,-74,-59,-59,0,-83,-81,-81,0,0,0,-83,-83,0,0,-84,-84,0,0,-80,-81,-40,-60
0,-67,-66,-67,-75,0,0,0,-77,-77,0,0,-77,-77,0,-73,-79,-78,-70,-69,-57,-56,0,-75,-70,-70,-71,-70,-65,-65,0,-74,-59,-59,0,-83,-81,-81,0,0,0,-83,-83,0,0,-84,-84,0,0,-80,-81,-40,-60
0,-67,-74,-74,-83,0,0,0,-77,-78,0,0,-78,-78,0,-73,-74,-74,-61,-57,-56,-57,0,-75,-70,-70,0,-70,-68,-68,0,-74,-60,-60,0,-83,-79,-80,0,0,0,-83,-83,0,0,-84,-84,0,0,-80,-81,-42,-58
0,-67,-74,-74,-83,0,0,0,-77,-78,0,0,-78,-78,0,-73,-74,-74,-61,-57,-56,-57,0,-75,-70,-70,0,-70,-68,-68,0,-74,-60,-60,0,-83,-79,-80,0,0,0,-83,-83,0,0,-84,-84,0,0,-80,-81,-42,-58
0,-67,-74,-74,-83,0,0,0,-77,-78,0,0,-78,-78,0,-73,-74,-74,-61,-57,-56,-57,0,-75,-70,-70,0,-70,-68,-68,0,-74,-60,-60,0,-83,-79,-80,0,0,0,-83,-83,0,0,-84,-84,0,0,-80,-81,-42,-58
0,-67,-74,-74,-83,0,0,0,-77,-78,0,0,-78,-78,0,-73,-74,-74,-61,-57,-56,-57,0,-75,-70,-70,0,-70,-68,-68,0,-74,-60,-60,0,-83,-79,-80,0,0,0,-83,-83,0,0,-84,-84,0,0,-80,-81,-42,-58
-70,-67,-66,-67,-71,0,0,0,-81,-83,0,0,-79,-79,-70,-69,-80,-82,-63,-62,-54,-57,0,-75,-71,-71,0,0,-66,-66,-66,-74,-62,-62,-81,0,-80,-80,0,0,0,-86,-85,-82,-79,-84,-84,0,0,-80,-81,-39,-62
-70,-67,-66,-67,-71,0,0,0,-81,-83,0,0,-79,-79,-70,-69,-80,-82,-63,-62,-54,-57,0,-75,-71,-71,0,0,-66,-66,-66,-74,-62,-62,-81,0,-80,-80,0,0,0,-86,-85,-82,-79,-84,-84,0,0,-80,-81,-39,-62
-70,-67,-66,-67,-71,0,0,0,-81,-83,0,0,-79,-79,-70,-69,-80,-82,-63,-62,-54,-57,0,-75,-71,-71,0,0,-66,-66,-66,-74,-62,-62,-81,0,-80,-80,0,0,0,-86,-85,-82,-79,-84,-84,0,0,-80,-81,-39,-62
-70,-67,-66,-67,-71,0,0,0,-81,-83,0,0,-79,-79,-70,-69,-80,-82,-63,-62,-54,-57,0,-75,-71,-71,0,0,-66,-66,-66,-74,-62,-62,-81,0,-80,-80,0,0,0,-86,-85,-82,-79,-84,-84,0,0,-80,-81,-39,-62
-70,-68,-72,-72,-72,0,0,-65,-76,-76,0,0,-73,-73,-70,-69,-79,-80,0,-60,-56,-56,0,-71,-64,-64,-72,-76,-65,-65,-66,0,-68,-69,-81,0,-78,-78,0,0,0,-84,-83,-82,-79,-77,-77,0,0,-75,-75,-53,-62
-70,-68,-72,-72,-72,0,0,-65,-76,-76,0,0,-73,-73,-70,-69,-79,-80,0,-60,-56,-56,0,-71,-64,-64,-72,-76,-65,-65,-66,0,-68,-69,-81,0,-78,-78,0,0,0,-84,-83,-82,-79,-77,-77,0,0,-75,-75,-53,-62
-70,-68,-72,-72,-72,0,0,-65,-76,-76,0,0,-73,-73,-70,-69,-79,-80,0,-60,-56,-56,0,-71,-64,-64,-72,-76,-65,-65,-66,0,-68,-69,-81,0,-78,-78,0,0,0,-84,-83,-82,-79,-77,-77,0,0,-75,-75,-53,-62
-70,-68,-72,-72,-72,0,0,-65,-76,-76,0,0,-73,-73,-70,-69,-79,-80,0,-60,-56,-56,0,-71,-64,-64,-72,-76,-65,-65,-66,0,-68,-69,-81,0,-78,-78,0,0,0,-84,-83,-82,-79,-77,-77,0,0,-75,-75,-53,-62
