0,-72,-75,-75,-78,-81,-82,-80,-79,-84,-81,-82,-65,-66,-88,-90,-78,-77,-77,-76,-70,-70,0,-71,-58,-58,-79,-86,-78,-78,0,-70,-67,-67,-77,-77,-72,-72,0,0,0,0,0,0,0,0,0,-70,-69,-72,-70,-60,-63
0,-72,-75,-75,-78,-81,-82,-80,-79,-84,-81,-82,-65,-66,-88,-90,-78,-77,-77,-76,-70,-70,0,-71,-58,-58,-79,-86,-78,-78,0,-70,-67,-67,-77,-77,-72,-72,0,0,0,0,0,0,0,0,0,-70,-69,-72,-70,-60,-63
0,-72,-75,-75,-78,-81,-82,-80,-79,-84,-81,-82,-65,-66,-88,-90,-78,-77,-77,-76,-70,-70,0,-71,-58,-58,-79,-86,-78,-78,0,-70,-67,-67,-77,-77,-72,-72,0,0,0,0,0,0,0,0,0,-70,-69,-72,-70,-60,-63
0,-72,-75,-75,-78,-81,-82,-80,-79,-84,-81,-82,-65,-66,-88,-90,-78,-77,-77,-76,-70,-70,0,-71,-58,-58,-79,-86,-78,-78,0,-70,-67,-67,-77,-77,-72,-72,0,0,0,0,0,0,0,0,0,-70,-69,-72,-70,-60,-63
0,-81,-75,-75,-78,-81,-82,-80,-82,-84,-81,-82,-71,-71,-80,-90,-78,-77,-75,-71,-77,-76,0,-71,-46,-46,-79,-86,-78,-78,0,0,-69,-69,-79,-83,-82,-81,0,0,0,0,0,0,0,0,0,-70,-69,-72,-70,-57,-71
0,-81,-75,-75,-78,-81,-82,-80,-82,-84,-81,-82,-71,-71,-80,-90,-78,-77,-75,-71,-77,-76,0,-71,-46,-46,-79,-86,-78,-78,0,0,-69,-69,-79,-83,-82,-81,0,0,0,0,0,0,0,0,0,-70,-69,-72,-70,-57,-71
0,-81,-75,-75,-78,-81,-82,-80,-82,-84,-81,-82,-71,-71,-80,-90,-78,-77,-75,-71,-77,-76,0,-71,-46,-46,-79,-86,-78,-78,0,0,-69,-69,-79,-83,-82,-81,0,0,0,0,0,0,0,0,0,-70,-69,-72,-70,-57,-71
0,-81,-75,-75,-78,-81,-82,-80,-82,-84,-81,-82,-71,-71,-80,-90,-78,-77,-75,-71,-77,-76,0,-71,-46,-46,-79,-86,-78,-78,0,0,-69,-69,-79,-83,-82,-81,0,0,0,0,0,0,0,0,0,-70,-69,-72,-70,-57,-71
0,-81,-78,-80,0,-80,0,0,-81,0,0,0,-68,-67,-80,0,0,0,-75,-71,-77,-76,-66,-63,-52,-52,0,0,-81,-80,0,0,-71,-71,-79,-83,-70,-70,0,0,0,-80,-80,0,0,0,0,0,0,-76,-75,-59,-78
0,-81,-78,-80,0,-80,0,0,-81,0,0,0,-68,-67,-80,0,0,0,-75,-71,-77,-76,-66,-63,-52,-52,0,0,-81,-80,0,0,-71,-71,-79,-83,-70,-70,0,0,0,-80,-80,0,0,0,0,0,0,-76,-75,-59,-78
0,-81,-78,-80,0,-80,0,0,-81,0,0,0,-68,-67,-80,0,0,0,-75,-71,-77,-76,-66,-63,-52,-52,0,0,-81,-80,0,0,-71,-71,-79,-83,-70,-70,0,0,0,-80,-80,0,0,0,0,0,0,-76,-75,-59,-78
-77,-81,-75,-77,0,-82,-83,0,-81,0,0,0,-65,-66,-80,0,0,0,-77,-71,-73,-73,-63,-63,-51,-48,0,0,-81,-80,0,0,-71,-71,-76,-83,-69,-70,0,0,0,-82,-81,0,0,0,0,0,0,-77,-77,-60,-71
-77,-81,-75,-77,0,-82,-83,0,-81,0,0,0,-65,-66,-80,0,0,0,-77,-71,-73,-73,-63,-63,-51,-48,0,0,-81,-80,0,0,-71,-71,-76,-83,-69,-70,0,0,0,-82,-81,0,0,0,0,0,0,-77,-77,-60,-71
-77,-81,-75,-77,0,-82,-83,0,-81,0,0,0,-65,-66,-80,0,0,0,-77,-71,-73,-73,-63,-63,-51,-48,0,0,-81,-80,0,0,-71,-71,-76,-83,-69,-70,0,0,0,-82,-81,0,0,0,0,0,0,-77,-77,-60,-71
-77,-81,-75,-77,0,-82,-83,0,-81,0,0,0,-65,-66,-80,0,0,0,-77,-71,-73,-73,-63,-63,-51,-48,0,0,-81,-80,0,0,-71,-71,-76,-83,-69,-70,0,0,0,-82,-81,0,0,0,0,0,0,-77,-77,-60,-71
-77,0,-75,-77,0,-78,-78,0,-81,-81,-77,-76,-68,-69,-78,-75,0,0,-78,-74,-73,-74,-62,-60,-48,-47,0,0,-81,-80,0,0,-70,-70,-75,-79,-68,-68,0,0,0,-82,-81,0,0,0,0,-83,0,-77,-78,-59,-69
-77,0,-75,-77,0,-78,-78,0,-81,-81,-77,-76,-68,-69,-78,-75,0,0,-78,-74,-73,-74,-62,-60,-48,-47,0,0,-81,-80,0,0,-70,-70,-75,-79,-68,-68,0,0,0,-82,-81,0,0,0,0,-83,0,-77,-78,-59,-69
-77,0,-75,-77,0,-78,-78,0,-81,-81,-77,-76,-68,-69,-78,-75,0,0,-78,-74,-73,-74,-62,-60,-48,-47,0,0,-81,-80,0,0,-70,-70,-75,-79,-68,-68,0,0,0,-82,-81,0,0,0,0,-83,0,-77,-78,-59,-69
-77,0,-75,-77,0,-78,-78,0,-81,-81,-77,-76,-68,-69,-78,-75,0,0,-78,-74,-73,-74,-62,-60,-48,-47,0,0,-81,-80,0,0,-70,-70,-75,-79,-68,-68,0,0,0,-82,-81,0,0,0,0,-83,0,-77,-78,-59,-69
-77,0,-77,-77,0,-84,-83,-78,-81,-83,-77,-76,-64,-64,-77,-74,0,0,-78,-74,-70,-70,-62,-67,-50,-47,0,0,0,0,-75,0,-70,-70,-75,-78,-69,-69,0,0,0,-83,-83,0,0,0,0,-83,0,-77,-79,-57,-73
-77,0,-77,-77,0,-84,-83,-78,-81,-83,-77,-76,-64,-64,-77,-74,0,0,-78,-74,-70,-70,-62,-67,-50,-47,0,0,0,0,-75,0,-70,-70,-75,-78,-69,-69,0,0,0,-83,-83,0,0,0,0,-83,0,-77,-79,-57,-73
-77,0,-77,-77,0,-84,-83,-78,-81,-83,-77,-76,-64,-64,-77,-74,0,0,-78,-74,-70,-70,-62,-67,-50,-47,0,0,0,0,-75,0,-70,-70,-75,-78,-69,-69,0,0,0,-83,-83,0,0,0,0,-83,0,-77,-79,-57,-73
0,0,-79,-79,0,-82,-82,-78,-82,-82,-77,-76,-64,-64,-77,-74,0,0,-78,-74,-70,-70,-62,-67,-50,-49,0,-89,0,0,-75,0,-71,-71,-75,-78,-68,-69,0,0,0,-83,-83,0,0,0,0,-85,-79,-78,-78,-66,-72
0,0,-79,-79,0,-82,-82,-78,-82,-82,-77,-76,-64,-64,-77,-74,0,0,-78,-74,-70,-70,-62,-67,-50,-49,0,-89,0,0,-75,0,-71,-71,-75,-78,-68,-69,0,0,0,-83,-83,0,0,0,0,-85,-79,-78,-78,-66,-72
0,0,-79,-79,0,-82,-82,-78,-82,-82,-77,-76,-64,-64,-77,-74,0,0,-78,-74,-70,-70,-62,-67,-50,-49,0,-89,0,0,-75,0,-71,-71,-75,-78,-68,-69,0,0,0,-83,-83,0,0,0,0,-85,-79,-78,-78,-66,-72
0,0,-79,-79,0,-82,-82,-78,-82,-82,-77,-76,-64,-64,-77,-74,0,0,-78,-74,-70,-70,-62,-67,-50,-49,0,-89,0,0,-75,0,-71,-71,-75,-78,-68,-69,0,0,0,-83,-83,0,0,0,0,-85,-79,-78,-78,-66,-72
-76,-72,-79,-79,0,-81,-80,-78,-80,-79,0,-87,-68,-68,-85,-85,0,0,-76,-72,-73,-75,-65,-62,-51,-46,0,-89,-81,-81,-75,-77,-71,-70,-78,-78,-71,-70,0,0,0,-83,-83,0,0,0,0,-85,-79,-78,-78,-59,-76
-76,-72,-79,-79,0,-81,-80,-78,-80,-79,0,-87,-68,-68,-85,-85,0,0,-76,-72,-73,-75,-65,-62,-51,-46,0,-89,-81,-81,-75,-77,-71,-70,-78,-78,-71,-70,0,0,0,-83,-83,0,0,0,0,-85,-79,-78,-78,-59,-76
-76,-72,-79,-79,0,-81,-80,-78,-80,-79,0,-87,-68,-68,-85,-85,0,0,-76,-72,-73,-75,-65,-62,-51,-46,0,-89,-81,-81,-75,-77,-71,-70,-78,-78,-71,-70,0,0,0,-83,-83,0,0,0,0,-85,-79,-78,-78,-59,-76
-76,-72,-79,-79,0,-81,-80,0,-82,-83,-83,-82,-67,-67,-85,-85,0,0,-76,-72,-73,-74,-70,-68,-52,-49,0,-89,-79,-80,0,-77,-73,-74,-78,-78,-70,-70,0,0,0,0,0,0,0,0,0,-85,-79,-77,-77,-55,-81
-76,-72,-79,-79,0,-81,-80,0,-82,-83,-83,-82,-67,-67,-85,-85,0,0,-76,-72,-73,-74,-70,-68,-52,-49,0,-89,-79,-80,0,-77,-73,-74,-78,-78,-70,-70,0,0,0,0,0,0,0,0,0,-85,-79,-77,-77,-55,-81
-76,-72,-79,-79,0,-81,-80,0,-82,-83,-83,-82,-67,-67,-85,-85,0,0,-76,-72,-73,-74,-70,-68,-52,-49,0,-89,-79,-80,0,-77,-73,-74,-78,-78,-70,-70,0,0,0,0,0,0,0,0,0,-85,-79,-77,-77,-55,-81
-76,-72,-79,-79,0,-81,-80,0,-82,-83,-83,-82,-67,-67,-85,-85,0,0,-76,-72,-73,-74,-70,-68,-52,-49,0,-89,-79,-80,0,-77,-73,-74,-78,-78,-70,-70,0,0,0,0,0,0,0,0,0,-85,-79,-77,-77,-55,-81
-76,-72,0,0,0,-82,-83,0,-83,-83,-80,-82,-68,-68,-79,-85,0,0,-76,-72,-71,-71,-62,-64,-47,-48,0,-86,-80,-79,0,-77,-74,-74,-75,-73,-69,-70,0,0,0,-84,-84,0,0,0,0,0,0,-79,-79,-57,-73
-76,-72,0,0,0,-82,-83,0,-83,-83,-80,-82,-68,-68,-79,-85,0,0,-76,-72,-71,-71,-62,-64,-47,-48,0,-86,-80,-79,0,-77,-74,-74,-75,-73,-69,-70,0,0,0,-84,-84,0,0,0,0,0,0,-79,-79,-57,-73
-76,-72,0,0,0,-82,-83,0,-83,-83,-80,-82,-68,-68,-79,-85,0,0,-76,-72,-71,-71,-62,-64,-47,-48,0,-86,-80,-79,0,-77,-74,-74,-75,-73,-69,-70,0,0,0,-84,-84,0,0,0,0,0,0,-79,-79,-57,-73
0,0,0,0,-74,-84,-86,-78,-81,-82,-80,-82,-70,-71,-79,0,0,0,0,0,-79,-78,-61,-60,-46,-45,-85,-88,-80,-80,0,0,-74,-74,-75,-73,-66,-66,0,0,0,-81,-81,0,0,0,0,0,0,-82,-82,-56,-71
0,0,0,0,-74,-84,-86,-78,-81,-82,-80,-82,-70,-71,-79,0,0,0,0,0,-79,-78,-61,-60,-46,-45,-85,-88,-80,-80,0,0,-74,-74,-75,-73,-66,-66,0,0,0,-81,-81,0,0,0,0,0,0,-82,-82,-56,-71
0,0,0,0,-74,-84,-86,-78,-81,-82,-80,-82,-70,-71,-79,0,0,0,0,0,-79,-78,-61,-60,-46,-45,-85,-88,-80,-80,0,0,-74,-74,-75,-73,-66,-66,0,0,0,-81,-81,0,0,0,0,0,0,-82,-82,-56,-71
0,0,0,0,-74,-84,-86,-78,-81,-82,-80,-82,-70,-71,-79,0,0,0,0,0,-79,-78,-61,-60,-46,-45,-85,-88,-80,-80,0,0,-74,-74,-75,-73,-66,-66,0,0,0,-81,-81,0,0,0,0,0,0,-82,-82,-56,-71
-78,-72,0,0,-74,-83,-85,-78,-82,-84,-76,0,-71,-70,-79,0,0,0,0,0,-73,-73,-61,-60,-46,-46,-85,-88,-78,-79,0,0,-71,-71,-76,-75,-71,-71,0,0,0,-82,-84,0,0,0,0,0,0,-78,-80,-58,-73
-78,-72,0,0,-74,-83,-85,-78,-82,-84,-76,0,-71,-70,-79,0,0,0,0,0,-73,-73,-61,-60,-46,-46,-85,-88,-78,-79,0,0,-71,-71,-76,-75,-71,-71,0,0,0,-82,-84,0,0,0,0,0,0,-78,-80,-58,-73
-78,-72,0,0,-74,-83,-85,-78,-82,-84,-76,0,-71,-70,-79,0,0,0,0,0,-73,-73,-61,-60,-46,-46,-85,-88,-78,-79,0,0,-71,-71,-76,-75,-71,-71,0,0,0,-82,-84,0,0,0,0,0,0,-78,-80,-58,-73
-78,-72,-76,-77,-73,-81,-85,-78,-80,-80,-76,0,-70,-69,0,0,0,0,0,0,-76,-77,-62,-63,-46,-47,-85,-88,-80,-80,0,0,-74,-74,-76,-75,-69,-70,0,0,0,-82,-82,0,0,0,0,0,0,-79,-78,-67,-67
-78,-72,-76,-77,-73,-81,-85,-78,-80,-80,-76,0,-70,-69,0,0,0,0,0,0,-76,-77,-62,-63,-46,-47,-85,-88,-80,-80,0,0,-74,-74,-76,-75,-69,-70,0,0,0,-82,-82,0,0,0,0,0,0,-79,-78,-67,-67
-78,-72,-76,-77,-73,-81,-85,-78,-80,-80,-76,0,-70,-69,0,0,0,0,0,0,-76,-77,-62,-63,-46,-47,-85,-88,-80,-80,0,0,-74,-74,-76,-75,-69,-70,0,0,0,-82,-82,0,0,0,0,0,0,-79,-78,-67,-67
-78,-72,-76,-77,-73,-81,-85,-78,-80,-80,-76,0,-70,-69,0,0,0,0,0,0,-76,-77,-62,-63,-46,-47,-85,-88,-80,-80,0,0,-74,-74,-76,-75,-69,-70,0,0,0,-82,-82,0,0,0,0,0,0,-79,-78,-67,-67
-78,-72,-76,-77,-73,-82,-82,0,-82,-83,-76,0,-65,-66,0,0,0,0,0,0,-75,-75,-62,-61,-47,-46,0,0,-78,-78,-71,0,-74,-74,-76,-75,-70,-70,0,0,0,-81,-83,0,0,0,0,0,0,-78,-77,-55,-74
-78,-72,-76,-77,-73,-82,-82,0,-82,-83,-76,0,-65,-66,0,0,0,0,0,0,-75,-75,-62,-61,-47,-46,0,0,-78,-78,-71,0,-74,-74,-76,-75,-70,-70,0,0,0,-81,-83,0,0,0,0,0,0,-78,-77,-55,-74
-78,-72,-76,-77,-73,-82,-82,0,-82,-83,-76,0,-65,-66,0,0,0,0,0,0,-75,-75,-62,-61,-47,-46,0,0,-78,-78,-71,0,-74,-74,-76,-75,-70,-70,0,0,0,-81,-83,0,0,0,0,0,0,-78,-77,-55,-74
0,0,-76,-77,-73,-80,-81,-77,-81,-82,0,0,-67,-67,-81,-79,0,0,-77,-75,-77,-78,-62,-61,-52,-47,-83,-86,-79,-79,-71,0,-71,-72,0,-75,-69,-70,0,0,0,-82,-82,0,0,0,0,-78,-78,-79,-79,-53,-69
0,0,-76,-77,-73,-80,-81,-77,-81,-82,0,0,-67,-67,-81,-79,0,0,-77,-75,-77,-78,-62,-61,-52,-47,-83,-86,-79,-79,-71,0,-71,-72,0,-75,-69,-70,0,0,0,-82,-82,0,0,0,0,-78,-78,-79,-79,-53,-69
0,0,-76,-77,-73,-80,-81,-77,-81,-82,0,0,-67,-67,-81,-79,0,0,-77,-75,-77,-78,-62,-61,-52,-47,-83,-86,-79,-79,-71,0,-71,-72,0,-75,-69,-70,0,0,0,-82,-82,0,0,0,0,-78,-78,-79,-79,-53,-69
0,0,-76,-77,-73,-80,-81,-77,-81,-82,0,0,-67,-67,-81,-79,0,0,-77,-75,-77,-78,-62,-61,-52,-47,-83,-86,-79,-79,-71,0,-71,-72,0,-75,-69,-70,0,0,0,-82,-82,0,0,0,0,-78,-78,-79,-79,-53,-69
0,0,-79,-79,0,-82,-82,-77,-82,-81,-78,-77,-66,-66,-81,-79,0,0,-77,-75,-73,-73,-62,-61,-52,-49,-83,-86,-77,-77,-71,0,-69,-69,-75,-75,-72,-72,0,0,0,-83,-83,0,0,0,0,-78,-78,-73,-74,-57,-69
0,0,-79,-79,0,-82,-82,-77,-82,-81,-78,-77,-66,-66,-81,-79,0,0,-77,-75,-73,-73,-62,-61,-52,-49,-83,-86,-77,-77,-71,0,-69,-69,-75,-75,-72,-72,0,0,0,-83,-83,0,0,0,0,-78,-78,-73,-74,-57,-69
0,0,-79,-79,0,-82,-82,-77,-82,-81,-78,-77,-66,-66,-81,-79,0,0,-77,-75,-73,-73,-62,-61,-52,-49,-83,-86,-77,-77,-71,0,-69,-69,-75,-75,-72,-72,0,0,0,-83,-83,0,0,0,0,-78,-78,-73,-74,-57,-69
0,0,-79,-79,0,-83,-84,-74,-82,-81,-78,-77,-66,-65,-80,-79,0,0,-77,-75,-74,-75,-62,-62,-49,-49,-85,-87,-77,-77,-73,0,-71,-71,-75,-75,-73,-74,0,0,0,-83,-83,0,0,0,0,-78,-78,-73,-74,-54,-68
0,0,-79,-79,0,-83,-84,-74,-82,-81,-78,-77,-66,-65,-80,-79,0,0,-77,-75,-74,-75,-62,-62,-49,-49,-85,-87,-77,-77,-73,0,-71,-71,-75,-75,-73,-74,0,0,0,-83,-83,0,0,0,0,-78,-78,-73,-74,-54,-68
0,0,-75,-76,0,-78,-78,-74,-79,-80,0,0,-69,-68,-80,-79,0,0,-77,0,-68,-68,-57,-56,-48,-46,-82,-83,-78,-80,-76,0,-68,-67,-77,0,-69,-70,0,0,0,0,0,0,0,0,0,0,0,-73,-73,-61,-67
0,0,-75,-76,0,-78,-78,-74,-79,-80,0,0,-69,-68,-80,-79,0,0,-77,0,-68,-68,-57,-56,-48,-46,-82,-83,-78,-80,-76,0,-68,-67,-77,0,-69,-70,0,0,0,0,0,0,0,0,0,0,0,-73,-73,-61,-67
0,0,-75,-76,0,-78,-78,-74,-79,-80,0,0,-69,-68,-80,-79,0,0,-77,0,-68,-68,-57,-56,-48,-46,-82,-83,-78,-80,-76,0,-68,-67,-77,0,-69,-70,0,0,0,0,0,0,0,0,0,0,0,-73,-73,-61,-67
0,0,-75,-76,0,-78,-78,-74,-79,-80,0,0,-69,-68,-80,-79,0,0,-77,0,-68,-68,-57,-56,-48,-46,-82,-83,-78,-80,-76,0,-68,-67,-77,0,-69,-70,0,0,0,0,0,0,0,0,0,0,0,-73,-73,-61,-67
0,0,-74,-75,0,-82,-81,0,-78,-77,0,-63,-62,-64,0,-78,0,0,0,0,-72,-70,-64,-64,-54,-51,-82,-82,-81,-82,-72,0,-67,-67,-77,0,-71,-71,0,0,0,-84,-83,0,0,0,0,-75,0,-74,-73,-62,-69
0,0,-74,-75,0,-82,-81,0,-78,-77,0,-63,-62,-64,0,-78,0,0,0,0,-72,-70,-64,-64,-54,-51,-82,-82,-81,-82,-72,0,-67,-67,-77,0,-71,-71,0,0,0,-84,-83,0,0,0,0,-75,0,-74,-73,-62,-69
0,0,-74,-75,0,-82,-81,0,-78,-77,0,-63,-62,-64,0,-78,0,0,0,0,-72,-70,-64,-64,-54,-51,-82,-82,-81,-82,-72,0,-67,-67,-77,0,-71,-71,0,0,0,-84,-83,0,0,0,0,-75,0,-74,-73,-62,-69
0,0,-78,-77,-72,-84,-84,-79,-79,-77,0,-63,-64,-64,0,-74,0,0,-71,-69,-70,-70,-64,-64,-56,-55,0,-82,-81,-81,-72,0,-69,-69,0,0,-78,-78,0,0,0,-84,-83,0,0,0,0,-71,0,-70,-70,-58,-60
0,0,-78,-77,-72,-84,-84,-79,-79,-77,0,-63,-64,-64,0,-74,0,0,-71,-69,-70,-70,-64,-64,-56,-55,0,-82,-81,-81,-72,0,-69,-69,0,0,-78,-78,0,0,0,-84,-83,0,0,0,0,-71,0,-70,-70,-58,-60
0,0,-78,-77,-72,-84,-84,-79,-79,-77,0,-63,-64,-64,0,-74,0,0,-71,-69,-70,-70,-64,-64,-56,-55,0,-82,-81,-81,-72,0,-69,-69,0,0,-78,-78,0,0,0,-84,-83,0,0,0,0,-71,0,-70,-70,-58,-60
0,0,-78,-77,-72,-84,-84,-79,-79,-77,0,-63,-64,-64,0,-74,0,0,-71,-69,-70,-70,-64,-64,-56,-55,0,-82,-81,-81,-72,0,-69,-69,0,0,-78,-78,0,0,0,-84,-83,0,0,0,0,-71,0,-70,-70,-58,-60
0,0,-78,-77,-72,-84,-84,-79,-79,-79,-79,-77,-64,-64,0,-74,0,0,-71,-72,-71,-71,-64,-64,-57,-56,0,-82,-81,-81,-73,-73,-67,-67,0,0,-77,-76,0,0,0,-84,-83,0,0,0,-83,-70,-69,-71,-71,-55,-63
0,0,-78,-77,-72,-84,-84,-79,-79,-79,-79,-77,-64,-64,0,-74,0,0,-71,-72,-71,-71,-64,-64,-57,-56,0,-82,-81,-81,-73,-73,-67,-67,0,0,-77,-76,0,0,0,-84,-83,0,0,0,-83,-70,-69,-71,-71,-55,-63
0,0,-78,-77,-72,-84,-84,-79,-79,-79,-79,-77,-64,-64,0,-74,0,0,-71,-72,-71,-71,-64,-64,-57,-56,0,-82,-81,-81,-73,-73,-67,-67,0,0,-77,-76,0,0,0,-84,-83,0,0,0,-83,-70,-69,-71,-71,-55,-63
0,0,-78,-77,-72,-84,-84,-79,-79,-79,-79,-77,-64,-64,0,-74,0,0,-71,-72,-71,-71,-64,-64,-57,-56,0,-82,-81,-81,-73,-73,-67,-67,0,0,-77,-76,0,0,0,-84,-83,0,0,0,-83,-70,-69,-71,-71,-55,-63
-80,-76,-78,-77,-72,-82,-82,-79,-79,-79,-79,-77,-62,-63,0,-74,0,0,-71,-72,-68,-68,0,0,-56,-56,-85,-85,-81,-82,-73,-73,-64,-64,-82,-83,-81,-79,0,0,0,0,0,0,0,0,-83,-70,-69,-69,-69,-54,-65
-80,-76,-78,-77,-72,-82,-82,-79,-79,-79,-79,-77,-62,-63,0,-74,0,0,-71,-72,-68,-68,0,0,-56,-56,-85,-85,-81,-82,-73,-73,-64,-64,-82,-83,-81,-79,0,0,0,0,0,0,0,0,-83,-70,-69,-69,-69,-54,-65
-80,-76,-78,-77,-72,-82,-82,-79,-79,-79,-79,-77,-62,-63,0,-74,0,0,-71,-72,-68,-68,0,0,-56,-56,-85,-85,-81,-82,-73,-73,-64,-64,-82,-83,-81,-79,0,0,0,0,0,0,0,0,-83,-70,-69,-69,-69,-54,-65
-80,-76,-77,-78,0,-82,-82,0,-80,-79,-79,-77,-63,-63,-84,-83,0,0,0,-72,-69,-69,0,0,-55,-53,-83,-85,-80,-80,-72,-73,-67,-67,-82,-83,-78,-79,0,0,0,0,0,0,0,0,-83,-70,-69,-72,-73,-54,-62
-80,-76,-77,-78,0,-82,-82,0,-80,-79,-79,-77,-63,-63,-84,-83,0,0,0,-72,-69,-69,0,0,-55,-53,-83,-85,-80,-80,-72,-73,-67,-67,-82,-83,-78,-79,0,0,0,0,0,0,0,0,-83,-70,-69,-72,-73,-54,-62
-80,-76,-77,-78,0,-82,-82,0,-80,-79,-79,-77,-63,-63,-84,-83,0,0,0,-72,-69,-69,0,0,-55,-53,-83,-85,-80,-80,-72,-73,-67,-67,-82,-83,-78,-79,0,0,0,0,0,0,0,0,-83,-70,-69,-72,-73,-54,-62
-80,-76,-77,-78,0,-82,-82,0,-80,-79,-79,-77,-63,-63,-84,-83,0,0,0,-72,-69,-69,0,0,-55,-53,-83,-85,-80,-80,-72,-73,-67,-67,-82,-83,-78,-79,0,0,0,0,0,0,0,0,-83,-70,-69,-72,-73,-54,-62
-80,-76,-77,-78,-78,-83,-82,-83,-81,-81,0,0,-65,-65,-79,-83,-80,-80,0,-74,-68,-68,0,-71,-59,-59,-83,-85,-79,-79,-72,-73,-66,-66,-82,-83,-77,-77,0,0,0,0,0,0,0,0,0,0,0,-74,-74,-63,-63
-80,-76,-77,-78,-78,-83,-82,-83,-81,-81,0,0,-65,-65,-79,-83,-80,-80,0,-74,-68,-68,0,-71,-59,-59,-83,-85,-79,-79,-72,-73,-66,-66,-82,-83,-77,-77,0,0,0,0,0,0,0,0,0,0,0,-74,-74,-63,-63
-80,-76,-77,-78,-78,-83,-82,-83,-81,-81,0,0,-65,-65,-79,-83,-80,-80,0,-74,-68,-68,0,-71,-59,-59,-83,-85,-79,-79,-72,-73,-66,-66,-82,-83,-77,-77,0,0,0,0,0,0,0,0,0,0,0,-74,-74,-63,-63
0,-76,-78,-78,-79,-82,-83,-83,-79,-79,0,0,-66,-65,-77,-75,-80,-80,0,-73,-67,-68,0,-71,-56,-55,-83,-85,-81,-81,-71,-74,-68,-68,-82,0,-83,-84,0,0,0,-85,0,0,0,0,0,0,0,-73,-72,-58,-63
0,-76,-78,-78,-79,-82,-83,-83,-79,-79,0,0,-66,-65,-77,-75,-80,-80,0,-73,-67,-68,0,-71,-56,-55,-83,-85,-81,-81,-71,-74,-68,-68,-82,0,-83,-84,0,0,0,-85,0,0,0,0,0,0,0,-73,-72,-58,-63
0,-76,-78,-78,-79,-82,-83,-83,-79,-79,0,0,-66,-65,-77,-75,-80,-80,0,-73,-67,-68,0,-71,-56,-55,-83,-85,-81,-81,-71,-74,-68,-68,-82,0,-83,-84,0,0,0,-85,0,0,0,0,0,0,0,-73,-72,-58,-63
0,-76,-78,-78,-79,-82,-83,-83,-79,-79,0,0,-66,-65,-77,-75,-80,-80,0,-73,-67,-68,0,-71,-56,-55,-83,-85,-81,-81,-71,-74,-68,-68,-82,0,-83,-84,0,0,0,-85,0,0,0,0,0,0,0,-73,-72,-58,-63
-78,-76,-78,-78,-79,-82,-83,-83,-79,-78,0,0,-65,-65,-78,-76,-80,-80,0,-73,-69,-69,0,-71,-56,-55,0,0,-79,-79,-71,-74,-71,-71,-84,0,-77,-77,0,0,0,-85,0,0,0,0,0,0,0,-74,-73,-59,-61
-78,-76,-78,-78,-79,-82,-83,-83,-79,-78,0,0,-65,-65,-78,-76,-80,-80,0,-73,-69,-69,0,-71,-56,-55,0,0,-79,-79,-71,-74,-71,-71,-84,0,-77,-77,0,0,0,-85,0,0,0,0,0,0,0,-74,-73,-59,-61
-78,-76,-78,-78,-79,-82,-83,-83,-79,-78,0,0,-65,-65,-78,-76,-80,-80,0,-73,-69,-69,0,-71,-56,-55,0,0,-79,-79,-71,-74,-71,-71,-84,0,-77,-77,0,0,0,-85,0,0,0,0,0,0,0,-74,-73,-59,-61
-78,-76,-78,-78,-79,-82,-83,0,-79,-80,0,0,-65,-65,-78,-76,0,0,-76,-74,-69,-68,0,-70,-59,-57,0,0,-79,-79,-71,-74,-71,-71,-85,0,-79,-78,0,-83,-84,-85,0,0,0,-82,-84,-73,0,-73,-74,-60,-62
-78,-76,-78,-78,-79,-82,-83,0,-79,-80,0,0,-65,-65,-78,-76,0,0,-76,-74,-69,-68,0,-70,-59,-57,0,0,-79,-79,-71,-74,-71,-71,-85,0,-79,-78,0,-83,-84,-85,0,0,0,-82,-84,-73,0,-73,-74,-60,-62
-78,-76,-78,-78,-79,-82,-83,0,-79,-80,0,0,-65,-65,-78,-76,0,0,-76,-74,-69,-68,0,-70,-59,-57,0,0,-79,-79,-71,-74,-71,-71,-85,0,-79,-78,0,-83,-84,-85,0,0,0,-82,-84,-73,0,-73,-74,-60,-62
-78,-76,-78,-78,-79,-82,-83,0,-79,-80,0,0,-65,-65,-78,-76,0,0,-76,-74,-69,-68,0,-70,-59,-57,0,0,-79,-79,-71,-74,-71,-71,-85,0,-79,-78,0,-83,-84,-85,0,0,0,-82,-84,-73,0,-73,-74,-60,-62
-78,-77,-79,-78,0,0,0,0,-78,-79,0,0,-65,-65,-78,-76,0,0,-76,-74,-68,-69,-74,-73,-58,-56,0,0,-80,-80,-71,-74,-70,-70,-85,0,-80,-80,0,-83,-84,0,0,0,0,-84,-83,-73,-71,-72,-72,-56,-61
-78,-77,-79,-78,0,0,0,0,-78,-79,0,0,-65,-65,-78,-76,0,0,-76,-74,-68,-69,-74,-73,-58,-56,0,0,-80,-80,-71,-74,-70,-70,-85,0,-80,-80,0,-83,-84,0,0,0,0,-84,-83,-73,-71,-72,-72,-56,-61
-78,-77,-79,-78,0,0,0,0,-78,-79,0,0,-65,-65,-78,-76,0,0,-76,-74,-68,-69,-74,-73,-58,-56,0,0,-80,-80,-71,-74,-70,-70,-85,0,-80,-80,0,-83,-84,0,0,0,0,-84,-83,-73,-71,-72,-72,-56,-61
-78,-77,-79,-78,0,0,0,0,-78,-79,0,0,-65,-65,-78,-76,0,0,-76,-74,-68,-69,-74,-73,-58,-56,0,0,-80,-80,-71,-74,-70,-70,-85,0,-80,-80,0,-83,-84,0,0,0,0,-84,-83,-73,-71,-72,-72,-56,-61
0,-77,-79,0,-78,-84,0,-82,-78,-78,0,0,-64,-65,-78,-76,0,0,-76,-74,-69,-70,-74,-71,-59,-58,0,-86,-80,-79,0,-72,-69,-69,-85,0,-80,-80,0,-83,-84,0,0,0,0,-84,-83,-73,-71,-73,-73,-59,-64
0,-77,-79,0,-78,-84,0,-82,-78,-78,0,0,-64,-65,-78,-76,0,0,-76,-74,-69,-70,-74,-71,-59,-58,0,-86,-80,-79,0,-72,-69,-69,-85,0,-80,-80,0,-83,-84,0,0,0,0,-84,-83,-73,-71,-73,-73,-59,-64
0,-77,-79,0,-78,-84,0,-82,-78,-78,0,0,-64,-65,-78,-76,0,0,-76,-74,-69,-70,-74,-71,-59,-58,0,-86,-80,-79,0,-72,-69,-69,-85,0,-80,-80,0,-83,-84,0,0,0,0,-84,-83,-73,-71,-73,-73,-59,-64
0,-77,-78,0,-78,-84,-84,-81,-81,-80,0,0,-65,-65,0,0,0,0,-75,-74,-68,-68,-74,-71,-55,-55,-85,-85,-81,-80,0,-72,-66,-66,0,0,-79,-79,0,0,0,-85,-84,0,0,-84,-83,-71,-71,-72,-73,-57,-63
0,-77,-78,0,-78,-84,-84,-81,-81,-80,0,0,-65,-65,0,0,0,0,-75,-74,-68,-68,-74,-71,-55,-55,-85,-85,-81,-80,0,-72,-66,-66,0,0,-79,-79,0,0,0,-85,-84,0,0,-84,-83,-71,-71,-72,-73,-57,-63
0,-77,-78,0,-78,-84,-84,-81,-81,-80,0,0,-65,-65,0,0,0,0,-75,-74,-68,-68,-74,-71,-55,-55,-85,-85,-81,-80,0,-72,-66,-66,0,0,-79,-79,0,0,0,-85,-84,0,0,-84,-83,-71,-71,-72,-73,-57,-63
0,-77,-78,0,-78,-84,-84,-81,-81,-80,0,0,-65,-65,0,0,0,0,-75,-74,-68,-68,-74,-71,-55,-55,-85,-85,-81,-80,0,-72,-66,-66,0,0,-79,-79,0,0,0,-85,-84,0,0,-84,-83,-71,-71,-72,-73,-57,-63
0,0,-79,-80,-78,-84,-84,-81,-81,-81,0,0,-66,-65,0,0,0,0,-75,-74,-74,-73,-74,-75,-53,-51,-85,-85,-81,-81,0,-72,-68,-69,0,-86,-79,-79,0,0,0,-85,-84,0,0,0,0,-71,-71,-71,-70,-52,-73
0,0,-79,-80,-78,-84,-84,-81,-81,-81,0,0,-66,-65,0,0,0,0,-75,-74,-74,-73,-74,-75,-53,-51,-85,-85,-81,-81,0,-72,-68,-69,0,-86,-79,-79,0,0,0,-85,-84,0,0,0,0,-71,-71,-71,-70,-52,-73
0,0,-79,-80,-78,-84,-84,-81,-81,-81,0,0,-66,-65,0,0,0,0,-75,-74,-74,-73,-74,-75,-53,-51,-85,-85,-81,-81,0,-72,-68,-69,0,-86,-79,-79,0,0,0,-85,-84,0,0,0,0,-71,-71,-71,-70,-52,-73
0,-78,-79,-80,0,-82,-83,-81,-81,-81,0,0,-71,-71,0,-68,0,0,-75,-74,-68,-69,-69,-69,-60,-52,-85,-85,-85,-83,0,0,-62,-62,0,-86,-79,-79,0,0,-85,-85,-84,0,0,0,0,-71,-71,-70,-71,-58,-63
0,-78,-79,-80,0,-82,-83,-81,-81,-81,0,0,-71,-71,0,-68,0,0,-75,-74,-68,-69,-69,-69,-60,-52,-85,-85,-85,-83,0,0,-62,-62,0,-86,-79,-79,0,0,-85,-85,-84,0,0,0,0,-71,-71,-70,-71,-58,-63
0,-78,-79,-80,0,-82,-83,-81,-81,-81,0,0,-71,-71,0,-68,0,0,-75,-74,-68,-69,-69,-69,-60,-52,-85,-85,-85,-83,0,0,-62,-62,0,-86,-79,-79,0,0,-85,-85,-84,0,0,0,0,-71,-71,-70,-71,-58,-63
0,-78,-79,-80,0,-82,-83,-81,-81,-81,0,0,-71,-71,0,-68,0,0,-75,-74,-68,-69,-69,-69,-60,-52,-85,-85,-85,-83,0,0,-62,-62,0,-86,-79,-79,0,0,-85,-85,-84,0,0,0,0,-71,-71,-70,-71,-58,-63
0,-78,-79,-80,0,-82,-83,0,-81,-79,0,0,-74,-73,0,-68,0,0,0,-74,-75,-76,-69,-70,-58,-58,0,0,-85,-83,-70,-69,-66,-67,-83,-85,-77,-77,0,0,-85,0,0,0,0,-85,-86,0,-71,-77,-76,-68,-62
0,-78,-79,-80,0,-82,-83,0,-81,-79,0,0,-74,-73,0,-68,0,0,0,-74,-75,-76,-69,-70,-58,-58,0,0,-85,-83,-70,-69,-66,-67,-83,-85,-77,-77,0,0,-85,0,0,0,0,-85,-86,0,-71,-77,-76,-68,-62
0,-78,-79,-80,0,-82,-83,0,-81,-79,0,0,-74,-73,0,-68,0,0,0,-74,-75,-76,-69,-70,-58,-58,0,0,-85,-83,-70,-69,-66,-67,-83,-85,-77,-77,0,0,-85,0,0,0,0,-85,-86,0,-71,-77,-76,-68,-62
0,-78,0,0,0,-82,-83,0,-81,-80,0,0,-73,-72,0,-68,0,0,0,-74,-70,-71,-69,-73,-56,-55,0,0,-85,-83,-70,-69,-76,-77,-81,-82,-78,-78,0,0,-85,0,-86,0,0,-87,-86,-71,-70,-77,-78,-53,-64
0,-78,0,0,0,-82,-83,0,-81,-80,0,0,-73,-72,0,-68,0,0,0,-74,-70,-71,-69,-73,-56,-55,0,0,-85,-83,-70,-69,-76,-77,-81,-82,-78,-78,0,0,-85,0,-86,0,0,-87,-86,-71,-70,-77,-78,-53,-64
-74,0,-76,-76,0,-79,-79,-70,-81,-80,0,0,-60,-60,0,0,0,0,0,0,-78,-79,-70,-69,-54,-53,0,0,-79,-80,-68,-74,-63,-63,-81,-82,-71,-72,0,0,0,0,-86,0,0,-87,0,-71,-70,-72,-73,-56,-69
-74,0,-76,-76,0,-79,-79,-70,-81,-80,0,0,-60,-60,0,0,0,0,0,0,-78,-79,-70,-69,-54,-53,0,0,-79,-80,-68,-74,-63,-63,-81,-82,-71,-72,0,0,0,0,-86,0,0,-87,0,-71,-70,-72,-73,-56,-69
-74,0,-76,-76,0,-79,-79,-70,-81,-80,0,0,-60,-60,0,0,0,0,0,0,-78,-79,-70,-69,-54,-53,0,0,-79,-80,-68,-74,-63,-63,-81,-82,-71,-72,0,0,0,0,-86,0,0,-87,0,-71,-70,-72,-73,-56,-69
-74,0,-76,-76,0,-79,-79,-70,-81,-80,0,0,-60,-60,0,0,0,0,0,0,-78,-79,-70,-69,-54,-53,0,0,-79,-80,-68,-74,-63,-63,-81,-82,-71,-72,0,0,0,0,-86,0,0,-87,0,-71,-70,-72,-73,-56,-69
-74,-77,-73,-73,0,-82,-81,-70,-82,-83,0,0,-66,-66,-84,-82,0,0,0,0,-77,-78,-70,-69,-59,-58,-80,-82,-82,-82,-64,-66,-67,-67,-74,0,-74,-75,0,0,0,0,0,0,0,0,0,0,0,-73,-72,-58,-66
-74,-77,-73,-73,0,-82,-81,-70,-82,-83,0,0,-66,-66,-84,-82,0,0,0,0,-77,-78,-70,-69,-59,-58,-80,-82,-82,-82,-64,-66,-67,-67,-74,0,-74,-75,0,0,0,0,0,0,0,0,0,0,0,-73,-72,-58,-66
-74,-77,-73,-73,0,-82,-81,-70,-82,-83,0,0,-66,-66,-84,-82,0,0,0,0,-77,-78,-70,-69,-59,-58,-80,-82,-82,-82,-64,-66,-67,-67,-74,0,-74,-75,0,0,0,0,0,0,0,0,0,0,0,-73,-72,-58,-66
-74,-77,-73,-73,0,-82,-81,-70,-82,-83,0,0,-66,-66,-84,-82,0,0,0,0,-77,-78,-70,-69,-59,-58,-80,-82,-82,-82,-64,-66,-67,-67,-74,0,-74,-75,0,0,0,0,0,0,0,0,0,0,0,-73,-72,-58,-66
0,-77,-75,-74,-77,-82,-81,0,-83,-83,-68,-68,-74,-74,-84,-82,0,0,0,0,-72,-74,-72,-74,-55,-54,-80,-82,-83,-83,-70,-66,-67,-68,-74,-76,-72,-72,0,0,0,0,0,0,0,0,0,0,0,-71,-71,-62,-75
0,-77,-75,-74,-77,-82,-81,0,-83,-83,-68,-68,-74,-74,-84,-82,0,0,0,0,-72,-74,-72,-74,-55,-54,-80,-82,-83,-83,-70,-66,-67,-68,-74,-76,-72,-72,0,0,0,0,0,0,0,0,0,0,0,-71,-71,-62,-75
0,-77,-75,-74,-77,-82,-81,0,-83,-83,-68,-68,-74,-74,-84,-82,0,0,0,0,-72,-74,-72,-74,-55,-54,-80,-82,-83,-83,-70,-66,-67,-68,-74,-76,-72,-72,0,0,0,0,0,0,0,0,0,0,0,-71,-71,-62,-75
0,-72,-75,-75,-77,-81,-82,0,-82,-83,-68,-68,-68,-68,-84,-82,0,0,0,0,-73,-73,-72,-74,-64,-59,-80,-87,-81,-81,-70,-66,-66,-66,-78,-77,-72,-72,0,0,0,-85,-86,0,0,0,0,0,0,-71,-86,-62,-70
0,-72,-75,-75,-77,-81,-82,0,-82,-83,-68,-68,-68,-68,-84,-82,0,0,0,0,-73,-73,-72,-74,-64,-59,-80,-87,-81,-81,-70,-66,-66,-66,-78,-77,-72,-72,0,0,0,-85,-86,0,0,0,0,0,0,-71,-86,-62,-70
0,-72,-75,-75,-77,-81,-82,0,-82,-83,-68,-68,-68,-68,-84,-82,0,0,0,0,-73,-73,-72,-74,-64,-59,-80,-87,-81,-81,-70,-66,-66,-66,-78,-77,-72,-72,0,0,0,-85,-86,0,0,0,0,0,0,-71,-86,-62,-70
0,-72,-75,-75,-77,-81,-82,0,-82,-83,-68,-68,-68,-68,-84,-82,0,0,0,0,-73,-73,-72,-74,-64,-59,-80,-87,-81,-81,-70,-66,-66,-66,-78,-77,-72,-72,0,0,0,-85,-86,0,0,0,0,0,0,-71,-86,-62,-70
0,-72,-74,-74,-77,-80,-80,-82,-80,-80,-68,-68,-67,-66,0,0,0,0,0,-77,-73,-73,-75,-75,-62,-57,0,-87,-79,-80,-70,0,-67,-67,-81,-77,-71,-71,0,0,0,-85,-86,0,0,0,0,0,0,-73,-72,-58,-66
0,-72,-74,-74,-77,-80,-80,-82,-80,-80,-68,-68,-67,-66,0,0,0,0,0,-77,-73,-73,-75,-75,-62,-57,0,-87,-79,-80,-70,0,-67,-67,-81,-77,-71,-71,0,0,0,-85,-86,0,0,0,0,0,0,-73,-72,-58,-66
0,-72,-74,-74,-77,-80,-80,-82,-80,-80,-68,-68,-67,-66,0,0,0,0,0,-77,-73,-73,-75,-75,-62,-57,0,-87,-79,-80,-70,0,-67,-67,-81,-77,-71,-71,0,0,0,-85,-86,0,0,0,0,0,0,-73,-72,-58,-66
-80,-72,-75,-75,0,-80,-81,-82,-82,-82,0,0,-64,-65,0,0,0,0,0,-77,-74,-73,-75,-75,-59,-59,0,-87,-78,-80,-68,-72,-66,-66,-77,-77,-74,-74,0,0,0,-85,-86,0,0,0,0,0,0,-69,-69,-59,-75
-80,-72,-75,-75,0,-80,-81,-82,-82,-82,0,0,-64,-65,0,0,0,0,0,-77,-74,-73,-75,-75,-59,-59,0,-87,-78,-80,-68,-72,-66,-66,-77,-77,-74,-74,0,0,0,-85,-86,0,0,0,0,0,0,-69,-69,-59,-75
-80,-72,-75,-75,0,-80,-81,-82,-82,-82,0,0,-64,-65,0,0,0,0,0,-77,-74,-73,-75,-75,-59,-59,0,-87,-78,-80,-68,-72,-66,-66,-77,-77,-74,-74,0,0,0,-85,-86,0,0,0,0,0,0,-69,-69,-59,-75
-80,-72,-75,-75,0,-80,-81,-82,-82,-82,0,0,-64,-65,0,0,0,0,0,-77,-74,-73,-75,-75,-59,-59,0,-87,-78,-80,-68,-72,-66,-66,-77,-77,-74,-74,0,0,0,-85,-86,0,0,0,0,0,0,-69,-69,-59,-75
-73,-72,-75,-75,0,-83,-83,-78,-82,-82,0,0,-66,-66,0,0,0,0,0,-77,-74,-73,-71,-70,-56,-56,0,0,-79,-79,-68,-69,-59,-60,-77,0,-77,-78,0,0,0,0,0,0,0,0,0,0,0,-74,-73,-58,-68
-73,-72,-75,-75,0,-83,-83,-78,-82,-82,0,0,-66,-66,0,0,0,0,0,-77,-74,-73,-71,-70,-56,-56,0,0,-79,-79,-68,-69,-59,-60,-77,0,-77,-78,0,0,0,0,0,0,0,0,0,0,0,-74,-73,-58,-68
-73,-72,-75,-75,0,-83,-83,-78,-82,-82,0,0,-66,-66,0,0,0,0,0,-77,-74,-73,-71,-70,-56,-56,0,0,-79,-79,-68,-69,-59,-60,-77,0,-77,-78,0,0,0,0,0,0,0,0,0,0,0,-74,-73,-58,-68
-73,-72,-76,-76,0,-76,-78,-80,-81,-82,0,0,-63,-64,0,0,0,0,0,0,-78,-78,-72,-70,-57,-56,0,-89,-75,-75,-67,-69,-64,-64,-82,0,-71,-71,0,0,0,-85,-84,0,0,0,0,0,0,-75,-75,-56,-68
-73,-72,-76,-76,0,-76,-78,-80,-81,-82,0,0,-63,-64,0,0,0,0,0,0,-78,-78,-72,-70,-57,-56,0,-89,-75,-75,-67,-69,-64,-64,-82,0,-71,-71,0,0,0,-85,-84,0,0,0,0,0,0,-75,-75,-56,-68
-73,-72,-76,-76,0,-76,-78,-80,-81,-82,0,0,-63,-64,0,0,0,0,0,0,-78,-78,-72,-70,-57,-56,0,-89,-75,-75,-67,-69,-64,-64,-82,0,-71,-71,0,0,0,-85,-84,0,0,0,0,0,0,-75,-75,-56,-68
-73,-72,-76,-76,0,-76,-78,-80,-81,-82,0,0,-63,-64,0,0,0,0,0,0,-78,-78,-72,-70,-57,-56,0,-89,-75,-75,-67,-69,-64,-64,-82,0,-71,-71,0,0,0,-85,-84,0,0,0,0,0,0,-75,-75,-56,-68
-75,-73,-76,-77,0,-78,-77,-80,-80,-82,0,0,-65,-65,0,0,0,0,0,0,-75,-76,-72,-70,-57,-57,0,-89,-77,-77,-67,-71,-67,-66,-82,0,-69,-69,0,0,0,-85,-84,0,0,0,0,0,0,-76,-75,-60,-76
-75,-73,-76,-77,0,-78,-77,-80,-80,-82,0,0,-65,-65,0,0,0,0,0,0,-75,-76,-72,-70,-57,-57,0,-89,-77,-77,-67,-71,-67,-66,-82,0,-69,-69,0,0,0,-85,-84,0,0,0,0,0,0,-76,-75,-60,-76
-75,-73,-76,-77,0,-78,-77,-80,-80,-82,0,0,-65,-65,0,0,0,0,0,0,-75,-76,-72,-70,-57,-57,0,-89,-77,-77,-67,-71,-67,-66,-82,0,-69,-69,0,0,0,-85,-84,0,0,0,0,0,0,-76,-75,-60,-76
-75,-73,-76,-77,0,-78,-77,-80,-80,-82,0,0,-65,-65,0,0,0,0,0,0,-75,-76,-72,-70,-57,-57,0,-89,-77,-77,-67,-71,-67,-66,-82,0,-69,-69,0,0,0,-85,-84,0,0,0,0,0,0,-76,-75,-60,-76
-73,-74,-75,-76,0,-74,-74,-80,-80,-81,-69,-68,-74,-74,0,-79,0,0,0,-71,-77,-76,-72,-70,-66,-62,0,-89,-77,-77,-67,-71,-69,-69,-79,0,-68,-68,0,0,0,-85,-84,0,0,0,0,-85,0,-73,-73,-58,-77
-73,-74,-75,-76,0,-74,-74,-80,-80,-81,-69,-68,-74,-74,0,-79,0,0,0,-71,-77,-76,-72,-70,-66,-62,0,-89,-77,-77,-67,-71,-69,-69,-79,0,-68,-68,0,0,0,-85,-84,0,0,0,0,-85,0,-73,-73,-58,-77
-73,-74,-75,-76,0,-74,-74,-80,-80,-81,-69,-68,-74,-74,0,-79,0,0,0,-71,-77,-76,-72,-70,-66,-62,0,-89,-77,-77,-67,-71,-69,-69,-79,0,-68,-68,0,0,0,-85,-84,0,0,0,0,-85,0,-73,-73,-58,-77
-73,-72,-74,-74,0,-77,-77,0,-83,-84,-69,-68,-64,-64,0,-79,0,0,0,-71,-83,-85,0,-68,-62,-58,-83,-84,-77,-77,0,-71,-70,-70,-79,-77,-71,-71,0,0,0,0,0,0,0,0,0,-85,0,-73,-72,-62,-74
-73,-72,-74,-74,0,-77,-77,0,-83,-84,-69,-68,-64,-64,0,-79,0,0,0,-71,-83,-85,0,-68,-62,-58,-83,-84,-77,-77,0,-71,-70,-70,-79,-77,-71,-71,0,0,0,0,0,0,0,0,0,-85,0,-73,-72,-62,-74
-73,-72,-74,-74,0,-77,-77,0,-83,-84,-69,-68,-64,-64,0,-79,0,0,0,-71,-83,-85,0,-68,-62,-58,-83,-84,-77,-77,0,-71,-70,-70,-79,-77,-71,-71,0,0,0,0,0,0,0,0,0,-85,0,-73,-72,-62,-74
-73,-72,-74,-74,0,-77,-77,0,-83,-84,-69,-68,-64,-64,0,-79,0,0,0,-71,-83,-85,0,-68,-62,-58,-83,-84,-77,-77,0,-71,-70,-70,-79,-77,-71,-71,0,0,0,0,0,0,0,0,0,-85,0,-73,-72,-62,-74
-71,-70,-77,-76,-77,-79,-80,0,-83,-83,-69,-68,-63,-62,0,-79,0,0,0,-71,-83,-85,0,-68,-59,-52,-82,-84,-76,-75,-67,-71,-65,-66,-79,-77,-68,-68,0,0,0,0,0,0,0,0,0,-85,0,-72,-72,-61,-68
-71,-70,-77,-76,-77,-79,-80,0,-83,-83,-69,-68,-63,-62,0,-79,0,0,0,-71,-83,-85,0,-68,-59,-52,-82,-84,-76,-75,-67,-71,-65,-66,-79,-77,-68,-68,0,0,0,0,0,0,0,0,0,-85,0,-72,-72,-61,-68
-71,-70,-77,-76,-77,-79,-80,0,-83,-83,-69,-68,-63,-62,0,-79,0,0,0,-71,-83,-85,0,-68,-59,-52,-82,-84,-76,-75,-67,-71,-65,-66,-79,-77,-68,-68,0,0,0,0,0,0,0,0,0,-85,0,-72,-72,-61,-68
-72,-70,-74,-74,-77,-74,-74,0,-83,-83,0,0,-65,-65,0,0,0,0,0,0,-73,-74,-72,-71,-55,-54,-82,-84,-80,-80,-67,0,-65,-66,0,-77,-71,-72,0,0,0,0,0,0,0,0,0,0,0,-72,-71,-61,-71
-72,-70,-74,-74,-77,-74,-74,0,-83,-83,0,0,-65,-65,0,0,0,0,0,0,-73,-74,-72,-71,-55,-54,-82,-84,-80,-80,-67,0,-65,-66,0,-77,-71,-72,0,0,0,0,0,0,0,0,0,0,0,-72,-71,-61,-71
-72,-70,-74,-74,-77,-74,-74,0,-83,-83,0,0,-65,-65,0,0,0,0,0,0,-73,-74,-72,-71,-55,-54,-82,-84,-80,-80,-67,0,-65,-66,0,-77,-71,-72,0,0,0,0,0,0,0,0,0,0,0,-72,-71,-61,-71
-72,-70,-74,-74,-77,-74,-74,0,-83,-83,0,0,-65,-65,0,0,0,0,0,0,-73,-74,-72,-71,-55,-54,-82,-84,-80,-80,-67,0,-65,-66,0,-77,-71,-72,0,0,0,0,0,0,0,0,0,0,0,-72,-71,-61,-71
-72,-71,-75,-76,-77,-73,-73,0,-83,-82,-67,-66,-66,-66,0,0,0,0,0,0,-74,-74,-72,-71,-56,-56,-82,-86,-76,-76,-67,0,-65,-65,-81,-77,-74,-74,0,0,0,0,0,0,0,0,0,0,0,-70,-70,-60,-65
-72,-71,-75,-76,-77,-73,-73,0,-83,-82,-67,-66,-66,-66,0,0,0,0,0,0,-74,-74,-72,-71,-56,-56,-82,-86,-76,-76,-67,0,-65,-65,-81,-77,-74,-74,0,0,0,0,0,0,0,0,0,0,0,-70,-70,-60,-65
-72,-71,-75,-76,-77,-73,-73,0,-83,-82,-67,-66,-66,-66,0,0,0,0,0,0,-74,-74,-72,-71,-56,-56,-82,-86,-76,-76,-67,0,-65,-65,-81,-77,-74,-74,0,0,0,0,0,0,0,0,0,0,0,-70,-70,-60,-65
-74,-72,-75,-76,0,-82,-81,-76,-82,-83,-67,-66,-67,-66,0,0,0,0,-78,0,-76,-76,-72,-84,-59,-56,0,-86,-79,-79,-67,0,-65,-65,-82,-78,-72,-72,0,0,0,0,-83,0,0,0,0,0,0,-74,-73,-59,-67
-74,-72,-75,-76,0,-82,-81,-76,-82,-83,-67,-66,-67,-66,0,0,0,0,-78,0,-76,-76,-72,-84,-59,-56,0,-86,-79,-79,-67,0,-65,-65,-82,-78,-72,-72,0,0,0,0,-83,0,0,0,0,0,0,-74,-73,-59,-67
-74,-72,-75,-76,0,-82,-81,-76,-82,-83,-67,-66,-67,-66,0,0,0,0,-78,0,-76,-76,-72,-84,-59,-56,0,-86,-79,-79,-67,0,-65,-65,-82,-78,-72,-72,0,0,0,0,-83,0,0,0,0,0,0,-74,-73,-59,-67
-74,-72,-75,-76,0,-82,-81,-76,-82,-83,-67,-66,-67,-66,0,0,0,0,-78,0,-76,-76,-72,-84,-59,-56,0,-86,-79,-79,-67,0,-65,-65,-82,-78,-72,-72,0,0,0,0,-83,0,0,0,0,0,0,-74,-73,-59,-67
-74,-72,-75,-76,0,-82,-81,-76,-84,-83,-67,-66,-72,-72,0,0,0,0,-78,0,-82,-82,-72,-84,-65,-54,0,-86,-79,-79,-67,0,-62,-62,-82,-78,-68,-68,0,0,0,0,-83,0,0,0,0,0,0,-71,-71,-57,-67
-74,-72,-75,-76,0,-82,-81,-76,-84,-83,-67,-66,-72,-72,0,0,0,0,-78,0,-82,-82,-72,-84,-65,-54,0,-86,-79,-79,-67,0,-62,-62,-82,-78,-68,-68,0,0,0,0,-83,0,0,0,0,0,0,-71,-71,-57,-67
-74,-72,-75,-76,0,-82,-81,-76,-84,-83,-67,-66,-72,-72,0,0,0,0,-78,0,-82,-82,-72,-84,-65,-54,0,-86,-79,-79,-67,0,-62,-62,-82,-78,-68,-68,0,0,0,0,-83,0,0,0,0,0,0,-71,-71,-57,-67
-74,-72,-75,-76,0,-82,-81,-76,-84,-83,-67,-66,-72,-72,0,0,0,0,-78,0,-82,-82,-72,-84,-65,-54,0,-86,-79,-79,-67,0,-62,-62,-82,-78,-68,-68,0,0,0,0,-83,0,0,0,0,0,0,-71,-71,-57,-67
-73,-72,-75,-75,0,-80,-80,-76,-80,-82,-67,-66,-68,-67,0,0,0,0,-78,0,-74,-74,-70,-69,-57,-56,0,0,-78,-78,-67,-71,-68,-67,-81,-78,-70,-70,0,0,0,0,-83,0,0,0,0,0,0,-71,-71,-53,-73
-73,-72,-75,-75,0,-80,-80,-76,-80,-82,-67,-66,-68,-67,0,0,0,0,-78,0,-74,-74,-70,-69,-57,-56,0,0,-78,-78,-67,-71,-68,-67,-81,-78,-70,-70,0,0,0,0,-83,0,0,0,0,0,0,-71,-71,-53,-73
-73,0,-77,-78,0,-86,-84,-80,-80,-80,-68,-66,-72,-72,0,0,0,0,0,0,-76,-76,-64,-62,-59,-55,-80,-83,-77,-78,-67,-65,-65,-65,-81,0,-71,-72,0,0,0,-85,-85,0,0,0,0,-79,-76,-75,-74,-57,-69
-73,0,-77,-78,0,-86,-84,-80,-80,-80,-68,-66,-72,-72,0,0,0,0,0,0,-76,-76,-64,-62,-59,-55,-80,-83,-77,-78,-67,-65,-65,-65,-81,0,-71,-72,0,0,0,-85,-85,0,0,0,0,-79,-76,-75,-74,-57,-69
-73,0,-77,-78,0,-86,-84,-80,-80,-80,-68,-66,-72,-72,0,0,0,0,0,0,-76,-76,-64,-62,-59,-55,-80,-83,-77,-78,-67,-65,-65,-65,-81,0,-71,-72,0,0,0,-85,-85,0,0,0,0,-79,-76,-75,-74,-57,-69
-73,0,-77,-78,0,-86,-84,-80,-80,-80,-68,-66,-72,-72,0,0,0,0,0,0,-76,-76,-64,-62,-59,-55,-80,-83,-77,-78,-67,-65,-65,-65,-81,0,-71,-72,0,0,0,-85,-85,0,0,0,0,-79,-76,-75,-74,-57,-69
0,0,-77,-78,0,-86,-84,-80,-81,-81,-68,-66,-72,-71,0,0,0,0,0,0,-76,-75,-62,-59,-53,-54,-77,-88,-77,-77,-67,-74,-69,-70,-70,-66,-68,-69,0,0,0,-85,-85,0,0,0,0,-79,-76,-77,-76,-58,-75
0,0,-77,-78,0,-86,-84,-80,-81,-81,-68,-66,-72,-71,0,0,0,0,0,0,-76,-75,-62,-59,-53,-54,-77,-88,-77,-77,-67,-74,-69,-70,-70,-66,-68,-69,0,0,0,-85,-85,0,0,0,0,-79,-76,-77,-76,-58,-75
0,0,-77,-78,0,-86,-84,-80,-81,-81,-68,-66,-72,-71,0,0,0,0,0,0,-76,-75,-62,-59,-53,-54,-77,-88,-77,-77,-67,-74,-69,-70,-70,-66,-68,-69,0,0,0,-85,-85,0,0,0,0,-79,-76,-77,-76,-58,-75
0,0,-77,-78,0,-86,-84,-80,-81,-81,-68,-66,-72,-71,0,0,0,0,0,0,-76,-75,-62,-59,-53,-54,-77,-88,-77,-77,-67,-74,-69,-70,-70,-66,-68,-69,0,0,0,-85,-85,0,0,0,0,-79,-76,-77,-76,-58,-75
-80,-75,-77,-77,0,-81,-81,-80,-81,-81,0,0,-74,-74,0,0,0,0,0,0,-79,-78,-62,-68,-60,-58,-77,-88,-83,-83,0,-74,-73,-74,-70,-66,-70,-69,0,0,0,0,0,0,0,0,0,0,0,-80,-80,-60,-76
-80,-75,-77,-77,0,-81,-81,-80,-81,-81,0,0,-74,-74,0,0,0,0,0,0,-79,-78,-62,-68,-60,-58,-77,-88,-83,-83,0,-74,-73,-74,-70,-66,-70,-69,0,0,0,0,0,0,0,0,0,0,0,-80,-80,-60,-76
-80,-75,-77,-77,0,-81,-81,-80,-81,-81,0,0,-74,-74,0,0,0,0,0,0,-79,-78,-62,-68,-60,-58,-77,-88,-83,-83,0,-74,-73,-74,-70,-66,-70,-69,0,0,0,0,0,0,0,0,0,0,0,-80,-80,-60,-76
-80,-73,-77,-77,0,-81,-82,0,-82,-83,-84,-81,-72,-73,-81,-80,0,0,-75,-73,-75,-76,-68,-67,-55,-54,-77,-88,-83,-83,0,-74,-72,-72,-73,-76,-72,-72,0,0,0,0,0,0,0,-84,0,0,0,-74,-74,-58,-70
-80,-73,-77,-77,0,-81,-82,0,-82,-83,-84,-81,-72,-73,-81,-80,0,0,-75,-73,-75,-76,-68,-67,-55,-54,-77,-88,-83,-83,0,-74,-72,-72,-73,-76,-72,-72,0,0,0,0,0,0,0,-84,0,0,0,-74,-74,-58,-70
-80,-73,-77,-77,0,-81,-82,0,-82,-83,-84,-81,-72,-73,-81,-80,0,0,-75,-73,-75,-76,-68,-67,-55,-54,-77,-88,-83,-83,0,-74,-72,-72,-73,-76,-72,-72,0,0,0,0,0,0,0,-84,0,0,0,-74,-74,-58,-70
-80,-73,-77,-77,0,-81,-82,0,-82,-83,-84,-81,-72,-73,-81,-80,0,0,-75,-73,-75,-76,-68,-67,-55,-54,-77,-88,-83,-83,0,-74,-72,-72,-73,-76,-72,-72,0,0,0,0,0,0,0,-84,0,0,0,-74,-74,-58,-70
-80,-73,-77,-77,-80,-82,-80,0,-82,-81,-84,-81,-76,-76,-75,-70,0,0,-76,-70,-74,-74,-68,-67,-57,-55,0,0,-80,-80,0,0,-68,-68,-80,-78,-70,-70,0,0,0,0,0,0,0,-84,0,-66,0,-82,-82,-59,-73
-80,-73,-77,-77,-80,-82,-80,0,-82,-81,-84,-81,-76,-76,-75,-70,0,0,-76,-70,-74,-74,-68,-67,-57,-55,0,0,-80,-80,0,0,-68,-68,-80,-78,-70,-70,0,0,0,0,0,0,0,-84,0,-66,0,-82,-82,-59,-73
-80,-73,-77,-77,-80,-82,-80,0,-82,-81,-84,-81,-76,-76,-75,-70,0,0,-76,-70,-74,-74,-68,-67,-57,-55,0,0,-80,-80,0,0,-68,-68,-80,-78,-70,-70,0,0,0,0,0,0,0,-84,0,-66,0,-82,-82,-59,-73
0,-73,-75,-75,-80,-82,-80,0,-82,-81,-74,-81,-77,-77,-75,-70,0,0,-76,-70,-78,-77,-69,-68,-60,-57,-83,-88,-81,-81,0,-67,-70,-70,-80,-78,-70,-70,0,0,0,0,0,0,0,-84,0,-77,-68,-73,-74,-59,-71
0,-73,-75,-75,-80,-82,-80,0,-82,-81,-74,-81,-77,-77,-75,-70,0,0,-76,-70,-78,-77,-69,-68,-60,-57,-83,-88,-81,-81,0,-67,-70,-70,-80,-78,-70,-70,0,0,0,0,0,0,0,-84,0,-77,-68,-73,-74,-59,-71
0,-73,-75,-75,-80,-82,-80,0,-82,-81,-74,-81,-77,-77,-75,-70,0,0,-76,-70,-78,-77,-69,-68,-60,-57,-83,-88,-81,-81,0,-67,-70,-70,-80,-78,-70,-70,0,0,0,0,0,0,0,-84,0,-77,-68,-73,-74,-59,-71
0,-73,-75,-75,-80,-82,-80,0,-82,-81,-74,-81,-77,-77,-75,-70,0,0,-76,-70,-78,-77,-69,-68,-60,-57,-83,-88,-81,-81,0,-67,-70,-70,-80,-78,-70,-70,0,0,0,0,0,0,0,-84,0,-77,-68,-73,-74,-59,-71
0,0,-75,-76,-80,-82,-80,0,-81,-81,-74,0,-73,-73,-75,-70,0,0,-76,-70,-73,-74,-69,-62,-59,-59,-83,-88,-79,-79,0,-67,-75,-74,-73,-73,-67,-67,0,0,0,0,0,0,0,0,0,-77,-68,-72,-72,-63,-73
0,0,-75,-76,-80,-82,-80,0,-81,-81,-74,0,-73,-73,-75,-70,0,0,-76,-70,-73,-74,-69,-62,-59,-59,-83,-88,-79,-79,0,-67,-75,-74,-73,-73,-67,-67,0,0,0,0,0,0,0,0,0,-77,-68,-72,-72,-63,-73
0,0,-75,-76,-80,-82,-80,0,-81,-81,-74,0,-73,-73,-75,-70,0,0,-76,-70,-73,-74,-69,-62,-59,-59,-83,-88,-79,-79,0,-67,-75,-74,-73,-73,-67,-67,0,0,0,0,0,0,0,0,0,-77,-68,-72,-72,-63,-73
-75,0,-75,-76,0,0,-80,0,-81,0,-77,0,-72,-73,-78,-75,0,0,-75,-75,-74,-74,-69,-65,-57,-57,-83,-88,-79,-80,0,-66,-74,-74,-82,-77,-84,-70,0,0,0,0,0,0,0,0,0,-77,-68,-74,-73,-57,-71
-75,0,-75,-76,0,0,-80,0,-81,0,-77,0,-72,-73,-78,-75,0,0,-75,-75,-74,-74,-69,-65,-57,-57,-83,-88,-79,-80,0,-66,-74,-74,-82,-77,-84,-70,0,0,0,0,0,0,0,0,0,-77,-68,-74,-73,-57,-71
-75,0,-75,-76,0,0,-80,0,-81,0,-77,0,-72,-73,-78,-75,0,0,-75,-75,-74,-74,-69,-65,-57,-57,-83,-88,-79,-80,0,-66,-74,-74,-82,-77,-84,-70,0,0,0,0,0,0,0,0,0,-77,-68,-74,-73,-57,-71
-75,0,-75,-76,0,0,-80,0,-81,0,-77,0,-72,-73,-78,-75,0,0,-75,-75,-74,-74,-69,-65,-57,-57,-83,-88,-79,-80,0,-66,-74,-74,-82,-77,-84,-70,0,0,0,0,0,0,0,0,0,-77,-68,-74,-73,-57,-71
-75,0,-75,-75,0,-81,-80,0,-81,0,-77,0,-76,-77,-78,-75,0,0,-75,-75,-74,-74,-66,-64,-62,-54,0,-84,-79,-80,0,-66,-69,-69,-78,-76,-68,-68,0,0,-86,0,0,0,0,-86,-86,0,-70,-71,-71,-58,-75
-75,0,-75,-75,0,-81,-80,0,-81,0,-77,0,-76,-77,-78,-75,0,0,-75,-75,-74,-74,-66,-64,-62,-54,0,-84,-79,-80,0,-66,-69,-69,-78,-76,-68,-68,0,0,-86,0,0,0,0,-86,-86,0,-70,-71,-71,-58,-75
-75,0,-75,-75,0,-81,-80,0,-81,0,-77,0,-76,-77,-78,-75,0,0,-75,-75,-74,-74,-66,-64,-62,-54,0,-84,-79,-80,0,-66,-69,-69,-78,-76,-68,-68,0,0,-86,0,0,0,0,-86,-86,0,-70,-71,-71,-58,-75
-75,0,-76,-75,0,-81,-82,0,-80,-82,-75,-75,-71,-71,-78,-75,0,0,-74,-75,-73,-73,-69,-69,-61,-60,0,-84,-79,-80,0,-67,-67,-67,-76,-76,-68,-68,0,0,-86,0,0,0,0,-86,-86,0,-70,-73,-72,-54,-65
-75,0,-76,-75,0,-81,-82,0,-80,-82,-75,-75,-71,-71,-78,-75,0,0,-74,-75,-73,-73,-69,-69,-61,-60,0,-84,-79,-80,0,-67,-67,-67,-76,-76,-68,-68,0,0,-86,0,0,0,0,-86,-86,0,-70,-73,-72,-54,-65
-75,0,-76,-75,0,-81,-82,0,-80,-82,-75,-75,-71,-71,-78,-75,0,0,-74,-75,-73,-73,-69,-69,-61,-60,0,-84,-79,-80,0,-67,-67,-67,-76,-76,-68,-68,0,0,-86,0,0,0,0,-86,-86,0,-70,-73,-72,-54,-65
-75,0,-76,-75,0,-81,-82,0,-80,-82,-75,-75,-71,-71,-78,-75,0,0,-74,-75,-73,-73,-69,-69,-61,-60,0,-84,-79,-80,0,-67,-67,-67,-76,-76,-68,-68,0,0,-86,0,0,0,0,-86,-86,0,-70,-73,-72,-54,-65
0,0,-76,-76,-78,-81,-86,0,-81,-80,-75,-75,-77,-79,0,0,0,0,-74,0,-71,-71,-69,-68,-64,-53,0,-84,-84,-85,-69,-72,-72,-72,-76,-76,-69,-69,0,0,-86,0,0,0,0,-86,-86,0,-70,-77,-77,-60,-76
0,0,-76,-76,-78,-81,-86,0,-81,-80,-75,-75,-77,-79,0,0,0,0,-74,0,-71,-71,-69,-68,-64,-53,0,-84,-84,-85,-69,-72,-72,-72,-76,-76,-69,-69,0,0,-86,0,0,0,0,-86,-86,0,-70,-77,-77,-60,-76
0,0,-76,-76,-78,-81,-86,0,-81,-80,-75,-75,-77,-79,0,0,0,0,-74,0,-71,-71,-69,-68,-64,-53,0,-84,-84,-85,-69,-72,-72,-72,-76,-76,-69,-69,0,0,-86,0,0,0,0,-86,-86,0,-70,-77,-77,-60,-76
0,0,-76,-75,-72,-81,-86,0,-83,-80,-75,-75,-71,-71,-84,-84,0,0,-79,-77,-78,-77,-64,-62,-63,-57,0,0,-81,-82,-69,-72,-68,-68,-76,-73,-68,-68,0,0,0,0,0,0,0,0,0,0,0,-72,-73,-59,-75
0,0,-76,-75,-72,-81,-86,0,-83,-80,-75,-75,-71,-71,-84,-84,0,0,-79,-77,-78,-77,-64,-62,-63,-57,0,0,-81,-82,-69,-72,-68,-68,-76,-73,-68,-68,0,0,0,0,0,0,0,0,0,0,0,-72,-73,-59,-75
0,0,-76,-75,-72,-81,-86,0,-83,-80,-75,-75,-71,-71,-84,-84,0,0,-79,-77,-78,-77,-64,-62,-63,-57,0,0,-81,-82,-69,-72,-68,-68,-76,-73,-68,-68,0,0,0,0,0,0,0,0,0,0,0,-72,-73,-59,-75
0,0,-76,-75,-72,-81,-86,0,-83,-80,-75,-75,-71,-71,-84,-84,0,0,-79,-77,-78,-77,-64,-62,-63,-57,0,0,-81,-82,-69,-72,-68,-68,-76,-73,-68,-68,0,0,0,0,0,0,0,0,0,0,0,-72,-73,-59,-75
-76,-73,-74,-74,-72,-81,-80,0,-78,-78,0,0,-76,-76,-77,-74,0,0,-79,-77,-74,-75,-66,-68,-58,-57,0,0,-80,-81,-69,-72,-67,-67,-80,-76,-70,-70,0,0,0,0,0,0,0,0,0,0,0,-72,-72,-56,-73
-76,-73,-74,-74,-72,-81,-80,0,-78,-78,0,0,-76,-76,-77,-74,0,0,-79,-77,-74,-75,-66,-68,-58,-57,0,0,-80,-81,-69,-72,-67,-67,-80,-76,-70,-70,0,0,0,0,0,0,0,0,0,0,0,-72,-72,-56,-73
-76,-73,-74,-74,-72,-81,-80,0,-78,-78,0,0,-76,-76,-77,-74,0,0,-79,-77,-74,-75,-66,-68,-58,-57,0,0,-80,-81,-69,-72,-67,-67,-80,-76,-70,-70,0,0,0,0,0,0,0,0,0,0,0,-72,-72,-56,-73
-76,-76,-77,-77,-72,-82,-81,0,-78,-83,0,0,-76,-75,-77,-74,0,0,-79,-70,-72,-73,-66,-64,-60,-61,0,0,-80,-81,-69,-68,-71,-71,-73,-72,-69,-70,0,0,0,0,0,0,0,-84,0,0,0,-73,-73,-61,-71
-76,-76,-77,-77,-72,-82,-81,0,-78,-83,0,0,-76,-75,-77,-74,0,0,-79,-70,-72,-73,-66,-64,-60,-61,0,0,-80,-81,-69,-68,-71,-71,-73,-72,-69,-70,0,0,0,0,0,0,0,-84,0,0,0,-73,-73,-61,-71
-76,-76,-77,-77,-72,-82,-81,0,-78,-83,0,0,-76,-75,-77,-74,0,0,-79,-70,-72,-73,-66,-64,-60,-61,0,0,-80,-81,-69,-68,-71,-71,-73,-72,-69,-70,0,0,0,0,0,0,0,-84,0,0,0,-73,-73,-61,-71
-76,-76,-77,-77,-72,-82,-81,0,-78,-83,0,0,-76,-75,-77,-74,0,0,-79,-70,-72,-73,-66,-64,-60,-61,0,0,-80,-81,-69,-68,-71,-71,-73,-72,-69,-70,0,0,0,0,0,0,0,-84,0,0,0,-73,-73,-61,-71
-76,-76,-77,-77,-82,-82,-81,0,-83,-85,0,0,-75,-75,-77,-73,0,0,0,-70,-74,-74,-66,-68,-67,-62,0,-87,-81,-82,-69,-68,-69,-69,-73,-72,-69,-69,0,0,0,0,0,0,0,-84,0,0,0,-73,-74,-59,-74
-76,-76,-77,-77,-82,-82,-81,0,-83,-85,0,0,-75,-75,-77,-73,0,0,0,-70,-74,-74,-66,-68,-67,-62,0,-87,-81,-82,-69,-68,-69,-69,-73,-72,-69,-69,0,0,0,0,0,0,0,-84,0,0,0,-73,-74,-59,-74
-76,-76,-77,-77,-82,-82,-81,0,-83,-85,0,0,-75,-75,-77,-73,0,0,0,-70,-74,-74,-66,-68,-67,-62,0,-87,-81,-82,-69,-68,-69,-69,-73,-72,-69,-69,0,0,0,0,0,0,0,-84,0,0,0,-73,-74,-59,-74
0,-74,-76,-76,-82,-81,-82,0,-83,-83,-79,0,-75,-75,0,-73,0,0,0,-70,-74,-75,-69,-68,-61,-56,0,-87,-81,-82,0,-68,-68,-67,-75,-73,-69,-70,0,0,0,-85,0,0,0,-84,-87,0,0,-79,-78,-61,-75
0,-74,-76,-76,-82,-81,-82,0,-83,-83,-79,0,-75,-75,0,-73,0,0,0,-70,-74,-75,-69,-68,-61,-56,0,-87,-81,-82,0,-68,-68,-67,-75,-73,-69,-70,0,0,0,-85,0,0,0,-84,-87,0,0,-79,-78,-61,-75
0,-74,-76,-76,-82,-81,-82,0,-83,-83,-79,0,-75,-75,0,-73,0,0,0,-70,-74,-75,-69,-68,-61,-56,0,-87,-81,-82,0,-68,-68,-67,-75,-73,-69,-70,0,0,0,-85,0,0,0,-84,-87,0,0,-79,-78,-61,-75
0,-74,-76,-76,-82,-81,-82,0,-83,-83,-79,0,-75,-75,0,-73,0,0,0,-70,-74,-75,-69,-68,-61,-56,0,-87,-81,-82,0,-68,-68,-67,-75,-73,-69,-70,0,0,0,-85,0,0,0,-84,-87,0,0,-79,-78,-61,-75
0,-74,-75,-76,-82,-85,-82,-77,-81,-83,-79,0,-75,-75,0,-73,0,0,0,0,-72,-73,-69,-66,-60,-57,0,-87,-76,-77,-68,-69,-70,-70,-75,-74,-67,-67,0,0,0,-85,0,0,0,0,-87,0,-69,-73,-73,-59,-73
0,-74,-75,-76,-82,-85,-82,-77,-81,-83,-79,0,-75,-75,0,-73,0,0,0,0,-72,-73,-69,-66,-60,-57,0,-87,-76,-77,-68,-69,-70,-70,-75,-74,-67,-67,0,0,0,-85,0,0,0,0,-87,0,-69,-73,-73,-59,-73
