0,0,0,0,-81,-77,-79,0,-84,-85,0,0,-73,-73,-77,-77,-78,0,0,0,-73,-73,-69,-69,-58,-52,-87,-90,-79,-80,-77,-70,-71,-71,-74,-75,-64,-65,0,0,-86,0,0,0,0,0,0,0,-83,-75,-75,-57,-80
0,0,0,0,-81,-77,-79,0,-84,-85,0,0,-73,-73,-77,-77,-78,0,0,0,-73,-73,-69,-69,-58,-52,-87,-90,-79,-80,-77,-70,-71,-71,-74,-75,-64,-65,0,0,-86,0,0,0,0,0,0,0,-83,-75,-75,-57,-80
0,0,0,0,-81,-77,-79,0,-84,-85,0,0,-73,-73,-77,-77,-78,0,0,0,-73,-73,-69,-69,-58,-52,-87,-90,-79,-80,-77,-70,-71,-71,-74,-75,-64,-65,0,0,-86,0,0,0,0,0,0,0,-83,-75,-75,-57,-80
0,0,0,0,-81,-77,-79,0,-84,-85,0,0,-73,-73,-77,-77,-78,0,0,0,-73,-73,-69,-69,-58,-52,-87,-90,-79,-80,-77,-70,-71,-71,-74,-75,-64,-65,0,0,-86,0,0,0,0,0,0,0,-83,-75,-75,-57,-80
0,0,0,0,-81,-77,-84,0,-82,-83,0,0,-75,-74,0,-77,-78,0,-78,-79,-74,-75,-60,-58,-54,-52,-87,-90,-79,-80,0,-70,-75,-75,-71,-75,-70,-70,0,-83,-81,0,0,0,0,0,0,0,0,-80,-79,-52,-76
0,0,0,0,-81,-77,-84,0,-82,-83,0,0,-75,-74,0,-77,-78,0,-78,-79,-74,-75,-60,-58,-54,-52,-87,-90,-79,-80,0,-70,-75,-75,-71,-75,-70,-70,0,-83,-81,0,0,0,0,0,0,0,0,-80,-79,-52,-76
0,0,0,0,-81,-77,-84,0,-82,-83,0,0,-75,-74,0,-77,-78,0,-78,-79,-74,-75,-60,-58,-54,-52,-87,-90,-79,-80,0,-70,-75,-75,-71,-75,-70,-70,0,-83,-81,0,0,0,0,0,0,0,0,-80,-79,-52,-76
-79,-76,0,0,0,0,-84,0,-82,-83,0,0,-75,-74,0,0,0,0,-78,-79,-76,-76,-58,-56,-51,-50,0,-84,-82,-82,0,0,-73,-73,-71,-75,-70,-71,0,-83,-81,0,0,0,0,0,0,0,0,-80,-85,-47,-70
-79,-76,0,0,0,0,-84,0,-82,-83,0,0,-75,-74,0,0,0,0,-78,-79,-76,-76,-58,-56,-51,-50,0,-84,-82,-82,0,0,-73,-73,-71,-75,-70,-71,0,-83,-81,0,0,0,0,0,0,0,0,-80,-85,-47,-70
-79,-76,0,0,0,0,-84,0,-82,-83,0,0,-75,-74,0,0,0,0,-78,-79,-76,-76,-58,-56,-51,-50,0,-84,-82,-82,0,0,-73,-73,-71,-75,-70,-71,0,-83,-81,0,0,0,0,0,0,0,0,-80,-85,-47,-70
-79,-76,0,0,0,0,-84,0,-82,-83,0,0,-75,-74,0,0,0,0,-78,-79,-76,-76,-58,-56,-51,-50,0,-84,-82,-82,0,0,-73,-73,-71,-75,-70,-71,0,-83,-81,0,0,0,0,0,0,0,0,-80,-85,-47,-70
-79,-76,-79,-79,0,0,-84,0,-83,-83,0,0,-74,-73,0,0,0,0,-78,-79,-75,-75,-58,-56,-50,-49,0,-84,-85,-84,0,0,-73,-73,-71,-69,-66,-66,0,-83,-81,0,0,0,0,0,0,0,0,-80,-85,-47,-73
-79,-76,-79,-79,0,0,-84,0,-83,-83,0,0,-74,-73,0,0,0,0,-78,-79,-75,-75,-58,-56,-50,-49,0,-84,-85,-84,0,0,-73,-73,-71,-69,-66,-66,0,-83,-81,0,0,0,0,0,0,0,0,-80,-85,-47,-73
-79,-76,-79,-79,0,0,-84,0,-83,-83,0,0,-74,-73,0,0,0,0,-78,-79,-75,-75,-58,-56,-50,-49,0,-84,-85,-84,0,0,-73,-73,-71,-69,-66,-66,0,-83,-81,0,0,0,0,0,0,0,0,-80,-85,-47,-73
-79,-75,-79,-79,0,0,0,0,-82,-84,0,-71,-74,-74,-79,-77,0,0,-74,-73,-74,-74,-58,-56,-49,-49,0,-84,-85,-84,0,0,-70,-70,-71,-67,-67,-67,0,0,0,0,0,0,0,0,0,0,0,0,-85,-47,-73
-79,-75,-79,-79,0,0,0,0,-82,-84,0,-71,-74,-74,-79,-77,0,0,-74,-73,-74,-74,-58,-56,-49,-49,0,-84,-85,-84,0,0,-70,-70,-71,-67,-67,-67,0,0,0,0,0,0,0,0,0,0,0,0,-85,-47,-73
-79,-75,-79,-79,0,0,0,0,-82,-84,0,-71,-74,-74,-79,-77,0,0,-74,-73,-74,-74,-58,-56,-49,-49,0,-84,-85,-84,0,0,-70,-70,-71,-67,-67,-67,0,0,0,0,0,0,0,0,0,0,0,0,-85,-47,-73
-79,-75,-79,-79,0,0,0,0,-82,-84,0,-71,-74,-74,-79,-77,0,0,-74,-73,-74,-74,-58,-56,-49,-49,0,-84,-85,-84,0,0,-70,-70,-71,-67,-67,-67,0,0,0,0,0,0,0,0,0,0,0,0,-85,-47,-73
0,-75,-79,-79,-80,0,0,0,-82,-83,0,-71,-74,-74,-79,-77,0,0,-74,-73,-74,-74,-58,-55,-50,-49,0,0,-85,-84,0,0,-72,-72,-71,-69,-69,-69,0,0,0,0,0,0,0,0,0,0,0,0,0,-47,-73
0,-75,-79,-79,-80,0,0,0,-82,-83,0,-71,-74,-74,-79,-77,0,0,-74,-73,-74,-74,-58,-55,-50,-49,0,0,-85,-84,0,0,-72,-72,-71,-69,-69,-69,0,0,0,0,0,0,0,0,0,0,0,0,0,-47,-73
0,-75,-79,-79,-80,0,0,0,-82,-83,0,-71,-74,-74,-79,-77,0,0,-74,-73,-74,-74,-58,-55,-50,-49,0,0,-85,-84,0,0,-72,-72,-71,-69,-69,-69,0,0,0,0,0,0,0,0,0,0,0,0,0,-47,-73
0,-75,-79,-79,-80,0,0,0,-82,-83,0,-71,-74,-74,-79,-77,0,0,-74,-73,-74,-74,-58,-55,-50,-49,0,0,-85,-84,0,0,-72,-72,-71,-69,-69,-69,0,0,0,0,0,0,0,0,0,0,0,0,0,-47,-73
0,-75,0,0,-80,-84,0,0,-82,-83,0,-71,-74,-74,-79,-77,0,0,-74,-73,-74,-74,-58,-57,-50,-49,0,0,0,0,-74,-71,-69,-69,-71,-67,-69,-69,0,0,0,0,0,0,0,0,0,0,0,0,0,-47,-68
0,-75,0,0,-80,-84,0,0,-82,-83,0,-71,-74,-74,-79,-77,0,0,-74,-73,-74,-74,-58,-57,-50,-49,0,0,0,0,-74,-71,-69,-69,-71,-67,-69,-69,0,0,0,0,0,0,0,0,0,0,0,0,0,-47,-68
0,-75,0,0,-80,-84,0,0,-82,-83,0,-71,-74,-74,-79,-77,0,0,-74,-73,-74,-74,-58,-57,-50,-49,0,0,0,0,-74,-71,-69,-69,-71,-67,-69,-69,0,0,0,0,0,0,0,0,0,0,0,0,0,-47,-68
0,0,-79,-78,-80,-86,0,0,-82,-82,0,0,-75,-75,-79,-77,0,0,-75,-72,-74,-74,-57,-58,-50,-49,-78,0,-84,-85,-74,-71,-69,-69,-71,-67,-69,-69,-88,0,0,0,0,0,0,0,0,0,0,-85,-85,-47,-69
0,0,-79,-78,-80,-86,0,0,-82,-82,0,0,-75,-75,-79,-77,0,0,-75,-72,-74,-74,-57,-58,-50,-49,-78,0,-84,-85,-74,-71,-69,-69,-71,-67,-69,-69,-88,0,0,0,0,0,0,0,0,0,0,-85,-85,-47,-69
0,0,-79,-78,-80,-86,0,0,-82,-82,0,0,-75,-75,-79,-77,0,0,-75,-72,-74,-74,-57,-58,-50,-49,-78,0,-84,-85,-74,-71,-69,-69,-71,-67,-69,-69,-88,0,0,0,0,0,0,0,0,0,0,-85,-85,-47,-69
0,-73,-79,-78,0,-86,0,0,-83,-83,0,0,-76,-75,-79,-77,0,0,-75,-72,-74,-74,-58,-57,-60,-49,-78,-87,-84,-85,-74,-72,-69,-69,-72,-67,-69,-69,-88,0,0,0,0,0,0,0,0,0,0,-84,-85,-46,-71
0,-73,-79,-78,0,-86,0,0,-83,-83,0,0,-76,-75,-79,-77,0,0,-75,-72,-74,-74,-58,-57,-60,-49,-78,-87,-84,-85,-74,-72,-69,-69,-72,-67,-69,-69,-88,0,0,0,0,0,0,0,0,0,0,-84,-85,-46,-71
0,-73,-79,-78,0,-86,0,0,-83,-83,0,0,-76,-75,-79,-77,0,0,-75,-72,-74,-74,-58,-57,-60,-49,-78,-87,-84,-85,-74,-72,-69,-69,-72,-67,-69,-69,-88,0,0,0,0,0,0,0,0,0,0,-84,-85,-46,-71
0,-73,-79,-78,0,-86,0,0,-83,-83,0,0,-76,-75,-79,-77,0,0,-75,-72,-74,-74,-58,-57,-60,-49,-78,-87,-84,-85,-74,-72,-69,-69,-72,-67,-69,-69,-88,0,0,0,0,0,0,0,0,0,0,-84,-85,-46,-71
0,-73,-79,-79,0,-86,0,0,-82,-83,0,0,-76,-77,0,0,0,0,-75,-72,-73,-73,-56,-54,-50,-49,-78,-87,-82,-83,0,-72,-63,-63,-72,-70,-71,-71,-88,0,0,0,0,0,0,0,0,0,0,-84,-85,-47,-71
0,-73,-79,-79,0,-86,0,0,-82,-83,0,0,-76,-77,0,0,0,0,-75,-72,-73,-73,-56,-54,-50,-49,-78,-87,-82,-83,0,-72,-63,-63,-72,-70,-71,-71,-88,0,0,0,0,0,0,0,0,0,0,-84,-85,-47,-71
0,-73,-79,-79,0,-86,0,0,-82,-83,0,0,-76,-77,0,0,0,0,-75,-72,-73,-73,-56,-54,-50,-49,-78,-87,-82,-83,0,-72,-63,-63,-72,-70,-71,-71,-88,0,0,0,0,0,0,0,0,0,0,-84,-85,-47,-71
0,-73,-79,-79,0,-86,0,0,-82,-83,0,0,-76,-77,0,0,0,0,-75,-72,-73,-73,-56,-54,-50,-49,-78,-87,-82,-83,0,-72,-63,-63,-72,-70,-71,-71,-88,0,0,0,0,0,0,0,0,0,0,-84,-85,-47,-71
0,-73,-79,-79,0,0,0,0,-83,-84,0,0,-77,-76,0,0,0,0,0,0,-74,-73,-57,-58,-51,-51,-78,-87,-83,-82,0,-72,-63,-63,-72,-70,-72,-72,0,-86,-88,0,0,0,0,0,0,0,0,-84,-85,-49,-73
0,-73,-79,-79,0,0,0,0,-83,-84,0,0,-77,-76,0,0,0,0,0,0,-74,-73,-57,-58,-51,-51,-78,-87,-83,-82,0,-72,-63,-63,-72,-70,-72,-72,0,-86,-88,0,0,0,0,0,0,0,0,-84,-85,-49,-73
0,-73,-79,-79,0,0,0,0,-83,-84,0,0,-77,-76,0,0,0,0,0,0,-74,-73,-57,-58,-51,-51,-78,-87,-83,-82,0,-72,-63,-63,-72,-70,-72,-72,0,-86,-88,0,0,0,0,0,0,0,0,-84,-85,-49,-73
0,0,-79,-79,0,0,0,0,-83,-84,0,0,-76,-76,0,0,0,0,0,0,-75,-75,-58,-56,-51,-51,-78,-84,-82,-82,0,0,-63,-63,-72,-70,-73,-73,0,-86,-88,0,0,0,0,0,0,0,0,0,0,-48,-71
0,0,-79,-79,0,0,0,0,-83,-84,0,0,-76,-76,0,0,0,0,0,0,-75,-75,-58,-56,-51,-51,-78,-84,-82,-82,0,0,-63,-63,-72,-70,-73,-73,0,-86,-88,0,0,0,0,0,0,0,0,0,0,-48,-71
0,0,-79,-79,0,0,0,0,-83,-84,0,0,-76,-76,0,0,0,0,0,0,-75,-75,-58,-56,-51,-51,-78,-84,-82,-82,0,0,-63,-63,-72,-70,-73,-73,0,-86,-88,0,0,0,0,0,0,0,0,0,0,-48,-71
0,0,-79,-79,0,0,0,0,-83,-84,0,0,-76,-76,0,0,0,0,0,0,-75,-75,-58,-56,-51,-51,-78,-84,-82,-82,0,0,-63,-63,-72,-70,-73,-73,0,-86,-88,0,0,0,0,0,0,0,0,0,0,-48,-71
0,0,0,0,0,-85,0,0,-81,-83,0,0,-77,-77,0,0,0,0,-75,-73,-75,-74,-57,-56,-50,-50,-78,-84,-81,-81,0,-74,-63,-64,-73,-69,-74,-75,0,-86,-88,0,0,0,0,0,0,0,0,0,0,-48,-70
0,0,0,0,0,-85,0,0,-81,-83,0,0,-77,-77,0,0,0,0,-75,-73,-75,-74,-57,-56,-50,-50,-78,-84,-81,-81,0,-74,-63,-64,-73,-69,-74,-75,0,-86,-88,0,0,0,0,0,0,0,0,0,0,-48,-70
0,0,0,0,0,-85,0,0,-81,-83,0,0,-77,-77,0,0,0,0,-75,-73,-75,-74,-57,-56,-50,-50,-78,-84,-81,-81,0,-74,-63,-64,-73,-69,-74,-75,0,-86,-88,0,0,0,0,0,0,0,0,0,0,-48,-70
0,0,0,0,0,-85,0,0,-82,-84,0,0,-77,-78,0,0,0,0,-75,-73,-75,-76,-57,-56,-51,-50,-78,-84,-81,-81,0,-74,-68,-68,-73,-70,-74,-74,0,0,0,0,0,0,0,0,0,0,0,0,0,-48,-71
0,0,0,0,0,-85,0,0,-82,-84,0,0,-77,-78,0,0,0,0,-75,-73,-75,-76,-57,-56,-51,-50,-78,-84,-81,-81,0,-74,-68,-68,-73,-70,-74,-74,0,0,0,0,0,0,0,0,0,0,0,0,0,-48,-71
0,0,0,0,0,-85,0,0,-82,-84,0,0,-77,-78,0,0,0,0,-75,-73,-75,-76,-57,-56,-51,-50,-78,-84,-81,-81,0,-74,-68,-68,-73,-70,-74,-74,0,0,0,0,0,0,0,0,0,0,0,0,0,-48,-71
0,0,0,0,0,-85,0,0,-82,-84,0,0,-77,-78,0,0,0,0,-75,-73,-75,-76,-57,-56,-51,-50,-78,-84,-81,-81,0,-74,-68,-68,-73,-70,-74,-74,0,0,0,0,0,0,0,0,0,0,0,0,0,-48,-71
0,0,0,0,0,-85,-86,0,-82,-84,-73,0,-77,-79,0,0,0,0,-75,-73,-76,-75,-57,-53,-50,-49,0,0,-80,-81,0,-75,-63,-64,-73,-70,-74,-74,0,-86,-87,0,0,0,0,0,0,0,0,0,0,-48,-71
0,0,0,0,0,-85,-86,0,-82,-84,-73,0,-77,-79,0,0,0,0,-75,-73,-76,-75,-57,-53,-50,-49,0,0,-80,-81,0,-75,-63,-64,-73,-70,-74,-74,0,-86,-87,0,0,0,0,0,0,0,0,0,0,-48,-71
0,0,0,0,0,-85,-86,0,-82,-84,-73,0,-77,-79,0,0,0,0,-75,-73,-76,-75,-57,-53,-50,-49,0,0,-80,-81,0,-75,-63,-64,-73,-70,-74,-74,0,-86,-87,0,0,0,0,0,0,0,0,0,0,-48,-71
0,0,0,0,0,0,-83,0,-83,-83,-73,0,-77,-78,0,0,0,0,0,0,-77,-76,-57,-55,-50,-49,0,0,-81,-81,0,-75,-63,-64,-73,-70,-74,-74,0,-86,-84,0,0,0,0,0,0,0,0,0,0,-48,-71
0,0,0,0,0,0,-83,0,-83,-83,-73,0,-77,-78,0,0,0,0,0,0,-77,-76,-57,-55,-50,-49,0,0,-81,-81,0,-75,-63,-64,-73,-70,-74,-74,0,-86,-84,0,0,0,0,0,0,0,0,0,0,-48,-71
0,0,0,0,0,0,-83,0,-83,-83,-73,0,-77,-78,0,0,0,0,0,0,-77,-76,-57,-55,-50,-49,0,0,-81,-81,0,-75,-63,-64,-73,-70,-74,-74,0,-86,-84,0,0,0,0,0,0,0,0,0,0,-48,-71
0,0,0,0,0,-84,-83,0,-82,-82,-73,-74,-77,-77,0,0,0,0,0,0,-76,-76,-56,-54,-49,-49,0,0,-80,-81,0,-75,-64,-64,-73,0,-74,-73,0,-86,-84,0,0,0,0,0,0,0,0,0,0,-48,-71
0,0,0,0,0,-84,-83,0,-82,-82,-73,-74,-77,-77,0,0,0,0,0,0,-76,-76,-56,-54,-49,-49,0,0,-80,-81,0,-75,-64,-64,-73,0,-74,-73,0,-86,-84,0,0,0,0,0,0,0,0,0,0,-48,-71
0,0,0,0,0,-84,-83,0,-82,-82,-73,-74,-77,-77,0,0,0,0,0,0,-76,-76,-56,-54,-49,-49,0,0,-80,-81,0,-75,-64,-64,-73,0,-74,-73,0,-86,-84,0,0,0,0,0,0,0,0,0,0,-48,-71
0,0,0,0,0,-84,-83,0,-82,-82,-73,-74,-77,-77,0,0,0,0,0,0,-76,-76,-56,-54,-49,-49,0,0,-80,-81,0,-75,-64,-64,-73,0,-74,-73,0,-86,-84,0,0,0,0,0,0,0,0,0,0,-48,-71
0,-79,0,0,0,-84,-83,0,-82,-82,0,-74,-77,-78,0,0,0,0,0,0,-71,-71,-57,-56,-54,-49,0,0,-81,-81,-75,-71,-66,-66,-76,0,-71,-71,0,0,0,0,0,0,0,0,0,0,0,0,0,-62,-73
0,-79,0,0,0,-84,-83,0,-82,-82,0,-74,-77,-78,0,0,0,0,0,0,-71,-71,-57,-56,-54,-49,0,0,-81,-81,-75,-71,-66,-66,-76,0,-71,-71,0,0,0,0,0,0,0,0,0,0,0,0,0,-62,-73
0,-79,0,0,0,-84,-83,0,-82,-82,0,-74,-77,-78,0,0,0,0,0,0,-71,-71,-57,-56,-54,-49,0,0,-81,-81,-75,-71,-66,-66,-76,0,-71,-71,0,0,0,0,0,0,0,0,0,0,0,0,0,-62,-73
0,-79,0,0,0,-84,-83,0,-82,-82,0,-74,-77,-78,0,0,0,0,0,0,-71,-71,-57,-56,-54,-49,0,0,-81,-81,-75,-71,-66,-66,-76,0,-71,-71,0,0,0,0,0,0,0,0,0,0,0,0,0,-62,-73
0,-79,0,0,0,-83,-81,0,-81,-80,0,0,-68,-68,0,0,0,0,0,0,-72,-71,-62,-63,-55,-54,-80,-83,-81,-81,-75,-71,-70,-70,-83,0,-72,-72,0,0,0,0,0,0,0,0,0,0,-84,-76,-76,-56,-69
0,-79,0,0,0,-83,-81,0,-81,-80,0,0,-68,-68,0,0,0,0,0,0,-72,-71,-62,-63,-55,-54,-80,-83,-81,-81,-75,-71,-70,-70,-83,0,-72,-72,0,0,0,0,0,0,0,0,0,0,-84,-76,-76,-56,-69
0,-79,0,0,0,-83,-81,0,-81,-80,0,0,-68,-68,0,0,0,0,0,0,-72,-71,-62,-63,-55,-54,-80,-83,-81,-81,-75,-71,-70,-70,-83,0,-72,-72,0,0,0,0,0,0,0,0,0,0,-84,-76,-76,-56,-69
0,-79,0,0,0,-83,-81,0,-81,-80,0,0,-68,-68,0,0,0,0,0,0,-72,-71,-62,-63,-55,-54,-80,-83,-81,-81,-75,-71,-70,-70,-83,0,-72,-72,0,0,0,0,0,0,0,0,0,0,-84,-76,-76,-56,-69
0,0,-78,-79,-82,-85,-81,0,-81,-85,0,0,-73,-73,0,0,0,0,0,0,-77,-77,-62,-65,-58,-55,-84,-85,-87,0,0,0,-68,-68,-83,0,-73,-73,0,0,0,0,0,0,0,0,0,0,-84,-77,-77,-61,-66
0,0,-78,-79,-82,-85,-81,0,-81,-85,0,0,-73,-73,0,0,0,0,0,0,-77,-77,-62,-65,-58,-55,-84,-85,-87,0,0,0,-68,-68,-83,0,-73,-73,0,0,0,0,0,0,0,0,0,0,-84,-77,-77,-61,-66
0,0,-78,-79,-82,-85,-81,0,-81,-85,0,0,-73,-73,0,0,0,0,0,0,-77,-77,-62,-65,-58,-55,-84,-85,-87,0,0,0,-68,-68,-83,0,-73,-73,0,0,0,0,0,0,0,0,0,0,-84,-77,-77,-61,-66
0,0,-75,-75,-82,-85,-81,0,-81,-85,0,0,-73,-73,0,-79,0,0,0,0,-79,-78,-66,-65,-57,-56,-84,-85,-87,0,-74,0,-67,-67,-84,0,-81,-79,0,-88,0,0,0,0,0,0,0,0,-84,-77,-77,-61,-66
0,0,-75,-75,-82,-85,-81,0,-81,-85,0,0,-73,-73,0,-79,0,0,0,0,-79,-78,-66,-65,-57,-56,-84,-85,-87,0,-74,0,-67,-67,-84,0,-81,-79,0,-88,0,0,0,0,0,0,0,0,-84,-77,-77,-61,-66
0,0,-75,-75,-82,-85,-81,0,-81,-85,0,0,-73,-73,0,-79,0,0,0,0,-79,-78,-66,-65,-57,-56,-84,-85,-87,0,-74,0,-67,-67,-84,0,-81,-79,0,-88,0,0,0,0,0,0,0,0,-84,-77,-77,-61,-66
0,0,-75,-75,-82,-85,-81,0,-81,-85,0,0,-73,-73,0,-79,0,0,0,0,-79,-78,-66,-65,-57,-56,-84,-85,-87,0,-74,0,-67,-67,-84,0,-81,-79,0,-88,0,0,0,0,0,0,0,0,-84,-77,-77,-61,-66
0,0,-78,-77,-82,-85,0,-79,-85,-83,0,0,-75,-75,0,-78,0,0,0,0,-77,-76,-66,-64,-56,-56,-84,-85,-87,0,-74,0,-70,-70,-84,-88,-79,-80,0,-88,0,0,0,0,0,0,0,0,0,-79,-79,-62,-65
0,0,-78,-77,-82,-85,0,-79,-85,-83,0,0,-75,-75,0,-78,0,0,0,0,-77,-76,-66,-64,-56,-56,-84,-85,-87,0,-74,0,-70,-70,-84,-88,-79,-80,0,-88,0,0,0,0,0,0,0,0,0,-79,-79,-62,-65
0,0,-78,-77,-82,-85,0,-79,-85,-83,0,0,-75,-75,0,-78,0,0,0,0,-77,-76,-66,-64,-56,-56,-84,-85,-87,0,-74,0,-70,-70,-84,-88,-79,-80,0,-88,0,0,0,0,0,0,0,0,0,-79,-79,-62,-65
0,0,-77,-78,-84,-84,-85,-79,-84,-83,0,0,-75,-75,-79,-78,0,0,-77,-73,-76,-77,-66,-64,-58,-57,0,-83,0,0,-74,-73,-65,-66,-84,-87,-78,-78,0,-88,0,0,0,0,0,0,0,0,0,-79,-80,-61,-68
0,0,-77,-78,-84,-84,-85,-79,-84,-83,0,0,-75,-75,-79,-78,0,0,-77,-73,-76,-77,-66,-64,-58,-57,0,-83,0,0,-74,-73,-65,-66,-84,-87,-78,-78,0,-88,0,0,0,0,0,0,0,0,0,-79,-80,-61,-68
0,0,-77,-78,-84,-84,-85,-79,-84,-83,0,0,-75,-75,-79,-78,0,0,-77,-73,-76,-77,-66,-64,-58,-57,0,-83,0,0,-74,-73,-65,-66,-84,-87,-78,-78,0,-88,0,0,0,0,0,0,0,0,0,-79,-80,-61,-68
0,0,-77,-78,-84,-84,-85,-79,-84,-83,0,0,-75,-75,-79,-78,0,0,-77,-73,-76,-77,-66,-64,-58,-57,0,-83,0,0,-74,-73,-65,-66,-84,-87,-78,-78,0,-88,0,0,0,0,0,0,0,0,0,-79,-80,-61,-68
0,0,-77,-78,-84,-84,-85,-79,-84,-82,0,0,-77,-77,-79,-78,0,0,-77,-73,-77,-77,-66,-65,-57,-57,0,-83,0,0,-74,-73,-64,-64,-84,-87,-77,-77,0,-88,0,0,0,0,0,0,0,0,0,-79,-78,-62,-68
0,0,-77,-78,-84,-84,-85,-79,-84,-82,0,0,-77,-77,-79,-78,0,0,-77,-73,-77,-77,-66,-65,-57,-57,0,-83,0,0,-74,-73,-64,-64,-84,-87,-77,-77,0,-88,0,0,0,0,0,0,0,0,0,-79,-78,-62,-68
0,0,-77,-78,-84,-84,-85,-79,-84,-82,0,0,-77,-77,-79,-78,0,0,-77,-73,-77,-77,-66,-65,-57,-57,0,-83,0,0,-74,-73,-64,-64,-84,-87,-77,-77,0,-88,0,0,0,0,0,0,0,0,0,-79,-78,-62,-68
0,-77,-77,-78,-84,-84,-85,-79,-84,-84,0,0,-76,-76,-79,-78,0,0,-77,-73,-79,-79,-67,-65,-57,-57,0,-83,-85,-87,-74,-73,-70,-71,-84,-87,-78,-79,0,-88,0,0,0,0,0,0,0,0,0,-79,-79,-62,-68
0,-77,-77,-78,-84,-84,-85,-79,-84,-84,0,0,-76,-76,-79,-78,0,0,-77,-73,-79,-79,-67,-65,-57,-57,0,-83,-85,-87,-74,-73,-70,-71,-84,-87,-78,-79,0,-88,0,0,0,0,0,0,0,0,0,-79,-79,-62,-68
0,-77,-77,-78,-84,-84,-85,-79,-84,-84,0,0,-76,-76,-79,-78,0,0,-77,-73,-79,-79,-67,-65,-57,-57,0,-83,-85,-87,-74,-73,-70,-71,-84,-87,-78,-79,0,-88,0,0,0,0,0,0,0,0,0,-79,-79,-62,-68
0,-77,-77,-78,-84,-84,-85,-79,-84,-84,0,0,-76,-76,-79,-78,0,0,-77,-73,-79,-79,-67,-65,-57,-57,0,-83,-85,-87,-74,-73,-70,-71,-84,-87,-78,-79,0,-88,0,0,0,0,0,0,0,0,0,-79,-79,-62,-68
0,-77,-79,-78,-84,0,-85,0,-84,-84,0,0,-74,-74,0,0,0,0,0,0,-74,-74,-66,-65,-56,-56,0,-83,-85,-87,-74,0,-62,-62,-84,-88,-79,-79,0,-88,-87,0,0,0,0,0,0,0,0,-78,-79,-62,-70
0,-77,-79,-78,-84,0,-85,0,-84,-84,0,0,-74,-74,0,0,0,0,0,0,-74,-74,-66,-65,-56,-56,0,-83,-85,-87,-74,0,-62,-62,-84,-88,-79,-79,0,-88,-87,0,0,0,0,0,0,0,0,-78,-79,-62,-70
0,-77,-79,-78,-84,0,-85,0,-84,-84,0,0,-74,-74,0,0,0,0,0,0,-74,-74,-66,-65,-56,-56,0,-83,-85,-87,-74,0,-62,-62,-84,-88,-79,-79,0,-88,-87,0,0,0,0,0,0,0,0,-78,-79,-62,-70
0,-77,-77,-76,-84,-83,-84,0,-82,-83,0,-77,-77,-77,0,-83,0,0,0,0,-75,-75,-66,-64,-58,-57,0,-83,-85,-87,-73,0,-70,-70,-84,-84,-75,-76,0,0,-87,0,0,0,0,0,0,0,0,-78,-78,-64,-69
0,-77,-77,-76,-84,-83,-84,0,-82,-83,0,-77,-77,-77,0,-83,0,0,0,0,-75,-75,-66,-64,-58,-57,0,-83,-85,-87,-73,0,-70,-70,-84,-84,-75,-76,0,0,-87,0,0,0,0,0,0,0,0,-78,-78,-64,-69
0,-77,-77,-76,-84,-83,-84,0,-82,-83,0,-77,-77,-77,0,-83,0,0,0,0,-75,-75,-66,-64,-58,-57,0,-83,-85,-87,-73,0,-70,-70,-84,-84,-75,-76,0,0,-87,0,0,0,0,0,0,0,0,-78,-78,-64,-69
0,-77,-77,-76,-84,-83,-84,0,-82,-83,0,-77,-77,-77,0,-83,0,0,0,0,-75,-75,-66,-64,-58,-57,0,-83,-85,-87,-73,0,-70,-70,-84,-84,-75,-76,0,0,-87,0,0,0,0,0,0,0,0,-78,-78,-64,-69
0,0,-77,-77,0,-83,-84,0,-83,-84,0,-77,-79,-78,-80,-76,0,0,0,0,-74,-75,-67,-66,-58,-56,0,0,0,0,-73,-73,-69,-69,-84,-84,-76,-76,0,-87,-88,0,0,0,0,0,-86,0,0,-83,-78,-62,-70
0,0,-77,-77,0,-83,-84,0,-83,-84,0,-77,-79,-78,-80,-76,0,0,0,0,-74,-75,-67,-66,-58,-56,0,0,0,0,-73,-73,-69,-69,-84,-84,-76,-76,0,-87,-88,0,0,0,0,0,-86,0,0,-83,-78,-62,-70
0,0,-77,-77,0,-83,-84,0,-83,-84,0,-77,-79,-78,-80,-76,0,0,0,0,-74,-75,-67,-66,-58,-56,0,0,0,0,-73,-73,-69,-69,-84,-84,-76,-76,0,-87,-88,0,0,0,0,0,-86,0,0,-83,-78,-62,-70
0,0,-77,-77,-82,-83,-85,-79,-84,-83,0,-77,-78,-79,-80,-77,0,0,-76,0,-76,-76,-67,-64,-57,-57,-87,-85,-86,0,-73,-73,-67,-67,-84,-84,-76,-75,0,-87,-88,0,0,0,0,0,-86,0,0,-77,-79,-63,-70
0,0,-77,-77,-82,-83,-85,-79,-84,-83,0,-77,-78,-79,-80,-77,0,0,-76,0,-76,-76,-67,-64,-57,-57,-87,-85,-86,0,-73,-73,-67,-67,-84,-84,-76,-75,0,-87,-88,0,0,0,0,0,-86,0,0,-77,-79,-63,-70
0,0,-77,-77,-82,-83,-85,-79,-84,-83,0,-77,-78,-79,-80,-77,0,0,-76,0,-76,-76,-67,-64,-57,-57,-87,-85,-86,0,-73,-73,-67,-67,-84,-84,-76,-75,0,-87,-88,0,0,0,0,0,-86,0,0,-77,-79,-63,-70
0,0,-77,-77,-82,-83,-85,-79,-84,-83,0,-77,-78,-79,-80,-77,0,0,-76,0,-76,-76,-67,-64,-57,-57,-87,-85,-86,0,-73,-73,-67,-67,-84,-84,-76,-75,0,-87,-88,0,0,0,0,0,-86,0,0,-77,-79,-63,-70
0,0,-77,-77,-82,-85,-85,-73,-83,-84,0,0,-78,-78,-80,-77,0,0,-77,-73,-76,-75,-66,-66,-57,-56,-87,-84,-87,-86,0,-73,-65,-64,0,0,-76,-76,0,-87,-88,0,0,0,0,0,-86,0,0,-78,-77,-63,-68
0,0,-77,-77,-82,-85,-85,-73,-83,-84,0,0,-78,-78,-80,-77,0,0,-77,-73,-76,-75,-66,-66,-57,-56,-87,-84,-87,-86,0,-73,-65,-64,0,0,-76,-76,0,-87,-88,0,0,0,0,0,-86,0,0,-78,-77,-63,-68
0,0,-77,-77,-82,-85,-85,-73,-83,-84,0,0,-78,-78,-80,-77,0,0,-77,-73,-76,-75,-66,-66,-57,-56,-87,-84,-87,-86,0,-73,-65,-64,0,0,-76,-76,0,-87,-88,0,0,0,0,0,-86,0,0,-78,-77,-63,-68
0,0,-77,-77,-82,-85,-85,-73,-83,-84,0,0,-78,-78,-80,-77,0,0,-77,-73,-76,-75,-66,-66,-57,-56,-87,-84,-87,-86,0,-73,-65,-64,0,0,-76,-76,0,-87,-88,0,0,0,0,0,-86,0,0,-78,-77,-63,-68
0,-79,-77,-80,-82,-85,-85,-79,-83,-84,0,0,-78,-77,-80,-76,0,0,-77,-73,-75,-76,-66,-66,-57,-56,-87,-84,-85,-86,-73,-73,-65,-65,0,0,-78,-77,0,0,0,0,0,0,0,0,0,0,0,-77,-77,-63,-71
0,-79,-77,-80,-82,-85,-85,-79,-83,-84,0,0,-78,-77,-80,-76,0,0,-77,-73,-75,-76,-66,-66,-57,-56,-87,-84,-85,-86,-73,-73,-65,-65,0,0,-78,-77,0,0,0,0,0,0,0,0,0,0,0,-77,-77,-63,-71
0,-79,-77,-80,-82,-85,-85,-79,-83,-84,0,0,-78,-77,-80,-76,0,0,-77,-73,-75,-76,-66,-66,-57,-56,-87,-84,-85,-86,-73,-73,-65,-65,0,0,-78,-77,0,0,0,0,0,0,0,0,0,0,0,-77,-77,-63,-71
0,-79,-77,-80,-82,-85,0,-79,-85,-83,0,0,-77,-77,-80,-77,0,0,-77,-73,-76,-76,-66,-65,-56,-56,0,-85,-85,-86,-73,-73,-70,-70,0,0,-78,-78,0,0,0,0,0,0,0,0,0,0,0,-76,-77,-62,-70
0,-79,-77,-80,-82,-85,0,-79,-85,-83,0,0,-77,-77,-80,-77,0,0,-77,-73,-76,-76,-66,-65,-56,-56,0,-85,-85,-86,-73,-73,-70,-70,0,0,-78,-78,0,0,0,0,0,0,0,0,0,0,0,-76,-77,-62,-70
0,-79,-77,-80,-82,-85,0,-79,-85,-83,0,0,-77,-77,-80,-77,0,0,-77,-73,-76,-76,-66,-65,-56,-56,0,-85,-85,-86,-73,-73,-70,-70,0,0,-78,-78,0,0,0,0,0,0,0,0,0,0,0,-76,-77,-62,-70
0,-79,-77,-80,-82,-85,0,-79,-85,-83,0,0,-77,-77,-80,-77,0,0,-77,-73,-76,-76,-66,-65,-56,-56,0,-85,-85,-86,-73,-73,-70,-70,0,0,-78,-78,0,0,0,0,0,0,0,0,0,0,0,-76,-77,-62,-70
0,-79,-77,-80,0,0,0,-79,-84,-83,0,0,-74,-74,-80,-86,0,0,0,0,-77,-76,-66,-66,-56,-56,0,-83,-85,-86,-73,-73,-70,-70,-85,-85,-79,-80,0,0,0,0,0,0,0,0,0,0,-75,-76,-77,-63,-70
0,-79,-77,-80,0,0,0,-79,-84,-83,0,0,-74,-74,-80,-86,0,0,0,0,-77,-76,-66,-66,-56,-56,0,-83,-85,-86,-73,-73,-70,-70,-85,-85,-79,-80,0,0,0,0,0,0,0,0,0,0,-75,-76,-77,-63,-70
0,-79,-77,-80,0,0,0,-79,-84,-83,0,0,-74,-74,-80,-86,0,0,0,0,-77,-76,-66,-66,-56,-56,0,-83,-85,-86,-73,-73,-70,-70,-85,-85,-79,-80,0,0,0,0,0,0,0,0,0,0,-75,-76,-77,-63,-70
0,0,-78,0,0,-81,-81,-79,-57,-85,0,0,-75,-76,-80,-78,0,0,0,0,-71,-71,-66,-65,-57,-55,0,-84,-82,-84,0,-80,-62,-62,-85,-85,-79,-80,0,0,0,0,0,0,0,0,0,0,-75,-76,-76,-64,-69
0,0,-78,0,0,-84,-83,-85,-57,-85,-82,-81,-74,-75,-77,-77,0,0,0,0,-74,-75,-74,-70,-61,-57,0,-84,-82,-84,0,-82,-72,-72,-86,-83,-79,-79,0,0,0,-85,-85,0,0,0,0,0,0,-79,-79,-63,-73
0,0,-78,0,0,-84,-83,-85,-57,-85,-82,-81,-74,-75,-77,-77,0,0,0,0,-74,-75,-74,-70,-61,-57,0,-84,-82,-84,0,-82,-72,-72,-86,-83,-79,-79,0,0,0,-85,-85,0,0,0,0,0,0,-79,-79,-63,-73
0,0,-78,0,0,-84,-83,-85,-57,-85,-82,-81,-74,-75,-77,-77,0,0,0,0,-74,-75,-74,-70,-61,-57,0,-84,-82,-84,0,-82,-72,-72,-86,-83,-79,-79,0,0,0,-85,-85,0,0,0,0,0,0,-79,-79,-63,-73
0,0,-78,0,0,-84,-83,-85,-57,-85,-82,-81,-74,-75,-77,-77,0,0,0,0,-74,-75,-74,-70,-61,-57,0,-84,-82,-84,0,-82,-72,-72,-86,-83,-79,-79,0,0,0,-85,-85,0,0,0,0,0,0,-79,-79,-63,-73
-82,-80,-73,-73,0,-84,-83,-85,0,-84,-67,-81,-68,-69,-77,-77,0,0,-83,-83,-68,-69,-74,-70,-58,-55,0,0,-81,-81,-70,-72,-60,-60,-74,-73,-67,-67,0,0,0,-85,-85,0,0,0,0,0,0,-79,-75,-54,-69
-82,-80,-73,-73,0,-84,-83,-85,0,-84,-67,-81,-68,-69,-77,-77,0,0,-83,-83,-68,-69,-74,-70,-58,-55,0,0,-81,-81,-70,-72,-60,-60,-74,-73,-67,-67,0,0,0,-85,-85,0,0,0,0,0,0,-79,-75,-54,-69
-82,-80,-73,-73,0,-84,-83,-85,0,-84,-67,-81,-68,-69,-77,-77,0,0,-83,-83,-68,-69,-74,-70,-58,-55,0,0,-81,-81,-70,-72,-60,-60,-74,-73,-67,-67,0,0,0,-85,-85,0,0,0,0,0,0,-79,-75,-54,-69
-82,-80,-73,-73,0,-84,-83,-85,0,-84,-67,-81,-68,-69,-77,-77,0,0,-83,-83,-68,-69,-74,-70,-58,-55,0,0,-81,-81,-70,-72,-60,-60,-74,-73,-67,-67,0,0,0,-85,-85,0,0,0,0,0,0,-79,-75,-54,-69
-82,-80,-73,-73,0,-81,-83,0,-83,-84,-67,0,-64,-64,0,0,0,0,-78,-76,-68,-68,-72,-73,-58,-56,0,0,-79,-79,-70,-72,-65,-65,-76,-78,-68,-68,0,0,0,0,0,0,0,0,0,0,0,-77,-77,-54,-69
-82,-80,-73,-73,0,-81,-83,0,-83,-84,-67,0,-64,-64,0,0,0,0,-78,-76,-68,-68,-72,-73,-58,-56,0,0,-79,-79,-70,-72,-65,-65,-76,-78,-68,-68,0,0,0,0,0,0,0,0,0,0,0,-77,-77,-54,-69
-82,-80,-73,-73,0,-81,-83,0,-83,-84,-67,0,-64,-64,0,0,0,0,-78,-76,-68,-68,-72,-73,-58,-56,0,0,-79,-79,-70,-72,-65,-65,-76,-78,-68,-68,0,0,0,0,0,0,0,0,0,0,0,-77,-77,-54,-69
-82,-80,-71,-71,-81,-81,-83,-77,-81,-80,-67,0,-66,-66,-76,-74,0,0,-72,-72,-77,-77,-72,-73,-56,-54,-84,-87,-79,-79,-70,-72,-68,-68,-70,-67,-67,-67,0,0,0,0,0,0,0,0,0,0,0,-80,-79,-55,-62
-82,-80,-71,-71,-81,-81,-83,-77,-81,-80,-67,0,-66,-66,-76,-74,0,0,-72,-72,-77,-77,-72,-73,-56,-54,-84,-87,-79,-79,-70,-72,-68,-68,-70,-67,-67,-67,0,0,0,0,0,0,0,0,0,0,0,-80,-79,-55,-62
-82,-80,-71,-71,-81,-81,-83,-77,-81,-80,-67,0,-66,-66,-76,-74,0,0,-72,-72,-77,-77,-72,-73,-56,-54,-84,-87,-79,-79,-70,-72,-68,-68,-70,-67,-67,-67,0,0,0,0,0,0,0,0,0,0,0,-80,-79,-55,-62
0,-73,-79,-79,-81,-86,-84,-74,-81,-82,0,0,-70,-70,-76,-74,0,0,-72,-72,-76,-77,-66,-64,-62,-61,-84,-87,-79,-79,0,-67,-64,-64,-78,-67,-68,-68,0,0,-88,0,0,0,0,0,0,0,0,-75,-73,-64,-68
0,-73,-79,-79,-81,-86,-84,-74,-81,-82,0,0,-70,-70,-76,-74,0,0,-72,-72,-76,-77,-66,-64,-62,-61,-84,-87,-79,-79,0,-67,-64,-64,-78,-67,-68,-68,0,0,-88,0,0,0,0,0,0,0,0,-75,-73,-64,-68
0,-73,-79,-79,-81,-86,-84,-74,-81,-82,0,0,-70,-70,-76,-74,0,0,-72,-72,-76,-77,-66,-64,-62,-61,-84,-87,-79,-79,0,-67,-64,-64,-78,-67,-68,-68,0,0,-88,0,0,0,0,0,0,0,0,-75,-73,-64,-68
0,-73,-79,-79,-81,-86,-84,-74,-81,-82,0,0,-70,-70,-76,-74,0,0,-72,-72,-76,-77,-66,-64,-62,-61,-84,-87,-79,-79,0,-67,-64,-64,-78,-67,-68,-68,0,0,-88,0,0,0,0,0,0,0,0,-75,-73,-64,-68
0,-73,-75,-76,-82,-84,-86,-74,-82,-83,0,0,-68,-69,-76,-74,0,0,-72,-72,-75,-74,-66,-64,-61,-60,-86,-89,-84,-84,0,-67,-65,-65,-80,-67,-69,-69,0,0,-88,0,0,0,0,0,0,0,0,-79,-78,-60,-66
0,-73,-75,-76,-82,-84,-86,-74,-82,-83,0,0,-68,-69,-76,-74,0,0,-72,-72,-75,-74,-66,-64,-61,-60,-86,-89,-84,-84,0,-67,-65,-65,-80,-67,-69,-69,0,0,-88,0,0,0,0,0,0,0,0,-79,-78,-60,-66
0,-73,-75,-76,-82,-84,-86,-74,-82,-83,0,0,-68,-69,-76,-74,0,0,-72,-72,-75,-74,-66,-64,-61,-60,-86,-89,-84,-84,0,-67,-65,-65,-80,-67,-69,-69,0,0,-88,0,0,0,0,0,0,0,0,-79,-78,-60,-66
0,-73,-75,-76,-82,-84,-86,-74,-82,-83,0,0,-68,-69,-76,-74,0,0,-72,-72,-75,-74,-66,-64,-61,-60,-86,-89,-84,-84,0,-67,-65,-65,-80,-67,-69,-69,0,0,-88,0,0,0,0,0,0,0,0,-79,-78,-60,-66
-75,-74,-74,-74,-82,-84,-85,-85,-79,-80,0,0,-69,-69,0,0,0,0,0,-78,-74,-74,-70,-68,-61,-60,-86,-88,-84,-84,-70,-68,-65,-65,-78,-76,-76,-76,0,0,-88,0,0,0,0,0,0,0,0,-77,-77,-65,-65
-75,-74,-74,-74,-82,-84,-85,-85,-79,-80,0,0,-69,-69,0,0,0,0,0,-78,-74,-74,-70,-68,-61,-60,-86,-88,-84,-84,-70,-68,-65,-65,-78,-76,-76,-76,0,0,-88,0,0,0,0,0,0,0,0,-77,-77,-65,-65
-75,-74,-74,-74,-82,-84,-85,-85,-79,-80,0,0,-69,-69,0,0,0,0,0,-78,-74,-74,-70,-68,-61,-60,-86,-88,-84,-84,-70,-68,-65,-65,-78,-76,-76,-76,0,0,-88,0,0,0,0,0,0,0,0,-77,-77,-65,-65
-75,-74,-74,-74,-82,-84,-85,-85,-79,-80,0,0,-69,-69,0,0,0,0,0,-78,-74,-74,-70,-68,-61,-60,-86,-88,-84,-84,-70,-68,-65,-65,-78,-76,-76,-76,0,0,-88,0,0,0,0,0,0,0,0,-77,-77,-65,-65
-74,-69,-74,-74,-82,-84,-85,-85,-82,-84,0,0,-68,-69,-78,-76,0,0,-76,-75,-73,-74,-70,-68,-60,-59,-86,-88,-84,-84,-70,-78,-67,-67,-81,-85,-75,-75,0,0,0,0,0,0,0,0,0,0,0,-77,-77,-60,-63
-74,-69,-74,-74,-82,-84,-85,-85,-82,-84,0,0,-68,-69,-78,-76,0,0,-76,-75,-73,-74,-70,-68,-60,-59,-86,-88,-84,-84,-70,-78,-67,-67,-81,-85,-75,-75,0,0,0,0,0,0,0,0,0,0,0,-77,-77,-60,-63
-74,-73,-74,-74,0,-85,-85,-85,-79,-78,0,0,-68,-67,-79,-72,0,0,-77,-75,-74,-74,-70,-69,-60,-60,-86,-88,0,0,-71,-73,-67,-67,-81,-85,-77,-78,0,0,0,0,0,0,0,-87,-86,0,0,-73,-73,-56,-68
-74,-69,0,0,0,-85,-85,0,-80,-79,0,0,-67,-67,-79,-72,0,0,-77,-75,-74,-75,-72,-72,-60,-59,0,0,0,0,-71,-73,-72,-72,-84,-83,-82,-82,0,0,0,0,0,0,0,-87,-86,0,0,-73,-73,-65,-67
-74,-69,0,0,0,-85,-85,0,-80,-79,0,0,-67,-67,-79,-72,0,0,-77,-75,-74,-75,-72,-72,-60,-59,0,0,0,0,-71,-73,-72,-72,-84,-83,-82,-82,0,0,0,0,0,0,0,-87,-86,0,0,-73,-73,-65,-67
-74,-69,0,0,0,-85,-85,0,-80,-79,0,0,-67,-67,-79,-72,0,0,-77,-75,-74,-75,-72,-72,-60,-59,0,0,0,0,-71,-73,-72,-72,-84,-83,-82,-82,0,0,0,0,0,0,0,-87,-86,0,0,-73,-73,-65,-67
-74,-69,0,0,0,-85,-85,0,-80,-79,0,0,-67,-67,-79,-72,0,0,-77,-75,-74,-75,-72,-72,-60,-59,0,0,0,0,-71,-73,-72,-72,-84,-83,-82,-82,0,0,0,0,0,0,0,-87,-86,0,0,-73,-73,-65,-67
-75,-72,0,0,0,-85,0,0,-78,-78,0,0,-66,-66,-79,-72,0,0,-77,-75,-75,-75,-72,-69,-59,-58,0,0,0,0,-71,-74,-71,-71,-84,-83,-79,-79,0,0,0,0,0,0,0,-87,-86,0,0,-72,-73,-57,-69
-75,-72,0,0,0,-85,0,0,-78,-78,0,0,-66,-66,-79,-72,0,0,-77,-75,-75,-75,-72,-69,-59,-58,0,0,0,0,-71,-74,-71,-71,-84,-83,-79,-79,0,0,0,0,0,0,0,-87,-86,0,0,-72,-73,-57,-69
-75,-72,0,0,0,-85,0,0,-78,-78,0,0,-66,-66,-79,-72,0,0,-77,-75,-75,-75,-72,-69,-59,-58,0,0,0,0,-71,-74,-71,-71,-84,-83,-79,-79,0,0,0,0,0,0,0,-87,-86,0,0,-72,-73,-57,-69
-75,-72,-74,-75,0,-85,0,0,-84,-81,0,0,-71,-72,0,-72,0,0,0,0,-76,-75,-72,-68,-63,-59,0,-90,0,0,0,-69,-74,-74,-83,-83,-78,-78,0,0,0,0,0,0,0,0,0,0,0,-74,-75,-70,-63
-75,-72,-74,-75,0,-85,0,0,-84,-81,0,0,-71,-72,0,-72,0,0,0,0,-76,-75,-72,-68,-63,-59,0,-90,0,0,0,-69,-74,-74,-83,-83,-78,-78,0,0,0,0,0,0,0,0,0,0,0,-74,-75,-70,-63
-75,-72,-74,-75,0,-85,0,0,-84,-81,0,0,-71,-72,0,-72,0,0,0,0,-76,-75,-72,-68,-63,-59,0,-90,0,0,0,-69,-74,-74,-83,-83,-78,-78,0,0,0,0,0,0,0,0,0,0,0,-74,-75,-70,-63
-75,-72,-74,-75,0,-85,0,0,-84,-81,0,0,-71,-72,0,-72,0,0,0,0,-76,-75,-72,-68,-63,-59,0,-90,0,0,0,-69,-74,-74,-83,-83,-78,-78,0,0,0,0,0,0,0,0,0,0,0,-74,-75,-70,-63
-76,-73,-76,-76,0,-85,0,0,-84,-85,-75,-74,-71,-71,-79,-79,0,0,-80,-78,-73,-73,-68,-65,-61,-59,0,-90,0,0,-70,-69,-68,-68,-80,-77,-80,-80,0,0,0,0,0,0,0,0,0,0,0,-77,-76,-63,-69
-76,-73,-76,-76,0,-85,0,0,-84,-85,-75,-74,-71,-71,-79,-79,0,0,-80,-78,-73,-73,-68,-65,-61,-59,0,-90,0,0,-70,-69,-68,-68,-80,-77,-80,-80,0,0,0,0,0,0,0,0,0,0,0,-77,-76,-63,-69
-76,-73,-76,-76,0,-85,0,0,-84,-85,-75,-74,-71,-71,-79,-79,0,0,-80,-78,-73,-73,-68,-65,-61,-59,0,-90,0,0,-70,-69,-68,-68,-80,-77,-80,-80,0,0,0,0,0,0,0,0,0,0,0,-77,-76,-63,-69
-76,-73,-74,-76,0,0,-83,0,-83,-83,-75,-74,-70,-70,-79,-79,0,0,-80,-78,-74,-75,-68,-66,-60,-58,0,-90,-83,-82,-70,-69,-74,-74,-80,-77,-80,-80,0,0,0,0,0,0,0,0,0,0,0,-78,-79,-59,-71
-76,-73,-74,-76,0,0,-83,0,-83,-83,-75,-74,-70,-70,-79,-79,0,0,-80,-78,-74,-75,-68,-66,-60,-58,0,-90,-83,-82,-70,-69,-74,-74,-80,-77,-80,-80,0,0,0,0,0,0,0,0,0,0,0,-78,-79,-59,-71
-76,-73,-74,-76,0,0,-83,0,-83,-83,-75,-74,-70,-70,-79,-79,0,0,-80,-78,-74,-75,-68,-66,-60,-58,0,-90,-83,-82,-70,-69,-74,-74,-80,-77,-80,-80,0,0,0,0,0,0,0,0,0,0,0,-78,-79,-59,-71
-76,-73,-74,-76,0,0,-83,0,-83,-83,-75,-74,-70,-70,-79,-79,0,0,-80,-78,-74,-75,-68,-66,-60,-58,0,-90,-83,-82,-70,-69,-74,-74,-80,-77,-80,-80,0,0,0,0,0,0,0,0,0,0,0,-78,-79,-59,-71
-76,-73,-74,-74,0,-86,-83,0,-84,-82,-74,-73,-82,-70,-79,-79,0,0,-80,-78,-75,-74,-66,-64,-57,-57,0,-85,-83,-82,-70,-69,-67,-68,-80,-77,-74,-75,0,0,0,0,0,0,0,0,0,0,0,-76,-77,-55,-71
-76,-73,-74,-74,0,-86,-83,0,-84,-82,-74,-73,-82,-70,-79,-79,0,0,-80,-78,-75,-74,-66,-64,-57,-57,0,-85,-83,-82,-70,-69,-67,-68,-80,-77,-74,-75,0,0,0,0,0,0,0,0,0,0,0,-76,-77,-55,-71
-76,-73,-74,-74,0,-86,-83,0,-84,-82,-74,-73,-82,-70,-79,-79,0,0,-80,-78,-75,-74,-66,-64,-57,-57,0,-85,-83,-82,-70,-69,-67,-68,-80,-77,-74,-75,0,0,0,0,0,0,0,0,0,0,0,-76,-77,-55,-71
-76,-73,-74,-74,0,-86,-83,0,-84,-82,-74,-73,-82,-70,-79,-79,0,0,-80,-78,-75,-74,-66,-64,-57,-57,0,-85,-83,-82,-70,-69,-67,-68,-80,-77,-74,-75,0,0,0,0,0,0,0,0,0,0,0,-76,-77,-55,-71
0,0,-78,-78,0,-86,-83,0,-84,-82,-76,-73,-68,-68,0,0,0,0,0,0,-75,-74,-66,-65,-61,-61,0,-85,-83,-82,0,0,-67,-67,-83,-81,-71,-72,0,-85,-87,0,0,0,0,0,0,0,0,-78,-78,-55,-66
0,0,-78,-78,0,-86,-83,0,-84,-82,-76,-73,-68,-68,0,0,0,0,0,0,-75,-74,-66,-65,-61,-61,0,-85,-83,-82,0,0,-67,-67,-83,-81,-71,-72,0,-85,-87,0,0,0,0,0,0,0,0,-78,-78,-55,-66
0,0,-78,-78,0,-86,-83,0,-84,-82,-76,-73,-68,-68,0,0,0,0,0,0,-75,-74,-66,-65,-61,-61,0,-85,-83,-82,0,0,-67,-67,-83,-81,-71,-72,0,-85,-87,0,0,0,0,0,0,0,0,-78,-78,-55,-66
0,0,-77,-76,0,-85,0,0,-80,-80,-76,-73,-69,-70,0,0,0,0,0,0,-77,-77,-67,-65,-60,-60,0,-85,-81,-80,-68,-63,-63,-63,-80,-81,-76,-76,0,-85,-87,0,0,0,0,0,0,0,0,-74,-74,-61,-70
0,0,-77,-76,0,-85,0,0,-80,-80,-76,-73,-69,-70,0,0,0,0,0,0,-77,-77,-67,-65,-60,-60,0,-85,-81,-80,-68,-63,-63,-63,-80,-81,-76,-76,0,-85,-87,0,0,0,0,0,0,0,0,-74,-74,-61,-70
0,0,-77,-76,0,-85,0,0,-80,-80,-76,-73,-69,-70,0,0,0,0,0,0,-77,-77,-67,-65,-60,-60,0,-85,-81,-80,-68,-63,-63,-63,-80,-81,-76,-76,0,-85,-87,0,0,0,0,0,0,0,0,-74,-74,-61,-70
0,0,-77,-76,0,-85,0,0,-80,-80,-76,-73,-69,-70,0,0,0,0,0,0,-77,-77,-67,-65,-60,-60,0,-85,-81,-80,-68,-63,-63,-63,-80,-81,-76,-76,0,-85,-87,0,0,0,0,0,0,0,0,-74,-74,-61,-70
-78,-74,-77,-76,0,-85,0,0,-84,-82,-76,0,-68,-68,0,0,0,0,0,0,-78,-76,-67,-65,-65,-64,0,0,-81,-80,-68,-64,-64,-64,-79,-81,-76,-76,0,-87,-84,0,-86,0,0,0,0,-78,-72,-75,-75,-62,-80
-78,-74,-77,-76,0,-85,0,0,-84,-82,-76,0,-68,-68,0,0,0,0,0,0,-78,-76,-67,-65,-65,-64,0,0,-81,-80,-68,-64,-64,-64,-79,-81,-76,-76,0,-87,-84,0,-86,0,0,0,0,-78,-72,-75,-75,-62,-80
-78,-74,-77,-76,0,-85,0,0,-84,-82,-76,0,-68,-68,0,0,0,0,0,0,-78,-76,-67,-65,-65,-64,0,0,-81,-80,-68,-64,-64,-64,-79,-81,-76,-76,0,-87,-84,0,-86,0,0,0,0,-78,-72,-75,-75,-62,-80
-78,-74,-77,-76,0,-84,-84,0,-82,-83,-73,0,-68,-68,-82,-80,0,0,0,0,-76,-76,-67,-68,-66,-66,0,0,-81,-80,-68,-63,-64,-65,-79,0,-76,-75,0,-87,-84,0,-86,0,0,0,0,-78,-72,-77,-77,-57,-70
-78,-74,-77,-76,0,-84,-84,0,-82,-83,-73,0,-68,-68,-82,-80,0,0,0,0,-76,-76,-67,-68,-66,-66,0,0,-81,-80,-68,-63,-64,-65,-79,0,-76,-75,0,-87,-84,0,-86,0,0,0,0,-78,-72,-77,-77,-57,-70
-78,-74,-77,-76,0,-84,-84,0,-82,-83,-73,0,-68,-68,-82,-80,0,0,0,0,-76,-76,-67,-68,-66,-66,0,0,-81,-80,-68,-63,-64,-65,-79,0,-76,-75,0,-87,-84,0,-86,0,0,0,0,-78,-72,-77,-77,-57,-70
-78,-74,-77,-76,0,-84,-84,0,-82,-83,-73,0,-68,-68,-82,-80,0,0,0,0,-76,-76,-67,-68,-66,-66,0,0,-81,-80,-68,-63,-64,-65,-79,0,-76,-75,0,-87,-84,0,-86,0,0,0,0,-78,-72,-77,-77,-57,-70
-78,-74,-78,-79,0,-84,-84,0,-85,-84,-73,-75,-68,-68,-82,-80,0,0,0,0,-78,-78,-68,-67,-65,-64,0,0,0,0,-69,-64,-63,-63,-78,-77,-75,-75,0,-86,-85,0,-86,0,0,0,0,-78,-72,-77,-78,-55,-65
-78,-74,-78,-79,0,-84,-84,0,-85,-84,-73,-75,-68,-68,-82,-80,0,0,0,0,-78,-78,-68,-67,-65,-64,0,0,0,0,-69,-64,-63,-63,-78,-77,-75,-75,0,-86,-85,0,-86,0,0,0,0,-78,-72,-77,-78,-55,-65
-78,-74,-78,-79,0,-84,-84,0,-85,-84,-73,-75,-68,-68,-82,-80,0,0,0,0,-78,-78,-68,-67,-65,-64,0,0,0,0,-69,-64,-63,-63,-78,-77,-75,-75,0,-86,-85,0,-86,0,0,0,0,-78,-72,-77,-78,-55,-65
0,0,-78,-79,0,-84,-84,0,-83,-82,-73,-75,-70,-70,-82,-80,0,0,0,0,-75,-75,-68,-67,-71,-66,0,0,0,0,-69,-64,-66,-66,-78,-77,-74,-74,0,-87,-85,0,0,0,0,0,0,-87,-82,-79,-79,-55,-66
0,0,-78,-79,0,-84,-84,0,-83,-82,-73,-75,-70,-70,-82,-80,0,0,0,0,-75,-75,-68,-67,-71,-66,0,0,0,0,-69,-64,-66,-66,-78,-77,-74,-74,0,-87,-85,0,0,0,0,0,0,-87,-82,-79,-79,-55,-66
0,0,-78,-79,0,-84,-84,0,-83,-82,-73,-75,-70,-70,-82,-80,0,0,0,0,-75,-75,-68,-67,-71,-66,0,0,0,0,-69,-64,-66,-66,-78,-77,-74,-74,0,-87,-85,0,0,0,0,0,0,-87,-82,-79,-79,-55,-66
0,0,-78,-79,0,-84,-84,0,-83,-82,-73,-75,-70,-70,-82,-80,0,0,0,0,-75,-75,-68,-67,-71,-66,0,0,0,0,-69,-64,-66,-66,-78,-77,-74,-74,0,-87,-85,0,0,0,0,0,0,-87,-82,-79,-79,-55,-66
0,0,-78,-79,0,0,-84,0,-81,-82,0,-69,-76,-78,0,0,0,0,0,0,-77,-76,-68,-67,-62,-60,0,0,-80,-79,-70,-64,-70,-70,-78,-77,-76,-76,0,-87,-85,-84,0,0,0,0,0,-87,-82,-73,-73,-59,-66
0,0,-78,-79,0,0,-84,0,-81,-82,0,-69,-76,-78,0,0,0,0,0,0,-77,-76,-68,-67,-62,-60,0,0,-80,-79,-70,-64,-70,-70,-78,-77,-76,-76,0,-87,-85,-84,0,0,0,0,0,-87,-82,-73,-73,-59,-66
0,0,-78,-79,0,0,-84,0,-81,-82,0,-69,-76,-78,0,0,0,0,0,0,-77,-76,-68,-67,-62,-60,0,0,-80,-79,-70,-64,-70,-70,-78,-77,-76,-76,0,-87,-85,-84,0,0,0,0,0,-87,-82,-73,-73,-59,-66
0,-75,-76,-76,-82,-85,-84,-76,-85,-84,0,-69,-70,-69,-83,-81,0,0,-80,-80,-75,-75,-66,-69,-57,-57,0,0,-80,-79,-70,-63,-69,-70,-78,-75,-73,-73,0,-87,-85,-85,-84,0,0,0,0,-87,-82,-74,-74,-55,-71
0,-75,-76,-76,-82,-85,-84,-76,-85,-84,0,-69,-70,-69,-83,-81,0,0,-80,-80,-75,-75,-66,-69,-57,-57,0,0,-80,-79,-70,-63,-69,-70,-78,-75,-73,-73,0,-87,-85,-85,-84,0,0,0,0,-87,-82,-74,-74,-55,-71
0,-75,-76,-76,-82,-85,-84,-76,-85,-84,0,-69,-70,-69,-83,-81,0,0,-80,-80,-75,-75,-66,-69,-57,-57,0,0,-80,-79,-70,-63,-69,-70,-78,-75,-73,-73,0,-87,-85,-85,-84,0,0,0,0,-87,-82,-74,-74,-55,-71
0,-75,-76,-76,-82,-85,-84,-76,-85,-84,0,-69,-70,-69,-83,-81,0,0,-80,-80,-75,-75,-66,-69,-57,-57,0,0,-80,-79,-70,-63,-69,-70,-78,-75,-73,-73,0,-87,-85,-85,-84,0,0,0,0,-87,-82,-74,-74,-55,-71
0,-75,-75,-75,-82,-85,-82,-76,-83,-83,0,-69,-68,-69,-83,-81,0,0,-80,-80,-76,-76,-68,-65,-59,-58,0,0,-85,-84,-67,-62,-69,-69,-78,-75,-75,-75,0,-87,-84,-85,-86,0,0,0,0,0,0,-74,-74,-57,-70
0,-75,-75,-75,-82,-85,-82,-76,-83,-83,0,-69,-68,-69,-83,-81,0,0,-80,-80,-76,-76,-68,-65,-59,-58,0,0,-85,-84,-67,-62,-69,-69,-78,-75,-75,-75,0,-87,-84,-85,-86,0,0,0,0,0,0,-74,-74,-57,-70
0,-75,-75,-75,-82,-85,-82,-76,-83,-83,0,-69,-68,-69,-83,-81,0,0,-80,-80,-76,-76,-68,-65,-59,-58,0,0,-85,-84,-67,-62,-69,-69,-78,-75,-75,-75,0,-87,-84,-85,-86,0,0,0,0,0,0,-74,-74,-57,-70
0,-75,-75,-75,-82,-85,-82,-76,-83,-83,0,-69,-68,-69,-83,-81,0,0,-80,-80,-76,-76,-68,-65,-59,-58,0,0,-85,-84,-67,-62,-69,-69,-78,-75,-75,-75,0,-87,-84,-85,-86,0,0,0,0,0,0,-74,-74,-57,-70
-76,-75,-77,-78,-82,-85,-84,-78,-80,-81,0,0,-66,-66,-83,-81,0,0,-80,-80,-72,-71,-68,-67,-58,-58,0,0,-82,-82,-67,-63,-67,-67,-78,-75,-75,-75,0,-87,-84,-85,-86,0,0,0,0,0,0,-75,-74,-57,-64
-76,-75,-77,-78,-82,-85,-84,-78,-80,-81,0,0,-66,-66,-83,-81,0,0,-80,-80,-72,-71,-68,-67,-58,-58,0,0,-82,-82,-67,-63,-67,-67,-78,-75,-75,-75,0,-87,-84,-85,-86,0,0,0,0,0,0,-75,-74,-57,-64
-76,-75,-77,-78,-82,-85,-84,-78,-80,-81,0,0,-66,-66,-83,-81,0,0,-80,-80,-72,-71,-68,-67,-58,-58,0,0,-82,-82,-67,-63,-67,-67,-78,-75,-75,-75,0,-87,-84,-85,-86,0,0,0,0,0,0,-75,-74,-57,-64
-76,0,-77,-76,0,-85,-84,-78,-83,-82,0,0,-68,-68,0,0,0,0,0,0,-78,-78,-68,-67,-57,-56,-83,0,-80,-81,-67,-64,-63,-63,-78,0,-81,-82,0,-87,-84,0,-85,0,0,0,0,0,0,-75,-75,-57,-76
-76,0,-77,-76,0,-85,-84,-78,-83,-82,0,0,-68,-68,0,0,0,0,0,0,-78,-78,-68,-67,-57,-56,-83,0,-80,-81,-67,-64,-63,-63,-78,0,-81,-82,0,-87,-84,0,-85,0,0,0,0,0,0,-75,-75,-57,-76
-76,0,-77,-76,0,-85,-84,-78,-83,-82,0,0,-68,-68,0,0,0,0,0,0,-78,-78,-68,-67,-57,-56,-83,0,-80,-81,-67,-64,-63,-63,-78,0,-81,-82,0,-87,-84,0,-85,0,0,0,0,0,0,-75,-75,-57,-76
-76,0,-77,-76,0,-85,-84,-78,-83,-82,0,0,-68,-68,0,0,0,0,0,0,-78,-78,-68,-67,-57,-56,-83,0,-80,-81,-67,-64,-63,-63,-78,0,-81,-82,0,-87,-84,0,-85,0,0,0,0,0,0,-75,-75,-57,-76
-76,-75,-77,-76,0,-85,-84,-78,-83,-85,0,0,-66,-67,0,0,0,0,0,0,-80,-79,-71,-70,-61,-61,-83,0,-80,-85,-69,-67,-66,-66,-78,0,-74,-75,0,0,0,0,-85,0,0,0,0,0,0,-78,-77,-57,-72
-76,-75,-77,-76,0,-85,-84,-78,-83,-85,0,0,-66,-67,0,0,0,0,0,0,-80,-79,-71,-70,-61,-61,-83,0,-80,-85,-69,-67,-66,-66,-78,0,-74,-75,0,0,0,0,-85,0,0,0,0,0,0,-78,-77,-57,-72
-76,-75,-77,-76,0,-85,-84,-78,-83,-85,0,0,-66,-67,0,0,0,0,0,0,-80,-79,-71,-70,-61,-61,-83,0,-80,-85,-69,-67,-66,-66,-78,0,-74,-75,0,0,0,0,-85,0,0,0,0,0,0,-78,-77,-57,-72
0,-75,-77,-76,0,0,0,-84,-83,-82,0,0,-68,-68,0,0,0,0,0,0,-71,-70,-71,-68,-76,-62,-83,0,-80,-85,-70,-67,-64,-64,-79,-77,-77,-77,0,0,0,0,-85,0,0,0,0,0,0,-78,-78,-54,-68
0,-75,-77,-76,0,0,0,-84,-83,-82,0,0,-68,-68,0,0,0,0,0,0,-71,-70,-71,-68,-76,-62,-83,0,-80,-85,-70,-67,-64,-64,-79,-77,-77,-77,0,0,0,0,-85,0,0,0,0,0,0,-78,-78,-54,-68
0,-75,-77,-76,0,0,0,-84,-83,-82,0,0,-68,-68,0,0,0,0,0,0,-71,-70,-71,-68,-76,-62,-83,0,-80,-85,-70,-67,-64,-64,-79,-77,-77,-77,0,0,0,0,-85,0,0,0,0,0,0,-78,-78,-54,-68
0,-75,-77,-76,0,0,0,-84,-83,-82,0,0,-68,-68,0,0,0,0,0,0,-71,-70,-71,-68,-76,-62,-83,0,-80,-85,-70,-67,-64,-64,-79,-77,-77,-77,0,0,0,0,-85,0,0,0,0,0,0,-78,-78,-54,-68
-75,-74,0,0,0,-82,0,-84,-82,-82,0,0,-67,-67,0,0,0,0,0,0,-74,-74,-67,-65,-63,-62,0,0,0,-85,-73,-67,-67,-67,-77,-77,-74,-75,0,-84,-83,0,0,0,0,0,0,0,0,-75,-75,-55,-67
-75,-74,0,0,0,-82,0,-84,-82,-82,0,0,-67,-67,0,0,0,0,0,0,-74,-74,-67,-65,-63,-62,0,0,0,-85,-73,-67,-67,-67,-77,-77,-74,-75,0,-84,-83,0,0,0,0,0,0,0,0,-75,-75,-55,-67
-75,-74,0,0,0,-82,0,-84,-82,-82,0,0,-67,-67,0,0,0,0,0,0,-74,-74,-67,-65,-63,-62,0,0,0,-85,-73,-67,-67,-67,-77,-77,-74,-75,0,-84,-83,0,0,0,0,0,0,0,0,-75,-75,-55,-67
-75,-74,-79,-80,0,-82,0,-84,-78,-78,0,0,-66,-66,0,0,0,0,0,0,-78,-79,-67,-65,-63,-61,0,0,0,-86,-73,0,-62,-62,-77,-77,-74,-74,0,-84,-83,0,0,0,0,0,0,0,-77,-76,-75,-55,-67
-75,-74,-79,-80,0,-82,0,-84,-78,-78,0,0,-66,-66,0,0,0,0,0,0,-78,-79,-67,-65,-63,-61,0,0,0,-86,-73,0,-62,-62,-77,-77,-74,-74,0,-84,-83,0,0,0,0,0,0,0,-77,-76,-75,-55,-67
-75,-74,-79,-80,0,-82,0,-84,-78,-78,0,0,-66,-66,0,0,0,0,0,0,-78,-79,-67,-65,-63,-61,0,0,0,-86,-73,0,-62,-62,-77,-77,-74,-74,0,-84,-83,0,0,0,0,0,0,0,-77,-76,-75,-55,-67
-75,-74,-79,-80,0,-82,0,-84,-78,-78,0,0,-66,-66,0,0,0,0,0,0,-78,-79,-67,-65,-63,-61,0,0,0,-86,-73,0,-62,-62,-77,-77,-74,-74,0,-84,-83,0,0,0,0,0,0,0,-77,-76,-75,-55,-67
-75,-72,-79,-80,0,-82,-85,0,-79,-79,0,-75,-66,-66,0,0,0,0,-81,-78,-79,-78,-65,-62,-61,-61,0,0,0,-86,-73,-72,-63,-63,-78,-79,-73,-74,0,-84,-88,0,0,0,0,0,0,0,-77,-76,-75,-57,-65
-75,-72,-79,-80,0,-82,-85,0,-79,-79,0,-75,-66,-66,0,0,0,0,-81,-78,-79,-78,-65,-62,-61,-61,0,0,0,-86,-73,-72,-63,-63,-78,-79,-73,-74,0,-84,-88,0,0,0,0,0,0,0,-77,-76,-75,-57,-65
-75,-72,-79,-80,0,-82,-85,0,-79,-79,0,-75,-66,-66,0,0,0,0,-81,-78,-79,-78,-65,-62,-61,-61,0,0,0,-86,-73,-72,-63,-63,-78,-79,-73,-74,0,-84,-88,0,0,0,0,0,0,0,-77,-76,-75,-57,-65
0,-72,-79,-80,-85,0,-85,0,-79,-79,0,-75,-66,-66,-82,0,0,0,-81,-78,-78,-78,-65,-62,-63,-60,0,-88,0,-84,0,-72,-69,-69,-78,-79,-73,-73,0,0,-88,0,0,0,0,0,0,0,-77,-75,-74,-58,-67
0,-72,-79,-80,-85,0,-85,0,-79,-79,0,-75,-66,-66,-82,0,0,0,-81,-78,-78,-78,-65,-62,-63,-60,0,-88,0,-84,0,-72,-69,-69,-78,-79,-73,-73,0,0,-88,0,0,0,0,0,0,0,-77,-75,-74,-58,-67
0,-72,-79,-80,-85,0,-85,0,-79,-79,0,-75,-66,-66,-82,0,0,0,-81,-78,-78,-78,-65,-62,-63,-60,0,-88,0,-84,0,-72,-69,-69,-78,-79,-73,-73,0,0,-88,0,0,0,0,0,0,0,-77,-75,-74,-58,-67
0,-72,-79,-80,-85,0,-85,0,-79,-79,0,-75,-66,-66,-82,0,0,0,-81,-78,-78,-78,-65,-62,-63,-60,0,-88,0,-84,0,-72,-69,-69,-78,-79,-73,-73,0,0,-88,0,0,0,0,0,0,0,-77,-75,-74,-58,-67
-74,-72,0,0,-85,-83,-82,0,-78,-79,0,-75,-67,-68,-82,0,0,0,-81,-78,-73,-73,-65,-67,-62,-63,0,-88,0,-84,0,-72,-68,-68,-78,-79,-75,-75,0,-85,-85,0,0,0,0,0,0,0,0,-76,-77,-59,-61
-74,-72,0,0,-85,-83,-82,0,-78,-79,0,-75,-67,-68,-82,0,0,0,-81,-78,-73,-73,-65,-67,-62,-63,0,-88,0,-84,0,-72,-68,-68,-78,-79,-75,-75,0,-85,-85,0,0,0,0,0,0,0,0,-76,-77,-59,-61
-74,-72,0,0,-85,-83,-82,0,-78,-79,0,-75,-67,-68,-82,0,0,0,-81,-78,-73,-73,-65,-67,-62,-63,0,-88,0,-84,0,-72,-68,-68,-78,-79,-75,-75,0,-85,-85,0,0,0,0,0,0,0,0,-76,-77,-59,-61
-74,-72,0,0,-85,-84,-84,0,-78,-86,0,0,-67,-66,-82,0,0,0,0,0,-75,-75,0,-69,-58,-58,0,-88,-84,-85,0,-66,-67,-67,0,0,-75,-75,0,-85,-85,0,0,0,0,0,0,0,0,-75,-75,-51,-72
-74,-72,0,0,-85,-84,-84,0,-78,-86,0,0,-67,-66,-82,0,0,0,0,0,-75,-75,0,-69,-58,-58,0,-88,-84,-85,0,-66,-67,-67,0,0,-75,-75,0,-85,-85,0,0,0,0,0,0,0,0,-75,-75,-51,-72
-74,-72,0,0,-85,-84,-84,0,-78,-86,0,0,-67,-66,-82,0,0,0,0,0,-75,-75,0,-69,-58,-58,0,-88,-84,-85,0,-66,-67,-67,0,0,-75,-75,0,-85,-85,0,0,0,0,0,0,0,0,-75,-75,-51,-72
-74,-72,0,0,-85,-84,-84,0,-78,-86,0,0,-67,-66,-82,0,0,0,0,0,-75,-75,0,-69,-58,-58,0,-88,-84,-85,0,-66,-67,-67,0,0,-75,-75,0,-85,-85,0,0,0,0,0,0,0,0,-75,-75,-51,-72
-74,-72,-74,-76,0,-81,-84,0,-82,-82,-76,-78,-65,-65,0,0,0,0,0,0,-75,-76,-66,-65,-63,-59,0,0,-80,-80,0,-66,-70,-69,0,0,-80,-82,0,-85,-85,0,0,0,0,0,0,0,0,-73,-73,-51,-64
-74,-72,-74,-76,0,-81,-84,0,-82,-82,-76,-78,-65,-65,0,0,0,0,0,0,-75,-76,-66,-65,-63,-59,0,0,-80,-80,0,-66,-70,-69,0,0,-80,-82,0,-85,-85,0,0,0,0,0,0,0,0,-73,-73,-51,-64
-74,-72,-74,-76,0,-81,-84,0,-82,-82,-76,-78,-65,-65,0,0,0,0,0,0,-75,-76,-66,-65,-63,-59,0,0,-80,-80,0,-66,-70,-69,0,0,-80,-82,0,-85,-85,0,0,0,0,0,0,0,0,-73,-73,-51,-64
0,0,-77,-77,0,-81,-79,0,-84,-82,-76,-78,-75,-75,0,0,0,0,0,0,-68,-69,-69,-69,-56,-55,0,-79,-82,-83,0,-66,-68,-68,0,-69,-68,-68,0,0,0,0,0,0,0,0,0,0,0,-72,-72,-52,-68
0,0,-77,-77,0,-81,-79,0,-84,-82,-76,-78,-75,-75,0,0,0,0,0,0,-68,-69,-69,-69,-56,-55,0,-79,-82,-83,0,-66,-68,-68,0,-69,-68,-68,0,0,0,0,0,0,0,0,0,0,0,-72,-72,-52,-68
0,0,-77,-77,0,-81,-79,0,-84,-82,-76,-78,-75,-75,0,0,0,0,0,0,-68,-69,-69,-69,-56,-55,0,-79,-82,-83,0,-66,-68,-68,0,-69,-68,-68,0,0,0,0,0,0,0,0,0,0,0,-72,-72,-52,-68
0,0,-77,-77,0,-81,-79,0,-84,-82,-76,-78,-75,-75,0,0,0,0,0,0,-68,-69,-69,-69,-56,-55,0,-79,-82,-83,0,-66,-68,-68,0,-69,-68,-68,0,0,0,0,0,0,0,0,0,0,0,-72,-72,-52,-68
0,-73,-77,-80,0,-83,-83,0,-84,-85,0,0,-76,-75,0,0,0,0,-75,-72,-66,-65,-57,-57,-60,-56,0,-79,-82,-83,0,0,-70,-70,-72,-70,-72,-72,0,0,0,-83,-84,0,0,0,0,0,0,-76,-75,-49,-69
0,-73,-77,-80,0,-83,-83,0,-84,-85,0,0,-76,-75,0,0,0,0,-75,-72,-66,-65,-57,-57,-60,-56,0,-79,-82,-83,0,0,-70,-70,-72,-70,-72,-72,0,0,0,-83,-84,0,0,0,0,0,0,-76,-75,-49,-69
0,-73,-77,-80,0,-83,-83,0,-84,-85,0,0,-76,-75,0,0,0,0,-75,-72,-66,-65,-57,-57,-60,-56,0,-79,-82,-83,0,0,-70,-70,-72,-70,-72,-72,0,0,0,-83,-84,0,0,0,0,0,0,-76,-75,-49,-69
0,-73,-77,-80,0,-83,-83,0,-84,-85,0,0,-76,-75,0,0,0,0,-75,-72,-66,-65,-57,-57,-60,-56,0,-79,-82,-83,0,0,-70,-70,-72,-70,-72,-72,0,0,0,-83,-84,0,0,0,0,0,0,-76,-75,-49,-69
0,-75,0,-80,0,-80,-81,-75,-83,-83,0,0,-76,-75,0,0,0,0,-75,-72,-80,-79,-57,-64,-59,-57,0,-86,-82,-84,0,0,-69,-69,-72,-77,-70,-71,0,0,0,-83,-84,0,0,0,0,0,0,-76,-76,-55,-67
0,-75,0,-80,0,-80,-81,-75,-83,-83,0,0,-76,-75,0,0,0,0,-75,-72,-80,-79,-57,-64,-59,-57,0,-86,-82,-84,0,0,-69,-69,-72,-77,-70,-71,0,0,0,-83,-84,0,0,0,0,0,0,-76,-76,-55,-67
0,-75,0,-80,0,-80,-81,-75,-83,-83,0,0,-76,-75,0,0,0,0,-75,-72,-80,-79,-57,-64,-59,-57,0,-86,-82,-84,0,0,-69,-69,-72,-77,-70,-71,0,0,0,-83,-84,0,0,0,0,0,0,-76,-76,-55,-67
0,-75,0,-80,0,-80,-81,-75,-83,-83,0,0,-76,-75,0,0,0,0,-75,-72,-80,-79,-57,-64,-59,-57,0,-86,-82,-84,0,0,-69,-69,-72,-77,-70,-71,0,0,0,-83,-84,0,0,0,0,0,0,-76,-76,-55,-67
0,-80,0,0,0,-80,-83,-75,-83,-83,-81,-82,-76,-77,0,0,0,0,0,0,-75,-75,-64,-64,-60,-60,0,-86,-82,-84,-76,0,-68,-68,-76,-71,-71,-71,0,0,-88,0,-83,0,0,0,0,0,0,-76,-75,-50,-67
0,-80,0,0,0,-80,-83,-75,-83,-83,-81,-82,-76,-77,0,0,0,0,0,0,-75,-75,-64,-64,-60,-60,0,-86,-82,-84,-76,0,-68,-68,-76,-71,-71,-71,0,0,-88,0,-83,0,0,0,0,0,0,-76,-75,-50,-67
0,-80,0,0,0,-80,-83,-75,-83,-83,-81,-82,-76,-77,0,0,0,0,0,0,-75,-75,-64,-64,-60,-60,0,-86,-82,-84,-76,0,-68,-68,-76,-71,-71,-71,0,0,-88,0,-83,0,0,0,0,0,0,-76,-75,-50,-67
0,-80,0,0,0,-80,-83,-75,-83,-84,-81,-82,-76,-76,0,0,0,0,0,0,-75,-75,-64,-65,-59,-58,0,-86,-80,-80,-76,-73,-66,-66,-77,-75,-71,-71,0,-85,-87,0,-83,0,0,0,0,0,0,-75,-75,-53,-74
0,-80,0,0,0,-80,-83,-75,-83,-84,-81,-82,-76,-76,0,0,0,0,0,0,-75,-75,-64,-65,-59,-58,0,-86,-80,-80,-76,-73,-66,-66,-77,-75,-71,-71,0,-85,-87,0,-83,0,0,0,0,0,0,-75,-75,-53,-74
0,-80,0,0,0,-80,-83,-75,-83,-84,-81,-82,-76,-76,0,0,0,0,0,0,-75,-75,-64,-65,-59,-58,0,-86,-80,-80,-76,-73,-66,-66,-77,-75,-71,-71,0,-85,-87,0,-83,0,0,0,0,0,0,-75,-75,-53,-74
0,-80,0,0,0,-80,-83,-75,-83,-84,-81,-82,-76,-76,0,0,0,0,0,0,-75,-75,-64,-65,-59,-58,0,-86,-80,-80,-76,-73,-66,-66,-77,-75,-71,-71,0,-85,-87,0,-83,0,0,0,0,0,0,-75,-75,-53,-74
0,-74,0,0,0,-84,-82,0,-85,-86,-82,-81,-81,-81,0,0,0,0,0,0,-75,-74,-70,-69,-59,-57,0,0,-81,-82,-76,-73,-70,-70,-78,-75,-71,-72,0,-85,-88,0,-83,0,0,0,0,0,0,-76,-74,-57,-70
0,-74,0,0,0,-84,-82,0,-85,-86,-82,-81,-81,-81,0,0,0,0,0,0,-75,-74,-70,-69,-59,-57,0,0,-81,-82,-76,-73,-70,-70,-78,-75,-71,-72,0,-85,-88,0,-83,0,0,0,0,0,0,-76,-74,-57,-70
0,-74,0,0,0,-84,-82,0,-85,-86,-82,-81,-81,-81,0,0,0,0,0,0,-75,-74,-70,-69,-59,-57,0,0,-81,-82,-76,-73,-70,-70,-78,-75,-71,-72,0,-85,-88,0,-83,0,0,0,0,0,0,-76,-74,-57,-70
0,-74,0,0,0,-84,-84,0,-85,-86,-82,-81,-81,-81,0,0,0,0,0,0,-73,-74,-69,-68,-64,-61,0,0,-82,-84,0,-73,-69,-69,-78,-75,-67,-68,0,-85,-88,0,0,0,0,0,0,0,-70,-73,-72,-58,-73
0,-74,0,0,0,-84,-84,0,-85,-86,-82,-81,-81,-81,0,0,0,0,0,0,-73,-74,-69,-68,-64,-61,0,0,-82,-84,0,-73,-69,-69,-78,-75,-67,-68,0,-85,-88,0,0,0,0,0,0,0,-70,-73,-72,-58,-73
0,-74,0,0,0,-84,-84,0,-85,-86,-82,-81,-81,-81,0,0,0,0,0,0,-73,-74,-69,-68,-64,-61,0,0,-82,-84,0,-73,-69,-69,-78,-75,-67,-68,0,-85,-88,0,0,0,0,0,0,0,-70,-73,-72,-58,-73
0,-74,0,0,0,-84,-84,0,-85,-86,-82,-81,-81,-81,0,0,0,0,0,0,-73,-74,-69,-68,-64,-61,0,0,-82,-84,0,-73,-69,-69,-78,-75,-67,-68,0,-85,-88,0,0,0,0,0,0,0,-70,-73,-72,-58,-73
0,-74,0,0,0,-84,-86,0,-85,-86,-82,-81,-81,-81,0,0,0,0,-75,-73,-73,-73,-69,-66,-63,-63,0,0,-82,-84,0,0,-71,-71,-76,0,-69,-69,0,0,-88,0,0,0,0,0,0,0,-70,-74,-72,-57,-69
0,-74,0,0,0,-84,-86,0,-85,-86,-82,-81,-81,-81,0,0,0,0,-75,-73,-73,-73,-69,-66,-63,-63,0,0,-82,-84,0,0,-71,-71,-76,0,-69,-69,0,0,-88,0,0,0,0,0,0,0,-70,-74,-72,-57,-69
0,-74,0,0,0,-84,-86,0,-85,-86,-82,-81,-81,-81,0,0,0,0,-75,-73,-73,-73,-69,-66,-63,-63,0,0,-82,-84,0,0,-71,-71,-76,0,-69,-69,0,0,-88,0,0,0,0,0,0,0,-70,-74,-72,-57,-69
0,0,0,0,0,-84,-83,0,0,0,0,0,-82,-81,0,0,0,0,-75,-73,-72,-72,-68,-68,-62,-63,0,0,-82,-84,0,-79,-69,-70,-77,-80,-68,-68,0,0,0,0,0,0,0,0,0,0,-71,-72,-74,-57,-72
0,0,0,0,0,-84,-83,0,0,0,0,0,-82,-81,0,0,0,0,-75,-73,-72,-72,-68,-68,-62,-63,0,0,-82,-84,0,-79,-69,-70,-77,-80,-68,-68,0,0,0,0,0,0,0,0,0,0,-71,-72,-74,-57,-72
0,0,0,0,0,-84,-83,0,0,0,0,0,-82,-81,0,0,0,0,-75,-73,-72,-72,-68,-68,-62,-63,0,0,-82,-84,0,-79,-69,-70,-77,-80,-68,-68,0,0,0,0,0,0,0,0,0,0,-71,-72,-74,-57,-72
0,0,0,0,0,-84,-83,0,0,0,0,0,-82,-81,0,0,0,0,-75,-73,-72,-72,-68,-68,-62,-63,0,0,-82,-84,0,-79,-69,-70,-77,-80,-68,-68,0,0,0,0,0,0,0,0,0,0,-71,-72,-74,-57,-72
0,-79,0,0,0,-85,-83,0,0,0,0,0,-82,-82,0,0,0,0,-75,-73,-71,-71,-68,-67,-61,-60,0,0,0,0,0,-79,-69,-70,-76,-80,-68,-68,0,0,-88,0,0,0,0,0,0,0,-71,-72,-73,-57,-73
0,-79,0,0,0,-85,-83,0,0,0,0,0,-82,-82,0,0,0,0,-75,-73,-71,-71,-68,-67,-61,-60,0,0,0,0,0,-79,-69,-70,-76,-80,-68,-68,0,0,-88,0,0,0,0,0,0,0,-71,-72,-73,-57,-73
0,-79,0,0,0,-85,-83,0,0,0,0,0,-82,-82,0,0,0,0,-75,-73,-71,-71,-68,-67,-61,-60,0,0,0,0,0,-79,-69,-70,-76,-80,-68,-68,0,0,-88,0,0,0,0,0,0,0,-71,-72,-73,-57,-73
0,-79,0,0,0,-85,-83,0,0,0,0,0,-81,-82,0,0,0,0,0,-73,-70,-69,-68,-66,-65,-63,0,0,0,0,0,-79,-69,-69,-76,-77,-70,-71,0,-89,-88,0,0,0,0,0,0,0,-71,-72,-72,-57,-70
0,-79,0,0,0,-85,-83,0,0,0,0,0,-81,-82,0,0,0,0,0,-73,-70,-69,-68,-66,-65,-63,0,0,0,0,0,-79,-69,-69,-76,-77,-70,-71,0,-89,-88,0,0,0,0,0,0,0,-71,-72,-72,-57,-70
0,-79,0,0,0,-85,-83,0,0,0,0,0,-81,-82,0,0,0,0,0,-73,-70,-69,-68,-66,-65,-63,0,0,0,0,0,-79,-69,-69,-76,-77,-70,-71,0,-89,-88,0,0,0,0,0,0,0,-71,-72,-72,-57,-70
0,-79,0,0,0,-85,-83,0,0,0,0,0,-81,-82,0,0,0,0,0,-73,-70,-69,-68,-66,-65,-63,0,0,0,0,0,-79,-69,-69,-76,-77,-70,-71,0,-89,-88,0,0,0,0,0,0,0,-71,-72,-72,-57,-70
0,-79,0,0,-79,-85,0,0,0,0,0,0,-80,-80,0,0,0,0,0,0,-69,-69,-68,-67,-64,-65,0,0,-85,-83,0,-81,-72,-72,-76,-77,-74,-74,0,-89,-88,0,0,0,0,0,0,-72,-71,-72,-72,-57,-73
0,-79,0,0,-79,-85,0,0,0,0,0,0,-80,-80,0,0,0,0,0,0,-69,-69,-68,-67,-64,-65,0,0,-85,-83,0,-81,-72,-72,-76,-77,-74,-74,0,-89,-88,0,0,0,0,0,0,-72,-71,-72,-72,-57,-73
0,-79,0,0,-79,-85,0,0,0,0,0,0,-80,-80,0,0,0,0,0,0,-69,-69,-68,-67,-64,-65,0,0,-85,-83,0,-81,-72,-72,-76,-77,-74,-74,0,-89,-88,0,0,0,0,0,0,-72,-71,-72,-72,-57,-73
0,-79,0,0,-79,-85,0,0,0,0,0,0,-80,-80,0,0,0,0,0,0,-69,-69,-68,-67,-64,-65,0,0,-85,-83,0,-81,-72,-72,-76,-77,-74,-74,0,-89,-88,0,0,0,0,0,0,-72,-71,-72,-72,-57,-73
0,-79,-81,-81,-79,0,-83,0,0,0,-82,-83,-81,-80,-79,0,0,0,0,-72,-69,-68,-68,-68,-62,-62,0,0,-86,-85,-76,-80,-69,-69,-76,-78,-72,-72,0,-89,-88,0,0,0,0,0,0,-72,-71,-72,-72,-57,-74
0,-79,-81,-81,-79,0,-83,0,0,0,-82,-83,-81,-80,-79,0,0,0,0,-72,-69,-68,-68,-68,-62,-62,0,0,-86,-85,-76,-80,-69,-69,-76,-78,-72,-72,0,-89,-88,0,0,0,0,0,0,-72,-71,-72,-72,-57,-74
0,-79,-81,-81,-79,0,-83,0,0,0,-82,-83,-81,-80,-79,0,0,0,0,-72,-69,-68,-68,-68,-62,-62,0,0,-86,-85,-76,-80,-69,-69,-76,-78,-72,-72,0,-89,-88,0,0,0,0,0,0,-72,-71,-72,-72,-57,-74
0,-79,-81,-81,-79,-83,-83,0,-84,-85,-82,-83,-77,-77,-79,0,0,0,0,-72,-75,-76,-68,-65,-59,-60,0,0,-85,-85,-76,-80,-63,-63,-76,-78,-72,-72,0,0,0,0,0,0,0,0,0,-74,-69,-74,-72,-57,-74
0,-79,-81,-81,-79,-83,-83,0,-84,-85,-82,-83,-77,-77,-79,0,0,0,0,-72,-75,-76,-68,-65,-59,-60,0,0,-85,-85,-76,-80,-63,-63,-76,-78,-72,-72,0,0,0,0,0,0,0,0,0,-74,-69,-74,-72,-57,-74
0,-79,-81,-81,-79,-83,-83,0,-84,-85,-82,-83,-77,-77,-79,0,0,0,0,-72,-75,-76,-68,-65,-59,-60,0,0,-85,-85,-76,-80,-63,-63,-76,-78,-72,-72,0,0,0,0,0,0,0,0,0,-74,-69,-74,-72,-57,-74
0,-79,-81,-81,-79,-83,-83,0,-84,-85,-82,-83,-77,-77,-79,0,0,0,0,-72,-75,-76,-68,-65,-59,-60,0,0,-85,-85,-76,-80,-63,-63,-76,-78,-72,-72,0,0,0,0,0,0,0,0,0,-74,-69,-74,-72,-57,-74
0,-79,-81,-81,0,-80,-83,0,-84,-82,-82,-83,-74,-75,-79,0,0,0,0,-74,-74,-74,-68,-65,-57,-57,0,0,-79,-80,-77,-80,-74,-74,-76,-76,-63,-64,0,-86,-86,0,0,0,0,0,0,-74,-69,-81,-82,-57,-73
0,-79,-81,-81,0,-80,-83,0,-84,-82,-82,-83,-74,-75,-79,0,0,0,0,-74,-74,-74,-68,-65,-57,-57,0,0,-79,-80,-77,-80,-74,-74,-76,-76,-63,-64,0,-86,-86,0,0,0,0,0,0,-74,-69,-81,-82,-57,-73
0,-79,-81,-81,0,-80,-83,0,-84,-82,-82,-83,-74,-75,-79,0,0,0,0,-74,-74,-74,-68,-65,-57,-57,0,0,-79,-80,-77,-80,-74,-74,-76,-76,-63,-64,0,-86,-86,0,0,0,0,0,0,-74,-69,-81,-82,-57,-73
-78,0,-78,-78,0,-80,-83,0,-84,-82,0,0,-76,-76,0,0,0,0,0,-74,-74,-74,-71,-66,-58,-56,0,0,-82,-81,-77,0,-71,-71,-76,-76,-69,-69,0,-86,-88,0,0,0,0,0,0,-74,-69,-80,-80,-48,-74
-78,0,-78,-78,0,-80,-83,0,-84,-82,0,0,-76,-76,0,0,0,0,0,-74,-74,-74,-71,-66,-58,-56,0,0,-82,-81,-77,0,-71,-71,-76,-76,-69,-69,0,-86,-88,0,0,0,0,0,0,-74,-69,-80,-80,-48,-74
-78,0,-78,-78,0,-80,-83,0,-84,-82,0,0,-76,-76,0,0,0,0,0,-74,-74,-74,-71,-66,-58,-56,0,0,-82,-81,-77,0,-71,-71,-76,-76,-69,-69,0,-86,-88,0,0,0,0,0,0,-74,-69,-80,-80,-48,-74
-78,0,-78,-78,0,-80,-83,0,-84,-82,0,0,-76,-76,0,0,0,0,0,-74,-74,-74,-71,-66,-58,-56,0,0,-82,-81,-77,0,-71,-71,-76,-76,-69,-69,0,-86,-88,0,0,0,0,0,0,-74,-69,-80,-80,-48,-74
-78,0,-78,-78,0,-80,-79,0,-83,-82,0,0,-76,-75,0,0,0,0,0,-76,-75,-75,-71,-66,-57,-57,0,0,-80,-81,-77,0,-71,-71,-76,-83,-70,-70,0,-86,-88,0,0,0,0,0,0,0,0,-81,-81,-48,-74
-78,0,-78,-78,0,-80,-79,0,-83,-82,0,0,-76,-75,0,0,0,0,0,-76,-75,-75,-71,-66,-57,-57,0,0,-80,-81,-77,0,-71,-71,-76,-83,-70,-70,0,-86,-88,0,0,0,0,0,0,0,0,-81,-81,-48,-74
-78,0,-78,-78,0,-80,-79,0,-83,-82,0,0,-76,-75,0,0,0,0,0,-76,-75,-75,-71,-66,-57,-57,0,0,-80,-81,-77,0,-71,-71,-76,-83,-70,-70,0,-86,-88,0,0,0,0,0,0,0,0,-81,-81,-48,-74
-77,0,-79,-79,0,-80,-79,0,-85,0,0,0,-76,-75,0,0,0,0,0,-76,-75,-74,-71,-66,-56,-57,0,0,-80,-81,0,-70,-71,-71,-76,-84,-66,-66,0,-86,-88,0,0,0,0,0,0,0,0,-80,-80,-47,-77
-77,0,-79,-79,0,-80,-79,0,-85,0,0,0,-76,-75,0,0,0,0,0,-76,-75,-74,-71,-66,-56,-57,0,0,-80,-81,0,-70,-71,-71,-76,-84,-66,-66,0,-86,-88,0,0,0,0,0,0,0,0,-80,-80,-47,-77
-77,0,-79,-79,0,-80,-79,0,-85,0,0,0,-76,-75,0,0,0,0,0,-76,-75,-74,-71,-66,-56,-57,0,0,-80,-81,0,-70,-71,-71,-76,-84,-66,-66,0,-86,-88,0,0,0,0,0,0,0,0,-80,-80,-47,-77
-77,0,-79,-79,0,-80,-79,0,-85,0,0,0,-76,-75,0,0,0,0,0,-76,-75,-74,-71,-66,-56,-57,0,0,-80,-81,0,-70,-71,-71,-76,-84,-66,-66,0,-86,-88,0,0,0,0,0,0,0,0,-80,-80,-47,-77
