0,0,-79,-80,-69,0,0,0,-82,-80,0,0,-79,-79,-73,-65,-81,-81,0,0,-77,-77,-65,-63,-58,-57,0,0,-65,-66,-72,0,-77,-76,0,0,-71,-71,-80,0,0,-75,-73,0,0,-85,-85,0,0,-79,-79,-46,-55
0,0,-79,-80,-69,0,0,0,-82,-80,0,0,-79,-79,-73,-65,-81,-81,0,0,-77,-77,-65,-63,-58,-57,0,0,-65,-66,-72,0,-77,-76,0,0,-71,-71,-80,0,0,-75,-73,0,0,-85,-85,0,0,-79,-79,-46,-55
0,0,-79,-80,-69,0,0,0,-82,-80,0,0,-79,-79,-73,-65,-81,-81,0,0,-77,-77,-65,-63,-58,-57,0,0,-65,-66,-72,0,-77,-76,0,0,-71,-71,-80,0,0,-75,-73,0,0,-85,-85,0,0,-79,-79,-46,-55
0,0,-79,-80,-69,0,0,0,-82,-80,0,0,-79,-79,-73,-65,-81,-81,0,0,-77,-77,-65,-63,-61,-57,0,0,-65,-66,-72,0,-77,-76,0,0,-71,-71,-80,0,0,-75,-73,0,0,-85,-85,0,0,-79,-79,-46,-55
0,0,-79,-80,-69,0,0,0,-82,-80,0,0,-79,-79,-73,-65,-81,-81,0,0,-77,-77,-65,-63,-61,-57,0,0,-65,-66,-72,0,-77,-76,0,0,-71,-71,-80,0,0,-75,-73,0,0,-85,-85,0,0,-79,-79,-46,-55
0,0,-70,-72,-69,0,0,-73,-81,-81,0,0,-73,-72,0,-65,-81,-81,0,0,-73,-73,-65,0,-61,-61,0,0,-63,-66,-63,0,-69,-68,0,0,-75,-75,0,-65,-64,-74,-74,-83,-81,-82,-81,0,0,-81,-82,-45,-57
0,0,-70,-72,-69,0,0,-73,-81,-81,0,0,-73,-72,0,-65,-81,-81,0,0,-73,-73,-65,0,-63,-61,0,0,-63,-66,-63,0,-69,-68,0,0,-75,-75,0,-65,-64,-74,-74,-83,-81,-82,-81,0,0,-81,-82,-45,-57
0,0,-70,-72,-69,0,0,-73,-81,-81,0,0,-73,-72,0,-65,-81,-81,0,0,-73,-73,-65,0,-63,-61,0,0,-63,-66,-63,0,-69,-68,0,0,-75,-75,0,-65,-64,-74,-74,-83,-81,-82,-81,0,0,-81,-82,-45,-57
0,0,-70,-72,-69,0,0,-73,-81,-81,0,0,-73,-72,0,-65,-81,-81,0,0,-73,-73,-65,0,-64,-61,0,0,-63,-66,-63,0,-69,-68,0,0,-75,-75,0,-65,-64,-74,-74,-83,-81,-82,-81,0,0,-81,-82,-45,-57
0,0,-70,-72,-69,0,0,-73,-81,-81,0,0,-73,-72,0,-65,-81,-81,0,0,-73,-73,-65,0,-64,-61,0,0,-63,-66,-63,0,-69,-68,0,0,-75,-75,0,-65,-64,-74,-74,-83,-81,-82,-81,0,0,-81,-82,-45,-57
0,0,-71,-72,0,0,0,-73,-81,-81,-78,-75,-69,-68,0,0,-80,-79,0,0,-73,-73,-69,0,-63,-63,0,0,-63,0,-63,0,-66,-66,0,0,-79,-79,0,-65,-65,-75,-74,-82,-81,-84,-81,0,0,-83,-84,-49,-53
0,0,-71,-72,0,0,0,-73,-81,-81,-78,-75,-69,-68,0,0,-80,-79,0,0,-73,-73,-69,0,-64,-63,0,0,-63,0,-63,0,-66,-66,0,0,-79,-79,0,-65,-65,-75,-74,-82,-81,-84,-81,0,0,-83,-84,-49,-53
0,0,-71,-72,0,0,0,-73,-81,-81,-78,-75,-69,-68,0,0,-80,-79,0,0,-73,-73,-69,0,-64,-63,0,0,-63,0,-63,0,-66,-66,0,0,-79,-79,0,-65,-65,-75,-74,-82,-81,-84,-81,0,0,-83,-84,-49,-53
0,0,-71,-72,0,0,0,-73,-81,-81,-78,-75,-69,-68,0,0,-80,-79,0,0,-73,-73,-69,0,-64,-63,0,0,-63,0,-63,0,-66,-66,0,0,-79,-79,0,-65,-65,-75,-74,-82,-81,-84,-81,0,0,-83,-84,-49,-53
0,0,-71,-72,0,0,0,-73,-81,-81,-78,-75,-69,-68,0,0,-80,-79,0,0,-73,-73,-69,0,-64,-63,0,0,-63,0,-63,0,-66,-66,0,0,-79,-79,0,-65,-65,-75,-74,-82,-81,-84,-81,0,0,-83,-84,-49,-53
0,-58,-69,-69,0,0,0,0,-81,-82,-78,-74,-69,-69,0,0,-78,-79,0,0,-74,-74,-69,-61,-65,-64,0,0,-62,-61,-63,-66,-67,-67,0,0,-79,-79,0,0,-60,-75,-76,-86,-83,-80,-80,0,0,-83,-82,-49,-53
0,-58,-69,-69,0,0,0,0,-81,-82,-78,-74,-69,-69,0,0,-78,-79,0,0,-74,-74,-69,-61,-65,-64,0,0,-62,-61,-63,-66,-67,-67,0,0,-79,-79,0,0,-60,-75,-76,-86,-83,-80,-80,0,0,-83,-82,-49,-53
0,-58,-69,-69,0,0,0,0,-81,-82,-78,-74,-69,-69,0,0,-78,-79,0,0,-74,-74,-69,-61,-65,-64,0,0,-62,-61,-63,-66,-67,-67,0,0,-79,-79,0,0,-60,-75,-76,-86,-83,-80,-80,0,0,-83,-82,-49,-53
0,-58,-69,-69,0,0,0,0,-81,-82,-78,-74,-69,-69,0,0,-78,-79,0,0,-74,-74,-69,-61,-65,-64,0,0,-62,-61,-63,-66,-67,-67,0,0,-79,-79,0,0,-60,-75,-76,-86,-83,-80,-80,0,0,-83,-82,-49,-53
0,-58,-69,-69,0,0,0,0,-81,-82,-78,-74,-69,-69,0,0,-78,-79,0,0,-74,-74,-69,-61,-65,-64,0,0,-62,-61,-63,-66,-67,-67,0,0,-79,-79,0,0,-60,-75,-76,-86,-83,-80,-80,0,0,-83,-82,-49,-53
0,-58,-69,-69,-70,0,0,0,-83,-82,0,-74,-69,-69,-70,-66,-77,-79,0,0,-73,-73,0,-62,-65,-65,-62,0,-60,-60,-63,-66,-67,-67,0,0,-77,-77,0,0,-60,-75,-75,-85,-84,-77,-80,0,0,-83,-82,-49,-51
0,-58,-69,-69,-70,0,0,0,-83,-82,0,-74,-69,-69,-70,-66,-77,-79,0,0,-73,-73,0,-62,-65,-65,-62,0,-60,-60,-63,-66,-67,-67,0,0,-77,-77,0,0,-60,-75,-75,-85,-84,-77,-80,0,0,-83,-82,-49,-51
0,-58,-69,-69,-70,0,0,0,-83,-82,0,-74,-69,-69,-70,-66,-77,-79,0,0,-73,-73,0,-62,-65,-65,-62,0,-60,-60,-63,-66,-67,-67,0,0,-77,-77,0,0,-60,-75,-75,-85,-84,-77,-80,0,0,-83,-82,-49,-51
0,-58,-69,-69,-70,0,0,0,-83,-82,0,-74,-69,-69,-70,-66,-77,-79,0,0,-73,-73,0,-62,-65,-65,-62,0,-60,-60,-63,-66,-67,-67,0,0,-77,-77,0,0,-60,-75,-75,-85,-84,-77,-80,0,0,-83,-82,-49,-51
0,-58,-69,-69,-70,0,0,0,-83,-82,0,-74,-69,-69,-70,-66,-77,-79,0,0,-73,-73,0,-62,-65,-65,-62,0,-60,-60,-63,-66,-67,-67,0,0,-77,-77,0,0,-60,-75,-75,-85,-84,-77,-80,0,0,-83,-82,-49,-51
0,0,-69,-69,-70,0,0,-71,-83,-82,0,0,-69,-69,-70,-66,-77,-78,0,0,-74,-73,-67,-64,-65,-65,-62,0,-60,-60,-63,0,-67,-67,0,0,-77,-78,0,-60,-60,-74,-74,-83,-83,-78,-80,0,0,-83,-84,-48,-52
0,0,-69,-69,-70,0,0,-71,-83,-82,0,0,-69,-69,-70,-66,-77,-78,0,0,-74,-73,-67,-64,-65,-65,-62,0,-60,-60,-63,0,-67,-67,0,0,-77,-78,0,-60,-60,-74,-74,-83,-83,-78,-80,0,0,-83,-84,-48,-52
0,0,-69,-69,-70,0,0,-71,-83,-82,0,0,-69,-69,-70,-66,-77,-78,0,0,-74,-73,-67,-64,-64,-65,-62,0,-60,-60,-63,0,-67,-67,0,0,-77,-78,0,-60,-60,-74,-74,-83,-83,-78,-80,0,0,-83,-84,-48,-52
0,0,-69,-69,-70,0,0,-71,-83,-82,0,0,-69,-69,-70,-66,-77,-78,0,0,-74,-73,-67,-64,-64,-65,-62,0,-60,-60,-63,0,-67,-67,0,0,-77,-78,0,-60,-60,-74,-74,-83,-83,-78,-80,0,0,-83,-84,-48,-52
0,0,-69,-69,-70,0,0,-71,-83,-82,0,0,-69,-69,-70,-66,-77,-78,0,0,-74,-73,-67,-64,-64,-65,-62,0,-60,-60,-63,0,-67,-67,0,0,-77,-78,0,-60,-60,-74,-74,-83,-83,-78,-80,0,0,-83,-84,-48,-52
-63,-58,-69,-69,0,0,0,-71,0,-83,0,0,-69,-69,-77,-74,-79,-78,0,0,-74,-75,-67,-64,-64,-63,0,0,-62,-62,-63,0,-66,-67,-77,0,-78,-78,0,-60,-59,-73,-73,-83,-82,-78,-80,0,0,-83,-84,-50,-52
-63,-58,-69,-69,0,0,0,-71,0,-83,0,0,-69,-69,-77,-74,-79,-78,0,0,-74,-75,-67,-64,-64,-63,0,0,-62,-62,-63,0,-66,-67,-77,0,-78,-78,0,-60,-59,-73,-73,-83,-82,-78,-80,0,0,-83,-84,-50,-52
-63,-58,-69,-69,0,0,0,-71,0,-83,0,0,-69,-69,-77,-74,-79,-78,0,0,-74,-75,-67,-64,-63,-63,0,0,-62,-62,-63,0,-66,-67,-77,0,-78,-78,0,-60,-59,-73,-73,-83,-82,-78,-80,0,0,-83,-84,-50,-52
-63,-58,-69,-69,0,0,0,-71,0,-83,0,0,-69,-69,-77,-74,-79,-78,0,0,-74,-75,-67,-64,-63,-63,0,0,-62,-62,-63,0,-66,-67,-77,0,-78,-78,0,-60,-59,-73,-73,-83,-82,-78,-80,0,0,-83,-84,-50,-52
-63,-58,-69,-69,0,0,0,-71,0,-83,0,0,-69,-69,-77,-74,-79,-78,0,0,-74,-75,-67,-64,-63,-63,0,0,-62,-62,-63,0,-66,-67,-77,0,-78,-78,0,-60,-59,-73,-73,-83,-82,-78,-80,0,0,-83,-84,-50,-52
-63,-58,-70,-69,-74,0,0,-71,-81,-82,0,0,-69,-70,-71,-66,-79,-80,0,0,-74,-74,-67,-60,-64,-63,0,0,-64,-62,-63,0,-65,-67,-77,0,-79,-78,0,-61,-59,-73,-75,-83,-83,-81,-81,0,0,-84,-84,-48,-53
-63,-58,-70,-69,-74,0,0,-71,-81,-82,0,0,-69,-70,-71,-66,-79,-80,0,0,-74,-74,-67,-60,-64,-63,0,0,-64,-62,-63,0,-65,-67,-77,0,-79,-78,0,-61,-59,-73,-75,-83,-83,-81,-81,0,0,-84,-84,-48,-53
-63,-58,-70,-69,-74,0,0,-71,-81,-82,0,0,-69,-70,-71,-66,-79,-80,0,0,-74,-74,-67,-60,-64,-63,0,0,-64,-62,-63,0,-65,-67,-77,0,-79,-78,0,-61,-59,-73,-75,-83,-83,-81,-81,0,0,-84,-84,-48,-53
-63,-58,-70,-69,-74,0,0,-71,-81,-82,0,0,-69,-70,-71,-66,-79,-80,0,0,-74,-74,-67,-60,-63,-63,0,0,-64,-62,-63,0,-65,-67,-77,0,-79,-78,0,-61,-59,-73,-75,-83,-83,-81,-81,0,0,-84,-84,-48,-53
-63,-58,-70,-69,-74,0,0,-71,-81,-82,0,0,-69,-70,-71,-66,-79,-80,0,0,-74,-74,-67,-60,-63,-63,0,0,-64,-62,-63,0,-65,-67,-77,0,-79,-78,0,-61,-59,-73,-75,-83,-83,-81,-81,0,0,-84,-84,-48,-53
0,0,-69,-69,-74,0,0,-71,-81,-81,0,0,-76,-77,-71,-68,-79,-80,0,0,-72,-73,-67,-60,-63,-63,0,0,-64,-64,-63,0,-65,-66,0,0,-78,-78,0,-62,-60,-74,-74,-83,-83,-82,-81,0,0,-84,-84,-48,-51
0,0,-69,-69,-74,0,0,-71,-81,-81,0,0,-76,-77,-71,-68,-79,-80,0,0,-72,-73,-67,-60,-63,-63,0,0,-64,-64,-63,0,-65,-66,0,0,-78,-78,0,-62,-60,-74,-74,-83,-83,-82,-81,0,0,-84,-84,-48,-51
0,0,-69,-69,-74,0,0,-71,-81,-81,0,0,-76,-77,-71,-68,-79,-80,0,0,-72,-73,-67,-60,-63,-63,0,0,-64,-64,-63,0,-65,-66,0,0,-78,-78,0,-62,-60,-74,-74,-83,-83,-82,-81,0,0,-84,-84,-48,-51
0,0,-69,-69,-74,0,0,-71,-81,-81,0,0,-76,-77,-71,-68,-79,-80,0,0,-72,-73,-67,-60,-64,-63,0,0,-64,-64,-63,0,-65,-66,0,0,-78,-78,0,-62,-60,-74,-74,-83,-83,-82,-81,0,0,-84,-84,-48,-51
0,0,-69,-69,-74,0,0,-71,-81,-81,0,0,-76,-77,-71,-68,-79,-80,0,0,-72,-73,-67,-60,-64,-63,0,0,-64,-64,-63,0,-65,-66,0,0,-78,-78,0,-62,-60,-74,-74,-83,-83,-82,-81,0,0,-84,-84,-48,-51
-62,-59,-69,-70,0,0,0,0,-80,-80,0,0,-71,-72,-71,-67,-80,-80,0,-69,-72,-73,-67,-63,-63,-63,0,0,-64,-64,-63,0,-65,-66,0,0,-80,-81,0,-62,-60,-74,-74,-82,-82,-83,-82,0,0,-84,-84,-47,-53
-62,-59,-69,-70,0,0,0,0,-80,-80,0,0,-71,-72,-71,-67,-80,-80,0,-69,-72,-73,-67,-63,-64,-63,0,0,-64,-64,-63,0,-65,-66,0,0,-80,-81,0,-62,-60,-74,-74,-82,-82,-83,-82,0,0,-84,-84,-47,-53
-62,-59,-69,-70,0,0,0,0,-80,-80,0,0,-71,-72,-71,-67,-80,-80,0,-69,-72,-73,-67,-63,-64,-63,0,0,-64,-64,-63,0,-65,-66,0,0,-80,-81,0,-62,-60,-74,-74,-82,-82,-83,-82,0,0,-84,-84,-47,-53
-62,-59,-69,-70,0,0,0,0,-80,-80,0,0,-71,-72,-71,-67,-80,-80,0,-69,-72,-73,-67,-63,-64,-63,0,0,-64,-64,-63,0,-65,-66,0,0,-80,-81,0,-62,-60,-74,-74,-82,-82,-83,-82,0,0,-84,-84,-47,-53
-62,-59,-69,-70,0,0,0,0,-80,-80,0,0,-71,-72,-71,-67,-80,-80,0,-69,-72,-73,-67,-63,-64,-63,0,0,-64,-64,-63,0,-65,-66,0,0,-80,-81,0,-62,-60,-74,-74,-82,-82,-83,-82,0,0,-84,-84,-47,-53
-62,-59,-69,-70,-73,0,0,0,-81,-80,-78,-75,-77,-78,-71,-67,-79,-80,0,-69,-72,-73,-67,-63,-63,-63,0,0,-64,-65,-64,0,-65,-66,0,0,-78,-79,0,0,0,-72,-72,-81,-81,-83,-82,0,0,-83,-82,-47,-51
-62,-59,-69,-70,-73,0,0,0,-81,-80,-78,-75,-77,-78,-71,-67,-79,-80,0,-69,-72,-73,-67,-63,-63,-63,0,0,-64,-65,-64,0,-65,-66,0,0,-78,-79,0,0,0,-72,-72,-81,-81,-83,-82,0,0,-83,-82,-47,-51
-62,-59,-69,-70,-73,0,0,0,-81,-80,-78,-75,-77,-78,-71,-67,-79,-80,0,-69,-72,-73,-67,-63,-63,-63,0,0,-64,-65,-64,0,-65,-66,0,0,-78,-79,0,0,0,-72,-72,-81,-81,-83,-82,0,0,-83,-82,-47,-51
-62,-59,-69,-70,-73,0,0,0,-81,-80,-78,-75,-77,-78,-71,-67,-79,-80,0,-69,-72,-73,-67,-63,-63,-63,0,0,-64,-65,-64,0,-65,-66,0,0,-78,-79,0,0,0,-72,-72,-81,-81,-83,-82,0,0,-83,-82,-47,-51
-62,-59,-69,-70,-73,0,0,0,-81,-80,-78,-75,-77,-78,-71,-67,-79,-80,0,-69,-72,-73,-67,-63,-63,-63,0,0,-64,-65,-64,0,-65,-66,0,0,-78,-79,0,0,0,-72,-72,-81,-81,-83,-82,0,0,-83,-82,-47,-51
-62,-59,-70,-70,-73,0,0,0,-82,0,-78,-75,-70,-72,-71,-67,-79,-80,0,0,-73,-73,0,0,-61,-61,0,0,-64,-65,-64,0,-67,-67,0,0,-78,-79,0,-64,0,-74,-75,-82,-81,-81,-82,0,0,-83,-82,-47,-52
-62,-59,-70,-70,-73,0,0,0,-82,0,-78,-75,-70,-72,-71,-67,-79,-80,0,0,-73,-73,0,0,-62,-61,0,0,-64,-65,-64,0,-67,-67,0,0,-78,-79,0,-64,0,-74,-75,-82,-81,-81,-82,0,0,-83,-82,-47,-52
-62,-59,-70,-70,-73,0,0,0,-82,0,-78,-75,-70,-72,-71,-67,-79,-80,0,0,-73,-73,0,0,-62,-61,0,0,-64,-65,-64,0,-67,-67,0,0,-78,-79,0,-64,0,-74,-75,-82,-81,-81,-82,0,0,-83,-82,-47,-52
-62,-59,-70,-71,0,0,0,0,-81,-80,0,0,-68,-68,-74,-70,-79,-79,0,0,-74,-75,-71,-68,-62,-61,-62,-70,-62,-62,0,0,-67,-67,0,0,-77,-78,0,-64,0,-73,-73,-82,-82,-82,-81,0,0,-84,-82,-49,-50
-62,-59,-70,-71,0,0,0,0,-81,-80,0,0,-68,-68,-74,-70,-79,-79,0,0,-74,-75,-71,-68,-63,-61,-62,-70,-62,-62,0,0,-67,-67,0,0,-77,-78,0,-64,0,-73,-73,-82,-82,-82,-81,0,0,-84,-82,-49,-50
-62,-59,-70,-71,0,0,0,0,-81,-80,0,0,-68,-68,-74,-70,-79,-79,0,0,-74,-75,-71,-68,-63,-61,-62,-70,-62,-62,0,0,-67,-67,0,0,-77,-78,0,-64,0,-73,-73,-82,-82,-82,-81,0,0,-84,-82,-49,-50
-62,-59,-70,-71,0,0,0,0,-81,-80,0,0,-68,-68,-74,-70,-79,-79,0,0,-74,-75,-71,-68,-58,-61,-62,-70,-62,-62,0,0,-67,-67,0,0,-77,-78,0,-64,0,-73,-73,-82,-82,-82,-81,0,0,-84,-82,-49,-50
-62,-59,-70,-71,0,0,0,0,-81,-80,0,0,-68,-68,-74,-70,-79,-79,0,0,-74,-75,-71,-68,-58,-61,-62,-70,-62,-62,0,0,-67,-67,0,0,-77,-78,0,-64,0,-73,-73,-82,-82,-82,-81,0,0,-84,-82,-49,-50
-62,0,-74,-75,0,-79,-78,-70,-72,-72,0,-75,-68,-68,-74,-67,-75,-76,0,0,-74,-73,-71,-62,-58,-57,-62,-70,-65,-65,-62,0,-69,-70,0,0,-72,-73,0,-59,-57,-62,-61,-76,-75,-76,-75,0,0,-75,-73,-45,-54
-62,0,-74,-75,0,-79,-78,-70,-72,-72,0,-75,-68,-68,-74,-67,-75,-76,0,0,-74,-73,-71,-62,-56,-57,-62,-70,-65,-65,-62,0,-69,-70,0,0,-72,-73,0,-59,-57,-62,-61,-76,-75,-76,-75,0,0,-75,-73,-45,-54
-62,0,-74,-75,0,-79,-78,-70,-72,-72,0,-75,-68,-68,-74,-67,-75,-76,0,0,-74,-73,-71,-62,-56,-57,-62,-70,-65,-65,-62,0,-69,-70,0,0,-72,-73,0,-59,-57,-62,-61,-76,-75,-76,-75,0,0,-75,-73,-45,-54
-62,0,-74,-75,0,-79,-78,-70,-72,-72,0,-75,-68,-68,-74,-67,-75,-76,0,0,-74,-73,-71,-62,-56,-57,-62,-70,-65,-65,-62,0,-69,-70,0,0,-72,-73,0,-59,-57,-62,-61,-76,-75,-76,-75,0,0,-75,-73,-45,-54
-62,0,-74,-75,0,-79,-78,-70,-72,-72,0,-75,-68,-68,-74,-67,-75,-76,0,0,-74,-73,-71,-62,-56,-57,-62,-70,-65,-65,-62,0,-69,-70,0,0,-72,-73,0,-59,-57,-62,-61,-76,-75,-76,-75,0,0,-75,-73,-45,-54
0,0,-74,-73,0,-79,-78,-69,-72,-72,0,-75,-66,-66,0,-67,-75,-76,0,0,-74,-73,-65,-62,-58,-57,-67,-68,-69,-65,-62,0,-69,-70,0,0,-74,-74,0,-63,-61,-60,-59,-77,-76,-74,-75,0,0,-75,-73,-42,-54
0,0,-74,-73,0,-79,-78,-69,-72,-72,0,-75,-66,-66,0,-67,-75,-76,0,0,-74,-73,-65,-62,-58,-57,-67,-68,-69,-65,-62,0,-69,-70,0,0,-74,-74,0,-63,-61,-60,-59,-77,-76,-74,-75,0,0,-75,-73,-42,-54
0,0,-74,-73,0,-79,-78,-69,-72,-72,0,-75,-66,-66,0,-67,-75,-76,0,0,-74,-73,-65,-62,-58,-57,-67,-68,-69,-65,-62,0,-69,-70,0,0,-74,-74,0,-63,-61,-60,-59,-77,-76,-74,-75,0,0,-75,-73,-42,-54
0,0,-74,-73,0,-79,-78,-69,-72,-72,0,-75,-66,-66,0,-67,-75,-76,0,0,-74,-73,-65,-62,-58,-57,-67,-68,-69,-65,-62,0,-69,-70,0,0,-74,-74,0,-63,-61,-60,-59,-77,-76,-74,-75,0,0,-75,-73,-42,-54
0,0,-74,-73,0,-79,-78,-69,-72,-72,0,-75,-66,-66,0,-67,-75,-76,0,0,-74,-73,-65,-62,-59,-57,-67,-68,-69,-65,-62,0,-69,-70,0,0,-74,-74,0,-63,-61,-60,-59,-77,-76,-74,-75,0,0,-75,-73,-42,-54
0,0,-71,-71,0,0,0,-69,-72,-73,0,0,-65,-65,0,0,-72,-73,0,0,0,0,-65,-60,-59,-59,-67,-68,-69,0,0,0,-70,-70,0,0,-73,-73,0,-63,-61,-59,-59,-76,-76,-74,-74,0,0,-74,-73,-42,-56
0,0,-71,-71,0,0,0,-69,-72,-73,0,0,-65,-65,0,0,-72,-73,0,0,0,0,-65,-60,-59,-59,-67,-68,-69,0,0,0,-70,-70,0,0,-73,-73,0,-63,-61,-59,-59,-76,-76,-74,-74,0,0,-74,-73,-42,-56
0,0,-71,-71,0,0,0,-69,-72,-73,0,0,-65,-65,0,0,-72,-73,0,0,0,0,-65,-60,-59,-59,-67,-68,-69,0,0,0,-70,-70,0,0,-73,-73,0,-63,-61,-59,-59,-76,-76,-74,-74,0,0,-74,-73,-42,-56
0,0,-71,-71,0,0,0,-69,-72,-73,0,0,-65,-65,0,0,-72,-73,0,0,0,0,-65,-60,-59,-59,-67,-68,-69,0,0,0,-70,-70,0,0,-73,-73,0,-63,-61,-59,-59,-76,-76,-74,-74,0,0,-74,-73,-42,-56
0,0,-71,-71,0,0,0,-69,-72,-73,0,0,-65,-65,0,0,-72,-73,0,0,0,0,-65,-60,-59,-59,-67,-68,-69,0,0,0,-70,-70,0,0,-73,-73,0,-63,-61,-59,-59,-76,-76,-74,-74,0,0,-74,-73,-42,-56
0,0,-70,-71,0,0,-75,0,-73,-73,0,0,-66,-65,0,0,-72,-73,0,0,0,0,-64,-61,-59,-59,0,0,-65,-65,-64,-60,-70,-70,-77,0,-70,-70,0,0,0,-59,-60,-83,-76,-74,-74,0,0,-75,-74,-38,-57
0,0,-70,-71,0,0,-75,0,-73,-73,0,0,-66,-65,0,0,-72,-73,0,0,0,0,-64,-61,-59,-59,0,0,-65,-65,-64,-60,-70,-70,-77,0,-70,-70,0,0,0,-59,-60,-83,-76,-74,-74,0,0,-75,-74,-38,-57
0,0,-70,-71,0,0,-75,0,-73,-73,0,0,-66,-65,0,0,-72,-73,0,0,0,0,-64,-61,-59,-59,0,0,-65,-65,-64,-60,-70,-70,-77,0,-70,-70,0,0,0,-59,-60,-83,-76,-74,-74,0,0,-75,-74,-38,-57
0,0,-70,-71,0,0,-75,0,-73,-73,0,0,-66,-65,0,0,-72,-73,0,0,0,0,-64,-61,-59,-59,0,0,-65,-65,-64,-60,-70,-70,-77,0,-70,-70,0,0,0,-59,-60,-83,-76,-74,-74,0,0,-75,-74,-38,-57
0,0,-70,-71,0,0,-75,0,-73,-73,0,0,-66,-65,0,0,-72,-73,0,0,0,0,-64,-61,-59,-59,0,0,-65,-65,-64,-60,-70,-70,-77,0,-70,-70,0,0,0,-59,-60,-83,-76,-74,-74,0,0,-75,-74,-38,-57
0,0,-71,-71,-72,0,-75,0,-73,-72,0,0,-65,-64,0,0,-76,-77,0,0,0,0,-62,-65,-59,-59,0,0,-65,-65,-64,-61,-70,-70,-77,0,-74,-74,0,0,0,-61,-61,-79,-79,-74,-75,0,0,-75,-74,-38,-57
0,0,-71,-71,-72,0,-75,0,-73,-72,0,0,-65,-64,0,0,-76,-77,0,0,0,0,-62,-65,-59,-59,0,0,-65,-65,-64,-61,-70,-70,-77,0,-74,-74,0,0,0,-61,-61,-79,-79,-74,-75,0,0,-75,-74,-38,-57
0,0,-71,-71,-72,0,-75,0,-73,-72,0,0,-65,-64,0,0,-76,-77,0,0,0,0,-62,-65,-59,-59,0,0,-65,-65,-64,-61,-70,-70,-77,0,-74,-74,0,0,0,-61,-61,-79,-79,-74,-75,0,0,-75,-74,-38,-57
0,0,-71,-71,-72,0,-75,0,-73,-72,0,0,-65,-64,0,0,-76,-77,0,0,0,0,-62,-65,-59,-59,0,0,-65,-65,-64,-61,-70,-70,-77,0,-74,-74,0,0,0,-61,-61,-79,-79,-74,-75,0,0,-75,-74,-38,-57
0,0,-71,-71,-72,0,-75,0,-73,-72,0,0,-65,-64,0,0,-76,-77,0,0,0,0,-62,-65,-59,-59,0,0,-65,-65,-64,-61,-70,-70,-77,0,-74,-74,0,0,0,-61,-61,-79,-79,-74,-75,0,0,-75,-74,-38,-57
0,0,-71,-71,-68,0,0,0,-72,-72,0,0,-63,-63,0,0,-73,-75,0,0,-72,-73,-64,-65,-59,-59,0,0,-65,-66,-64,-61,-68,-68,0,0,-75,-74,0,0,0,-61,-61,-79,-79,-73,-74,0,0,-75,-76,-38,-56
0,0,-71,-71,-68,0,0,0,-72,-72,0,0,-63,-63,0,0,-73,-75,0,0,-72,-73,-64,-65,-59,-59,0,0,-65,-66,-64,-61,-68,-68,0,0,-75,-74,0,0,0,-61,-61,-79,-79,-73,-74,0,0,-75,-76,-38,-56
0,0,-71,-71,-68,0,0,0,-72,-72,0,0,-63,-63,0,0,-73,-75,0,0,-72,-73,-64,-65,-59,-59,0,0,-65,-66,-64,-61,-68,-68,0,0,-75,-74,0,0,0,-61,-61,-79,-79,-73,-74,0,0,-75,-76,-38,-56
0,0,-71,-71,-68,0,0,0,-72,-72,0,0,-63,-63,0,0,-73,-75,0,0,-72,-73,-64,-65,-59,-59,0,0,-65,-66,-64,-61,-68,-68,0,0,-75,-74,0,0,0,-61,-61,-79,-79,-73,-74,0,0,-75,-76,-38,-56
0,0,-71,-71,-68,0,0,0,-72,-72,0,0,-63,-63,0,0,-73,-75,0,0,-72,-73,-64,-65,-59,-59,0,0,-65,-66,-64,-61,-68,-68,0,0,-75,-74,0,0,0,-61,-61,-79,-79,-73,-74,0,0,-75,-76,-38,-56
0,0,-71,-71,-67,0,0,0,-72,-73,0,0,-65,-65,0,0,-73,-75,0,0,-75,-73,-60,-59,-58,-58,0,-67,-63,-62,-64,-69,-67,-67,0,0,-74,-74,0,0,0,-61,-61,-78,-79,-75,-75,0,0,-76,-75,-42,-55
0,0,-71,-71,-67,0,0,0,-72,-73,0,0,-65,-65,0,0,-73,-75,0,0,-75,-73,-60,-59,-58,-58,0,-67,-63,-62,-64,-69,-67,-67,0,0,-74,-74,0,0,0,-61,-61,-78,-79,-75,-75,0,0,-76,-75,-42,-55
0,0,-71,-71,-67,0,0,0,-72,-73,0,0,-65,-65,0,0,-73,-75,0,0,-75,-73,-60,-59,-58,-58,0,-67,-63,-62,-64,-69,-67,-67,0,0,-74,-74,0,0,0,-61,-61,-78,-79,-75,-75,0,0,-76,-75,-42,-55
0,0,-71,-71,-67,0,0,0,-72,-73,0,0,-65,-65,0,0,-73,-75,0,0,-75,-73,-60,-59,-58,-58,0,-67,-63,-62,-64,-69,-67,-67,0,0,-74,-74,0,0,0,-61,-61,-78,-79,-75,-75,0,0,-76,-75,-42,-55
0,0,-71,-71,-67,0,0,0,-72,-73,0,0,-65,-65,0,0,-73,-75,0,0,-75,-73,-60,-59,-58,-58,0,-67,-63,-62,-64,-69,-67,-67,0,0,-74,-74,0,0,0,-61,-61,-78,-79,-75,-75,0,0,-76,-75,-42,-55
0,0,-73,-72,-67,0,0,-78,-73,-73,0,0,-66,-65,0,0,-74,-75,0,0,-75,-76,-60,-59,-59,-58,0,-67,-64,-62,-64,-69,-67,-67,0,0,-73,-74,0,0,0,-60,-61,-78,-79,-75,-75,0,0,-75,-74,-40,-55
0,0,-73,-72,-67,0,0,-78,-73,-73,0,0,-66,-65,0,0,-74,-75,0,0,-75,-76,-60,-59,-59,-58,0,-67,-64,-62,-64,-69,-67,-67,0,0,-73,-74,0,0,0,-60,-61,-78,-79,-75,-75,0,0,-75,-74,-40,-55
0,0,-73,-72,-67,0,0,-78,-73,-73,0,0,-66,-65,0,0,-74,-75,0,0,-75,-76,-60,-59,-59,-58,0,-67,-64,-62,-64,-69,-67,-67,0,0,-73,-74,0,0,0,-60,-61,-78,-79,-75,-75,0,0,-75,-74,-40,-55
0,0,-73,-72,-67,0,0,-78,-73,-73,0,0,-66,-65,0,0,-74,-75,0,0,-75,-76,-60,-59,-59,-58,0,-67,-64,-62,-64,-69,-67,-67,0,0,-73,-74,0,0,0,-60,-61,-78,-79,-75,-75,0,0,-75,-74,-40,-55
0,0,-73,-72,-67,0,0,-78,-73,-73,0,0,-66,-65,0,0,-74,-75,0,0,-75,-76,-60,-59,-59,-58,0,-67,-64,-62,-64,-69,-67,-67,0,0,-73,-74,0,0,0,-60,-61,-78,-79,-75,-75,0,0,-75,-74,-40,-55
0,0,-76,-79,0,0,0,-70,-71,-72,0,0,-67,-67,0,0,-76,-75,0,0,-75,-76,0,0,-59,-58,-66,0,-63,-64,0,-69,-68,-68,0,0,-72,-73,0,0,-65,-61,-61,-79,-79,-74,-75,0,0,-76,-75,-40,-55
0,0,-76,-79,0,0,0,-70,-71,-72,0,0,-67,-67,0,0,-76,-75,0,0,-75,-76,0,0,-59,-58,-66,0,-63,-64,0,-69,-68,-68,0,0,-72,-73,0,0,-65,-61,-61,-79,-79,-74,-75,0,0,-76,-75,-40,-55
0,0,-76,-79,0,0,0,-70,-71,-72,0,0,-67,-67,0,0,-76,-75,0,0,-75,-76,0,0,-59,-58,-66,0,-63,-64,0,-69,-68,-68,0,0,-72,-73,0,0,-65,-61,-61,-79,-79,-74,-75,0,0,-76,-75,-40,-55
0,0,-76,-79,0,0,0,-70,-71,-72,0,0,-67,-67,0,0,-76,-75,0,0,-75,-76,0,0,-59,-58,-66,0,-63,-64,0,-69,-68,-68,0,0,-72,-73,0,0,-65,-61,-61,-79,-79,-74,-75,0,0,-76,-75,-40,-55
0,0,-76,-79,0,0,0,-70,-71,-72,0,0,-67,-67,0,0,-76,-75,0,0,-75,-76,0,0,-59,-58,-66,0,-63,-64,0,-69,-68,-68,0,0,-72,-73,0,0,-65,-61,-61,-79,-79,-74,-75,0,0,-76,-75,-40,-55
0,0,-72,-71,0,0,0,-70,-71,-71,0,0,-66,-66,0,0,-74,-73,0,0,0,0,-64,-59,-59,-59,-66,-66,-64,-65,-65,-66,-69,-68,0,0,-75,-75,0,-64,-64,-61,-61,-77,-79,-74,-75,0,0,-74,-75,-36,-59
0,0,-72,-71,0,0,0,-70,-71,-71,0,0,-66,-66,0,0,-74,-73,0,0,0,0,-64,-59,-60,-59,-66,-66,-64,-65,-65,-66,-69,-68,0,0,-75,-75,0,-64,-64,-61,-61,-77,-79,-74,-75,0,0,-74,-75,-36,-59
0,0,-72,-71,0,0,0,-70,-71,-71,0,0,-66,-66,0,0,-74,-73,0,0,0,0,-64,-59,-60,-59,-66,-66,-64,-65,-65,-66,-69,-68,0,0,-75,-75,0,-64,-64,-61,-61,-77,-79,-74,-75,0,0,-74,-75,-36,-59
0,0,-72,-71,0,0,0,-70,-71,-71,0,0,-66,-66,0,0,-74,-73,0,0,0,0,-64,-59,-59,-59,-66,-66,-64,-65,-65,-66,-69,-68,0,0,-75,-75,0,-64,-64,-61,-61,-77,-79,-74,-75,0,0,-74,-75,-36,-59
0,0,-72,-71,0,0,0,-70,-71,-71,0,0,-66,-66,0,0,-74,-73,0,0,0,0,-64,-59,-59,-59,-66,-66,-64,-65,-65,-66,-69,-68,0,0,-75,-75,0,-64,-64,-61,-61,-77,-79,-74,-75,0,0,-74,-75,-36,-59
0,0,-72,-71,0,0,0,0,-72,-72,0,0,-68,-68,0,0,-74,-73,0,0,-77,-76,-64,-61,-58,-58,0,-66,-67,-65,-65,-68,-67,-68,0,0,-72,-72,0,-64,-63,-60,-60,-78,-78,-72,-75,0,0,-74,-75,-37,-59
0,0,-72,-71,0,0,0,0,-72,-72,0,0,-68,-68,0,0,-74,-73,0,0,-77,-76,-64,-61,-58,-58,0,-66,-67,-65,-65,-68,-67,-68,0,0,-72,-72,0,-64,-63,-60,-60,-78,-78,-72,-75,0,0,-74,-75,-37,-59
0,0,-72,-71,0,0,0,0,-72,-72,0,0,-68,-68,0,0,-74,-73,0,0,-77,-76,-64,-61,-58,-58,0,-66,-67,-65,-65,-68,-67,-68,0,0,-72,-72,0,-64,-63,-60,-60,-78,-78,-72,-75,0,0,-74,-75,-37,-59
0,0,-72,-71,0,0,0,0,-72,-72,0,0,-68,-68,0,0,-74,-73,0,0,-77,-76,-64,-61,-58,-58,0,-66,-67,-65,-65,-68,-67,-68,0,0,-72,-72,0,-64,-63,-60,-60,-78,-78,-72,-75,0,0,-74,-75,-37,-59
0,0,-72,-71,0,0,0,0,-72,-72,0,0,-68,-68,0,0,-74,-73,0,0,-77,-76,-64,-61,-58,-58,0,-66,-67,-65,-65,-68,-67,-68,0,0,-72,-72,0,-64,-63,-60,-60,-78,-78,-72,-75,0,0,-74,-75,-37,-59
0,0,-71,-71,-70,0,0,0,-75,-75,0,0,-64,-64,0,0,-79,-79,0,0,-76,-75,-63,-61,-58,-58,0,0,-67,-69,-68,-68,-66,-67,0,0,-72,-72,0,0,-67,-70,-70,-84,-82,-72,0,0,0,-78,-78,-46,-49
0,0,-71,-71,-70,0,0,0,-75,-75,0,0,-64,-64,0,0,-79,-79,0,0,-76,-75,-63,-61,-59,-58,0,0,-67,-69,-68,-68,-66,-67,0,0,-72,-72,0,0,-67,-70,-70,-84,-82,-72,0,0,0,-78,-78,-46,-49
0,0,-71,-71,-70,0,0,0,-75,-75,0,0,-64,-64,0,0,-79,-79,0,0,-76,-75,-63,-61,-59,-58,0,0,-67,-69,-68,-68,-66,-67,0,0,-72,-72,0,0,-67,-70,-70,-84,-82,-72,0,0,0,-78,-78,-46,-49
0,0,-71,-71,-70,0,0,0,-75,-75,0,0,-64,-64,0,0,-79,-79,0,0,-76,-75,-63,-61,-59,-58,0,0,-67,-69,-68,-68,-66,-67,0,0,-72,-72,0,0,-67,-70,-70,-84,-82,-72,0,0,0,-78,-78,-46,-49
0,0,-71,-71,-70,0,0,0,-75,-75,0,0,-64,-64,0,0,-79,-79,0,0,-76,-75,-63,-61,-60,-58,0,0,-67,-69,-68,-68,-66,-67,0,0,-72,-72,0,0,-67,-70,-70,-84,-82,-72,0,0,0,-78,-78,-46,-49
0,0,-70,-70,-70,0,0,-70,-77,-77,0,0,-63,-63,-73,-72,-80,-79,0,0,-76,-75,-63,-59,-62,-60,0,0,-71,-69,-68,-68,-67,-67,0,0,-71,-71,0,-66,-67,-72,-73,-84,-84,-82,-82,0,0,-80,-82,-39,-53
0,0,-70,-70,-70,0,0,-70,-77,-77,0,0,-63,-63,-73,-72,-80,-79,0,0,-76,-75,-63,-59,-62,-60,0,0,-71,-69,-68,-68,-67,-67,0,0,-71,-71,0,-66,-67,-72,-73,-84,-84,-82,-82,0,0,-80,-82,-39,-53
0,0,-70,-70,-70,0,0,-70,-77,-77,0,0,-63,-63,-73,-72,-80,-79,0,0,-76,-75,-63,-59,-62,-60,0,0,-71,-69,-68,-68,-67,-67,0,0,-71,-71,0,-66,-67,-72,-73,-84,-84,-82,-82,0,0,-80,-82,-39,-53
0,0,-70,-70,-70,0,0,-70,-77,-77,0,0,-63,-63,-73,-72,-80,-79,0,0,-76,-75,-63,-59,-62,-60,0,0,-71,-69,-68,-68,-67,-67,0,0,-71,-71,0,-66,-67,-72,-73,-84,-84,-82,-82,0,0,-80,-82,-39,-53
0,0,-70,-70,-67,0,0,-70,-77,-77,0,0,-63,-63,-73,-72,-79,-79,0,0,0,0,-63,-59,-61,-60,0,0,-71,0,0,0,-67,-67,0,0,-73,-73,0,-66,0,-72,-71,-83,-83,-82,-82,0,0,-80,-82,-40,-51
0,0,-70,-70,-67,0,0,-70,-77,-77,0,0,-63,-63,-73,-72,-79,-79,0,0,0,0,-63,-59,-61,-60,0,0,-71,0,0,0,-67,-67,0,0,-73,-73,0,-66,0,-72,-71,-83,-83,-82,-82,0,0,-80,-82,-40,-51
0,0,-70,-70,-67,0,0,-70,-77,-77,0,0,-63,-63,-73,-72,-79,-79,0,0,0,0,-63,-59,-61,-60,0,0,-71,0,0,0,-67,-67,0,0,-73,-73,0,-66,0,-72,-71,-83,-83,-82,-82,0,0,-80,-82,-40,-51
0,0,-70,-70,-67,0,0,-70,-77,-77,0,0,-63,-63,-73,-72,-79,-79,0,0,0,0,-63,-59,-61,-60,0,0,-71,0,0,0,-67,-67,0,0,-73,-73,0,-66,0,-72,-71,-83,-83,-82,-82,0,0,-80,-82,-40,-51
0,0,-70,-70,-67,0,0,-70,-77,-77,0,0,-63,-63,-73,-72,-79,-79,0,0,0,0,-63,-59,-61,-60,0,0,-71,0,0,0,-67,-67,0,0,-73,-73,0,-66,0,-72,-71,-83,-83,-82,-82,0,0,-80,-82,-40,-51
0,0,-70,-70,-67,0,0,0,-77,-77,0,0,-63,-63,-74,-69,-79,-79,0,0,-79,-79,-64,-61,-60,-59,0,0,-72,-72,0,0,-69,-69,-71,0,-72,-72,0,0,0,-72,-71,-83,-83,0,-83,0,0,-80,-80,-41,-50
0,0,-70,-70,-67,0,0,0,-77,-77,0,0,-63,-63,-74,-69,-79,-79,0,0,-79,-79,-64,-61,-60,-59,0,0,-72,-72,0,0,-69,-69,-71,0,-72,-72,0,0,0,-72,-71,-83,-83,0,-83,0,0,-80,-80,-41,-50
0,0,-70,-70,-67,0,0,0,-77,-77,0,0,-63,-63,-74,-69,-79,-79,0,0,-79,-79,-64,-61,-60,-59,0,0,-72,-72,0,0,-69,-69,-71,0,-72,-72,0,0,0,-72,-71,-83,-83,0,-83,0,0,-80,-80,-41,-50
0,0,-70,-70,-67,0,0,0,-77,-77,0,0,-63,-63,-74,-69,-79,-79,0,0,-79,-79,-64,-61,-60,-59,0,0,-72,-72,0,0,-69,-69,-71,0,-72,-72,0,0,0,-72,-71,-83,-83,0,-83,0,0,-80,-80,-41,-50
0,0,-70,-70,-67,0,0,0,-77,-77,0,0,-63,-63,-74,-69,-79,-79,0,0,-79,-79,-64,-61,-60,-59,0,0,-72,-72,0,0,-69,-69,-71,0,-72,-72,0,0,0,-72,-71,-83,-83,0,-83,0,0,-80,-80,-41,-50
0,-62,-71,-72,0,0,0,0,-78,-79,0,-72,-62,-62,-74,-69,-79,-79,0,0,-78,-79,-65,-61,-60,-59,0,0,-70,-69,-66,0,-65,-66,-70,0,-72,-72,0,0,0,-72,-71,-83,-83,-83,-83,0,0,-81,-78,-39,-50
0,-62,-71,-72,0,0,0,0,-78,-79,0,-72,-62,-62,-74,-69,-79,-79,0,0,-78,-79,-65,-61,-61,-59,0,0,-70,-69,-66,0,-65,-66,-70,0,-72,-72,0,0,0,-72,-71,-83,-83,-83,-83,0,0,-81,-78,-39,-50
0,-62,-71,-72,0,0,0,0,-78,-79,0,-72,-62,-62,-74,-69,-79,-79,0,0,-78,-79,-65,-61,-61,-59,0,0,-70,-69,-66,0,-65,-66,-70,0,-72,-72,0,0,0,-72,-71,-83,-83,-83,-83,0,0,-81,-78,-39,-50
0,-62,-71,-72,0,0,0,0,-78,-79,0,-72,-62,-62,-74,-69,-79,-79,0,0,-78,-79,-65,-61,-62,-59,0,0,-70,-69,-66,0,-65,-66,-70,0,-72,-72,0,0,0,-72,-71,-83,-83,-83,-83,0,0,-81,-78,-39,-50
0,-62,-71,-72,0,0,0,0,-78,-79,0,-72,-62,-62,-74,-69,-79,-79,0,0,-78,-79,-65,-61,-62,-59,0,0,-70,-69,-66,0,-65,-66,-70,0,-72,-72,0,0,0,-72,-71,-83,-83,-83,-83,0,0,-81,-78,-39,-50
0,-62,-71,-72,0,0,0,0,-78,-78,0,-72,-62,-62,0,0,-80,-80,0,-71,-78,-79,-66,-63,-60,-60,0,0,-69,-69,-66,0,-67,-68,-70,0,-73,-72,0,0,0,-72,-71,-82,-83,-82,-83,0,0,-81,-81,-38,-50
0,-62,-71,-72,0,0,0,0,-78,-78,0,-72,-62,-62,0,0,-80,-80,0,-71,-78,-79,-66,-63,-60,-60,0,0,-69,-69,-66,0,-67,-68,-70,0,-73,-72,0,0,0,-72,-71,-82,-83,-82,-83,0,0,-81,-81,-38,-50
0,-62,-71,-72,0,0,0,0,-78,-78,0,-72,-62,-62,0,0,-80,-80,0,-71,-78,-79,-66,-63,-60,-60,0,0,-69,-69,-66,0,-67,-68,-70,0,-73,-72,0,0,0,-72,-71,-82,-83,-82,-83,0,0,-81,-81,-38,-50
0,-62,-71,-72,0,0,0,0,-78,-78,0,-72,-62,-62,0,0,-80,-80,0,-71,-78,-79,-66,-63,-60,-60,0,0,-69,-69,-66,0,-67,-68,-70,0,-73,-72,0,0,0,-72,-71,-82,-83,-82,-83,0,0,-81,-81,-38,-50
0,-62,-71,-72,0,0,0,0,-78,-78,0,-72,-62,-62,0,0,-80,-80,0,-71,-78,-79,-66,-63,-61,-60,0,0,-69,-69,-66,0,-67,-68,-70,0,-73,-72,0,0,0,-72,-71,-82,-83,-82,-83,0,0,-81,-81,-38,-50
0,-61,-72,-72,-66,0,0,0,-79,-78,0,0,-61,-62,0,0,-80,-80,0,-71,-78,0,-66,-61,-60,-61,0,0,-69,-69,-66,0,-67,-68,0,0,-73,-73,0,0,0,-73,-73,-82,-82,-82,-80,0,0,-81,-81,-40,-50
0,-61,-72,-72,-66,0,0,0,-79,-78,0,0,-61,-62,0,0,-80,-80,0,-71,-78,0,-66,-61,-60,-61,0,0,-69,-69,-66,0,-67,-68,0,0,-73,-73,0,0,0,-73,-73,-82,-82,-82,-80,0,0,-81,-81,-40,-50
0,-61,-72,-72,-66,0,0,0,-79,-78,0,0,-61,-62,0,0,-80,-80,0,-71,-78,0,-66,-61,-60,-61,0,0,-69,-69,-66,0,-67,-68,0,0,-73,-73,0,0,0,-73,-73,-82,-82,-82,-80,0,0,-81,-81,-40,-50
0,-61,-72,-72,-66,0,0,0,-79,-78,0,0,-61,-62,0,0,-80,-80,0,-71,-78,0,-66,-61,-60,-61,0,0,-69,-69,-66,0,-67,-68,0,0,-73,-73,0,0,0,-73,-73,-82,-82,-82,-80,0,0,-81,-81,-40,-50
0,-61,-72,-72,-66,0,0,0,-79,-78,0,0,-61,-62,0,0,-80,-80,0,-71,-78,0,-66,-61,-59,-61,0,0,-69,-69,-66,0,-67,-68,0,0,-73,-73,0,0,0,-73,-73,-82,-82,-82,-80,0,0,-81,-81,-40,-50
0,-62,-71,-71,-66,0,0,-71,-79,-78,0,0,-62,-62,0,0,-80,-79,0,-69,-78,0,-64,-62,-59,-60,0,0,-69,-69,0,0,-65,-65,-70,0,-73,-74,0,0,0,-71,-71,-85,-82,-83,-82,0,0,-80,-79,-40,-50
0,-62,-71,-71,-66,0,0,-71,-79,-78,0,0,-62,-62,0,0,-80,-79,0,-69,-78,0,-64,-62,-59,-60,0,0,-69,-69,0,0,-65,-65,-70,0,-73,-74,0,0,0,-71,-71,-85,-82,-83,-82,0,0,-80,-79,-40,-50
0,-62,-71,-71,-66,0,0,-71,-79,-78,0,0,-62,-62,0,0,-80,-79,0,-69,-78,0,-64,-62,-60,-60,0,0,-69,-69,0,0,-65,-65,-70,0,-73,-74,0,0,0,-71,-71,-85,-82,-83,-82,0,0,-80,-79,-40,-50
0,-62,-71,-71,-66,0,0,-71,-79,-78,0,0,-62,-62,0,0,-80,-79,0,-69,-78,0,-64,-62,-60,-60,0,0,-69,-69,0,0,-65,-65,-70,0,-73,-74,0,0,0,-71,-71,-85,-82,-83,-82,0,0,-80,-79,-40,-50
0,-62,-71,-71,-66,0,0,-71,-79,-78,0,0,-62,-62,0,0,-80,-79,0,-69,-78,0,-64,-62,-60,-60,0,0,-69,-69,0,0,-65,-65,-70,0,-73,-74,0,0,0,-71,-71,-85,-82,-83,-82,0,0,-80,-79,-40,-50
0,-62,-71,-71,0,0,0,-71,-78,-79,0,0,-62,-63,0,0,-83,-82,0,-69,0,0,-64,-62,-59,-60,0,0,-69,-69,0,0,-67,-69,-69,0,-72,-73,0,0,-66,-72,-72,-86,-85,-81,-82,0,0,-78,-78,-40,-48
0,-62,-71,-71,0,0,0,-71,-78,-79,0,0,-62,-63,0,0,-83,-82,0,-69,0,0,-64,-62,-59,-60,0,0,-69,-69,0,0,-67,-69,-69,0,-72,-73,0,0,-66,-72,-72,-86,-85,-81,-82,0,0,-78,-78,-40,-48
0,-62,-71,-71,0,0,0,-71,-78,-79,0,0,-62,-63,0,0,-83,-82,0,-69,0,0,-64,-62,-60,-60,0,0,-69,-69,0,0,-67,-69,-69,0,-72,-73,0,0,-66,-72,-72,-86,-85,-81,-82,0,0,-78,-78,-40,-48
0,-62,-71,-71,0,0,0,-71,-78,-79,0,0,-62,-63,0,0,-83,-82,0,-69,0,0,-64,-62,-60,-60,0,0,-69,-69,0,0,-67,-69,-69,0,-72,-73,0,0,-66,-72,-72,-86,-85,-81,-82,0,0,-78,-78,-40,-48
0,-62,-71,-71,0,0,0,-71,-78,-79,0,0,-62,-63,0,0,-83,-82,0,-69,0,0,-64,-62,-60,-60,0,0,-69,-69,0,0,-67,-69,-69,0,-72,-73,0,0,-66,-72,-72,-86,-85,-81,-82,0,0,-78,-78,-40,-48
0,0,-72,-72,-68,0,0,0,-80,-79,0,0,-65,-65,-75,-68,-79,-81,0,0,0,-77,-64,-59,-63,-60,0,0,-68,0,0,-66,-69,-69,-69,0,-73,-74,0,0,-66,-70,-71,-84,-85,-81,-82,0,0,-78,-79,-39,-50
0,0,-72,-72,-68,0,0,0,-80,-79,0,0,-65,-65,-75,-68,-79,-81,0,0,0,-77,-64,-59,-63,-60,0,0,-68,0,0,-66,-69,-69,-69,0,-73,-74,0,0,-66,-70,-71,-84,-85,-81,-82,0,0,-78,-79,-39,-50
0,0,-72,-72,-68,0,0,0,-80,-79,0,0,-65,-65,-75,-68,-79,-81,0,0,0,-77,-64,-59,-61,-60,0,0,-68,0,0,-66,-69,-69,-69,0,-73,-74,0,0,-66,-70,-71,-84,-85,-81,-82,0,0,-78,-79,-39,-50
0,0,-72,-72,-68,0,0,0,-80,-79,0,0,-65,-65,-75,-68,-79,-81,0,0,0,-77,-64,-59,-61,-60,0,0,-68,0,0,-66,-69,-69,-69,0,-73,-74,0,0,-66,-70,-71,-84,-85,-81,-82,0,0,-78,-79,-39,-50
0,0,-72,-72,-68,0,0,0,-80,-79,0,0,-65,-65,-75,-68,-79,-81,0,0,0,-77,-64,-59,-61,-60,0,0,-68,0,0,-66,-69,-69,-69,0,-73,-74,0,0,-66,-70,-71,-84,-85,-81,-82,0,0,-78,-79,-39,-50
0,0,-70,-72,-68,0,0,0,-81,-81,0,0,-65,-65,-75,-68,-79,-80,0,0,0,-77,-63,-59,-61,-60,-68,0,-68,0,-66,-66,-69,-69,0,0,-73,-74,0,0,0,-70,-71,-84,-85,-81,-82,0,0,-78,-77,-46,-51
0,0,-70,-72,-68,0,0,0,-81,-81,0,0,-65,-65,-75,-68,-79,-80,0,0,0,-77,-63,-59,-61,-60,-68,0,-68,0,-66,-66,-69,-69,0,0,-73,-74,0,0,0,-70,-71,-84,-85,-81,-82,0,0,-78,-77,-46,-51
0,-67,-72,-73,-68,0,0,-72,-78,-80,0,0,-66,-67,-75,-71,-78,-78,0,0,-75,-76,-63,-60,-60,-60,-68,0,-70,-72,-66,0,-69,-69,0,0,-72,-72,0,-70,-70,-73,-74,-84,-85,-81,-82,0,0,-78,-79,-38,-54
0,-67,-72,-73,-68,0,0,-72,-78,-80,0,0,-66,-67,-75,-71,-78,-78,0,0,-75,-76,-63,-60,-60,-60,-68,0,-70,-72,-66,0,-69,-69,0,0,-72,-72,0,-70,-70,-73,-74,-84,-85,-81,-82,0,0,-78,-79,-38,-54
0,-67,-72,-73,-68,0,0,-72,-78,-80,0,0,-66,-67,-75,-71,-78,-78,0,0,-75,-76,-63,-60,-59,-60,-68,0,-70,-72,-66,0,-69,-69,0,0,-72,-72,0,-70,-70,-73,-74,-84,-85,-81,-82,0,0,-78,-79,-38,-54
0,-67,-72,-73,-68,0,0,-72,-78,-80,0,0,-66,-67,-75,-71,-78,-78,0,0,-75,-76,-63,-60,-59,-60,-68,0,-70,-72,-66,0,-69,-69,0,0,-72,-72,0,-70,-70,-73,-74,-84,-85,-81,-82,0,0,-78,-79,-38,-54
0,-67,-72,-73,-68,0,0,-72,-78,-80,0,0,-66,-67,-75,-71,-78,-78,0,0,-75,-76,-63,-60,-58,-60,-68,0,-70,-72,-66,0,-69,-69,0,0,-72,-72,0,-70,-70,-73,-74,-84,-85,-81,-82,0,0,-78,-79,-38,-54
0,-67,-78,-78,0,0,0,-72,-76,-77,0,0,-67,-68,-70,-66,-78,-77,0,0,-73,-74,-65,-63,-60,-60,0,0,-70,-72,-70,0,-69,-69,0,0,-72,-72,0,-70,-70,-73,-72,-84,0,-84,-85,0,0,-79,-79,-40,-56
0,-67,-78,-78,0,0,0,-72,-76,-77,0,0,-67,-68,-70,-66,-78,-77,0,0,-73,-74,-65,-63,-60,-60,0,0,-70,-72,-70,0,-69,-69,0,0,-72,-72,0,-70,-70,-73,-72,-84,0,-84,-85,0,0,-79,-79,-40,-56
0,-67,-78,-78,0,0,0,-72,-76,-77,0,0,-67,-68,-70,-66,-78,-77,0,0,-73,-74,-65,-63,-58,-60,0,0,-70,-72,-70,0,-69,-69,0,0,-72,-72,0,-70,-70,-73,-72,-84,0,-84,-85,0,0,-79,-79,-40,-56
0,-67,-78,-78,0,0,0,-72,-76,-77,0,0,-67,-68,-70,-66,-78,-77,0,0,-73,-74,-65,-63,-58,-60,0,0,-70,-72,-70,0,-69,-69,0,0,-72,-72,0,-70,-70,-73,-72,-84,0,-84,-85,0,0,-79,-79,-40,-56
0,-67,-78,-78,0,0,0,-72,-76,-77,0,0,-67,-68,-70,-66,-78,-77,0,0,-73,-74,-65,-63,-58,-60,0,0,-70,-72,-70,0,-69,-69,0,0,-72,-72,0,-70,-70,-73,-72,-84,0,-84,-85,0,0,-79,-79,-40,-56
0,0,-79,-79,0,-82,-82,0,-78,-79,0,0,-72,-72,-68,-66,-80,-81,0,0,-73,-74,-67,-63,-58,-64,0,0,-65,-66,-70,-68,-70,-70,0,0,-72,-72,0,0,0,-73,-72,0,0,-84,-83,0,0,-74,-73,-41,-53
0,0,-79,-79,0,-82,-82,0,-78,-79,0,0,-72,-72,-68,-66,-80,-81,0,0,-73,-74,-67,-63,-58,-64,0,0,-65,-66,-70,-68,-70,-70,0,0,-72,-72,0,0,0,-73,-72,0,0,-84,-83,0,0,-74,-73,-41,-53
0,0,-79,-79,0,-82,-82,0,-78,-79,0,0,-72,-72,-68,-66,-80,-81,0,0,-73,-74,-67,-63,-60,-64,0,0,-65,-66,-70,-68,-70,-70,0,0,-72,-72,0,0,0,-73,-72,0,0,-84,-83,0,0,-74,-73,-41,-53
0,0,-79,-79,0,-82,-82,0,-78,-79,0,0,-72,-72,-68,-66,-80,-81,0,0,-73,-74,-67,-63,-60,-64,0,0,-65,-66,-70,-68,-70,-70,0,0,-72,-72,0,0,0,-73,-72,0,0,-84,-83,0,0,-74,-73,-41,-53
0,0,-79,-79,0,-82,-82,0,-78,-79,0,0,-72,-72,-68,-66,-80,-81,0,0,-73,-74,-67,-63,-60,-64,0,0,-65,-66,-70,-68,-70,-70,0,0,-72,-72,0,0,0,-73,-72,0,0,-84,-83,0,0,-74,-73,-41,-53
0,0,-80,-79,0,-82,-82,0,-79,-79,-78,-77,-75,-74,-68,-60,-81,-81,0,0,-75,-75,-67,-63,-59,-60,-60,0,-65,-66,-70,-71,-71,-71,0,0,-74,-74,0,0,0,-75,-75,0,0,-84,-83,0,0,-80,-80,-49,-49
0,0,-80,-79,0,-82,-82,0,-79,-79,-78,-77,-75,-74,-68,-60,-81,-81,0,0,-75,-75,-67,-63,-59,-60,-60,0,-65,-66,-70,-71,-71,-71,0,0,-74,-74,0,0,0,-75,-75,0,0,-84,-83,0,0,-80,-80,-49,-49
0,0,-80,-79,0,-82,-82,0,-79,-79,-78,-77,-75,-74,-68,-60,-81,-81,0,0,-75,-75,-67,-63,-59,-60,-60,0,-65,-66,-70,-71,-71,-71,0,0,-74,-74,0,0,0,-75,-75,0,0,-84,-83,0,0,-80,-80,-49,-49
0,0,-80,-79,0,-82,-82,0,-79,-79,-78,-77,-75,-74,-68,-60,-81,-81,0,0,-75,-75,-67,-63,-58,-60,-60,0,-65,-66,-70,-71,-71,-71,0,0,-74,-74,0,0,0,-75,-75,0,0,-84,-83,0,0,-80,-80,-49,-49
0,0,-80,-79,0,-82,-82,0,-79,-79,-78,-77,-75,-74,-68,-60,-81,-81,0,0,-75,-75,-67,-63,-58,-60,-60,0,-65,-66,-70,-71,-71,-71,0,0,-74,-74,0,0,0,-75,-75,0,0,-84,-83,0,0,-80,-80,-49,-49
0,-74,-78,-78,-71,0,0,0,-79,-79,-78,-79,-75,-75,0,-60,-77,-77,0,0,-75,-75,-67,0,-58,-58,-60,0,-65,-66,0,-67,-67,-67,0,0,-74,-74,0,0,0,-76,-77,-85,-85,-84,-85,0,0,-80,-79,-46,-50
0,-74,-78,-78,-71,0,0,0,-79,-79,-78,-79,-75,-75,0,-60,-77,-77,0,0,-75,-75,-67,0,-58,-58,-60,0,-65,-66,0,-67,-67,-67,0,0,-74,-74,0,0,0,-76,-77,-85,-85,-84,-85,0,0,-80,-79,-46,-50
0,-74,-78,-78,-71,0,0,0,-79,-79,-78,-79,-75,-75,0,-60,-77,-77,0,0,-75,-75,-67,0,-58,-58,-60,0,-65,-66,0,-67,-67,-67,0,0,-74,-74,0,0,0,-76,-77,-85,-85,-84,-85,0,0,-80,-79,-46,-50
0,-74,-78,-78,-71,0,0,0,-79,-79,-78,-79,-75,-75,0,-60,-77,-77,0,0,-75,-75,-67,0,-59,-58,-60,0,-65,-66,0,-67,-67,-67,0,0,-74,-74,0,0,0,-76,-77,-85,-85,-84,-85,0,0,-80,-79,-46,-50
0,-74,-78,-78,-71,0,0,0,-79,-79,-78,-79,-75,-75,0,-60,-77,-77,0,0,-75,-75,-67,0,-59,-58,-60,0,-65,-66,0,-67,-67,-67,0,0,-74,-74,0,0,0,-76,-77,-85,-85,-84,-85,0,0,-80,-79,-46,-50
-77,-74,-79,-79,-71,0,0,0,-79,-79,0,-79,-75,-76,-68,0,-81,-81,0,0,-77,-77,-67,0,-60,-59,0,0,-63,-63,0,-72,-71,-71,-75,0,-72,-72,0,0,0,-77,-77,-85,-85,0,-85,0,0,-80,-79,-42,-51
-77,-74,-79,-79,-71,0,0,0,-79,-79,0,-79,-75,-76,-68,0,-81,-81,0,0,-77,-77,-67,0,-59,-59,0,0,-63,-63,0,-72,-71,-71,-75,0,-72,-72,0,0,0,-77,-77,-85,-85,0,-85,0,0,-80,-79,-42,-51
-77,-74,-79,-79,-71,0,0,0,-79,-79,0,-79,-75,-76,-68,0,-81,-81,0,0,-77,-77,-67,0,-59,-59,0,0,-63,-63,0,-72,-71,-71,-75,0,-72,-72,0,0,0,-77,-77,-85,-85,0,-85,0,0,-80,-79,-42,-51
-77,-74,-79,-79,-71,0,0,0,-79,-79,0,-79,-75,-76,-68,0,-81,-81,0,0,-77,-77,-67,0,-60,-59,0,0,-63,-63,0,-72,-71,-71,-75,0,-72,-72,0,0,0,-77,-77,-85,-85,0,-85,0,0,-80,-79,-42,-51
-77,-74,-79,-79,-71,0,0,0,-79,-79,0,-79,-75,-76,-68,0,-81,-81,0,0,-77,-77,-67,0,-60,-59,0,0,-63,-63,0,-72,-71,-71,-75,0,-72,-72,0,0,0,-77,-77,-85,-85,0,-85,0,0,-80,-79,-42,-51
-77,-74,-78,-77,0,0,0,0,-78,-77,0,0,-75,-76,-68,-66,-80,-81,-74,-68,-78,-77,0,0,-60,-60,-63,0,-63,-63,-75,-72,-71,-71,-75,0,-72,-71,0,0,0,-77,-77,0,0,0,-83,0,0,-79,-78,-41,-52
-77,-74,-78,-77,0,0,0,0,-78,-77,0,0,-75,-76,-68,-66,-80,-81,-74,-68,-78,-77,0,0,-60,-60,-63,0,-63,-63,-75,-72,-71,-71,-75,0,-72,-71,0,0,0,-77,-77,0,0,0,-83,0,0,-79,-78,-41,-52
-77,-74,-78,-77,0,0,0,0,-78,-77,0,0,-75,-76,-68,-66,-80,-81,-74,-68,-78,-77,0,0,-60,-60,-63,0,-63,-63,-75,-72,-71,-71,-75,0,-72,-71,0,0,0,-77,-77,0,0,0,-83,0,0,-79,-78,-41,-52
-77,-74,-78,-77,0,0,0,0,-78,-77,0,0,-75,-76,-68,-66,-80,-81,-74,-68,-78,-77,0,0,-60,-60,-63,0,-63,-63,-75,-72,-71,-71,-75,0,-72,-71,0,0,0,-77,-77,0,0,0,-83,0,0,-79,-78,-41,-52
-77,-74,-78,-77,0,0,0,0,-78,-77,0,0,-75,-76,-68,-66,-80,-81,-74,-68,-78,-77,0,0,-61,-60,-63,0,-63,-63,-75,-72,-71,-71,-75,0,-72,-71,0,0,0,-77,-77,0,0,0,-83,0,0,-79,-78,-41,-52
0,0,-77,-76,0,0,0,0,-79,-78,0,0,-74,-74,-67,-63,-80,-79,-74,-68,-78,-77,-69,-64,-60,-60,-63,-62,-63,-63,-75,0,-70,-70,-73,0,-75,-75,0,0,0,-74,-73,0,0,0,-84,0,0,-80,-81,-43,-52
0,0,-77,-76,0,0,0,0,-79,-78,0,0,-74,-74,-67,-63,-80,-79,-74,-68,-78,-77,-69,-64,-58,-60,-63,-62,-63,-63,-75,0,-70,-70,-73,0,-75,-75,0,0,0,-74,-73,0,0,0,-84,0,0,-80,-81,-43,-52
0,0,-77,-76,0,0,0,0,-79,-78,0,0,-74,-74,-67,-63,-80,-79,-74,-68,-78,-77,-69,-64,-58,-60,-63,-62,-63,-63,-75,0,-70,-70,-73,0,-75,-75,0,0,0,-74,-73,0,0,0,-84,0,0,-80,-81,-43,-52
0,0,-77,-76,0,0,0,0,-79,-78,0,0,-74,-74,-67,-63,-80,-79,-74,-68,-78,-77,-69,-64,-58,-60,-63,-62,-63,-63,-75,0,-70,-70,-73,0,-75,-75,0,0,0,-74,-73,0,0,0,-84,0,0,-80,-81,-43,-52
0,0,-77,-76,0,0,0,0,-79,-78,0,0,-74,-74,-67,-63,-80,-79,-74,-68,-78,-77,-69,-64,-58,-60,-63,-62,-63,-63,-75,0,-70,-70,-73,0,-75,-75,0,0,0,-74,-73,0,0,0,-84,0,0,-80,-81,-43,-52
0,0,-78,-77,0,0,0,0,-79,-78,0,0,-74,-75,-67,-64,-80,-79,0,0,-76,-77,-66,-62,-58,-58,-65,-62,-63,-63,-71,-67,-68,-68,-73,0,-72,-72,0,0,0,-73,-73,0,0,-84,-84,0,0,-80,-79,-44,-52
0,0,-78,-77,0,0,0,0,-79,-78,0,0,-74,-75,-67,-64,-80,-79,0,0,-76,-77,-66,-62,-58,-58,-65,-62,-63,-63,-71,-67,-68,-68,-73,0,-72,-72,0,0,0,-73,-73,0,0,-84,-84,0,0,-80,-79,-44,-52
0,0,-78,-77,0,0,0,0,-79,-78,0,0,-74,-75,-67,-64,-80,-79,0,0,-76,-77,-66,-62,-58,-58,-65,-62,-63,-63,-71,-67,-68,-68,-73,0,-72,-72,0,0,0,-73,-73,0,0,-84,-84,0,0,-80,-79,-44,-52
0,0,-78,-77,0,0,0,0,-79,-78,0,0,-74,-75,-67,-64,-80,-79,0,0,-76,-77,-66,-62,-58,-58,-65,-62,-63,-63,-71,-67,-68,-68,-73,0,-72,-72,0,0,0,-73,-73,0,0,-84,-84,0,0,-80,-79,-44,-52
0,0,-78,-77,0,0,0,0,-79,-78,0,0,-74,-75,-67,-64,-80,-79,0,0,-76,-77,-66,-62,-58,-58,-65,-62,-63,-63,-71,-67,-68,-68,-73,0,-72,-72,0,0,0,-73,-73,0,0,-84,-84,0,0,-80,-79,-44,-52
0,0,-78,-79,0,0,0,0,-79,-78,0,0,-74,-75,-67,-64,-79,-79,-74,0,-76,-77,-66,-62,-58,-57,-63,0,-64,-64,-71,-67,-68,-68,0,0,-70,-71,0,0,0,-72,-73,0,0,-82,-85,0,0,-82,-82,-43,-50
0,0,-78,-79,0,0,0,0,-79,-78,0,0,-74,-75,-67,-64,-79,-79,-74,0,-76,-77,-66,-62,-58,-57,-63,0,-64,-64,-71,-67,-68,-68,0,0,-70,-71,0,0,0,-72,-73,0,0,-82,-85,0,0,-82,-82,-43,-50
0,0,-78,-79,0,0,0,0,-79,-78,0,0,-74,-75,-67,-64,-79,-79,-74,0,-76,-77,-66,-62,-57,-57,-63,0,-64,-64,-71,-67,-68,-68,0,0,-70,-71,0,0,0,-72,-73,0,0,-82,-85,0,0,-82,-82,-43,-50
0,0,-78,-79,0,0,0,0,-79,-78,0,0,-74,-75,-67,-64,-79,-79,-74,0,-76,-77,-66,-62,-57,-57,-63,0,-64,-64,-71,-67,-68,-68,0,0,-70,-71,0,0,0,-72,-73,0,0,-82,-85,0,0,-82,-82,-43,-50
0,0,-78,-79,0,0,0,0,-79,-78,0,0,-74,-75,-67,-64,-79,-79,-74,0,-76,-77,-66,-62,-57,-57,-63,0,-64,-64,-71,-67,-68,-68,0,0,-70,-71,0,0,0,-72,-73,0,0,-82,-85,0,0,-82,-82,-43,-50
0,0,-79,-80,0,0,0,0,-79,-79,0,0,-77,-76,-69,-66,-79,-79,-74,0,0,-77,-66,-65,-61,-55,-63,0,-64,-64,0,-71,-76,-75,-75,0,-74,-73,0,0,0,-76,-77,0,0,-82,-81,0,0,-77,-78,-40,-51
0,0,-79,-80,0,0,0,0,-79,-79,0,0,-77,-76,-69,-66,-79,-79,-74,0,0,-77,-66,-65,-61,-55,-63,0,-64,-64,0,-71,-76,-75,-75,0,-74,-73,0,0,0,-76,-77,0,0,-82,-81,0,0,-77,-78,-40,-51
0,0,-79,-80,0,0,0,0,-79,-79,0,0,-77,-76,-69,-66,-79,-79,-74,0,0,-77,-66,-65,-62,-55,-63,0,-64,-64,0,-71,-76,-75,-75,0,-74,-73,0,0,0,-76,-77,0,0,-82,-81,0,0,-77,-78,-40,-51
0,0,-79,-80,0,0,0,0,-79,-79,0,0,-77,-76,-69,-66,-79,-79,-74,0,0,-77,-66,-65,-62,-55,-63,0,-64,-64,0,-71,-76,-75,-75,0,-74,-73,0,0,0,-76,-77,0,0,-82,-81,0,0,-77,-78,-40,-51
0,0,-79,-80,0,0,0,0,-79,-79,0,0,-77,-76,-69,-66,-79,-79,-74,0,0,-77,-66,-65,-62,-55,-63,0,-64,-64,0,-71,-76,-75,-75,0,-74,-73,0,0,0,-76,-77,0,0,-82,-81,0,0,-77,-78,-40,-51
-75,-71,-78,-79,-80,0,0,-80,-79,-79,-80,-81,-77,-77,-69,-64,-79,-79,0,-69,0,-77,-66,-65,-62,-62,-63,0,-63,-64,0,-71,-72,-71,-75,0,-70,-71,0,0,0,-77,-78,0,0,-82,-81,0,0,-82,-82,-47,-55
-75,-71,-78,-79,-80,0,0,-80,-79,-79,-80,-81,-77,-77,-69,-64,-79,-79,0,-69,0,-77,-66,-65,-62,-62,-63,0,-63,-64,0,-71,-72,-71,-75,0,-70,-71,0,0,0,-77,-78,0,0,-82,-81,0,0,-82,-82,-47,-55
