0,0,-79,-79,-68,0,0,-68,-81,-82,0,0,-77,-76,0,0,-82,-81,0,-71,-71,-72,-65,-63,-67,-61,-58,-60,-50,-51,0,0,-74,-75,0,0,-72,-72,0,0,0,-73,-74,-84,-85,-85,-84,0,0,-82,-83,-41,-55
0,0,-79,-79,-68,0,0,-68,-81,-82,0,0,-77,-76,0,0,-82,-81,0,-71,-71,-72,-65,-63,-67,-61,-58,-60,-50,-51,0,0,-74,-75,0,0,-72,-72,0,0,0,-73,-74,-84,-85,-85,-84,0,0,-82,-83,-41,-55
0,0,-79,-79,-68,0,0,-68,-81,-82,0,0,-77,-76,0,0,-82,-81,0,-71,-71,-72,-65,-63,-65,-61,-58,-60,-50,-51,0,0,-74,-75,0,0,-72,-72,0,0,0,-73,-74,-84,-85,-85,-84,0,0,-82,-83,-41,-55
0,0,-79,-79,-68,0,0,-68,-81,-82,0,0,-77,-76,0,0,-82,-81,0,-71,-71,-72,-65,-63,-65,-61,-58,-60,-50,-51,0,0,-74,-75,0,0,-72,-72,0,0,0,-73,-74,-84,-85,-85,-84,0,0,-82,-83,-41,-55
0,0,-79,-79,-68,0,0,-68,-81,-82,0,0,-77,-76,0,0,-82,-81,0,-71,-71,-72,-65,-63,-63,-61,-58,-60,-50,-51,0,0,-74,-75,0,0,-72,-72,0,0,0,-73,-74,-84,-85,-85,-84,0,0,-82,-83,-41,-55
0,0,-79,-79,-68,0,0,-68,-81,-82,0,0,-77,-76,0,0,-82,-81,0,-71,-71,-72,-65,-63,-63,-61,-58,-60,-50,-51,0,0,-74,-75,0,0,-72,-72,0,0,0,-73,-74,-84,-85,-85,-84,0,0,-82,-83,-41,-55
0,0,-69,-69,-68,0,0,-68,-81,-82,0,0,-75,-75,0,0,-77,-77,0,-71,-77,-72,0,0,-62,-63,-58,-56,-50,-51,-65,0,-74,-75,-80,0,-76,-76,-73,-65,0,-73,-74,0,0,-84,-84,0,0,-82,-83,-49,-47
0,0,-69,-69,-68,0,0,-68,-81,-82,0,0,-75,-75,0,0,-77,-77,0,-71,-77,-72,0,0,-64,-63,-58,-56,-50,-51,-65,0,-74,-75,-80,0,-76,-76,-73,-65,0,-73,-74,0,0,-84,-84,0,0,-82,-83,-49,-47
0,0,-69,-69,-68,0,0,-68,-81,-82,0,0,-75,-75,0,0,-77,-77,0,-71,-77,-72,0,0,-64,-63,-58,-56,-50,-51,-65,0,-74,-75,-80,0,-76,-76,-73,-65,0,-73,-74,0,0,-84,-84,0,0,-82,-83,-49,-47
0,0,-69,-69,-68,0,0,-68,-81,-82,0,0,-75,-75,0,0,-77,-77,0,-71,-77,-72,0,0,-64,-63,-58,-56,-50,-51,-65,0,-74,-75,-80,0,-76,-76,-73,-65,0,-73,-74,0,0,-84,-84,0,0,-82,-83,-49,-47
0,0,-69,-69,-68,0,0,-68,-81,-82,0,0,-75,-75,0,0,-77,-77,0,-71,-77,-72,0,0,-65,-63,-58,-56,-50,-51,-65,0,-74,-75,-80,0,-76,-76,-73,-65,0,-73,-74,0,0,-84,-84,0,0,-82,-83,-49,-47
0,0,-69,-69,-69,0,0,0,-83,0,0,0,-76,-75,0,0,-79,-80,0,0,-75,-75,-67,-65,-64,-65,-59,-56,-49,-50,-65,0,-70,-71,-80,0,-78,-79,-73,-65,-62,-74,-75,-84,-84,-84,-84,0,0,-83,-82,-51,-47
0,0,-69,-69,-69,0,0,0,-83,0,0,0,-76,-75,0,0,-79,-80,0,0,-75,-75,-67,-65,-64,-65,-59,-56,-49,-50,-65,0,-70,-71,-80,0,-78,-79,-73,-65,-62,-74,-75,-84,-84,-84,-84,0,0,-83,-82,-51,-47
0,0,-69,-69,-69,0,0,0,-83,0,0,0,-76,-75,0,0,-79,-80,0,0,-75,-75,-67,-65,-65,-65,-59,-56,-49,-50,-65,0,-70,-71,-80,0,-78,-79,-73,-65,-62,-74,-75,-84,-84,-84,-84,0,0,-83,-82,-51,-47
0,0,-69,-69,-69,0,0,0,-83,0,0,0,-76,-75,0,0,-79,-80,0,0,-75,-75,-67,-65,-65,-65,-59,-56,-49,-50,-65,0,-70,-71,-80,0,-78,-79,-73,-65,-62,-74,-75,-84,-84,-84,-84,0,0,-83,-82,-51,-47
0,0,-69,-69,-69,0,0,0,-83,0,0,0,-76,-75,0,0,-79,-80,0,0,-75,-75,-67,-65,-64,-65,-59,-56,-49,-50,-65,0,-70,-71,-80,0,-78,-79,-73,-65,-62,-74,-75,-84,-84,-84,-84,0,0,-83,-82,-51,-47
-71,-67,-73,-71,-69,0,0,0,-81,0,0,0,-70,-70,-66,-62,-79,-80,0,0,-72,-71,-67,-66,-63,-63,-59,-56,-53,-53,-66,0,-69,-69,0,0,-81,-82,0,-65,-64,-74,-74,-82,-83,-86,-85,0,0,-83,-82,-51,-48
-71,-67,-73,-71,-69,0,0,0,-81,0,0,0,-70,-70,-66,-62,-79,-80,0,0,-72,-71,-67,-66,-63,-63,-59,-56,-53,-53,-66,0,-69,-69,0,0,-81,-82,0,-65,-64,-74,-74,-82,-83,-86,-85,0,0,-83,-82,-51,-48
-71,-67,-73,-71,-69,0,0,0,-81,0,0,0,-70,-70,-66,-62,-79,-80,0,0,-72,-71,-67,-66,-64,-63,-59,-56,-53,-53,-66,0,-69,-69,0,0,-81,-82,0,-65,-64,-74,-74,-82,-83,-86,-85,0,0,-83,-82,-51,-48
-71,-67,-73,-71,-69,0,0,0,-81,0,0,0,-70,-70,-66,-62,-79,-80,0,0,-72,-71,-67,-66,-64,-63,-59,-56,-53,-53,-66,0,-69,-69,0,0,-81,-82,0,-65,-64,-74,-74,-82,-83,-86,-85,0,0,-83,-82,-51,-48
-71,-67,-73,-71,-69,0,0,0,-81,0,0,0,-70,-70,-66,-62,-79,-80,0,0,-72,-71,-67,-66,-64,-63,-59,-56,-53,-53,-66,0,-69,-69,0,0,-81,-82,0,-65,-64,-74,-74,-82,-83,-86,-85,0,0,-83,-82,-51,-48
-71,-63,-69,-70,0,0,0,0,-82,-84,0,0,-71,-70,-68,-62,-77,-77,0,0,-72,-71,-70,-66,-67,-67,-57,-56,-53,-53,-66,-62,-69,-69,0,0,-77,-78,0,-65,-64,-71,-71,-82,-83,-84,-82,0,0,-83,-83,-50,-47
-71,-63,-69,-70,0,0,0,0,-82,-84,0,0,-71,-70,-68,-62,-77,-77,0,0,-72,-71,-70,-66,-67,-67,-57,-56,-53,-53,-66,-62,-69,-69,0,0,-77,-78,0,-65,-64,-71,-71,-82,-83,-84,-82,0,0,-83,-83,-50,-47
-71,-63,-69,-70,0,0,0,0,-82,-84,0,0,-71,-70,-68,-62,-77,-77,0,0,-72,-71,-70,-66,-65,-67,-57,-56,-53,-53,-66,-62,-69,-69,0,0,-77,-78,0,-65,-64,-71,-71,-82,-83,-84,-82,0,0,-83,-83,-50,-47
-71,-63,-69,-70,0,0,0,0,-82,-84,0,0,-71,-70,-68,-62,-77,-77,0,0,-72,-71,-70,-66,-65,-67,-57,-56,-53,-53,-66,-62,-69,-69,0,0,-77,-78,0,-65,-64,-71,-71,-82,-83,-84,-82,0,0,-83,-83,-50,-47
-71,-63,-69,-70,0,0,0,0,-82,-84,0,0,-71,-70,-68,-62,-77,-77,0,0,-72,-71,-70,-66,-65,-67,-57,-56,-53,-53,-66,-62,-69,-69,0,0,-77,-78,0,-65,-64,-71,-71,-82,-83,-84,-82,0,0,-83,-83,-50,-47
0,-66,-73,-74,0,0,0,0,-82,-84,0,0,-75,-73,-67,-64,-76,-76,0,0,-70,-71,-70,-67,-66,-66,-57,-56,-50,-51,0,-63,-71,-71,0,0,-77,-77,0,-67,-66,-72,-71,-83,-84,-84,-82,0,0,-86,-83,-51,-47
0,-66,-73,-74,0,0,0,0,-82,-84,0,0,-75,-73,-67,-64,-76,-76,0,0,-70,-71,-70,-67,-66,-66,-57,-56,-50,-51,0,-63,-71,-71,0,0,-77,-77,0,-67,-66,-72,-71,-83,-84,-84,-82,0,0,-86,-83,-51,-47
0,-66,-73,-74,0,0,0,0,-82,-84,0,0,-75,-73,-67,-64,-76,-76,0,0,-70,-71,-70,-67,-66,-66,-57,-56,-50,-51,0,-63,-71,-71,0,0,-77,-77,0,-67,-66,-72,-71,-83,-84,-84,-82,0,0,-86,-83,-51,-47
0,-66,-73,-74,0,0,0,0,-82,-84,0,0,-75,-73,-67,-64,-76,-76,0,0,-70,-71,-70,-67,-66,-66,-57,-56,-50,-51,0,-63,-71,-71,0,0,-77,-77,0,-67,-66,-72,-71,-83,-84,-84,-82,0,0,-86,-83,-51,-47
0,-66,-73,-74,0,0,0,0,-82,-84,0,0,-75,-73,-67,-64,-76,-76,0,0,-70,-71,-70,-67,-66,-66,-57,-56,-50,-51,0,-63,-71,-71,0,0,-77,-77,0,-67,-66,-72,-71,-83,-84,-84,-82,0,0,-86,-83,-51,-47
0,-66,-73,-72,0,0,0,0,0,0,0,0,-76,-75,-67,-64,-76,-76,0,0,-73,-71,0,-63,-66,-66,-57,-56,-50,-52,0,-63,-71,-71,0,0,-77,-77,0,-67,-67,-72,-72,-83,-84,-83,-84,0,0,-86,0,-52,-47
0,-66,-73,-72,0,0,0,0,0,0,0,0,-76,-75,-67,-64,-76,-76,0,0,-73,-71,0,-63,-66,-66,-57,-56,-50,-52,0,-63,-71,-71,0,0,-77,-77,0,-67,-67,-72,-72,-83,-84,-83,-84,0,0,-86,0,-52,-47
0,-66,-73,-72,0,0,0,0,0,0,0,0,-76,-75,-67,-64,-76,-76,0,0,-73,-71,0,-63,-66,-66,-57,-56,-50,-52,0,-63,-71,-71,0,0,-77,-77,0,-67,-67,-72,-72,-83,-84,-83,-84,0,0,-86,0,-52,-47
0,-66,-73,-72,0,0,0,0,0,0,0,0,-76,-75,-67,-64,-76,-76,0,0,-73,-71,0,-63,-66,-66,-57,-56,-50,-52,0,-63,-71,-71,0,0,-77,-77,0,-67,-67,-72,-72,-83,-84,-83,-84,0,0,-86,0,-52,-47
0,-66,-73,-72,0,0,0,0,0,0,0,0,-76,-75,-67,-64,-76,-76,0,0,-73,-71,0,-63,-66,-66,-57,-56,-50,-52,0,-63,-71,-71,0,0,-77,-77,0,-67,-67,-72,-72,-83,-84,-83,-84,0,0,-86,0,-52,-47
0,0,-69,-69,-70,0,0,-77,-81,0,0,0,-75,-75,0,-65,-79,-79,0,0,-69,-69,0,-63,-66,-66,0,-59,-48,-50,-67,0,-69,-70,0,0,-78,-77,0,-67,-67,-74,-73,0,0,-83,-84,0,0,-85,0,-49,-42
0,0,-69,-69,-70,0,0,-77,-81,0,0,0,-75,-75,0,-65,-79,-79,0,0,-69,-69,0,-63,-68,-66,0,-59,-48,-50,-67,0,-69,-70,0,0,-78,-77,0,-67,-67,-74,-73,0,0,-83,-84,0,0,-85,0,-49,-42
0,0,-69,-69,-70,0,0,-77,-81,0,0,0,-75,-75,0,-65,-79,-79,0,0,-69,-69,0,-63,-68,-66,0,-59,-48,-50,-67,0,-69,-70,0,0,-78,-77,0,-67,-67,-74,-73,0,0,-83,-84,0,0,-85,0,-49,-42
0,0,-69,-69,-70,0,0,-77,-81,0,0,0,-75,-75,0,-65,-79,-79,0,0,-69,-69,0,-63,-68,-66,0,-59,-48,-50,-67,0,-69,-70,0,0,-78,-77,0,-67,-67,-74,-73,0,0,-83,-84,0,0,-85,0,-49,-42
0,0,-69,-69,-70,0,0,-77,-81,0,0,0,-75,-75,0,-65,-79,-79,0,0,-69,-69,0,-63,-68,-66,0,-59,-48,-50,-67,0,-69,-70,0,0,-78,-77,0,-67,-67,-74,-73,0,0,-83,-84,0,0,-85,0,-49,-42
-68,-64,-70,-71,-70,0,0,-76,-81,-84,0,0,-72,-73,0,-65,-79,-79,0,0,-72,-72,-70,-70,-67,-66,-56,-55,-48,-49,-67,0,-69,-69,0,0,-78,-79,-73,-67,-64,-71,-72,-86,-84,-82,-83,0,0,-85,-85,-54,-46
-68,-64,-70,-71,-70,0,0,-76,-81,-84,0,0,-72,-73,0,-65,-79,-79,0,0,-72,-72,-70,-70,-67,-66,-56,-55,-48,-49,-67,0,-69,-69,0,0,-78,-79,-73,-67,-64,-71,-72,-86,-84,-82,-83,0,0,-85,-85,-54,-46
-68,-64,-70,-71,-70,0,0,-76,-81,-84,0,0,-72,-73,0,-65,-79,-79,0,0,-72,-72,-70,-70,-67,-66,-56,-55,-48,-49,-67,0,-69,-69,0,0,-78,-79,-73,-67,-64,-71,-72,-86,-84,-82,-83,0,0,-85,-85,-54,-46
-68,-64,-70,-71,-70,0,0,-76,-81,-84,0,0,-72,-73,0,-65,-79,-79,0,0,-72,-72,-70,-70,-67,-66,-56,-55,-48,-49,-67,0,-69,-69,0,0,-78,-79,-73,-67,-64,-71,-72,-86,-84,-82,-83,0,0,-85,-85,-54,-46
-68,-64,-70,-71,-70,0,0,-76,-81,-84,0,0,-72,-73,0,-65,-79,-79,0,0,-72,-72,-70,-70,-67,-66,-56,-55,-48,-49,-67,0,-69,-69,0,0,-78,-79,-73,-67,-64,-71,-72,-86,-84,-82,-83,0,0,-85,-85,-54,-46
-68,-64,-72,-72,0,0,0,-73,-81,-82,0,0,-72,-74,0,0,-79,-80,0,0,-70,-72,-70,-70,-66,-66,-56,-57,-51,-51,0,-59,-66,-66,0,0,-78,-79,-73,-67,-64,-74,-75,-82,-83,-79,-78,0,0,-81,-81,-51,-47
-68,-64,-72,-72,0,0,0,-73,-81,-82,0,0,-72,-74,0,0,-79,-80,0,0,-70,-72,-70,-70,-67,-66,-56,-57,-51,-51,0,-59,-66,-66,0,0,-78,-79,-73,-67,-64,-74,-75,-82,-83,-79,-78,0,0,-81,-81,-51,-47
-68,-64,-72,-72,0,0,0,-73,-81,-82,0,0,-72,-74,0,0,-79,-80,0,0,-70,-72,-70,-70,-67,-66,-56,-57,-51,-51,0,-59,-66,-66,0,0,-78,-79,-73,-67,-64,-74,-75,-82,-83,-79,-78,0,0,-81,-81,-51,-47
-68,-64,-72,-72,0,0,0,-73,-81,-82,0,0,-72,-74,0,0,-79,-80,0,0,-70,-72,-70,-70,-67,-66,-56,-57,-51,-51,0,-59,-66,-66,0,0,-78,-79,-73,-67,-64,-74,-75,-82,-83,-79,-78,0,0,-81,-81,-51,-47
-68,-64,-72,-72,0,0,0,-73,-81,-82,0,0,-72,-74,0,0,-79,-80,0,0,-70,-72,-70,-70,-67,-66,-56,-57,-51,-51,0,-59,-66,-66,0,0,-78,-79,-73,-67,-64,-74,-75,-82,-83,-79,-78,0,0,-81,-81,-51,-47
-68,-66,-72,-72,-67,0,0,-73,-81,-82,0,0,-68,-69,0,0,-79,-80,0,0,-70,-70,0,0,-67,-66,-56,-57,-54,-54,0,-59,-70,-70,0,0,-82,-81,0,-66,-65,-74,-75,-82,-83,-83,-83,0,0,-82,-83,-50,-51
-68,-66,-72,-72,-67,0,0,-73,-81,-82,0,0,-68,-69,0,0,-79,-80,0,0,-70,-70,0,0,-67,-66,-56,-57,-54,-54,0,-59,-70,-70,0,0,-82,-81,0,-66,-65,-74,-75,-82,-83,-83,-83,0,0,-82,-83,-50,-51
-68,-66,-72,-72,-67,0,0,-73,-81,-82,0,0,-68,-69,0,0,-79,-80,0,0,-70,-70,0,0,-67,-66,-56,-57,-54,-54,0,-59,-70,-70,0,0,-82,-81,0,-66,-65,-74,-75,-82,-83,-83,-83,0,0,-82,-83,-50,-51
-68,-66,-72,-72,-67,0,0,-73,-81,-82,0,0,-68,-69,0,0,-79,-80,0,0,-70,-70,0,0,-67,-66,-56,-57,-54,-54,0,-59,-70,-70,0,0,-82,-81,0,-66,-65,-74,-75,-82,-83,-83,-83,0,0,-82,-83,-50,-51
-68,-66,-72,-72,-67,0,0,-73,-81,-82,0,0,-68,-69,0,0,-79,-80,0,0,-70,-70,0,0,-66,-66,-56,-57,-54,-54,0,-59,-70,-70,0,0,-82,-81,0,-66,-65,-74,-75,-82,-83,-83,-83,0,0,-82,-83,-50,-51
-69,-64,-74,-74,-69,0,0,-70,-82,-82,0,0,-76,-76,0,0,-75,-75,0,0,-73,-71,0,0,-67,-66,-58,-62,-54,-53,-67,-64,-70,-70,0,0,-75,-76,0,-64,-65,-71,-72,-83,-82,-83,-83,0,0,-83,-85,-54,-51
-69,-64,-71,-72,-73,0,0,-70,-82,-82,0,0,-72,-71,-67,-63,-76,-76,0,0,-70,-71,0,0,-59,-67,-58,-63,-50,-50,-67,-65,-72,-72,0,0,-79,-78,0,-68,-67,-73,-72,-83,-82,-84,-84,0,0,-83,-85,-54,-47
-69,-64,-71,-72,-73,0,0,-70,-82,-82,0,0,-72,-71,-67,-63,-76,-76,0,0,-70,-71,0,0,-59,-67,-58,-63,-50,-50,-67,-65,-72,-72,0,0,-79,-78,0,-68,-67,-73,-72,-83,-82,-84,-84,0,0,-83,-85,-54,-47
-69,-64,-71,-72,-73,0,0,-70,-82,-82,0,0,-72,-71,-67,-63,-76,-76,0,0,-70,-71,0,0,-59,-67,-58,-63,-50,-50,-67,-65,-72,-72,0,0,-79,-78,0,-68,-67,-73,-72,-83,-82,-84,-84,0,0,-83,-85,-54,-47
-69,-64,-71,-72,-73,0,0,-70,-82,-82,0,0,-72,-71,-67,-63,-76,-76,0,0,-70,-71,0,0,-59,-67,-58,-63,-50,-50,-67,-65,-72,-72,0,0,-79,-78,0,-68,-67,-73,-72,-83,-82,-84,-84,0,0,-83,-85,-54,-47
-69,-64,-71,-72,-73,0,0,-70,-82,-82,0,0,-72,-71,-67,-63,-76,-76,0,0,-70,-71,0,0,-58,-67,-58,-63,-50,-50,-67,-65,-72,-72,0,0,-79,-78,0,-68,-67,-73,-72,-83,-82,-84,-84,0,0,-83,-85,-54,-47
0,0,-72,-72,-68,0,0,0,-83,-81,0,0,-76,-77,-67,-67,-76,-76,0,0,-71,-72,0,0,-60,-60,0,-63,-61,-61,-63,-65,-71,-71,0,0,-76,-77,0,-68,-67,-67,-68,-80,-79,-83,-81,0,0,-73,-73,-49,-48
0,0,-72,-72,-68,0,0,0,-83,-81,0,0,-76,-77,-67,-67,-76,-76,0,0,-71,-72,0,0,-61,-60,0,-63,-61,-61,-63,-65,-71,-71,0,0,-76,-77,0,-68,-67,-67,-68,-80,-79,-83,-81,0,0,-73,-73,-49,-48
0,0,-72,-72,-68,0,0,0,-83,-81,0,0,-76,-77,-67,-67,-76,-76,0,0,-71,-72,0,0,-61,-60,0,-63,-61,-61,-63,-65,-71,-71,0,0,-76,-77,0,-68,-67,-67,-68,-80,-79,-83,-81,0,0,-73,-73,-49,-48
0,0,-72,-72,-68,0,0,0,-83,-81,0,0,-76,-77,-67,-67,-76,-76,0,0,-71,-72,0,0,-61,-60,0,-63,-61,-61,-63,-65,-71,-71,0,0,-76,-77,0,-68,-67,-67,-68,-80,-79,-83,-81,0,0,-73,-73,-49,-48
0,0,-72,-72,-68,0,0,0,-83,-81,0,0,-76,-77,-67,-67,-76,-76,0,0,-71,-72,0,0,-61,-60,0,-63,-61,-61,-63,-65,-71,-71,0,0,-76,-77,0,-68,-67,-67,-68,-80,-79,-83,-81,0,0,-73,-73,-49,-48
0,0,-71,-70,-68,0,0,0,-83,-81,0,0,-76,-75,0,-68,-76,-75,0,-69,-71,-72,0,0,-60,-60,0,0,-63,-63,-67,-68,-70,-70,0,0,-77,-77,0,0,-62,-69,-70,-78,-79,-75,-75,0,0,-78,-77,-48,-52
0,0,-71,-70,-68,0,0,0,-83,-81,0,0,-76,-75,0,-68,-76,-75,0,-69,-71,-72,0,0,-60,-60,0,0,-63,-63,-67,-68,-70,-70,0,0,-77,-77,0,0,-62,-69,-70,-78,-79,-75,-75,0,0,-78,-77,-48,-52
0,0,-71,-70,-68,0,0,0,-83,-81,0,0,-76,-75,0,-68,-76,-75,0,-69,-71,-72,0,0,-60,-60,0,0,-63,-63,-67,-68,-70,-70,0,0,-77,-77,0,0,-62,-69,-70,-78,-79,-75,-75,0,0,-78,-77,-48,-52
0,0,-71,-70,-68,0,0,0,-83,-81,0,0,-76,-75,0,-68,-76,-75,0,-69,-71,-72,0,0,-60,-60,0,0,-63,-63,-67,-68,-70,-70,0,0,-77,-77,0,0,-62,-69,-70,-78,-79,-75,-75,0,0,-78,-77,-48,-52
0,0,-71,-70,-68,0,0,0,-83,-81,0,0,-76,-75,0,-68,-76,-75,0,-69,-71,-72,0,0,-60,-60,0,0,-63,-63,-67,-68,-70,-70,0,0,-77,-77,0,0,-62,-69,-70,-78,-79,-75,-75,0,0,-78,-77,-48,-52
0,0,-70,-70,-70,0,0,0,-79,-79,0,0,-75,-74,0,-68,-76,-76,0,-69,-69,-69,0,-61,-59,-59,0,-60,-62,-63,-68,-68,-72,-72,0,0,-79,-80,0,0,-66,-68,-69,-78,-78,-75,-73,0,0,-78,-77,-48,-52
0,0,-70,-70,-70,0,0,0,-79,-79,0,0,-75,-74,0,-68,-76,-76,0,-69,-69,-69,0,-61,-59,-59,0,-60,-62,-63,-68,-68,-72,-72,0,0,-79,-80,0,0,-66,-68,-69,-78,-78,-75,-73,0,0,-78,-77,-48,-52
0,0,-70,-70,-70,0,0,0,-79,-79,0,0,-75,-74,0,-68,-76,-76,0,-69,-69,-69,0,-61,-59,-59,0,-60,-62,-63,-68,-68,-72,-72,0,0,-79,-80,0,0,-66,-68,-69,-78,-78,-75,-73,0,0,-78,-77,-48,-52
0,0,-70,-70,-70,0,0,0,-79,-79,0,0,-75,-74,0,-68,-76,-76,0,-69,-69,-69,0,-61,-59,-59,0,-60,-62,-63,-68,-68,-72,-72,0,0,-79,-80,0,0,-66,-68,-69,-78,-78,-75,-73,0,0,-78,-77,-48,-52
0,0,-70,-70,-70,0,0,0,-79,-79,0,0,-75,-74,0,-68,-76,-76,0,-69,-69,-69,0,-61,-59,-59,0,-60,-62,-63,-68,-68,-72,-72,0,0,-79,-80,0,0,-66,-68,-69,-78,-78,-75,-73,0,0,-78,-77,-48,-52
0,0,-69,-70,-78,0,0,0,-79,-79,0,0,-73,-74,-71,-67,-75,-75,0,0,-68,-69,-67,-61,-59,-60,0,-60,-63,-64,-68,-68,-73,-73,0,0,-79,-80,0,0,-66,-68,-68,-78,-77,-75,-73,0,0,-78,-77,-46,-51
0,0,-69,-70,-78,0,0,0,-79,-79,0,0,-73,-74,-71,-67,-75,-75,0,0,-68,-69,-67,-61,-59,-60,0,-60,-63,-64,-68,-68,-73,-73,0,0,-79,-80,0,0,-66,-68,-68,-78,-77,-75,-73,0,0,-78,-77,-46,-51
0,0,-69,-70,-78,0,0,0,-79,-79,0,0,-73,-74,-71,-67,-75,-75,0,0,-68,-69,-67,-61,-59,-60,0,-60,-63,-64,-68,-68,-73,-73,0,0,-79,-80,0,0,-66,-68,-68,-78,-77,-75,-73,0,0,-78,-77,-46,-51
0,0,-69,-70,-78,0,0,0,-79,-79,0,0,-73,-74,-71,-67,-75,-75,0,0,-68,-69,-67,-61,-59,-60,0,-60,-63,-64,-68,-68,-73,-73,0,0,-79,-80,0,0,-66,-68,-68,-78,-77,-75,-73,0,0,-78,-77,-46,-51
0,0,-69,-70,-78,0,0,0,-79,-79,0,0,-73,-74,-71,-67,-75,-75,0,0,-68,-69,-67,-61,-59,-60,0,-60,-63,-64,-68,-68,-73,-73,0,0,-79,-80,0,0,-66,-68,-68,-78,-77,-75,-73,0,0,-78,-77,-46,-51
0,0,-68,-69,-78,-80,-80,-72,-79,-79,-79,-78,-73,-73,-71,-67,-75,-75,0,0,-66,-67,-67,0,-59,-60,-64,-64,-63,-64,-68,0,-70,-71,0,0,-80,-80,0,0,0,-68,-67,-77,-77,-75,-73,0,0,-78,-78,-46,-48
0,0,-68,-69,-78,-80,-80,-72,-79,-79,-79,-78,-73,-73,-71,-67,-75,-75,0,0,-66,-67,-67,0,-59,-60,-64,-64,-63,-64,-68,0,-70,-71,0,0,-80,-80,0,0,0,-68,-67,-77,-77,-75,-73,0,0,-78,-78,-46,-48
0,0,-68,-69,-78,-80,-80,-72,-79,-79,-79,-78,-73,-73,-71,-67,-75,-75,0,0,-66,-67,-67,0,-59,-60,-64,-64,-63,-64,-68,0,-70,-71,0,0,-80,-80,0,0,0,-68,-67,-77,-77,-75,-73,0,0,-78,-78,-46,-48
0,0,-68,-69,-78,-80,-80,-72,-79,-79,-79,-78,-73,-73,-71,-67,-75,-75,0,0,-66,-67,-67,0,-60,-60,-64,-64,-63,-64,-68,0,-70,-71,0,0,-80,-80,0,0,0,-68,-67,-77,-77,-75,-73,0,0,-78,-78,-46,-48
0,0,-68,-69,-78,-80,-80,-72,-79,-79,-79,-78,-73,-73,-71,-67,-75,-75,0,0,-66,-67,-67,0,-60,-60,-64,-64,-63,-64,-68,0,-70,-71,0,0,-80,-80,0,0,0,-68,-67,-77,-77,-75,-73,0,0,-78,-78,-46,-48
0,0,-69,-69,0,-80,-80,-72,-78,-78,-79,-78,-73,-72,0,-67,-74,-74,0,0,-69,-68,-62,0,-59,-60,-64,-64,-60,-59,-68,0,-69,-69,0,0,-79,-78,0,0,0,-68,-67,-75,-75,-75,-74,0,0,-75,-76,-46,-48
0,0,-69,-69,0,-80,-80,-72,-78,-78,-79,-78,-73,-72,0,-67,-74,-74,0,0,-69,-68,-62,0,-59,-60,-64,-64,-60,-59,-68,0,-69,-69,0,0,-79,-78,0,0,0,-68,-67,-75,-75,-75,-74,0,0,-75,-76,-46,-48
0,0,-69,-69,0,-80,-80,-72,-78,-78,-79,-78,-73,-72,0,-67,-74,-74,0,0,-69,-68,-62,0,-59,-60,-64,-64,-60,-59,-68,0,-69,-69,0,0,-79,-78,0,0,0,-68,-67,-75,-75,-75,-74,0,0,-75,-76,-46,-48
0,0,-69,-69,0,-80,-80,-72,-78,-78,-79,-78,-73,-72,0,-67,-74,-74,0,0,-69,-68,-62,0,-59,-60,-64,-64,-60,-59,-68,0,-69,-69,0,0,-79,-78,0,0,0,-68,-67,-75,-75,-75,-74,0,0,-75,-76,-46,-48
0,0,-69,-69,0,-80,-80,-72,-78,-78,-79,-78,-73,-72,0,-67,-74,-74,0,0,-69,-68,-62,0,-59,-60,-64,-64,-60,-59,-68,0,-69,-69,0,0,-79,-78,0,0,0,-68,-67,-75,-75,-75,-74,0,0,-75,-76,-46,-48
0,0,-69,-69,-67,-81,-82,-70,-78,-78,0,0,-73,-77,0,-65,-75,-75,0,0,-67,-67,-63,-61,-59,-60,0,0,-60,-60,-68,-65,-69,-69,-78,0,-79,-78,0,0,0,-68,-68,-75,-75,-73,-74,0,0,-75,-75,-44,-46
0,0,-69,-69,-67,-81,-82,-70,-78,-78,0,0,-73,-77,0,-65,-75,-75,0,0,-67,-67,-63,-61,-60,-60,0,0,-60,-60,-68,-65,-69,-69,-78,0,-79,-78,0,0,0,-68,-68,-75,-75,-73,-74,0,0,-75,-75,-44,-46
0,0,-69,-69,-67,-81,-82,-70,-78,-78,0,0,-73,-77,0,-65,-75,-75,0,0,-67,-67,-63,-61,-60,-60,0,0,-60,-60,-68,-65,-69,-69,-78,0,-79,-78,0,0,0,-68,-68,-75,-75,-73,-74,0,0,-75,-75,-44,-46
0,0,-69,-69,-67,-81,-82,-70,-78,-78,0,0,-73,-77,0,-65,-75,-75,0,0,-67,-67,-63,-61,-60,-60,0,0,-60,-60,-68,-65,-69,-69,-78,0,-79,-78,0,0,0,-68,-68,-75,-75,-73,-74,0,0,-75,-75,-44,-46
0,0,-69,-69,-67,-81,-82,-70,-78,-78,0,0,-73,-77,0,-65,-75,-75,0,0,-67,-67,-63,-61,-60,-60,0,0,-60,-60,-68,-65,-69,-69,-78,0,-79,-78,0,0,0,-68,-68,-75,-75,-73,-74,0,0,-75,-75,-44,-46
0,0,-69,-70,-67,-81,-82,-70,-78,-78,0,0,-70,-71,0,-65,-76,-76,0,0,-67,-67,-63,-60,-60,-60,0,-67,-58,-58,-68,-65,-69,-69,-78,0,-79,-78,0,0,0,-67,-68,-83,-84,-73,-73,0,0,-75,-75,-42,-43
0,0,-69,-70,-67,-81,-82,-70,-78,-78,0,0,-70,-71,0,-65,-76,-76,0,0,-67,-67,-63,-60,-60,-60,0,-67,-58,-58,-68,-65,-69,-69,-78,0,-79,-78,0,0,0,-67,-68,-83,-84,-73,-73,0,0,-75,-75,-42,-43
0,0,-69,-70,-67,-81,-82,-70,-78,-78,0,0,-70,-71,0,-65,-76,-76,0,0,-67,-67,-63,-60,-60,-60,0,-67,-58,-58,-68,-65,-69,-69,-78,0,-79,-78,0,0,0,-67,-68,-83,-84,-73,-73,0,0,-75,-75,-42,-43
0,0,-69,-70,-67,-81,-82,-70,-78,-78,0,0,-70,-71,0,-65,-76,-76,0,0,-67,-67,-63,-60,-60,-60,0,-67,-58,-58,-68,-65,-69,-69,-78,0,-79,-78,0,0,0,-67,-68,-83,-84,-73,-73,0,0,-75,-75,-42,-43
0,0,-69,-70,-67,-81,-82,-70,-78,-78,0,0,-70,-71,0,-65,-76,-76,0,0,-67,-67,-63,-60,-61,-60,0,-67,-58,-58,-68,-65,-69,-69,-78,0,-79,-78,0,0,0,-67,-68,-83,-84,-73,-73,0,0,-75,-75,-42,-43
0,0,-70,-70,0,0,0,0,-78,-79,0,0,-71,-71,0,-65,-76,-76,0,0,-76,-68,-64,-60,-60,-60,-63,-67,-58,-58,0,-58,-68,-68,0,0,-78,-78,0,0,0,-69,-68,-76,-76,-74,-73,0,0,-75,-77,-44,-46
0,0,-70,-70,0,0,0,0,-78,-79,0,0,-71,-71,0,-65,-76,-76,0,0,-76,-68,-64,-60,-60,-60,-63,-67,-58,-58,0,-58,-68,-68,0,0,-78,-78,0,0,0,-69,-68,-76,-76,-74,-73,0,0,-75,-77,-44,-46
0,0,-70,-70,0,0,0,0,-78,-79,0,0,-71,-71,0,-65,-76,-76,0,0,-76,-68,-64,-60,-60,-60,-63,-67,-58,-58,0,-58,-68,-68,0,0,-78,-78,0,0,0,-69,-68,-76,-76,-74,-73,0,0,-75,-77,-44,-46
0,0,-70,-70,0,0,0,0,-78,-79,0,0,-71,-71,0,-65,-76,-76,0,0,-76,-68,-64,-60,-60,-60,-63,-67,-58,-58,0,-58,-68,-68,0,0,-78,-78,0,0,0,-69,-68,-76,-76,-74,-73,0,0,-75,-77,-44,-46
0,0,-70,-70,0,0,0,0,-78,-79,0,0,-71,-71,0,-65,-76,-76,0,0,-76,-68,-64,-60,-61,-60,-63,-67,-58,-58,0,-58,-68,-68,0,0,-78,-78,0,0,0,-69,-68,-76,-76,-74,-73,0,0,-75,-77,-44,-46
0,0,-70,-70,0,-79,-79,0,-78,-78,-77,0,-71,-71,0,0,-74,-74,0,0,-71,-68,-64,-60,-61,-60,-63,-68,-59,-68,-68,-64,-70,-70,0,0,-78,-78,0,0,0,-67,-68,-75,-76,-72,-72,0,0,-74,-74,-44,-46
0,0,-70,-70,0,-79,-79,0,-78,-78,-77,0,-71,-71,0,0,-74,-74,0,0,-71,-68,-64,-60,-61,-60,-63,-68,-59,-68,-68,-64,-70,-70,0,0,-78,-78,0,0,0,-67,-68,-75,-76,-72,-72,0,0,-74,-74,-44,-46
0,0,-70,-70,-66,-79,-79,-74,-80,-78,-77,0,-70,-70,0,0,-74,-74,0,0,-71,-72,-65,-60,-61,-62,-63,-68,-59,-62,-68,-64,-72,-71,0,0,-78,-78,0,0,0,-69,-69,-77,-76,-73,-74,0,0,-74,-75,-43,-46
0,0,-70,-70,-66,-79,-79,-74,-80,-78,-77,0,-70,-70,0,0,-74,-74,0,0,-71,-72,-65,-60,-61,-62,-63,-68,-59,-62,-68,-64,-72,-71,0,0,-78,-78,0,0,0,-69,-69,-77,-76,-73,-74,0,0,-74,-75,-43,-46
0,0,-70,-70,-66,-79,-79,-74,-80,-78,-77,0,-70,-70,0,0,-74,-74,0,0,-71,-72,-65,-60,-61,-62,-63,-68,-59,-62,-68,-64,-72,-71,0,0,-78,-78,0,0,0,-69,-69,-77,-76,-73,-74,0,0,-74,-75,-43,-46
0,0,-70,-70,-66,-79,-79,-74,-80,-78,-77,0,-70,-70,0,0,-74,-74,0,0,-71,-72,-65,-60,-60,-62,-63,-68,-59,-62,-68,-64,-72,-71,0,0,-78,-78,0,0,0,-69,-69,-77,-76,-73,-74,0,0,-74,-75,-43,-46
0,0,-70,-70,-66,-79,-79,-74,-80,-78,-77,0,-70,-70,0,0,-74,-74,0,0,-71,-72,-65,-60,-60,-62,-63,-68,-59,-62,-68,-64,-72,-71,0,0,-78,-78,0,0,0,-69,-69,-77,-76,-73,-74,0,0,-74,-75,-43,-46
0,0,-70,-70,-66,0,0,-74,-78,-78,0,0,-67,-67,0,0,-75,-74,0,0,-70,-70,-64,-59,-58,-58,-58,-52,-50,-51,0,0,-69,-68,-73,0,-74,-74,0,0,0,-73,-73,-77,-76,-79,-80,0,0,-74,-75,-43,-46
0,0,-70,-70,-66,0,0,-74,-78,-78,0,0,-67,-67,0,0,-75,-74,0,0,-70,-70,-64,-59,-58,-58,-58,-52,-50,-51,0,0,-69,-68,-73,0,-74,-74,0,0,0,-73,-73,-77,-76,-79,-80,0,0,-74,-75,-43,-46
0,0,-70,-70,-66,0,0,-74,-78,-78,0,0,-67,-67,0,0,-75,-74,0,0,-70,-70,-64,-59,-58,-58,-58,-52,-50,-51,0,0,-69,-68,-73,0,-74,-74,0,0,0,-73,-73,-77,-76,-79,-80,0,0,-74,-75,-43,-46
0,0,-70,-70,-66,0,0,-74,-78,-78,0,0,-67,-67,0,0,-75,-74,0,0,-70,-70,-64,-59,-58,-58,-58,-52,-50,-51,0,0,-69,-68,-73,0,-74,-74,0,0,0,-73,-73,-77,-76,-79,-80,0,0,-74,-75,-43,-46
0,0,-70,-70,-66,0,0,-74,-78,-78,0,0,-67,-67,0,0,-75,-74,0,0,-70,-70,-64,-59,-58,-58,-58,-52,-50,-51,0,0,-69,-68,-73,0,-74,-74,0,0,0,-73,-73,-77,-76,-79,-80,0,0,-74,-75,-43,-46
0,0,-69,-69,0,0,0,0,-78,-78,0,0,-67,-67,0,0,-81,-76,0,0,-70,-72,-63,-58,-58,-58,-50,-48,-46,-46,0,0,-67,-68,-73,0,-75,-76,0,0,0,-72,-73,-81,-81,-83,-84,0,0,-75,-75,-40,-46
0,0,-69,-69,0,0,0,0,-78,-78,0,0,-67,-67,0,0,-81,-76,0,0,-70,-72,-63,-58,-59,-58,-50,-48,-46,-46,0,0,-67,-68,-73,0,-75,-76,0,0,0,-72,-73,-81,-81,-83,-84,0,0,-75,-75,-40,-46
0,0,-69,-69,0,0,0,0,-78,-78,0,0,-67,-67,0,0,-81,-76,0,0,-70,-72,-63,-58,-59,-58,-50,-48,-46,-46,0,0,-67,-68,-73,0,-75,-76,0,0,0,-72,-73,-81,-81,-83,-84,0,0,-75,-75,-40,-46
0,0,-69,-69,0,0,0,0,-78,-78,0,0,-67,-67,0,0,-81,-76,0,0,-70,-72,-63,-58,-59,-58,-50,-48,-46,-46,0,0,-67,-68,-73,0,-75,-76,0,0,0,-72,-73,-81,-81,-83,-84,0,0,-75,-75,-40,-46
0,0,-69,-69,0,0,0,0,-78,-78,0,0,-67,-67,0,0,-81,-76,0,0,-70,-72,-63,-58,-58,-58,-50,-48,-46,-46,0,0,-67,-68,-73,0,-75,-76,0,0,0,-72,-73,-81,-81,-83,-84,0,0,-75,-75,-40,-46
-67,-63,-71,-72,0,0,0,0,-78,-79,0,0,-67,-67,0,0,-76,-76,0,0,-73,-73,-63,-58,-57,-57,-49,-48,-44,-44,0,0,-66,-66,0,0,-76,-76,0,0,-68,-74,-73,-80,-81,-82,-81,0,0,-75,-76,-41,-48
-67,-63,-71,-72,0,0,0,0,-78,-79,0,0,-67,-67,0,0,-76,-76,0,0,-73,-73,-63,-58,-57,-57,-49,-48,-44,-44,0,0,-66,-66,0,0,-76,-76,0,0,-68,-74,-73,-80,-81,-82,-81,0,0,-75,-76,-41,-48
-67,-63,-71,-72,0,0,0,0,-78,-79,0,0,-67,-67,0,0,-76,-76,0,0,-73,-73,-63,-58,-57,-57,-49,-48,-44,-44,0,0,-66,-66,0,0,-76,-76,0,0,-68,-74,-73,-80,-81,-82,-81,0,0,-75,-76,-41,-48
-67,-63,-71,-72,0,0,0,0,-78,-79,0,0,-67,-67,0,0,-76,-76,0,0,-73,-73,-63,-58,-57,-57,-49,-48,-44,-44,0,0,-66,-66,0,0,-76,-76,0,0,-68,-74,-73,-80,-81,-82,-81,0,0,-75,-76,-41,-48
-67,-63,-71,-72,0,0,0,0,-78,-79,0,0,-67,-67,0,0,-76,-76,0,0,-73,-73,-63,-58,-58,-57,-49,-48,-44,-44,0,0,-66,-66,0,0,-76,-76,0,0,-68,-74,-73,-80,-81,-82,-81,0,0,-75,-76,-41,-48
-67,-63,-71,-71,-67,0,0,0,-79,-80,0,0,-68,-68,0,-69,-75,-76,0,0,-73,-72,0,0,-58,-58,-49,-48,-45,-45,0,-70,-67,-66,0,0,-76,-76,0,0,-68,-73,-73,-82,-84,-80,-81,0,0,-75,-75,-42,-46
-67,-63,-71,-71,-67,0,0,0,-79,-80,0,0,-68,-68,0,-69,-75,-76,0,0,-73,-72,0,0,-58,-58,-49,-48,-45,-45,0,-70,-67,-66,0,0,-76,-76,0,0,-68,-73,-73,-82,-84,-80,-81,0,0,-75,-75,-42,-46
-67,-63,-71,-71,-67,0,0,0,-79,-80,0,0,-68,-68,0,-69,-75,-76,0,0,-73,-72,0,0,-58,-58,-49,-48,-45,-45,0,-70,-67,-66,0,0,-76,-76,0,0,-68,-73,-73,-82,-84,-80,-81,0,0,-75,-75,-42,-46
-67,-63,-71,-71,-67,0,0,0,-79,-80,0,0,-68,-68,0,-69,-75,-76,0,0,-73,-72,0,0,-58,-58,-49,-48,-45,-45,0,-70,-67,-66,0,0,-76,-76,0,0,-68,-73,-73,-82,-84,-80,-81,0,0,-75,-75,-42,-46
-67,-63,-71,-71,-67,0,0,0,-79,-80,0,0,-68,-68,0,-69,-75,-76,0,0,-73,-72,0,0,-58,-58,-49,-48,-45,-45,0,-70,-67,-66,0,0,-76,-76,0,0,-68,-73,-73,-82,-84,-80,-81,0,0,-75,-75,-42,-46
0,-64,-71,-71,-67,0,0,-71,-79,-79,0,0,-69,-68,0,-69,-74,-75,0,0,-72,-72,-63,0,-58,-58,-49,-47,-44,-44,0,-70,-67,-68,0,0,-76,-76,0,0,0,-73,-73,-82,-82,-80,-81,0,0,-75,-76,-44,-44
0,-64,-71,-71,-67,0,0,-71,-79,-79,0,0,-69,-68,0,-69,-74,-75,0,0,-72,-72,-63,0,-58,-58,-49,-47,-44,-44,0,-70,-67,-68,0,0,-76,-76,0,0,0,-73,-73,-82,-82,-80,-81,0,0,-75,-76,-44,-44
0,-64,-71,-71,-67,0,0,-71,-79,-79,0,0,-69,-68,0,-69,-74,-75,0,0,-72,-72,-63,0,-58,-58,-49,-47,-44,-44,0,-70,-67,-68,0,0,-76,-76,0,0,0,-73,-73,-82,-82,-80,-81,0,0,-75,-76,-44,-44
0,-64,-71,-71,-67,0,0,-71,-79,-79,0,0,-69,-68,0,-69,-74,-75,0,0,-72,-72,-63,0,-58,-58,-49,-47,-44,-44,0,-70,-67,-68,0,0,-76,-76,0,0,0,-73,-73,-82,-82,-80,-81,0,0,-75,-76,-44,-44
0,-64,-71,-71,-67,0,0,-71,-79,-79,0,0,-69,-68,0,-69,-74,-75,0,0,-72,-72,-63,0,-58,-58,-49,-47,-44,-44,0,-70,-67,-68,0,0,-76,-76,0,0,0,-73,-73,-82,-82,-80,-81,0,0,-75,-76,-44,-44
0,-64,-71,-71,-66,0,0,-71,-79,-79,0,0,-69,-69,0,0,-74,-75,0,0,-72,-72,-63,-60,-58,-59,-49,-47,-43,-44,0,-71,-67,-68,0,0,-76,-77,0,0,0,-73,-73,-82,-82,-79,-81,0,0,-76,-75,-43,-45
0,-64,-71,-71,-66,0,0,-71,-79,-79,0,0,-69,-69,0,0,-74,-75,0,0,-72,-72,-63,-60,-58,-59,-49,-47,-43,-44,0,-71,-67,-68,0,0,-76,-77,0,0,0,-73,-73,-82,-82,-79,-81,0,0,-76,-75,-43,-45
0,-64,-71,-71,-66,0,0,-71,-79,-79,0,0,-69,-69,0,0,-74,-75,0,0,-72,-72,-63,-60,-58,-59,-49,-47,-43,-44,0,-71,-67,-68,0,0,-76,-77,0,0,0,-73,-73,-82,-82,-79,-81,0,0,-76,-75,-43,-45
0,-64,-71,-71,-66,0,0,-71,-79,-79,0,0,-69,-69,0,0,-74,-75,0,0,-72,-72,-63,-60,-58,-59,-49,-47,-43,-44,0,-71,-67,-68,0,0,-76,-77,0,0,0,-73,-73,-82,-82,-79,-81,0,0,-76,-75,-43,-45
0,-64,-71,-71,-66,0,0,-71,-79,-79,0,0,-69,-69,0,0,-74,-75,0,0,-72,-72,-63,-60,-58,-59,-49,-47,-43,-44,0,-71,-67,-68,0,0,-76,-77,0,0,0,-73,-73,-82,-82,-79,-81,0,0,-76,-75,-43,-45
0,0,-71,-71,-66,0,0,-71,-77,-78,0,0,-68,-68,0,0,-74,-74,0,0,-72,-72,-63,-59,-58,-59,-50,-47,-43,-44,0,-71,-67,-68,-75,0,-75,-75,0,0,0,-73,-73,-82,-82,-82,-81,0,0,-76,-75,-42,-45
0,0,-71,-71,-66,0,0,-71,-77,-78,0,0,-68,-68,0,0,-74,-74,0,0,-72,-72,-63,-59,-58,-59,-50,-47,-43,-44,0,-71,-67,-68,-75,0,-75,-75,0,0,0,-73,-73,-82,-82,-82,-81,0,0,-76,-75,-42,-45
0,0,-71,-71,-66,0,0,-71,-77,-78,0,0,-68,-68,0,0,-74,-74,0,0,-72,-72,-63,-59,-58,-59,-50,-47,-43,-44,0,-71,-67,-68,-75,0,-75,-75,0,0,0,-73,-73,-82,-82,-82,-81,0,0,-76,-75,-42,-45
0,0,-71,-71,-66,0,0,-71,-77,-78,0,0,-68,-68,0,0,-74,-74,0,0,-72,-72,-63,-59,-58,-59,-50,-47,-43,-44,0,-71,-67,-68,-75,0,-75,-75,0,0,0,-73,-73,-82,-82,-82,-81,0,0,-76,-75,-42,-45
0,0,-71,-71,-66,0,0,-71,-77,-78,0,0,-68,-68,0,0,-74,-74,0,0,-72,-72,-63,-59,-58,-59,-50,-47,-43,-44,0,-71,-67,-68,-75,0,-75,-75,0,0,0,-73,-73,-82,-82,-82,-81,0,0,-76,-75,-42,-45
0,0,-71,-70,0,0,0,0,-77,-78,0,0,-68,-68,0,0,-74,-74,0,-66,-72,-72,-63,-60,-58,-58,-48,-47,-43,-44,0,0,-67,-68,-75,0,-75,-76,0,-73,-73,-73,-73,-81,-82,-82,-81,0,0,-76,-75,-40,-45
0,0,-71,-70,0,0,0,0,-77,-78,0,0,-68,-68,0,0,-74,-74,0,-66,-72,-72,-63,-60,-58,-58,-48,-47,-43,-44,0,0,-67,-68,-75,0,-75,-76,0,-73,-73,-73,-73,-81,-82,-82,-81,0,0,-76,-75,-40,-45
0,0,-71,-70,0,0,0,0,-77,-78,0,0,-68,-68,0,0,-74,-74,0,-66,-72,-72,-63,-60,-58,-58,-48,-47,-43,-44,0,0,-67,-68,-75,0,-75,-76,0,-73,-73,-73,-73,-81,-82,-82,-81,0,0,-76,-75,-40,-45
0,0,-71,-70,0,0,0,0,-77,-78,0,0,-68,-68,0,0,-74,-74,0,-66,-72,-72,-63,-60,-58,-58,-48,-47,-43,-44,0,0,-67,-68,-75,0,-75,-76,0,-73,-73,-73,-73,-81,-82,-82,-81,0,0,-76,-75,-40,-45
0,0,-71,-70,0,0,0,0,-77,-78,0,0,-68,-68,0,0,-74,-74,0,-66,-72,-72,-63,-60,-58,-58,-48,-47,-43,-44,0,0,-67,-68,-75,0,-75,-76,0,-73,-73,-73,-73,-81,-82,-82,-81,0,0,-76,-75,-40,-45
0,0,-71,-70,-66,0,0,-71,-77,-78,0,0,-68,-68,0,0,-74,-74,0,-66,-71,-72,-63,-60,-58,-58,-48,-43,-43,-44,0,0,-67,-68,0,0,-75,-76,0,-73,-73,-73,-73,-81,-82,-82,-81,0,0,-76,-75,-41,-47
0,0,-71,-70,-66,0,0,-71,-77,-78,0,0,-68,-68,0,0,-74,-74,0,-66,-71,-72,-63,-60,-58,-58,-48,-43,-43,-44,0,0,-67,-68,0,0,-75,-76,0,-73,-73,-73,-73,-81,-82,-82,-81,0,0,-76,-75,-41,-47
0,0,-71,-70,-66,0,0,-71,-77,-78,0,0,-68,-68,0,0,-74,-74,0,-66,-71,-72,-63,-60,-58,-58,-48,-43,-43,-44,0,0,-67,-68,0,0,-75,-76,0,-73,-73,-73,-73,-81,-82,-82,-81,0,0,-76,-75,-41,-47
0,0,-71,-70,-66,0,0,-71,-77,-78,0,0,-68,-68,0,0,-74,-74,0,-66,-71,-72,-63,-60,-58,-58,-48,-43,-43,-44,0,0,-67,-68,0,0,-75,-76,0,-73,-73,-73,-73,-81,-82,-82,-81,0,0,-76,-75,-41,-47
0,0,-71,-70,-66,0,0,-71,-77,-78,0,0,-68,-68,0,0,-74,-74,0,-66,-71,-72,-63,-60,-58,-58,-48,-43,-43,-44,0,0,-67,-68,0,0,-75,-76,0,-73,-73,-73,-73,-81,-82,-82,-81,0,0,-76,-75,-41,-47
-68,0,-70,-70,-66,0,0,-71,-78,-78,0,0,-68,-68,0,-79,-74,-74,0,0,-71,-72,0,-61,-58,-58,-48,-44,-44,-44,-69,-71,-67,-68,0,0,-76,-76,0,0,0,-73,-73,-81,-82,-82,-81,0,0,-76,-75,-40,-45
-68,0,-70,-70,-66,0,0,-71,-78,-78,0,0,-68,-68,0,-79,-74,-74,0,0,-71,-72,0,-61,-58,-58,-48,-44,-44,-44,-69,-71,-67,-68,0,0,-76,-76,0,0,0,-73,-73,-81,-82,-82,-81,0,0,-76,-75,-40,-45
-68,0,-70,-70,-66,0,0,-71,-78,-78,0,0,-68,-68,0,-79,-74,-74,0,0,-71,-72,0,-61,-58,-58,-48,-44,-44,-44,-69,-71,-67,-68,0,0,-76,-76,0,0,0,-73,-73,-81,-82,-82,-81,0,0,-76,-75,-40,-45
-68,0,-70,-70,-66,0,0,-71,-78,-78,0,0,-68,-68,0,-79,-74,-74,0,0,-71,-72,0,-61,-58,-58,-48,-44,-44,-44,-69,-71,-67,-68,0,0,-76,-76,0,0,0,-73,-73,-81,-82,-82,-81,0,0,-76,-75,-40,-45
-68,0,-70,-70,-66,0,0,-71,-78,-78,0,0,-68,-68,0,-79,-74,-74,0,0,-71,-72,0,-61,-58,-58,-48,-44,-44,-44,-69,-71,-67,-68,0,0,-76,-76,0,0,0,-73,-73,-81,-82,-82,-81,0,0,-76,-75,-40,-45
-68,0,-70,-70,0,0,0,-71,-78,-78,-74,-74,-68,-68,-73,-71,-75,-74,0,-66,-71,-72,-64,-60,-58,-59,-48,-44,-44,-44,-69,-71,-71,-71,0,0,-76,-76,0,0,0,-72,-74,-82,-82,-82,-81,0,0,-75,-75,-41,-46
-68,-65,-70,-70,0,0,0,0,-78,-78,-74,-74,-66,-65,-72,-67,-78,-76,0,-66,-78,-70,-65,-62,-62,-62,-50,-46,-46,-47,-69,-69,-71,-71,0,0,-74,-74,0,0,0,-73,-72,-83,-83,-80,-79,0,0,-78,-78,-43,-46
-68,-65,-70,-70,0,0,0,0,-78,-78,-74,-74,-66,-65,-72,-67,-78,-76,0,-66,-78,-70,-65,-62,-62,-62,-50,-46,-46,-47,-69,-69,-71,-71,0,0,-74,-74,0,0,0,-73,-72,-83,-83,-80,-79,0,0,-78,-78,-43,-46
-68,-65,-70,-70,0,0,0,0,-78,-78,-74,-74,-66,-65,-72,-67,-78,-76,0,-66,-78,-70,-65,-62,-62,-62,-50,-46,-46,-47,-69,-69,-71,-71,0,0,-74,-74,0,0,0,-73,-72,-83,-83,-80,-79,0,0,-78,-78,-43,-46
-68,-65,-70,-70,0,0,0,0,-78,-78,-74,-74,-66,-65,-72,-67,-78,-76,0,-66,-78,-70,-65,-62,-62,-62,-50,-46,-46,-47,-69,-69,-71,-71,0,0,-74,-74,0,0,0,-73,-72,-83,-83,-80,-79,0,0,-78,-78,-43,-46
-68,-65,-70,-70,0,0,0,0,-78,-78,-74,-74,-66,-65,-72,-67,-78,-76,0,-66,-78,-70,-65,-62,-62,-62,-50,-46,-46,-47,-69,-69,-71,-71,0,0,-74,-74,0,0,0,-73,-72,-83,-83,-80,-79,0,0,-78,-78,-43,-46
-71,-68,-76,-77,0,0,0,0,-79,-78,0,0,-74,-73,-72,-67,-81,-80,0,0,-78,-70,-65,-65,-61,-61,-50,-46,-55,-55,-71,-69,-71,-71,-77,0,-77,-77,0,0,0,-76,-74,-83,-83,-85,-79,0,0,-76,-77,-43,-50
-71,-68,-76,-77,0,0,0,0,-79,-78,0,0,-74,-73,-72,-67,-81,-80,0,0,-78,-70,-65,-65,-61,-61,-50,-46,-55,-55,-71,-69,-71,-71,-77,0,-77,-77,0,0,0,-76,-74,-83,-83,-85,-79,0,0,-76,-77,-43,-50
-71,-68,-76,-77,0,0,0,0,-79,-78,0,0,-74,-73,-72,-67,-81,-80,0,0,-78,-70,-65,-65,-61,-61,-50,-46,-55,-55,-71,-69,-71,-71,-77,0,-77,-77,0,0,0,-76,-74,-83,-83,-85,-79,0,0,-76,-77,-43,-50
-71,-68,-76,-77,0,0,0,0,-79,-78,0,0,-74,-73,-72,-67,-81,-80,0,0,-78,-70,-65,-65,-61,-61,-50,-46,-55,-55,-71,-69,-71,-71,-77,0,-77,-77,0,0,0,-76,-74,-83,-83,-85,-79,0,0,-76,-77,-43,-50
-71,-68,-76,-77,0,0,0,0,-79,-78,0,0,-74,-73,-72,-67,-81,-80,0,0,-78,-70,-65,-65,-61,-61,-50,-46,-55,-55,-71,-69,-71,-71,-77,0,-77,-77,0,0,0,-76,-74,-83,-83,-85,-79,0,0,-76,-77,-43,-50
-71,-68,-78,-79,-70,0,0,-67,-81,-81,0,0,-76,-76,0,0,-83,-82,0,0,0,0,0,-65,-60,-63,0,0,-49,-55,-71,0,-75,-76,-77,0,-72,-72,0,0,-63,-75,-74,-83,-83,-85,0,0,0,-74,-75,-45,-55
-71,-68,-78,-79,-70,0,0,-67,-81,-81,0,0,-76,-76,0,0,-83,-82,0,0,0,0,0,-65,-60,-63,0,0,-49,-55,-71,0,-75,-76,-77,0,-72,-72,0,0,-63,-75,-74,-83,-83,-85,0,0,0,-74,-75,-45,-55
-71,-68,-78,-79,-70,0,0,-67,-81,-81,0,0,-76,-76,0,0,-83,-82,0,0,0,0,0,-65,-60,-63,0,0,-49,-55,-71,0,-75,-76,-77,0,-72,-72,0,0,-63,-75,-74,-83,-83,-85,0,0,0,-74,-75,-45,-55
-71,-68,-78,-79,-70,0,0,-67,-81,-81,0,0,-76,-76,0,0,-83,-82,0,0,0,0,0,-65,-61,-63,0,0,-49,-55,-71,0,-75,-76,-77,0,-72,-72,0,0,-63,-75,-74,-83,-83,-85,0,0,0,-74,-75,-45,-55
-71,-68,-78,-79,-70,0,0,-67,-81,-81,0,0,-76,-76,0,0,-83,-82,0,0,0,0,0,-65,-61,-63,0,0,-49,-55,-71,0,-75,-76,-77,0,-72,-72,0,0,-63,-75,-74,-83,-83,-85,0,0,0,-74,-75,-45,-55
0,-67,-78,-79,-70,0,0,-67,-82,-81,0,0,-76,-76,0,0,-80,-80,0,0,0,0,-65,-65,-60,-61,-51,-49,-51,-52,-72,-68,-78,-77,0,0,-76,-76,0,0,-63,-74,-72,-83,-83,-83,0,0,0,-74,-75,-46,-61
0,-67,-78,-79,-70,0,0,-67,-82,-81,0,0,-76,-76,0,0,-80,-80,0,0,0,0,-65,-65,-60,-61,-51,-49,-51,-52,-72,-68,-78,-77,0,0,-76,-76,0,0,-63,-74,-72,-83,-83,-83,0,0,0,-74,-75,-46,-61
0,-67,-78,-79,-70,0,0,-67,-82,-81,0,0,-76,-76,0,0,-80,-80,0,0,0,0,-65,-65,-60,-61,-51,-49,-51,-52,-72,-68,-78,-77,0,0,-76,-76,0,0,-63,-74,-72,-83,-83,-83,0,0,0,-74,-75,-46,-61
0,-67,-78,-79,-70,0,0,-67,-82,-81,0,0,-76,-76,0,0,-80,-80,0,0,0,0,-65,-65,-60,-61,-51,-49,-51,-52,-72,-68,-78,-77,0,0,-76,-76,0,0,-63,-74,-72,-83,-83,-83,0,0,0,-74,-75,-46,-61
0,-67,-78,-79,-70,0,0,-67,-82,-81,0,0,-76,-76,0,0,-80,-80,0,0,0,0,-65,-65,-60,-61,-51,-49,-51,-52,-72,-68,-78,-77,0,0,-76,-76,0,0,-63,-74,-72,-83,-83,-83,0,0,0,-74,-75,-46,-61
0,-67,-79,-79,-70,0,0,0,-80,-80,0,0,-75,-75,0,0,-80,-80,0,0,-78,-79,-67,-65,-59,-60,-52,-52,-52,-53,-72,-69,-78,-79,0,0,-77,-78,0,0,-60,-77,-76,-83,-83,-84,-85,0,0,-75,-76,-45,-53
0,-67,-79,-79,-70,0,0,0,-80,-80,0,0,-75,-75,0,0,-80,-80,0,0,-78,-79,-67,-65,-61,-60,-52,-52,-52,-53,-72,-69,-78,-79,0,0,-77,-78,0,0,-60,-77,-76,-83,-83,-84,-85,0,0,-75,-76,-45,-53
0,-67,-79,-79,-70,0,0,0,-80,-80,0,0,-75,-75,0,0,-80,-80,0,0,-78,-79,-67,-65,-61,-60,-52,-52,-52,-53,-72,-69,-78,-79,0,0,-77,-78,0,0,-60,-77,-76,-83,-83,-84,-85,0,0,-75,-76,-45,-53
0,-67,-79,-79,-70,0,0,0,-80,-80,0,0,-75,-75,0,0,-80,-80,0,0,-78,-79,-67,-65,-61,-60,-52,-52,-52,-53,-72,-69,-78,-79,0,0,-77,-78,0,0,-60,-77,-76,-83,-83,-84,-85,0,0,-75,-76,-45,-53
0,-67,-79,-79,-70,0,0,0,-80,-80,0,0,-75,-75,0,0,-80,-80,0,0,-78,-79,-67,-65,-62,-60,-52,-52,-52,-53,-72,-69,-78,-79,0,0,-77,-78,0,0,-60,-77,-76,-83,-83,-84,-85,0,0,-75,-76,-45,-53
0,-67,-77,-77,-70,0,0,-74,-77,-77,0,0,-76,-75,-73,-69,-80,-80,0,0,-78,-77,-67,-65,-62,-62,-55,-60,-54,-54,0,-69,-78,-79,0,0,-73,-74,0,0,-60,-75,-76,0,0,-84,-85,0,0,-79,-79,-44,-52
0,-67,-77,-77,-70,0,0,-74,-77,-77,0,0,-76,-75,-73,-69,-80,-80,0,0,-78,-77,-67,-65,-62,-62,-55,-60,-54,-54,0,-69,-78,-79,0,0,-73,-74,0,0,-60,-75,-76,0,0,-84,-85,0,0,-79,-79,-44,-52
0,-67,-77,-77,-70,0,0,-74,-77,-77,0,0,-76,-75,-73,-69,-80,-80,0,0,-78,-77,-67,-65,-63,-62,-55,-60,-54,-54,0,-69,-78,-79,0,0,-73,-74,0,0,-60,-75,-76,0,0,-84,-85,0,0,-79,-79,-44,-52
0,-67,-77,-77,-70,0,0,-74,-77,-77,0,0,-76,-75,-73,-69,-80,-80,0,0,-78,-77,-67,-65,-63,-62,-55,-60,-54,-54,0,-69,-78,-79,0,0,-73,-74,0,0,-60,-75,-76,0,0,-84,-85,0,0,-79,-79,-44,-52
0,-67,-77,-77,-70,0,0,-74,-77,-77,0,0,-76,-75,-73,-69,-80,-80,0,0,-78,-77,-67,-65,-63,-62,-55,-60,-54,-54,0,-69,-78,-79,0,0,-73,-74,0,0,-60,-75,-76,0,0,-84,-85,0,0,-79,-79,-44,-52
0,-67,-77,-77,0,-82,0,-74,-76,-76,0,0,-76,-76,-73,-69,-80,-80,0,0,-78,-76,-66,-63,-62,-63,-54,-57,-52,-53,-73,-73,-77,-78,0,0,-73,-74,0,-64,-61,-75,-76,-85,-85,-85,-84,0,0,-79,-78,-45,-55
0,-67,-77,-77,0,-82,0,-74,-76,-76,0,0,-76,-76,-73,-69,-80,-80,0,0,-78,-76,-66,-63,-62,-63,-54,-57,-52,-53,-73,-73,-77,-78,0,0,-73,-74,0,-64,-61,-75,-76,-85,-85,-85,-84,0,0,-79,-78,-45,-55
0,-67,-77,-77,0,-82,0,-74,-76,-76,0,0,-76,-76,-73,-69,-80,-80,0,0,-78,-76,-66,-63,-62,-63,-54,-57,-52,-53,-73,-73,-77,-78,0,0,-73,-74,0,-64,-61,-75,-76,-85,-85,-85,-84,0,0,-79,-78,-45,-55
0,-67,-77,-77,0,-82,0,-74,-76,-76,0,0,-76,-76,-73,-69,-80,-80,0,0,-78,-76,-66,-63,-62,-63,-54,-57,-52,-53,-73,-73,-77,-78,0,0,-73,-74,0,-64,-61,-75,-76,-85,-85,-85,-84,0,0,-79,-78,-45,-55
0,-67,-77,-77,0,-82,0,-74,-76,-76,0,0,-76,-76,-73,-69,-80,-80,0,0,-78,-76,-66,-63,-62,-63,-54,-57,-52,-53,-73,-73,-77,-78,0,0,-73,-74,0,-64,-61,-75,-76,-85,-85,-85,-84,0,0,-79,-78,-45,-55
0,0,-75,-75,0,-82,0,-71,-75,-76,0,0,-76,-75,-78,-77,-80,-80,0,0,-76,-75,-66,-65,-62,-63,-54,-58,-50,-50,-73,-73,-77,-77,0,0,-73,-73,0,-62,-59,-75,-75,-83,-83,-83,-83,0,0,-77,-78,-44,-57
0,0,-75,-75,0,-82,0,-71,-75,-76,0,0,-76,-75,-78,-77,-80,-80,0,0,-76,-75,-66,-65,-62,-63,-54,-58,-50,-50,-73,-73,-77,-77,0,0,-73,-73,0,-62,-59,-75,-75,-83,-83,-83,-83,0,0,-77,-78,-44,-57
0,0,-75,-75,0,-82,0,-71,-75,-76,0,0,-76,-75,-78,-77,-80,-80,0,0,-76,-75,-66,-65,-62,-63,-54,-58,-50,-50,-73,-73,-77,-77,0,0,-73,-73,0,-62,-59,-75,-75,-83,-83,-83,-83,0,0,-77,-78,-44,-57
0,0,-75,-75,0,-82,0,-71,-75,-76,0,0,-76,-75,-78,-77,-80,-80,0,0,-76,-75,-66,-65,-62,-63,-54,-58,-50,-50,-73,-73,-77,-77,0,0,-73,-73,0,-62,-59,-75,-75,-83,-83,-83,-83,0,0,-77,-78,-44,-57
0,0,-75,-75,0,-82,0,-71,-75,-76,0,0,-76,-75,-78,-77,-80,-80,0,0,-76,-75,-66,-65,-62,-63,-54,-58,-50,-50,-73,-73,-77,-77,0,0,-73,-73,0,-62,-59,-75,-75,-83,-83,-83,-83,0,0,-77,-78,-44,-57
-71,-67,-78,-78,0,0,0,-71,-75,-76,0,0,-76,-77,-74,-69,-79,-79,0,0,-75,-75,-66,-64,-62,-63,-55,-57,-50,-50,-73,0,-76,-76,0,0,-73,-72,0,-62,-60,-76,-77,-83,-83,-83,-85,0,0,-77,-77,-45,-55
-71,-67,-78,-78,0,0,0,-71,-75,-76,0,0,-76,-77,-74,-69,-79,-79,0,0,-75,-75,-66,-64,-62,-63,-55,-57,-50,-50,-73,0,-76,-76,0,0,-73,-72,0,-62,-60,-76,-77,-83,-83,-83,-85,0,0,-77,-77,-45,-55
-71,-67,-78,-78,0,0,0,-71,-75,-76,0,0,-76,-77,-74,-69,-79,-79,0,0,-75,-75,-66,-64,-62,-63,-55,-57,-50,-50,-73,0,-76,-76,0,0,-73,-72,0,-62,-60,-76,-77,-83,-83,-83,-85,0,0,-77,-77,-45,-55
-71,-67,-78,-78,0,0,0,-71,-75,-76,0,0,-76,-77,-74,-69,-79,-79,0,0,-75,-75,-66,-64,-62,-63,-55,-57,-50,-50,-73,0,-76,-76,0,0,-73,-72,0,-62,-60,-76,-77,-83,-83,-83,-85,0,0,-77,-77,-45,-55
-71,-67,-78,-78,0,0,0,-71,-75,-76,0,0,-76,-77,-74,-69,-79,-79,0,0,-75,-75,-66,-64,-62,-63,-55,-57,-50,-50,-73,0,-76,-76,0,0,-73,-72,0,-62,-60,-76,-77,-83,-83,-83,-85,0,0,-77,-77,-45,-55
-71,-67,-78,-79,-67,0,0,0,-75,-76,0,0,-76,-77,-74,-69,-79,-79,0,0,-75,-76,-66,-64,-62,-63,-54,-58,-50,-51,0,0,-76,-76,0,0,-73,-72,0,-62,-60,-76,-76,-84,0,-83,-85,0,0,-78,-77,-44,-54
-71,-67,-78,-79,-67,0,0,0,-75,-76,0,0,-76,-77,-74,-69,-79,-79,0,0,-75,-76,-66,-64,-62,-63,-54,-58,-50,-51,0,0,-76,-76,0,0,-73,-72,0,-62,-60,-76,-76,-84,0,-83,-85,0,0,-78,-77,-44,-54
-71,-67,-78,-79,-67,0,0,0,-75,-76,0,0,-76,-77,-74,-69,-79,-79,0,0,-75,-76,-66,-64,-62,-63,-54,-58,-50,-51,0,0,-76,-76,0,0,-73,-72,0,-62,-60,-76,-76,-84,0,-83,-85,0,0,-78,-77,-44,-54
-71,-67,-78,-79,-67,0,0,0,-75,-76,0,0,-76,-77,-74,-69,-79,-79,0,0,-75,-76,-66,-64,-62,-63,-54,-58,-50,-51,0,0,-76,-76,0,0,-73,-72,0,-62,-60,-76,-76,-84,0,-83,-85,0,0,-78,-77,-44,-54
-71,-67,-78,-79,-67,0,0,0,-75,-76,0,0,-76,-77,-74,-69,-79,-79,0,0,-75,-76,-66,-64,-62,-63,-54,-58,-50,-51,0,0,-76,-76,0,0,-73,-72,0,-62,-60,-76,-76,-84,0,-83,-85,0,0,-78,-77,-44,-54
0,0,-78,-79,-67,-79,0,0,-77,-76,0,0,-76,-77,0,0,-79,-80,0,0,-75,-76,-64,-62,-62,-63,-54,-60,-50,-51,-73,0,-76,-76,-78,0,-73,-72,0,-62,-63,-77,-76,-84,0,-83,-83,0,0,-77,-78,-44,-54
0,0,-78,-79,-67,-79,0,0,-77,-76,0,0,-76,-77,0,0,-79,-80,0,0,-75,-76,-64,-62,-62,-63,-54,-60,-50,-51,-73,0,-76,-76,-78,0,-73,-72,0,-62,-63,-77,-76,-84,0,-83,-83,0,0,-77,-78,-44,-54
0,0,-78,-79,-67,-79,0,0,-77,-76,0,0,-76,-77,0,0,-79,-80,0,0,-75,-76,-64,-62,-62,-63,-54,-60,-50,-51,-73,0,-76,-76,-78,0,-73,-72,0,-62,-63,-77,-76,-84,0,-83,-83,0,0,-77,-78,-44,-54
0,0,-78,-79,-67,-79,0,0,-77,-76,0,0,-76,-77,0,0,-79,-80,0,0,-75,-76,-64,-62,-63,-63,-54,-60,-50,-51,-73,0,-76,-76,-78,0,-73,-72,0,-62,-63,-77,-76,-84,0,-83,-83,0,0,-77,-78,-44,-54
0,0,-78,-79,-67,-79,0,0,-77,-76,0,0,-76,-77,0,0,-79,-80,0,0,-75,-76,-64,-62,-63,-63,-54,-60,-50,-51,-73,0,-76,-76,-78,0,-73,-72,0,-62,-63,-77,-76,-84,0,-83,-83,0,0,-77,-78,-44,-54
0,0,-80,-79,0,-79,0,-71,-76,-76,0,0,-77,-77,0,0,-79,-80,0,0,-75,-76,-64,-63,-62,-63,0,-60,-50,-51,-73,0,-76,-76,-78,0,-73,-73,-79,-62,-63,-77,-76,0,0,-83,-83,0,0,-77,-77,-44,-53
0,0,-80,-79,0,-79,0,-71,-76,-76,0,0,-77,-77,0,0,-79,-80,0,0,-75,-76,-64,-63,-62,-63,0,-60,-50,-51,-73,0,-76,-76,-78,0,-73,-73,-79,-62,-63,-77,-76,0,0,-83,-83,0,0,-77,-77,-44,-53
0,0,-80,-79,0,-79,0,-71,-76,-76,0,0,-77,-77,0,0,-79,-80,0,0,-75,-76,-64,-63,-62,-63,0,-60,-50,-51,-73,0,-76,-76,-78,0,-73,-73,-79,-62,-63,-77,-76,0,0,-83,-83,0,0,-77,-77,-44,-53
