0,-62,-72,-71,0,0,0,0,-80,-80,0,0,-77,-77,0,0,-77,-78,0,-70,-68,-67,-61,-59,-55,-54,0,-74,-72,-73,-69,-64,-74,-76,-59,-59,-52,-52,0,0,0,-78,-78,0,0,0,0,0,0,-78,-84,-37,-48
0,-62,-72,-71,0,0,0,0,-80,-80,0,0,-77,-77,0,0,-77,-78,0,-70,-68,-67,-61,-59,-53,-54,0,-74,-72,-73,-69,-64,-74,-76,-59,-59,-52,-52,0,0,0,-78,-78,0,0,0,0,0,0,-78,-84,-37,-48
0,-62,-72,-71,0,0,0,0,-80,-80,0,0,-77,-77,0,0,-77,-78,0,-70,-68,-67,-61,-59,-53,-54,0,-74,-72,-73,-69,-64,-74,-76,-59,-59,-52,-52,0,0,0,-78,-78,0,0,0,0,0,0,-78,-84,-37,-48
0,-62,-72,-71,0,0,0,0,-80,-80,0,0,-77,-77,0,0,-77,-78,0,-70,-68,-67,-61,-59,-53,-54,0,-74,-72,-73,-69,-64,-74,-76,-59,-59,-52,-52,0,0,0,-78,-78,0,0,0,0,0,0,-78,-84,-37,-48
0,-62,-72,-71,0,0,0,0,-80,-80,0,0,-77,-77,0,0,-77,-78,0,-70,-68,-67,-61,-59,-57,-54,0,-74,-72,-73,-69,-64,-74,-76,-59,-59,-52,-52,0,0,0,-78,-78,0,0,0,0,0,0,-78,-84,-37,-48
0,0,-72,-71,-72,0,0,0,0,0,0,0,-73,-73,0,0,-81,-80,0,0,-72,-71,-57,-55,-56,-56,0,-74,-72,-73,-69,-64,-68,-68,-59,-59,-64,-64,0,0,0,-79,-79,-88,-87,-82,-84,0,0,-80,-81,-41,-60
0,0,-72,-71,-72,0,0,0,0,0,0,0,-73,-73,0,0,-81,-80,0,0,-72,-71,-57,-55,-56,-56,0,-74,-72,-73,-69,-64,-68,-68,-59,-59,-64,-64,0,0,0,-79,-79,-88,-87,-82,-84,0,0,-80,-81,-41,-60
0,0,-72,-71,-72,0,0,0,0,0,0,0,-73,-73,0,0,-81,-80,0,0,-72,-71,-57,-55,-56,-56,0,-74,-72,-73,-69,-64,-68,-68,-59,-59,-64,-64,0,0,0,-79,-79,-88,-87,-82,-84,0,0,-80,-81,-41,-60
0,0,-72,-71,-72,0,0,0,0,0,0,0,-73,-73,0,0,-81,-80,0,0,-72,-71,-57,-55,-56,-56,0,-74,-72,-73,-69,-64,-68,-68,-59,-59,-64,-64,0,0,0,-79,-79,-88,-87,-82,-84,0,0,-80,-81,-41,-60
0,0,-72,-71,-72,0,0,0,0,0,0,0,-73,-73,0,0,-81,-80,0,0,-72,-71,-57,-55,-57,-56,0,-74,-72,-73,-69,-64,-68,-68,-59,-59,-64,-64,0,0,0,-79,-79,-88,-87,-82,-84,0,0,-80,-81,-41,-60
0,0,-66,-66,-68,-80,-79,0,-82,-80,0,0,-72,-73,0,0,-73,-74,0,0,-73,-73,-57,-59,-56,-56,0,0,-72,-72,0,0,-65,-66,-64,-59,-58,-57,0,0,0,-79,-79,-88,-87,-82,-84,0,0,-78,-77,-43,-56
0,0,-66,-66,-68,-80,-79,0,-82,-80,0,0,-72,-73,0,0,-73,-74,0,0,-73,-73,-57,-59,-56,-56,0,0,-72,-72,0,0,-65,-66,-64,-59,-58,-57,0,0,0,-79,-79,-88,-87,-82,-84,0,0,-78,-77,-43,-56
0,0,-66,-66,-68,-80,-79,0,-82,-80,0,0,-72,-73,0,0,-73,-74,0,0,-73,-73,-57,-59,-57,-56,0,0,-72,-72,0,0,-65,-66,-64,-59,-58,-57,0,0,0,-79,-79,-88,-87,-82,-84,0,0,-78,-77,-43,-56
0,0,-66,-66,-68,-80,-79,0,-82,-80,0,0,-72,-73,0,0,-73,-74,0,0,-73,-73,-57,-59,-57,-56,0,0,-72,-72,0,0,-65,-66,-64,-59,-58,-57,0,0,0,-79,-79,-88,-87,-82,-84,0,0,-78,-77,-43,-56
0,0,-66,-66,-68,-80,-79,0,-82,-80,0,0,-72,-73,0,0,-73,-74,0,0,-73,-73,-57,-59,-57,-56,0,0,-72,-72,0,0,-65,-66,-64,-59,-58,-57,0,0,0,-79,-79,-88,-87,-82,-84,0,0,-78,-77,-43,-56
0,-62,-68,-69,-68,-80,-79,0,-78,-79,0,0,-68,-69,0,0,-76,-76,0,0,-73,-72,-61,-57,-56,-56,0,0,-72,-72,0,0,-65,-64,-64,-63,-58,-57,0,0,0,-79,-79,0,0,-82,-84,0,0,-77,-77,-41,-54
0,-62,-68,-69,-68,-80,-79,0,-78,-79,0,0,-68,-69,0,0,-76,-76,0,0,-73,-72,-61,-57,-56,-56,0,0,-72,-72,0,0,-65,-64,-64,-63,-58,-57,0,0,0,-79,-79,0,0,-82,-84,0,0,-77,-77,-41,-54
0,-62,-68,-69,-68,-80,-79,0,-78,-79,0,0,-68,-69,0,0,-76,-76,0,0,-73,-72,-61,-57,-56,-56,0,0,-72,-72,0,0,-65,-64,-64,-63,-58,-57,0,0,0,-79,-79,0,0,-82,-84,0,0,-77,-77,-41,-54
0,-62,-68,-69,-68,-80,-79,0,-78,-79,0,0,-68,-69,0,0,-76,-76,0,0,-73,-72,-61,-57,-56,-56,0,0,-72,-72,0,0,-65,-64,-64,-63,-58,-57,0,0,0,-79,-79,0,0,-82,-84,0,0,-77,-77,-41,-54
0,-62,-68,-69,-68,-80,-79,0,-78,-79,0,0,-68,-69,0,0,-76,-76,0,0,-73,-72,-61,-57,-56,-56,0,0,-72,-72,0,0,-65,-64,-64,-63,-58,-57,0,0,0,-79,-79,0,0,-82,-84,0,0,-77,-77,-41,-54
0,-62,-70,-70,-69,0,0,-72,-81,-80,0,0,-70,-71,0,0,-77,-76,0,0,-73,-72,-58,-53,-55,-56,0,0,-72,-71,0,-59,-67,-68,-64,-62,-58,-58,0,0,0,-75,-76,0,0,-82,-82,0,0,-77,-77,-41,-54
0,-62,-70,-70,-69,0,0,-72,-81,-80,0,0,-70,-71,0,0,-77,-76,0,0,-73,-72,-58,-53,-55,-56,0,0,-72,-71,0,-59,-67,-68,-64,-62,-58,-58,0,0,0,-75,-76,0,0,-82,-82,0,0,-77,-77,-41,-54
0,-62,-70,-70,-69,0,0,-72,-81,-80,0,0,-70,-71,0,0,-77,-76,0,0,-73,-72,-58,-53,-55,-56,0,0,-72,-71,0,-59,-67,-68,-64,-62,-58,-58,0,0,0,-75,-76,0,0,-82,-82,0,0,-77,-77,-41,-54
0,-62,-70,-70,-69,0,0,-72,-81,-80,0,0,-70,-71,0,0,-77,-76,0,0,-73,-72,-58,-53,-55,-56,0,0,-72,-71,0,-59,-67,-68,-64,-62,-58,-58,0,0,0,-75,-76,0,0,-82,-82,0,0,-77,-77,-41,-54
0,-62,-70,-70,-69,0,0,-72,-81,-80,0,0,-70,-71,0,0,-77,-76,0,0,-73,-72,-58,-53,-55,-56,0,0,-72,-71,0,-59,-67,-68,-64,-62,-58,-58,0,0,0,-75,-76,0,0,-82,-82,0,0,-77,-77,-41,-54
0,0,-66,-66,-69,0,0,-72,-81,-80,0,0,-70,-71,0,0,-77,-77,0,0,-72,-72,-58,-54,-57,-56,0,0,-73,-74,0,-59,-65,-65,-62,-60,-57,-57,0,0,0,-79,-80,0,0,-82,-82,0,0,-77,-77,-43,-55
0,0,-66,-66,-69,0,0,-72,-81,-80,0,0,-70,-71,0,0,-77,-77,0,0,-72,-72,-58,-54,-57,-56,0,0,-73,-74,0,-59,-65,-65,-62,-60,-57,-57,0,0,0,-79,-80,0,0,-82,-82,0,0,-77,-77,-43,-55
0,0,-66,-66,-69,0,0,-72,-81,-80,0,0,-70,-71,0,0,-77,-77,0,0,-72,-72,-58,-54,-57,-56,0,0,-73,-74,0,-59,-65,-65,-62,-60,-57,-57,0,0,0,-79,-80,0,0,-82,-82,0,0,-77,-77,-43,-55
0,0,-66,-66,-69,0,0,-72,-81,-80,0,0,-70,-71,0,0,-77,-77,0,0,-72,-72,-58,-54,-55,-56,0,0,-73,-74,0,-59,-65,-65,-62,-60,-57,-57,0,0,0,-79,-80,0,0,-82,-82,0,0,-77,-77,-43,-55
0,0,-66,-66,-69,0,0,-72,-81,-80,0,0,-70,-71,0,0,-77,-77,0,0,-72,-72,-58,-54,-55,-56,0,0,-73,-74,0,-59,-65,-65,-62,-60,-57,-57,0,0,0,-79,-80,0,0,-82,-82,0,0,-77,-77,-43,-55
0,0,-67,-67,0,0,0,-71,-80,-79,0,0,-71,-71,0,0,-75,-76,0,0,-72,-72,-64,-61,-55,-53,0,0,-73,-74,0,0,-66,-66,-63,-60,-56,-57,0,0,0,-78,-77,-84,-85,-84,-82,0,0,-79,-78,-45,-54
0,0,-67,-67,0,0,0,-71,-80,-79,0,0,-71,-71,0,0,-75,-76,0,0,-72,-72,-64,-61,-55,-53,0,0,-73,-74,0,0,-66,-66,-63,-60,-56,-57,0,0,0,-78,-77,-84,-85,-84,-82,0,0,-79,-78,-45,-54
0,0,-67,-67,0,0,0,-71,-80,-79,0,0,-71,-71,0,0,-75,-76,0,0,-72,-72,-64,-61,-55,-53,0,0,-73,-74,0,0,-66,-66,-63,-60,-56,-57,0,0,0,-78,-77,-84,-85,-84,-82,0,0,-79,-78,-45,-54
0,0,-67,-67,0,0,0,-71,-80,-79,0,0,-71,-71,0,0,-75,-76,0,0,-72,-72,-64,-61,-56,-53,0,0,-73,-74,0,0,-66,-66,-63,-60,-56,-57,0,0,0,-78,-77,-84,-85,-84,-82,0,0,-79,-78,-45,-54
0,0,-67,-67,0,0,0,-71,-80,-79,0,0,-71,-71,0,0,-75,-76,0,0,-72,-72,-64,-61,-56,-53,0,0,-73,-74,0,0,-66,-66,-63,-60,-56,-57,0,0,0,-78,-77,-84,-85,-84,-82,0,0,-79,-78,-45,-54
0,0,-66,-66,0,0,0,-71,-80,-81,0,0,-68,-68,0,0,-75,-75,0,0,-72,-72,-64,-61,-56,-55,0,0,-75,-77,0,0,-62,-62,-66,-60,-58,-59,0,0,0,-76,-76,-84,-85,-85,-82,0,0,-79,-78,-41,-60
0,0,-66,-66,0,0,0,-71,-80,-81,0,0,-68,-68,0,0,-75,-75,0,0,-72,-72,-64,-61,-55,-55,0,0,-75,-77,0,0,-62,-62,-66,-60,-58,-59,0,0,0,-76,-76,-84,-85,-85,-82,0,0,-79,-78,-41,-60
0,0,-66,-66,0,0,0,-71,-80,-81,0,0,-68,-68,0,0,-75,-75,0,0,-72,-72,-64,-61,-55,-55,0,0,-75,-77,0,0,-62,-62,-66,-60,-58,-59,0,0,0,-76,-76,-84,-85,-85,-82,0,0,-79,-78,-41,-60
0,0,-66,-66,0,0,0,-71,-80,-81,0,0,-68,-68,0,0,-75,-75,0,0,-72,-72,-64,-61,-55,-55,0,0,-75,-77,0,0,-62,-62,-66,-60,-58,-59,0,0,0,-76,-76,-84,-85,-85,-82,0,0,-79,-78,-41,-60
0,0,-66,-66,0,0,0,-71,-80,-81,0,0,-68,-68,0,0,-75,-75,0,0,-72,-72,-64,-61,-55,-55,0,0,-75,-77,0,0,-62,-62,-66,-60,-58,-59,0,0,0,-76,-76,-84,-85,-85,-82,0,0,-79,-78,-41,-60
0,0,-70,-69,-69,0,0,0,-80,-81,0,0,-70,-70,0,0,-77,-77,0,0,-71,-72,-63,-59,-56,-56,0,0,-72,-72,-60,-57,-64,-64,-66,-60,-60,-61,0,0,0,-80,-79,-84,-85,-84,-84,0,0,-79,-81,-43,-56
0,0,-70,-69,-69,0,0,0,-80,-81,0,0,-70,-70,0,0,-77,-77,0,0,-71,-72,-63,-59,-56,-56,0,0,-72,-72,-60,-57,-64,-64,-66,-60,-60,-61,0,0,0,-80,-79,-84,-85,-84,-84,0,0,-79,-81,-43,-56
0,0,-70,-69,-69,0,0,0,-80,-81,0,0,-70,-70,0,0,-77,-77,0,0,-71,-72,-63,-59,-56,-56,0,0,-72,-72,-60,-57,-64,-64,-66,-60,-60,-61,0,0,0,-80,-79,-84,-85,-84,-84,0,0,-79,-81,-43,-56
0,0,-70,-69,-69,0,0,0,-80,-81,0,0,-70,-70,0,0,-77,-77,0,0,-71,-72,-63,-59,-56,-56,0,0,-72,-72,-60,-57,-64,-64,-66,-60,-60,-61,0,0,0,-80,-79,-84,-85,-84,-84,0,0,-79,-81,-43,-56
0,0,-70,-69,-69,0,0,0,-80,-81,0,0,-70,-70,0,0,-77,-77,0,0,-71,-72,-63,-59,-56,-56,0,0,-72,-72,-60,-57,-64,-64,-66,-60,-60,-61,0,0,0,-80,-79,-84,-85,-84,-84,0,0,-79,-81,-43,-56
0,-63,-70,-70,-69,0,0,0,-80,-78,0,0,-71,-70,0,0,-78,-78,0,0,-72,-72,-61,-59,-55,-55,0,0,-72,-72,-60,-57,-60,-60,0,-62,-59,-60,0,0,0,-77,-79,0,0,-81,-82,0,0,-79,-81,-45,-56
0,-63,-70,-70,-69,0,0,0,-80,-78,0,0,-71,-70,0,0,-78,-78,0,0,-72,-72,-61,-59,-55,-55,0,0,-72,-72,-60,-57,-60,-60,0,-62,-59,-60,0,0,0,-77,-79,0,0,-81,-82,0,0,-79,-81,-45,-56
0,-63,-70,-70,-69,0,0,0,-80,-78,0,0,-71,-70,0,0,-78,-78,0,0,-72,-72,-61,-59,-56,-55,0,0,-72,-72,-60,-57,-60,-60,0,-62,-59,-60,0,0,0,-77,-79,0,0,-81,-82,0,0,-79,-81,-45,-56
0,-63,-70,-70,-69,0,0,0,-80,-78,0,0,-71,-70,0,0,-78,-78,0,0,-72,-72,-61,-59,-56,-55,0,0,-72,-72,-60,-57,-60,-60,0,-62,-59,-60,0,0,0,-77,-79,0,0,-81,-82,0,0,-79,-81,-45,-56
0,-63,-70,-70,-69,0,0,0,-80,-78,0,0,-71,-70,0,0,-78,-78,0,0,-72,-72,-61,-59,-57,-55,0,0,-72,-72,-60,-57,-60,-60,0,-62,-59,-60,0,0,0,-77,-79,0,0,-81,-82,0,0,-79,-81,-45,-56
0,-63,-68,-67,0,0,0,-70,-79,-78,0,0,-70,-70,0,0,-74,-74,0,0,-70,-69,-60,-55,-56,-56,-72,-74,-71,-72,-62,0,-63,-64,-64,-62,-59,-60,0,0,0,-74,-75,0,-85,-83,-83,0,0,-79,-78,-42,-56
0,-63,-68,-67,0,0,0,-70,-79,-78,0,0,-70,-70,0,0,-74,-74,0,0,-70,-69,-60,-55,-56,-56,-72,-74,-71,-72,-62,0,-63,-64,-64,-62,-59,-60,0,0,0,-74,-75,0,-85,-83,-83,0,0,-79,-78,-42,-56
0,-63,-68,-67,0,0,0,-70,-79,-78,0,0,-70,-70,0,0,-74,-74,0,0,-70,-69,-60,-55,-54,-56,-72,-74,-71,-72,-62,0,-63,-64,-64,-62,-59,-60,0,0,0,-74,-75,0,-85,-83,-83,0,0,-79,-78,-42,-56
0,-63,-68,-67,0,0,0,-70,-79,-78,0,0,-70,-70,0,0,-74,-74,0,0,-70,-69,-60,-55,-54,-56,-72,-74,-71,-72,-62,0,-63,-64,-64,-62,-59,-60,0,0,0,-74,-75,0,-85,-83,-83,0,0,-79,-78,-42,-56
0,-63,-68,-67,0,0,0,-70,-79,-78,0,0,-70,-70,0,0,-74,-74,0,0,-70,-69,-60,-55,-54,-56,-72,-74,-71,-72,-62,0,-63,-64,-64,-62,-59,-60,0,0,0,-74,-75,0,-85,-83,-83,0,0,-79,-78,-42,-56
0,0,-67,-67,-67,0,0,-74,-79,-79,0,0,-69,-69,0,0,-75,-75,0,0,-70,-71,-60,-59,-56,-56,-72,-74,-73,-75,-62,0,-64,-64,-67,-64,-57,-57,0,0,0,-75,-76,0,-85,-82,-82,0,0,-79,-78,-42,-59
0,0,-67,-67,-67,0,0,-74,-79,-79,0,0,-69,-69,0,0,-75,-75,0,0,-70,-71,-60,-59,-56,-56,-72,-74,-73,-75,-62,0,-64,-64,-67,-64,-57,-57,0,0,0,-75,-76,0,-85,-82,-82,0,0,-79,-78,-42,-59
0,0,-67,-67,-67,0,0,-74,-79,-79,0,0,-69,-69,0,0,-75,-75,0,0,-70,-71,-60,-59,-56,-56,-72,-74,-73,-75,-62,0,-64,-64,-67,-64,-57,-57,0,0,0,-75,-76,0,-85,-82,-82,0,0,-79,-78,-42,-59
0,0,-67,-67,-71,0,0,-74,-80,-79,0,0,-69,-69,0,0,-76,-75,-71,-67,-70,-71,-59,-57,-58,-54,0,0,-75,-76,0,0,-69,-69,-67,-64,-59,-59,-77,0,0,-80,-80,0,0,-82,-82,0,0,-79,-78,-44,-63
0,0,-67,-67,-71,0,0,-74,-80,-79,0,0,-69,-69,0,0,-76,-75,-71,-67,-70,-71,-59,-57,-58,-54,0,0,-75,-76,0,0,-69,-69,-67,-64,-59,-59,-77,0,0,-80,-80,0,0,-82,-82,0,0,-79,-78,-44,-63
0,0,-67,-67,-71,0,0,-74,-80,-79,0,0,-69,-69,0,0,-76,-75,-71,-67,-70,-71,-59,-57,-58,-54,0,0,-75,-76,0,0,-69,-69,-67,-64,-59,-59,-77,0,0,-80,-80,0,0,-82,-82,0,0,-79,-78,-44,-63
0,0,-67,-67,-71,0,0,-74,-80,-79,0,0,-69,-69,0,0,-76,-75,-71,-67,-70,-71,-59,-57,-55,-54,0,0,-75,-76,0,0,-69,-69,-67,-64,-59,-59,-77,0,0,-80,-80,0,0,-82,-82,0,0,-79,-78,-44,-63
0,0,-67,-67,-71,0,0,-74,-80,-79,0,0,-69,-69,0,0,-76,-75,-71,-67,-70,-71,-59,-57,-55,-54,0,0,-75,-76,0,0,-69,-69,-67,-64,-59,-59,-77,0,0,-80,-80,0,0,-82,-82,0,0,-79,-78,-44,-63
0,0,-70,-70,-71,0,0,0,-80,-79,0,-72,-74,-75,0,0,-82,-75,-71,-67,-69,-69,-59,-55,-54,-54,0,0,-75,-76,0,0,-69,-69,-71,-64,-72,-71,-77,0,0,-80,-80,-84,-83,-84,-84,0,0,-84,-85,-45,-60
0,0,-70,-70,-71,0,0,0,-80,-79,0,-72,-74,-75,0,0,-82,-75,-71,-67,-69,-69,-59,-55,-52,-54,0,0,-75,-76,0,0,-69,-69,-71,-64,-72,-71,-77,0,0,-80,-80,-84,-83,-84,-84,0,0,-84,-85,-45,-60
0,0,-70,-70,-71,0,0,0,-80,-79,0,-72,-74,-75,0,0,-82,-75,-71,-67,-69,-69,-59,-55,-52,-54,0,0,-75,-76,0,0,-69,-69,-71,-64,-72,-71,-77,0,0,-80,-80,-84,-83,-84,-84,0,0,-84,-85,-45,-60
0,0,-70,-70,-71,0,0,0,-80,-79,0,-72,-74,-75,0,0,-82,-75,-71,-67,-69,-69,-59,-55,-52,-54,0,0,-75,-76,0,0,-69,-69,-71,-64,-72,-71,-77,0,0,-80,-80,-84,-83,-84,-84,0,0,-84,-85,-45,-60
0,0,-70,-70,-71,0,0,0,-80,-79,0,-72,-74,-75,0,0,-82,-75,-71,-67,-69,-69,-59,-55,-52,-54,0,0,-75,-76,0,0,-69,-69,-71,-64,-72,-71,-77,0,0,-80,-80,-84,-83,-84,-84,0,0,-84,-85,-45,-60
0,0,-70,-70,0,0,0,-74,0,0,0,-72,-77,-76,0,0,-82,0,0,0,-69,-69,-56,-51,-54,-52,0,0,-80,-81,0,0,-70,-71,-75,0,-73,-73,0,0,0,-81,-80,-84,-83,-84,-84,0,0,-80,-81,-44,-60
0,0,-70,-70,0,0,0,-74,0,0,0,-72,-77,-76,0,0,-82,0,0,0,-69,-69,-56,-51,-54,-52,0,0,-80,-81,0,0,-70,-71,-75,0,-73,-73,0,0,0,-81,-80,-84,-83,-84,-84,0,0,-80,-81,-44,-60
0,0,-70,-70,0,0,0,-74,0,0,0,-72,-77,-76,0,0,-82,0,0,0,-69,-69,-56,-51,-54,-52,0,0,-80,-81,0,0,-70,-71,-75,0,-73,-73,0,0,0,-81,-80,-84,-83,-84,-84,0,0,-80,-81,-44,-60
0,0,-70,-70,0,0,0,-74,0,0,0,-72,-77,-76,0,0,-82,0,0,0,-69,-69,-56,-51,-54,-52,0,0,-80,-81,0,0,-70,-71,-75,0,-73,-73,0,0,0,-81,-80,-84,-83,-84,-84,0,0,-80,-81,-44,-60
0,0,-70,-70,0,0,0,-74,0,0,0,-72,-77,-76,0,0,-82,0,0,0,-69,-69,-56,-51,-53,-52,0,0,-80,-81,0,0,-70,-71,-75,0,-73,-73,0,0,0,-81,-80,-84,-83,-84,-84,0,0,-80,-81,-44,-60
0,0,-71,-71,-78,0,0,-74,0,0,0,0,-77,-76,-73,-71,0,0,0,0,-69,-69,-55,-51,-53,-52,0,0,-82,-82,0,0,-70,-70,-75,0,-75,-74,0,0,0,-81,0,0,0,0,0,0,0,-80,-81,-44,-60
0,0,-71,-71,-78,0,0,-74,0,0,0,0,-77,-76,-73,-71,0,0,0,0,-69,-69,-55,-51,-53,-52,0,0,-82,-82,0,0,-70,-70,-75,0,-75,-74,0,0,0,-81,0,0,0,0,0,0,0,-80,-81,-44,-60
0,0,-71,-71,-78,0,0,-74,0,0,0,0,-77,-76,-73,-71,0,0,0,0,-69,-69,-55,-51,-53,-52,0,0,-82,-82,0,0,-70,-70,-75,0,-75,-74,0,0,0,-81,0,0,0,0,0,0,0,-80,-81,-44,-60
0,0,-71,-71,-78,0,0,-74,0,0,0,0,-77,-76,-73,-71,0,0,0,0,-69,-69,-55,-51,-53,-52,0,0,-82,-82,0,0,-70,-70,-75,0,-75,-74,0,0,0,-81,0,0,0,0,0,0,0,-80,-81,-44,-60
0,0,-71,-71,-78,0,0,-74,0,0,0,0,-77,-76,-73,-71,0,0,0,0,-69,-69,-55,-51,-53,-52,0,0,-82,-82,0,0,-70,-70,-75,0,-75,-74,0,0,0,-81,0,0,0,0,0,0,0,-80,-81,-44,-60
0,0,-71,-71,-78,0,0,0,0,0,0,0,-77,-76,-73,-71,-85,0,0,0,-69,-68,-55,-52,-53,-53,0,0,-82,-82,0,0,-71,-70,0,0,-73,-74,0,0,0,-81,-82,0,0,0,0,0,0,-80,-80,-44,-64
0,0,-71,-71,-78,0,0,0,0,0,0,0,-77,-76,-73,-71,-85,0,0,0,-69,-68,-55,-52,-53,-53,0,0,-82,-82,0,0,-71,-70,0,0,-73,-74,0,0,0,-81,-82,0,0,0,0,0,0,-80,-80,-44,-64
0,0,-71,-71,-78,0,0,0,0,0,0,0,-77,-76,-73,-71,-85,0,0,0,-69,-68,-55,-52,-53,-53,0,0,-82,-82,0,0,-71,-70,0,0,-73,-74,0,0,0,-81,-82,0,0,0,0,0,0,-80,-80,-44,-64
0,0,-71,-71,-78,0,0,0,0,0,0,0,-77,-76,-73,-71,-85,0,0,0,-69,-68,-55,-52,-53,-53,0,0,-82,-82,0,0,-71,-70,0,0,-73,-74,0,0,0,-81,-82,0,0,0,0,0,0,-80,-80,-44,-64
0,0,-71,-71,-78,0,0,0,0,0,0,0,-77,-76,-73,-71,-85,0,0,0,-69,-68,-55,-52,-53,-53,0,0,-82,-82,0,0,-71,-70,0,0,-73,-74,0,0,0,-81,-82,0,0,0,0,0,0,-80,-80,-44,-64
0,0,-71,-71,0,0,0,0,0,0,-80,-78,-77,-76,0,-70,-85,0,0,0,-69,-69,-55,-52,-53,-53,0,-80,-83,-83,0,0,-70,-71,0,0,-74,-74,0,0,0,-83,-82,0,0,0,0,0,0,-80,-80,-43,-61
0,0,-71,-71,0,0,0,0,0,0,-80,-78,-77,-76,0,-70,-85,0,0,0,-69,-69,-55,-52,-53,-53,0,-80,-83,-83,0,0,-70,-71,0,0,-74,-74,0,0,0,-83,-82,0,0,0,0,0,0,-80,-80,-43,-61
0,0,-71,-71,0,0,0,0,0,0,-80,-78,-77,-76,0,-70,-85,0,0,0,-69,-69,-55,-52,-53,-53,0,-80,-83,-83,0,0,-70,-71,0,0,-74,-74,0,0,0,-83,-82,0,0,0,0,0,0,-80,-80,-43,-61
0,0,-71,-71,0,0,0,0,0,0,-80,-78,-77,-76,0,-70,-85,0,0,0,-69,-69,-55,-52,-53,-53,0,-80,-83,-83,0,0,-70,-71,0,0,-74,-74,0,0,0,-83,-82,0,0,0,0,0,0,-80,-80,-43,-61
0,0,-71,-71,0,0,0,0,0,0,-80,-78,-77,-76,0,-70,-85,0,0,0,-69,-69,-55,-52,-53,-53,0,-80,-83,-83,0,0,-70,-71,0,0,-74,-74,0,0,0,-83,-82,0,0,0,0,0,0,-80,-80,-43,-61
0,0,-70,-71,-78,0,0,0,0,0,-80,-78,-76,-75,0,-70,0,-83,0,0,-69,-69,-55,-60,-53,-53,0,-79,-82,-83,0,0,-70,-70,0,0,-74,-74,0,0,0,-82,-82,0,0,0,0,0,0,-80,-80,-43,-64
0,0,-70,-71,-78,0,0,0,0,0,-80,-78,-76,-75,0,-70,0,-83,0,0,-69,-69,-55,-60,-53,-53,0,-79,-82,-83,0,0,-70,-70,0,0,-74,-74,0,0,0,-82,-82,0,0,0,0,0,0,-80,-80,-43,-64
0,0,-70,-71,-78,0,0,0,0,0,-80,-78,-76,-75,0,-70,0,-83,0,0,-69,-69,-55,-60,-53,-53,0,-79,-82,-83,0,0,-70,-70,0,0,-74,-74,0,0,0,-82,-82,0,0,0,0,0,0,-80,-80,-43,-64
0,0,-70,-71,-78,0,0,0,0,0,-80,-78,-76,-75,0,-70,0,-83,0,0,-69,-69,-55,-60,-54,-53,0,-79,-82,-83,0,0,-70,-70,0,0,-74,-74,0,0,0,-82,-82,0,0,0,0,0,0,-80,-80,-43,-64
0,0,-70,-71,-78,0,0,0,0,0,-80,-78,-76,-75,0,-70,0,-83,0,0,-69,-69,-55,-60,-54,-53,0,-79,-82,-83,0,0,-70,-70,0,0,-74,-74,0,0,0,-82,-82,0,0,0,0,0,0,-80,-80,-43,-64
0,-64,-73,-73,-78,0,0,0,0,0,0,0,-76,-76,0,0,0,-83,0,0,-70,-69,-55,-55,-54,-53,0,-79,-78,-78,0,0,-71,-71,0,0,-74,-74,0,-77,-76,-82,-81,0,0,0,0,0,0,-80,-79,-40,-62
0,-64,-73,-73,-78,0,0,0,0,0,0,0,-76,-76,0,0,0,-83,0,0,-70,-69,-55,-55,-54,-53,0,-79,-78,-78,0,0,-71,-71,0,0,-74,-74,0,-77,-76,-82,-81,0,0,0,0,0,0,-80,-79,-40,-62
0,-64,-73,-73,-78,0,0,0,0,0,0,0,-76,-76,0,0,0,-83,0,0,-70,-69,-55,-55,-54,-53,0,-79,-78,-78,0,0,-71,-71,0,0,-74,-74,0,-77,-76,-82,-81,0,0,0,0,0,0,-80,-79,-40,-62
0,-64,-73,-73,-78,0,0,0,0,0,0,0,-76,-76,0,0,0,-83,0,0,-70,-69,-55,-55,-54,-53,0,-79,-78,-78,0,0,-71,-71,0,0,-74,-74,0,-77,-76,-82,-81,0,0,0,0,0,0,-80,-79,-40,-62
0,-64,-73,-73,-78,0,0,0,0,0,0,0,-76,-76,0,0,0,-83,0,0,-70,-69,-55,-55,-54,-53,0,-79,-78,-78,0,0,-71,-71,0,0,-74,-74,0,-77,-76,-82,-81,0,0,0,0,0,0,-80,-79,-40,-62
0,-67,-72,-72,0,0,0,-78,0,0,-75,-73,-76,-77,0,0,0,0,-72,0,-70,-69,-57,-52,-53,-53,0,0,-78,-82,0,0,-70,-71,0,0,-74,-75,0,-77,-76,-82,-81,0,0,0,0,0,0,-79,-79,-42,-62
0,-67,-72,-72,0,0,0,-78,0,0,-75,-73,-76,-77,0,0,0,0,-72,0,-70,-69,-57,-52,-54,-53,0,0,-78,-82,0,0,-70,-71,0,0,-74,-75,0,-77,-76,-82,-81,0,0,0,0,0,0,-79,-79,-42,-62
0,-67,-72,-72,0,0,0,-78,0,0,-75,-73,-76,-77,0,0,0,0,-72,0,-70,-69,-57,-52,-54,-53,0,0,-78,-82,0,0,-70,-71,0,0,-74,-75,0,-77,-76,-82,-81,0,0,0,0,0,0,-79,-79,-42,-62
0,-67,-72,-72,0,0,0,-78,0,0,-75,-73,-76,-77,0,0,0,0,-72,0,-70,-69,-57,-52,-54,-53,0,0,-78,-82,0,0,-70,-71,0,0,-74,-75,0,-77,-76,-82,-81,0,0,0,0,0,0,-79,-79,-42,-62
0,-67,-72,-72,0,0,0,-78,0,0,-75,-73,-76,-77,0,0,0,0,-72,0,-70,-69,-57,-52,-55,-53,0,0,-78,-82,0,0,-70,-71,0,0,-74,-75,0,-77,-76,-82,-81,0,0,0,0,0,0,-79,-79,-42,-62
0,-67,-72,-72,0,0,0,-78,0,0,-75,-72,-76,-76,0,-70,0,0,-72,0,-70,-70,-56,-52,-55,-54,0,0,-82,-82,-61,0,-71,-71,0,0,-74,-75,0,0,0,0,0,0,0,0,0,0,0,-79,-79,-42,-64
0,-67,-72,-72,0,0,0,-78,0,0,-75,-72,-76,-76,0,-70,0,0,-72,0,-70,-70,-56,-52,-54,-54,0,0,-82,-82,-61,0,-71,-71,0,0,-74,-75,0,0,0,0,0,0,0,0,0,0,0,-79,-79,-42,-64
0,-67,-72,-72,0,0,0,-78,0,0,-75,-72,-76,-76,0,-70,0,0,-72,0,-70,-70,-56,-52,-54,-54,0,0,-82,-82,-61,0,-71,-71,0,0,-74,-75,0,0,0,0,0,0,0,0,0,0,0,-79,-79,-42,-64
0,-67,-72,-72,0,0,0,-78,0,0,-75,-72,-76,-76,0,-70,0,0,-72,0,-70,-70,-56,-52,-54,-54,0,0,-82,-82,-61,0,-71,-71,0,0,-74,-75,0,0,0,0,0,0,0,0,0,0,0,-79,-79,-42,-64
0,-67,-72,-72,0,0,0,-78,0,0,-75,-72,-76,-76,0,-70,0,0,-72,0,-70,-70,-56,-52,-54,-54,0,0,-82,-82,-61,0,-71,-71,0,0,-74,-75,0,0,0,0,0,0,0,0,0,0,0,-79,-79,-42,-64
0,0,-75,-75,-77,0,0,0,0,0,-75,-72,-76,-76,0,-70,-84,-83,0,0,-70,-70,-55,-51,-54,-54,0,0,-82,-82,-63,-57,-71,-70,0,0,-74,-75,0,0,0,0,0,0,0,0,0,0,0,-79,-79,-43,-62
0,0,-75,-75,-77,0,0,0,0,0,-75,-72,-76,-76,0,-70,-84,-83,0,0,-70,-70,-55,-51,-54,-54,0,0,-82,-82,-63,-57,-71,-70,0,0,-74,-75,0,0,0,0,0,0,0,0,0,0,0,-79,-79,-43,-62
0,0,-75,-75,-77,0,0,0,0,0,-75,-72,-76,-76,0,-70,-84,-83,0,0,-70,-70,-55,-51,-54,-54,0,0,-82,-82,-63,-57,-71,-70,0,0,-74,-75,0,0,0,0,0,0,0,0,0,0,0,-79,-79,-43,-62
0,0,-75,-75,-77,0,0,0,0,0,-75,-72,-76,-76,0,-70,-84,-83,0,0,-70,-70,-55,-51,-54,-54,0,0,-82,-82,-63,-57,-71,-70,0,0,-74,-75,0,0,0,0,0,0,0,0,0,0,0,-79,-79,-43,-62
0,0,-75,-75,-77,0,0,0,0,0,-75,-72,-76,-76,0,-70,-84,-83,0,0,-70,-70,-55,-51,-54,-54,0,0,-82,-82,-63,-57,-71,-70,0,0,-74,-75,0,0,0,0,0,0,0,0,0,0,0,-79,-79,-43,-62
0,-63,-74,-74,-77,0,0,0,0,0,0,0,-74,-75,0,0,-84,-83,0,0,-70,-72,-55,-52,-54,-54,0,0,-82,-82,-63,-57,-70,-70,0,0,-74,-74,0,0,0,0,0,0,0,0,0,0,0,-79,-79,-42,-62
0,-63,-74,-74,-77,0,0,0,0,0,0,0,-74,-75,0,0,-84,-83,0,0,-70,-72,-55,-52,-54,-54,0,0,-82,-82,-63,-57,-70,-70,0,0,-74,-74,0,0,0,0,0,0,0,0,0,0,0,-79,-79,-42,-62
0,-63,-74,-74,-77,0,0,0,0,0,0,0,-74,-75,0,0,-84,-83,0,0,-70,-72,-55,-52,-56,-54,0,0,-82,-82,-63,-57,-70,-70,0,0,-74,-74,0,0,0,0,0,0,0,0,0,0,0,-79,-79,-42,-62
0,-63,-74,-74,-77,0,0,0,0,0,0,0,-74,-75,0,0,-84,-83,0,0,-70,-72,-55,-52,-56,-54,0,0,-82,-82,-63,-57,-70,-70,0,0,-74,-74,0,0,0,0,0,0,0,0,0,0,0,-79,-79,-42,-62
0,-63,-71,-71,-77,0,0,0,-79,-78,0,0,-71,-71,0,0,-78,-79,0,0,-74,-76,-56,-52,-45,-51,0,0,-84,-83,0,0,-70,-70,0,0,-71,-71,0,0,0,-78,-79,0,0,0,0,0,0,-80,-80,-41,-62
0,-63,-71,-71,-77,0,0,0,-79,-78,0,0,-71,-71,0,0,-78,-79,0,0,-74,-76,-56,-52,-45,-51,0,0,-84,-83,0,0,-70,-70,0,0,-71,-71,0,0,0,-78,-79,0,0,0,0,0,0,-80,-80,-41,-62
0,-63,-71,-71,-77,0,0,0,-79,-78,0,0,-71,-71,0,0,-78,-79,0,0,-74,-76,-56,-52,-51,-51,0,0,-84,-83,0,0,-70,-70,0,0,-71,-71,0,0,0,-78,-79,0,0,0,0,0,0,-80,-80,-41,-62
0,-63,-71,-71,-77,0,0,0,-79,-78,0,0,-71,-71,0,0,-78,-79,0,0,-74,-76,-56,-52,-51,-51,0,0,-84,-83,0,0,-70,-70,0,0,-71,-71,0,0,0,-78,-79,0,0,0,0,0,0,-80,-80,-41,-62
0,-63,-71,-71,-77,0,0,0,-79,-78,0,0,-71,-71,0,0,-78,-79,0,0,-74,-76,-56,-52,-51,-51,0,0,-84,-83,0,0,-70,-70,0,0,-71,-71,0,0,0,-78,-79,0,0,0,0,0,0,-80,-80,-41,-62
0,0,-73,-72,-77,0,0,0,-78,-78,-71,-69,-71,-71,0,0,-82,-82,0,0,-74,-77,-56,-52,-55,-56,0,0,-78,-77,0,-62,-66,-65,0,0,-60,-60,0,0,0,-78,-78,0,0,-84,-84,0,0,-76,-76,-38,-58
0,0,-73,-72,-77,0,0,0,-78,-78,-71,-69,-71,-71,0,0,-82,-82,0,0,-74,-77,-56,-52,-55,-56,0,0,-78,-77,0,-62,-66,-65,0,0,-60,-60,0,0,0,-78,-78,0,0,-84,-84,0,0,-76,-76,-38,-58
0,0,-73,-72,-77,0,0,0,-78,-78,-71,-69,-71,-71,0,0,-82,-82,0,0,-74,-77,-56,-52,-55,-56,0,0,-78,-77,0,-62,-66,-65,0,0,-60,-60,0,0,0,-78,-78,0,0,-84,-84,0,0,-76,-76,-38,-58
0,0,-73,-72,-77,0,0,0,-78,-78,-71,-69,-71,-71,0,0,-82,-82,0,0,-74,-77,-56,-52,-55,-56,0,0,-78,-77,0,-62,-66,-65,0,0,-60,-60,0,0,0,-78,-78,0,0,-84,-84,0,0,-76,-76,-38,-58
0,0,-73,-72,-77,0,0,0,-78,-78,-71,-69,-71,-71,0,0,-82,-82,0,0,-74,-77,-56,-52,-55,-56,0,0,-78,-77,0,-62,-66,-65,0,0,-60,-60,0,0,0,-78,-78,0,0,-84,-84,0,0,-76,-76,-38,-58
0,0,-74,-74,-71,-81,-80,0,-78,-78,-71,-69,-69,-69,0,0,-82,-82,0,0,-73,-73,-59,-57,-57,-56,0,0,-78,-78,0,-62,-64,-64,-65,0,-59,-59,0,0,0,-79,-80,0,0,-84,-84,0,0,-76,-76,-34,-59
0,0,-74,-74,-71,-81,-80,0,-78,-78,-71,-69,-69,-69,0,0,-82,-82,0,0,-73,-73,-59,-57,-57,-56,0,0,-78,-78,0,-62,-64,-64,-65,0,-59,-59,0,0,0,-79,-80,0,0,-84,-84,0,0,-76,-76,-34,-59
0,0,-74,-74,-71,-81,-80,0,-78,-78,-71,-69,-69,-69,0,0,-82,-82,0,0,-73,-73,-59,-57,-57,-56,0,0,-78,-78,0,-62,-64,-64,-65,0,-59,-59,0,0,0,-79,-80,0,0,-84,-84,0,0,-76,-76,-34,-59
0,0,-74,-74,-71,-81,-80,0,-78,-78,-71,-69,-69,-69,0,0,-82,-82,0,0,-73,-73,-59,-57,-55,-56,0,0,-78,-78,0,-62,-64,-64,-65,0,-59,-59,0,0,0,-79,-80,0,0,-84,-84,0,0,-76,-76,-34,-59
0,0,-74,-74,-71,-81,-80,0,-78,-78,-71,-69,-69,-69,0,0,-82,-82,0,0,-73,-73,-59,-57,-55,-56,0,0,-78,-78,0,-62,-64,-64,-65,0,-59,-59,0,0,0,-79,-80,0,0,-84,-84,0,0,-76,-76,-34,-59
0,0,-72,-72,-71,-81,-80,0,-79,-79,0,0,-70,-70,0,0,-78,-79,0,0,-75,-75,-59,-57,-56,-55,0,0,-75,-76,0,0,-64,-64,-63,-60,-57,-57,0,0,0,-81,-81,0,0,-84,-85,0,0,-78,-77,-34,-56
0,0,-72,-72,-71,-81,-80,0,-79,-79,0,0,-70,-70,0,0,-78,-79,0,0,-75,-75,-59,-57,-56,-55,0,0,-75,-76,0,0,-64,-64,-63,-60,-57,-57,0,0,0,-81,-81,0,0,-84,-85,0,0,-78,-77,-34,-56
0,0,-72,-72,-71,-81,-80,0,-79,-79,0,0,-70,-70,0,0,-78,-79,0,0,-75,-75,-59,-57,-56,-55,0,0,-75,-76,0,0,-64,-64,-63,-60,-57,-57,0,0,0,-81,-81,0,0,-84,-85,0,0,-78,-77,-34,-56
0,0,-72,-72,-71,-81,-80,0,-79,-79,0,0,-70,-70,0,0,-78,-79,0,0,-75,-75,-59,-57,-54,-55,0,0,-75,-76,0,0,-64,-64,-63,-60,-57,-57,0,0,0,-81,-81,0,0,-84,-85,0,0,-78,-77,-34,-56
0,0,-72,-72,-71,-81,-80,0,-79,-79,0,0,-70,-70,0,0,-78,-79,0,0,-75,-75,-59,-57,-54,-55,0,0,-75,-76,0,0,-64,-64,-63,-60,-57,-57,0,0,0,-81,-81,0,0,-84,-85,0,0,-78,-77,-34,-56
0,0,-68,-68,-82,0,0,0,-78,-79,-72,-71,-70,-70,0,0,-82,-81,0,0,-73,-73,-63,-61,-54,-55,0,-69,-75,-75,0,0,-64,-65,-63,-60,-54,-55,0,0,0,-78,-77,0,0,-84,-85,0,0,-77,-77,-37,-59
0,0,-68,-68,-82,0,0,0,-78,-79,-72,-71,-70,-70,0,0,-82,-81,0,0,-73,-73,-63,-61,-54,-55,0,-69,-75,-75,0,0,-64,-65,-63,-60,-54,-55,0,0,0,-78,-77,0,0,-84,-85,0,0,-77,-77,-37,-59
0,0,-68,-68,-82,0,0,0,-78,-79,-72,-71,-70,-70,0,0,-82,-81,0,0,-73,-73,-63,-61,-54,-55,0,-69,-75,-75,0,0,-64,-65,-63,-60,-54,-55,0,0,0,-78,-77,0,0,-84,-85,0,0,-77,-77,-37,-59
0,0,-68,-68,-82,0,0,0,-78,-79,-72,-71,-70,-70,0,0,-82,-81,0,0,-73,-73,-63,-61,-55,-55,0,-69,-75,-75,0,0,-64,-65,-63,-60,-54,-55,0,0,0,-78,-77,0,0,-84,-85,0,0,-77,-77,-37,-59
0,0,-68,-68,-82,0,0,0,-78,-79,-72,-71,-70,-70,0,0,-82,-81,0,0,-73,-73,-63,-61,-55,-55,0,-69,-75,-75,0,0,-64,-65,-63,-60,-54,-55,0,0,0,-78,-77,0,0,-84,-85,0,0,-77,-77,-37,-59
0,0,-67,-67,-82,0,0,0,-78,-77,-72,-71,-70,-70,0,0,-82,-81,0,0,-73,-73,-63,-61,-54,-55,0,-69,-75,-75,0,0,-62,-62,-64,0,-56,-56,0,0,0,-80,-77,0,0,-84,-84,0,0,-78,-77,-35,-61
0,0,-67,-67,-82,0,0,0,-78,-77,-72,-71,-70,-70,0,0,-82,-81,0,0,-73,-73,-63,-61,-55,-55,0,-69,-75,-75,0,0,-62,-62,-64,0,-56,-56,0,0,0,-80,-77,0,0,-84,-84,0,0,-78,-77,-35,-61
0,0,-67,-67,-82,0,0,0,-78,-77,-72,-71,-70,-70,0,0,-82,-81,0,0,-73,-73,-63,-61,-55,-55,0,-69,-75,-75,0,0,-62,-62,-64,0,-56,-56,0,0,0,-80,-77,0,0,-84,-84,0,0,-78,-77,-35,-61
0,0,-67,-67,-82,0,0,0,-78,-77,-72,-71,-70,-70,0,0,-82,-81,0,0,-73,-73,-63,-61,-55,-55,0,-69,-75,-75,0,0,-62,-62,-64,0,-56,-56,0,0,0,-80,-77,0,0,-84,-84,0,0,-78,-77,-35,-61
0,0,-67,-67,-82,0,0,0,-78,-77,-72,-71,-70,-70,0,0,-82,-81,0,0,-73,-73,-63,-61,-55,-55,0,-69,-75,-75,0,0,-62,-62,-64,0,-56,-56,0,0,0,-80,-77,0,0,-84,-84,0,0,-78,-77,-35,-61
0,0,-67,-67,-73,0,0,-68,-79,-80,0,0,-68,-68,0,0,-83,-83,0,0,-71,-72,-63,-61,-54,-55,0,0,-72,-72,0,0,-63,-62,-64,0,-53,-54,0,0,0,-80,-82,0,0,-84,-84,0,0,-77,-78,-35,-66
0,0,-67,-67,-73,0,0,-68,-79,-80,0,0,-68,-68,0,0,-83,-83,0,0,-71,-72,-63,-61,-54,-55,0,0,-72,-72,0,0,-63,-62,-64,0,-53,-54,0,0,0,-80,-82,0,0,-84,-84,0,0,-77,-78,-35,-66
0,0,-67,-67,-73,0,0,-68,-79,-80,0,0,-68,-68,0,0,-83,-83,0,0,-71,-72,-63,-61,-54,-55,0,0,-72,-72,0,0,-63,-62,-64,0,-53,-54,0,0,0,-80,-82,0,0,-84,-84,0,0,-77,-78,-35,-66
0,0,-67,-67,-73,0,0,-68,-79,-80,0,0,-68,-68,0,0,-83,-83,0,0,-71,-72,-63,-61,-54,-55,0,0,-72,-72,0,0,-63,-62,-64,0,-53,-54,0,0,0,-80,-82,0,0,-84,-84,0,0,-77,-78,-35,-66
0,0,-67,-67,-73,0,0,-68,-79,-80,0,0,-68,-68,0,0,-83,-83,0,0,-71,-72,-63,-61,-55,-55,0,0,-72,-72,0,0,-63,-62,-64,0,-53,-54,0,0,0,-80,-82,0,0,-84,-84,0,0,-77,-78,-35,-66
0,0,-66,-66,-73,0,0,-68,-81,-80,0,0,-70,-70,0,0,-83,-81,0,0,-72,-74,-63,-56,-55,-55,0,0,-72,-73,0,0,-63,-63,-63,-54,-56,-57,0,0,0,-76,-78,0,0,-84,-86,0,0,-79,-78,-35,-60
0,0,-66,-66,-73,0,0,-68,-81,-80,0,0,-70,-70,0,0,-83,-81,0,0,-72,-74,-63,-56,-55,-55,0,0,-72,-73,0,0,-63,-63,-63,-54,-56,-57,0,0,0,-76,-78,0,0,-84,-86,0,0,-79,-78,-35,-60
0,0,-66,-66,-73,0,0,-68,-81,-80,0,0,-70,-70,0,0,-83,-81,0,0,-72,-74,-63,-56,-57,-55,0,0,-72,-73,0,0,-63,-63,-63,-54,-56,-57,0,0,0,-76,-78,0,0,-84,-86,0,0,-79,-78,-35,-60
0,0,-66,-66,-73,0,0,-68,-81,-80,0,0,-70,-70,0,0,-83,-81,0,0,-72,-74,-63,-56,-57,-55,0,0,-72,-73,0,0,-63,-63,-63,-54,-56,-57,0,0,0,-76,-78,0,0,-84,-86,0,0,-79,-78,-35,-60
0,0,-66,-66,-73,0,0,-68,-81,-80,0,0,-70,-70,0,0,-83,-81,0,0,-72,-74,-63,-56,-57,-55,0,0,-72,-73,0,0,-63,-63,-63,-54,-56,-57,0,0,0,-76,-78,0,0,-84,-86,0,0,-79,-78,-35,-60
0,0,-66,-66,-72,0,0,0,-79,-80,0,0,-68,-67,0,0,-83,-81,0,0,-73,-74,-62,-60,-56,-55,0,0,-74,-74,0,0,-63,-64,-63,-60,-56,-57,0,0,0,-75,-77,0,0,-84,-86,0,0,-79,-79,-34,-61
0,0,-66,-66,-72,0,0,0,-79,-80,0,0,-68,-67,0,0,-83,-81,0,0,-73,-74,-62,-60,-56,-55,0,0,-74,-74,0,0,-63,-64,-63,-60,-56,-57,0,0,0,-75,-77,0,0,-84,-86,0,0,-79,-79,-34,-61
0,0,-66,-66,-72,0,0,0,-79,-80,0,0,-68,-67,0,0,-83,-81,0,0,-73,-74,-62,-60,-56,-55,0,0,-74,-74,0,0,-63,-64,-63,-60,-56,-57,0,0,0,-75,-77,0,0,-84,-86,0,0,-79,-79,-34,-61
0,0,-66,-66,-72,0,0,0,-79,-80,0,0,-68,-67,0,0,-83,-81,0,0,-73,-74,-62,-60,-56,-55,0,0,-74,-74,0,0,-63,-64,-63,-60,-56,-57,0,0,0,-75,-77,0,0,-84,-86,0,0,-79,-79,-34,-61
0,0,-66,-66,-72,0,0,0,-79,-80,0,0,-68,-67,0,0,-83,-81,0,0,-73,-74,-62,-60,-56,-55,0,0,-74,-74,0,0,-63,-64,-63,-60,-56,-57,0,0,0,-75,-77,0,0,-84,-86,0,0,-79,-79,-34,-61
0,0,-66,-66,-72,0,0,0,-79,-78,0,-71,-71,-71,0,0,-82,-81,-74,0,-73,-73,-62,-60,-56,-56,0,0,-74,-74,0,-61,-63,-64,-64,-60,-56,-57,0,0,0,-77,-74,0,0,-86,0,0,0,-78,-79,-33,-61
0,0,-66,-66,-72,0,0,0,-79,-78,0,-71,-71,-71,0,0,-82,-81,-74,0,-73,-73,-62,-60,-56,-56,0,0,-74,-74,0,-61,-63,-64,-64,-60,-56,-57,0,0,0,-77,-74,0,0,-86,0,0,0,-78,-79,-33,-61
0,0,-66,-66,-72,0,0,0,-79,-78,0,-71,-71,-71,0,0,-82,-81,-74,0,-73,-73,-62,-60,-56,-56,0,0,-74,-74,0,-61,-63,-64,-64,-60,-56,-57,0,0,0,-77,-74,0,0,-86,0,0,0,-78,-79,-33,-61
0,0,-66,-66,-72,0,0,0,-79,-78,0,-71,-71,-71,0,0,-82,-81,-74,0,-73,-73,-62,-60,-54,-56,0,0,-74,-74,0,-61,-63,-64,-64,-60,-56,-57,0,0,0,-77,-74,0,0,-86,0,0,0,-78,-79,-33,-61
0,0,-66,-66,-72,0,0,0,-79,-78,0,-71,-71,-71,0,0,-82,-81,-74,0,-73,-73,-62,-60,-54,-56,0,0,-74,-74,0,-61,-63,-64,-64,-60,-56,-57,0,0,0,-77,-74,0,0,-86,0,0,0,-78,-79,-33,-61
0,0,-69,-69,-73,0,0,0,-77,-77,0,-71,-68,-69,0,0,-82,-82,-74,0,-73,-73,-63,-61,-52,-51,0,0,-76,-75,0,-61,-65,-65,-64,-62,-56,-57,0,0,0,-76,-74,0,0,-86,0,0,0,-78,-79,-41,-64
0,0,-69,-69,-73,0,0,0,-77,-77,0,-71,-68,-69,0,0,-82,-82,-74,0,-73,-73,-63,-61,-52,-51,0,0,-76,-75,0,-61,-65,-65,-64,-62,-56,-57,0,0,0,-76,-74,0,0,-86,0,0,0,-78,-79,-41,-64
0,0,-69,-69,-73,0,0,0,-77,-77,0,-71,-68,-69,0,0,-82,-82,-74,0,-73,-73,-63,-61,-52,-51,0,0,-76,-75,0,-61,-65,-65,-64,-62,-56,-57,0,0,0,-76,-74,0,0,-86,0,0,0,-78,-79,-41,-64
0,0,-69,-69,-73,0,0,0,-77,-77,0,-71,-68,-69,0,0,-82,-82,-74,0,-73,-73,-63,-61,-52,-51,0,0,-76,-75,0,-61,-65,-65,-64,-62,-56,-57,0,0,0,-76,-74,0,0,-86,0,0,0,-78,-79,-41,-64
0,0,-69,-69,-73,0,0,0,-77,-77,0,-71,-68,-69,0,0,-82,-82,-74,0,-73,-73,-63,-61,-52,-51,0,0,-76,-75,0,-61,-65,-65,-64,-62,-56,-57,0,0,0,-76,-74,0,0,-86,0,0,0,-78,-79,-41,-64
0,0,-69,-69,-73,0,0,-68,-78,-77,0,0,-68,-68,0,0,-82,-82,0,0,0,0,-62,-60,-52,-51,0,-65,-73,-74,0,0,-65,-65,-64,-62,-56,-57,0,0,0,-76,-75,0,0,-83,-85,0,0,-78,-79,-37,-59
0,0,-69,-69,-73,0,0,-68,-78,-77,0,0,-68,-68,0,0,-82,-82,0,0,0,0,-62,-60,-53,-51,0,-65,-73,-74,0,0,-65,-65,-64,-62,-56,-57,0,0,0,-76,-75,0,0,-83,-85,0,0,-78,-79,-37,-59
0,0,-73,-72,0,0,0,-71,-76,-75,0,0,-73,-72,0,0,-81,0,0,0,-73,0,-62,-59,-56,-56,-70,-64,-77,-78,0,0,-65,-65,-62,-60,-56,-57,0,-69,-67,-77,-76,0,0,-83,-85,0,0,-77,-77,-37,-59
0,0,-73,-72,0,0,0,-71,-76,-75,0,0,-73,-72,0,0,-81,0,0,0,-73,0,-62,-59,-56,-56,-70,-64,-77,-78,0,0,-65,-65,-62,-60,-56,-57,0,-69,-67,-77,-76,0,0,-83,-85,0,0,-77,-77,-37,-59
0,0,-73,-72,0,0,0,-71,-76,-75,0,0,-73,-72,0,0,-81,0,0,0,-73,0,-62,-59,-56,-56,-70,-64,-77,-78,0,0,-65,-65,-62,-60,-56,-57,0,-69,-67,-77,-76,0,0,-83,-85,0,0,-77,-77,-37,-59
0,0,-73,-72,0,0,0,-71,-76,-75,0,0,-73,-72,0,0,-81,0,0,0,-73,0,-62,-59,-56,-56,-70,-64,-77,-78,0,0,-65,-65,-62,-60,-56,-57,0,-69,-67,-77,-76,0,0,-83,-85,0,0,-77,-77,-37,-59
0,0,-73,-72,0,0,0,-71,-76,-75,0,0,-73,-72,0,0,-81,0,0,0,-73,0,-62,-59,-56,-56,-70,-64,-77,-78,0,0,-65,-65,-62,-60,-56,-57,0,-69,-67,-77,-76,0,0,-83,-85,0,0,-77,-77,-37,-59
0,0,-74,-75,-70,0,0,-71,-80,-79,0,0,-76,-76,0,0,-79,-79,0,0,-76,-78,-65,-61,-54,-54,-74,-64,-73,-71,0,-65,-73,-73,-62,-60,-59,-59,0,-69,-67,-75,-76,0,0,0,0,0,0,-80,-80,-41,-53
0,0,-74,-75,-70,0,0,-71,-80,-79,0,0,-76,-76,0,0,-79,-79,0,0,-76,-78,-65,-61,-54,-54,-74,-64,-73,-71,0,-65,-73,-73,-62,-60,-59,-59,0,-69,-67,-75,-76,0,0,0,0,0,0,-80,-80,-41,-53
0,0,-74,-75,-70,0,0,-71,-80,-79,0,0,-76,-76,0,0,-79,-79,0,0,-76,-78,-65,-61,-54,-54,-74,-64,-73,-71,0,-65,-73,-73,-62,-60,-59,-59,0,-69,-67,-75,-76,0,0,0,0,0,0,-80,-80,-41,-53
0,0,-74,-75,-70,0,0,-71,-80,-79,0,0,-76,-76,0,0,-79,-79,0,0,-76,-78,-65,-61,-54,-54,-74,-64,-73,-71,0,-65,-73,-73,-62,-60,-59,-59,0,-69,-67,-75,-76,0,0,0,0,0,0,-80,-80,-41,-53
0,0,-74,-75,-70,0,0,-71,-80,-79,0,0,-76,-76,0,0,-79,-79,0,0,-76,-78,-65,-61,-55,-54,-74,-64,-73,-71,0,-65,-73,-73,-62,-60,-59,-59,0,-69,-67,-75,-76,0,0,0,0,0,0,-80,-80,-41,-53
0,0,-77,-76,-70,0,0,0,-80,-79,0,0,-73,-73,0,0,-77,-78,0,0,-73,-74,-65,-63,-54,-54,-74,0,-72,-71,0,-61,-73,-73,-67,-63,-59,-59,0,0,0,-75,-77,0,0,0,0,0,0,-76,-77,-41,-49
0,0,-77,-76,-70,0,0,0,-80,-79,0,0,-73,-73,0,0,-77,-78,0,0,-73,-74,-65,-63,-54,-54,-74,0,-72,-71,0,-61,-73,-73,-67,-63,-59,-59,0,0,0,-75,-77,0,0,0,0,0,0,-76,-77,-41,-49
0,0,-77,-76,-70,0,0,0,-80,-79,0,0,-73,-73,0,0,-77,-78,0,0,-73,-74,-65,-63,-55,-54,-74,0,-72,-71,0,-61,-73,-73,-67,-63,-59,-59,0,0,0,-75,-77,0,0,0,0,0,0,-76,-77,-41,-49
0,0,-77,-76,-70,0,0,0,-80,-79,0,0,-73,-73,0,0,-77,-78,0,0,-73,-74,-65,-63,-55,-54,-74,0,-72,-71,0,-61,-73,-73,-67,-63,-59,-59,0,0,0,-75,-77,0,0,0,0,0,0,-76,-77,-41,-49
0,0,-77,-76,-70,0,0,0,-80,-79,0,0,-73,-73,0,0,-77,-78,0,0,-73,-74,-65,-63,-55,-54,-74,0,-72,-71,0,-61,-73,-73,-67,-63,-59,-59,0,0,0,-75,-77,0,0,0,0,0,0,-76,-77,-41,-49
0,0,-77,-76,0,0,0,0,-80,-80,0,0,-75,-75,0,0,-79,-78,0,0,-72,-71,0,-63,-54,-54,0,0,-71,-71,0,-61,-73,-73,-65,-63,-58,-59,0,0,0,-74,-73,-85,0,0,0,0,-76,-76,-76,-38,-53
0,0,-77,-76,0,0,0,0,-80,-80,0,0,-75,-75,0,0,-79,-78,0,0,-72,-71,0,-63,-54,-54,0,0,-71,-71,0,-61,-73,-73,-65,-63,-58,-59,0,0,0,-74,-73,-85,0,0,0,0,-76,-76,-76,-38,-53
0,0,-77,-76,0,0,0,0,-80,-80,0,0,-75,-75,0,0,-79,-78,0,0,-72,-71,0,-63,-56,-54,0,0,-71,-71,0,-61,-73,-73,-65,-63,-58,-59,0,0,0,-74,-73,-85,0,0,0,0,-76,-76,-76,-38,-53
0,0,-77,-76,0,0,0,0,-80,-80,0,0,-75,-75,0,0,-79,-78,0,0,-72,-71,0,-63,-56,-54,0,0,-71,-71,0,-61,-73,-73,-65,-63,-58,-59,0,0,0,-74,-73,-85,0,0,0,0,-76,-76,-76,-38,-53
0,0,-77,-76,0,0,0,0,-80,-80,0,0,-75,-75,0,0,-79,-78,0,0,-72,-71,0,-63,-56,-54,0,0,-71,-71,0,-61,-73,-73,-65,-63,-58,-59,0,0,0,-74,-73,-85,0,0,0,0,-76,-76,-76,-38,-53
0,0,-74,-74,-67,0,0,0,-80,-80,0,0,-77,-76,0,0,-79,-78,0,0,-74,-74,-67,-63,-55,-58,0,0,-71,-72,0,0,-75,-75,-65,0,-58,-59,0,0,0,-74,-73,-85,-85,0,0,-80,-76,-77,-78,-42,-53
0,0,-74,-74,-67,0,0,0,-80,-80,0,0,-77,-76,0,0,-79,-78,0,0,-74,-74,-67,-63,-55,-58,0,0,-71,-72,0,0,-75,-75,-65,0,-58,-59,0,0,0,-74,-73,-85,-85,0,0,-80,-76,-77,-78,-42,-53
0,0,-74,-74,-67,0,0,0,-80,-80,0,0,-77,-76,0,0,-79,-78,0,0,-74,-74,-67,-63,-55,-58,0,0,-71,-72,0,0,-75,-75,-65,0,-58,-59,0,0,0,-74,-73,-85,-85,0,0,-80,-76,-77,-78,-42,-53
0,0,-74,-74,-67,0,0,0,-80,-80,0,0,-77,-76,0,0,-79,-78,0,0,-74,-74,-67,-63,-56,-58,0,0,-71,-72,0,0,-75,-75,-65,0,-58,-59,0,0,0,-74,-73,-85,-85,0,0,-80,-76,-77,-78,-42,-53
0,0,-74,-74,-67,0,0,0,-80,-80,0,0,-77,-76,0,0,-79,-78,0,0,-74,-74,-67,-63,-56,-58,0,0,-71,-72,0,0,-75,-75,-65,0,-58,-59,0,0,0,-74,-73,-85,-85,0,0,-80,-76,-77,-78,-42,-53
0,0,-76,-76,-70,-81,-81,0,-81,-81,-76,-76,-73,-73,0,0,-78,-78,0,0,-70,-71,-64,-62,-57,-56,-69,0,-72,-73,0,0,-73,-72,0,0,-58,-58,0,0,0,-73,-74,-85,-85,-85,0,-80,0,-77,-78,-38,-53
0,0,-76,-76,-70,-81,-81,0,-81,-81,-76,-76,-73,-73,0,0,-78,-78,0,0,-70,-71,-64,-62,-57,-56,-69,0,-72,-73,0,0,-73,-72,0,0,-58,-58,0,0,0,-73,-74,-85,-85,-85,0,-80,0,-77,-78,-38,-53
0,0,-76,-76,-70,-81,-81,0,-81,-81,-76,-76,-73,-73,0,0,-78,-78,0,0,-70,-71,-64,-62,-57,-56,-69,0,-72,-73,0,0,-73,-72,0,0,-58,-58,0,0,0,-73,-74,-85,-85,-85,0,-80,0,-77,-78,-38,-53
0,0,-76,-76,-70,-81,-81,0,-81,-81,-76,-76,-73,-73,0,0,-78,-78,0,0,-70,-71,-64,-62,-58,-56,-69,0,-72,-73,0,0,-73,-72,0,0,-58,-58,0,0,0,-73,-74,-85,-85,-85,0,-80,0,-77,-78,-38,-53
0,0,-76,-76,-70,-81,-81,0,-81,-81,-76,-76,-73,-73,0,0,-78,-78,0,0,-70,-71,-64,-62,-58,-56,-69,0,-72,-73,0,0,-73,-72,0,0,-58,-58,0,0,0,-73,-74,-85,-85,-85,0,-80,0,-77,-78,-38,-53
0,0,-77,-77,-72,-81,-81,0,-80,-79,-76,-76,-77,-77,0,0,-77,-78,0,0,-72,-74,-60,-59,-56,-56,-69,0,-72,-73,0,0,-75,-74,-66,-62,-58,-59,0,0,0,-76,-77,0,0,-85,0,0,0,-79,-78,-41,-55
0,0,-77,-77,-72,-81,-81,0,-80,-79,-76,-76,-77,-77,0,0,-77,-78,0,0,-72,-74,-60,-59,-57,-56,-69,0,-72,-73,0,0,-75,-74,-66,-62,-58,-59,0,0,0,-76,-77,0,0,-85,0,0,0,-79,-78,-41,-55
0,0,-77,-77,-72,-81,-81,0,-80,-79,-76,-76,-77,-77,0,0,-77,-78,0,0,-72,-74,-60,-59,-57,-56,-69,0,-72,-73,0,0,-75,-74,-66,-62,-58,-59,0,0,0,-76,-77,0,0,-85,0,0,0,-79,-78,-41,-55
0,0,-77,-77,-72,-81,-81,0,-80,-79,-76,-76,-77,-77,0,0,-77,-78,0,0,-72,-74,-60,-59,-58,-56,-69,0,-72,-73,0,0,-75,-74,-66,-62,-58,-59,0,0,0,-76,-77,0,0,-85,0,0,0,-79,-78,-41,-55
0,0,-77,-77,-72,-81,-81,0,-80,-79,-76,-76,-77,-77,0,0,-77,-78,0,0,-72,-74,-60,-59,-58,-56,-69,0,-72,-73,0,0,-75,-74,-66,-62,-58,-59,0,0,0,-76,-77,0,0,-85,0,0,0,-79,-78,-41,-55
0,0,-77,-77,-72,0,0,0,-83,-80,0,0,-76,-77,0,0,-77,-78,0,0,-74,-75,-61,-60,-57,-58,0,0,-72,-72,0,0,-73,-73,-66,-62,-58,-59,0,0,0,-76,-77,0,0,0,0,0,0,-79,-80,-40,-51
0,0,-77,-77,-72,0,0,0,-83,-80,0,0,-76,-77,0,0,-77,-78,0,0,-74,-75,-61,-60,-58,-58,0,0,-72,-72,0,0,-73,-73,-66,-62,-58,-59,0,0,0,-76,-77,0,0,0,0,0,0,-79,-80,-40,-51
0,0,-77,-77,-72,0,0,0,-83,-80,0,0,-76,-77,0,0,-77,-78,0,0,-74,-75,-61,-60,-58,-58,0,0,-72,-72,0,0,-73,-73,-66,-62,-58,-59,0,0,0,-76,-77,0,0,0,0,0,0,-79,-80,-40,-51
0,0,-77,-77,-72,0,0,0,-83,-80,0,0,-76,-77,0,0,-77,-78,0,0,-74,-75,-61,-60,-58,-58,0,0,-72,-72,0,0,-73,-73,-66,-62,-58,-59,0,0,0,-76,-77,0,0,0,0,0,0,-79,-80,-40,-51
0,0,-77,-77,-72,0,0,0,-83,-80,0,0,-76,-77,0,0,-77,-78,0,0,-74,-75,-61,-60,-58,-58,0,0,-72,-72,0,0,-73,-73,-66,-62,-58,-59,0,0,0,-76,-77,0,0,0,0,0,0,-79,-80,-40,-51
0,0,-78,-78,0,0,0,-80,-80,-80,0,0,-78,-77,0,0,-78,-78,0,0,-73,-74,-61,-60,-56,-56,-72,-73,-70,-70,0,0,-76,-76,-64,-62,-60,-60,0,0,0,-72,-73,0,0,0,0,0,0,-79,-80,-40,-51
0,0,-78,-78,0,0,0,-80,-80,-80,0,0,-78,-77,0,0,-78,-78,0,0,-73,-74,-61,-60,-57,-56,-72,-73,-70,-70,0,0,-76,-76,-64,-62,-60,-60,0,0,0,-72,-73,0,0,0,0,0,0,-79,-80,-40,-51
0,0,-78,-78,0,0,0,-80,-80,-80,0,0,-78,-77,0,0,-78,-78,0,0,-73,-74,-61,-60,-57,-56,-72,-73,-70,-70,0,0,-76,-76,-64,-62,-60,-60,0,0,0,-72,-73,0,0,0,0,0,0,-79,-80,-40,-51
0,0,-78,-78,0,0,0,-80,-80,-80,0,0,-78,-77,0,0,-78,-78,0,0,-73,-74,-61,-60,-57,-56,-72,-73,-70,-70,0,0,-76,-76,-64,-62,-60,-60,0,0,0,-72,-73,0,0,0,0,0,0,-79,-80,-40,-51
0,0,-78,-78,0,0,0,-80,-80,-80,0,0,-78,-77,0,0,-78,-78,0,0,-73,-74,-61,-60,-57,-56,-72,-73,-70,-70,0,0,-76,-76,-64,-62,-60,-60,0,0,0,-72,-73,0,0,0,0,0,0,-79,-80,-40,-51
0,0,-74,-74,-72,0,0,-80,-80,-80,0,0,-77,-77,0,0,-78,-79,0,0,-71,-72,-64,-61,-56,-56,-72,-71,-70,-70,0,0,-75,-76,-64,0,-59,-60,0,0,0,-75,-78,0,0,0,0,0,0,-80,-79,-37,-51
0,0,-74,-74,-72,0,0,-80,-80,-80,0,0,-77,-77,0,0,-78,-79,0,0,-71,-72,-64,-61,-56,-56,-72,-71,-70,-70,0,0,-75,-76,-64,0,-59,-60,0,0,0,-75,-78,0,0,0,0,0,0,-80,-79,-37,-51
0,0,-74,-74,-72,0,0,-80,-80,-80,0,0,-77,-77,0,0,-78,-79,0,0,-71,-72,-64,-61,-56,-56,-72,-71,-70,-70,0,0,-75,-76,-64,0,-59,-60,0,0,0,-75,-78,0,0,0,0,0,0,-80,-79,-37,-51
0,0,-74,-74,-72,0,0,-80,-80,-80,0,0,-77,-77,0,0,-78,-79,0,0,-71,-72,-64,-61,-56,-56,-72,-71,-70,-70,0,0,-75,-76,-64,0,-59,-60,0,0,0,-75,-78,0,0,0,0,0,0,-80,-79,-37,-51
0,0,-74,-74,-72,0,0,-80,-80,-80,0,0,-77,-77,0,0,-78,-79,0,0,-71,-72,-64,-61,-56,-56,-72,-71,-70,-70,0,0,-75,-76,-64,0,-59,-60,0,0,0,-75,-78,0,0,0,0,0,0,-80,-79,-37,-51
0,0,-74,-74,-72,0,0,0,-79,-78,0,0,-73,-73,0,0,-78,-79,0,0,-68,-69,-65,-62,-57,-57,0,-71,-70,-70,0,0,-71,-71,-65,0,-57,-58,0,0,0,-75,-75,0,0,0,0,0,0,-76,-78,-43,-56
0,0,-74,-74,-72,0,0,0,-79,-78,0,0,-73,-73,0,0,-78,-79,0,0,-68,-69,-65,-62,-57,-57,0,-71,-70,-70,0,0,-71,-71,-65,0,-57,-58,0,0,0,-75,-75,0,0,0,0,0,0,-76,-78,-43,-56
0,0,-74,-74,-72,0,0,0,-79,-78,0,0,-73,-73,0,0,-78,-79,0,0,-68,-69,-65,-62,-55,-57,0,-71,-70,-70,0,0,-71,-71,-65,0,-57,-58,0,0,0,-75,-75,0,0,0,0,0,0,-76,-78,-43,-56
0,0,-74,-74,-72,0,0,0,-79,-78,0,0,-73,-73,0,0,-78,-79,0,0,-68,-69,-65,-62,-55,-57,0,-71,-70,-70,0,0,-71,-71,-65,0,-57,-58,0,0,0,-75,-75,0,0,0,0,0,0,-76,-78,-43,-56
0,0,-74,-74,-72,0,0,0,-79,-78,0,0,-73,-73,0,0,-78,-79,0,0,-68,-69,-65,-62,-55,-57,0,-71,-70,-70,0,0,-71,-71,-65,0,-57,-58,0,0,0,-75,-75,0,0,0,0,0,0,-76,-78,-43,-56
0,0,-77,-76,-72,0,0,0,-79,-78,0,0,-77,-76,0,0,-78,-79,0,0,-70,-69,-65,-62,-56,-55,0,0,-70,-70,0,0,-75,-75,-65,-61,-56,-58,0,0,0,-75,-75,0,0,0,0,0,0,-79,-80,-43,-51
0,0,-77,-76,-72,0,0,0,-79,-78,0,0,-77,-76,0,0,-78,-79,0,0,-70,-69,-65,-62,-56,-55,0,0,-70,-70,0,0,-75,-75,-65,-61,-56,-58,0,0,0,-75,-75,0,0,0,0,0,0,-79,-80,-43,-51
