0,-69,-71,-70,0,-84,0,0,-83,-82,0,0,-77,-76,0,-72,-81,-82,0,0,-72,-73,-75,-74,-70,-70,-70,0,-67,-68,-82,-84,-74,-74,0,0,0,0,-84,0,-84,-75,-76,0,0,0,0,0,0,-80,-80,-65,-63
0,-69,-71,-70,0,-84,0,0,-83,-82,0,0,-77,-76,0,-72,-81,-82,0,0,-72,-73,-75,-74,-70,-70,-70,0,-67,-68,-82,-84,-74,-74,0,0,0,0,-84,0,-84,-75,-76,0,0,0,0,0,0,-80,-80,-65,-63
0,-69,-71,-70,0,-84,0,0,-83,-82,0,0,-77,-76,0,-72,-81,-82,0,0,-72,-73,-75,-74,-70,-70,-70,0,-67,-68,-82,-84,-74,-74,0,0,0,0,-84,0,-84,-75,-76,0,0,0,0,0,0,-80,-80,-65,-63
0,-69,-71,-70,0,-84,0,0,-83,-82,0,0,-77,-76,0,-72,-81,-82,0,0,-72,-73,-75,-74,-70,-70,-70,0,-67,-68,-82,-84,-74,-74,0,0,0,0,-84,0,-84,-75,-76,0,0,0,0,0,0,-80,-80,-65,-63
0,-69,-73,-73,0,-86,0,0,-84,-85,0,0,-80,-80,0,-72,-84,-82,0,0,-74,-75,-73,-74,-70,-70,-71,0,-67,-68,-82,-84,-74,-74,0,0,0,0,-84,0,-84,-80,-80,0,0,-85,-86,0,0,-81,-81,-54,-55
0,-69,-73,-73,0,-86,0,0,-84,-85,0,0,-80,-80,0,-72,-84,-82,0,0,-74,-75,-73,-74,-70,-70,-71,0,-67,-68,-82,-84,-74,-74,0,0,0,0,-84,0,-84,-80,-80,0,0,-85,-86,0,0,-81,-81,-54,-55
0,-69,-73,-73,0,-86,0,0,-84,-85,0,0,-80,-80,0,-72,-84,-82,0,0,-74,-75,-73,-74,-70,-70,-71,0,-67,-68,-82,-84,-74,-74,0,0,0,0,-84,0,-84,-80,-80,0,0,-85,-86,0,0,-81,-81,-54,-55
0,-75,-73,-73,0,-85,-84,0,-80,-80,-78,-75,-73,-74,0,0,-84,-82,0,0,-88,-89,-73,0,-66,-66,-71,-73,-70,-70,-82,-84,-73,-73,0,0,0,0,0,0,-78,-75,-76,0,0,-85,-86,0,0,-84,-86,-59,-59
0,-75,-73,-73,0,-85,-84,0,-80,-80,-78,-75,-73,-74,0,0,-84,-82,0,0,-88,-89,-73,0,-66,-66,-71,-73,-70,-70,-82,-84,-73,-73,0,0,0,0,0,0,-78,-75,-76,0,0,-85,-86,0,0,-84,-86,-59,-59
0,-75,-73,-73,0,-85,-84,0,-80,-80,-78,-75,-73,-74,0,0,-84,-82,0,0,-88,-89,-73,0,-66,-66,-71,-73,-70,-70,-82,-84,-73,-73,0,0,0,0,0,0,-78,-75,-76,0,0,-85,-86,0,0,-84,-86,-59,-59
0,-75,-73,-73,0,-85,-84,0,-80,-80,-78,-75,-73,-74,0,0,-84,-82,0,0,-88,-89,-73,0,-66,-66,-71,-73,-70,-70,-82,-84,-73,-73,0,0,0,0,0,0,-78,-75,-76,0,0,-85,-86,0,0,-84,-86,-59,-59
0,-75,-71,-71,0,-85,-85,0,-80,-80,-78,-75,-75,-75,0,0,-84,-82,-73,-75,-76,-76,-72,-60,-64,-65,-66,-71,-60,-61,0,0,-73,-73,0,0,0,-85,0,0,-78,-82,-76,-87,0,-85,-86,-86,-81,-80,-86,-48,-63
0,-75,-71,-71,0,-85,-85,0,-80,-80,-78,-75,-75,-75,0,0,-84,-82,-73,-75,-76,-76,-72,-60,-64,-65,-66,-71,-60,-61,0,0,-73,-73,0,0,0,-85,0,0,-78,-82,-76,-87,0,-85,-86,-86,-81,-80,-86,-48,-63
0,-75,-71,-71,0,-85,-85,0,-80,-80,-78,-75,-75,-75,0,0,-84,-82,-73,-75,-76,-76,-72,-60,-64,-65,-66,-71,-60,-61,0,0,-73,-73,0,0,0,-85,0,0,-78,-82,-76,-87,0,-85,-86,-86,-81,-80,-86,-48,-63
0,-75,-73,-73,0,-85,-85,0,-83,-82,-83,-80,-75,-75,0,0,-80,-79,-73,-75,-73,-73,-75,-60,-70,-70,-69,-71,-60,-61,0,-81,-72,-72,0,0,0,-85,0,-73,-73,-78,-79,-86,0,-86,-86,-86,-81,-84,-82,-50,-59
0,-75,-73,-73,0,-85,-85,0,-83,-82,-83,-80,-75,-75,0,0,-80,-79,-73,-75,-73,-73,-75,-60,-70,-70,-69,-71,-60,-61,0,-81,-72,-72,0,0,0,-85,0,-73,-73,-78,-79,-86,0,-86,-86,-86,-81,-84,-82,-50,-59
0,-75,-73,-73,0,-85,-85,0,-83,-82,-83,-80,-75,-75,0,0,-80,-79,-73,-75,-73,-73,-75,-60,-70,-70,-69,-71,-60,-61,0,-81,-72,-72,0,0,0,-85,0,-73,-73,-78,-79,-86,0,-86,-86,-86,-81,-84,-82,-50,-59
0,-75,-73,-73,0,-85,-85,0,-83,-82,-83,-80,-75,-75,0,0,-80,-79,-73,-75,-73,-73,-75,-60,-70,-70,-69,-71,-60,-61,0,-81,-72,-72,0,0,0,-85,0,-73,-73,-78,-79,-86,0,-86,-86,-86,-81,-84,-82,-50,-59
0,0,-73,-73,0,0,-86,-78,-83,-83,-83,-80,-75,-75,0,0,-80,-79,-73,-75,-79,-79,-75,-73,-78,-78,-68,-75,-63,-63,-79,-81,-73,-73,0,-92,-83,-83,0,-73,-79,-76,-75,-86,0,-86,-86,-86,-81,-85,-85,-55,-64
0,0,-73,-73,0,0,-86,-78,-83,-83,-83,-80,-75,-75,0,0,-80,-79,-73,-75,-79,-79,-75,-73,-78,-78,-68,-75,-63,-63,-79,-81,-73,-73,0,-92,-83,-83,0,-73,-79,-76,-75,-86,0,-86,-86,-86,-81,-85,-85,-55,-64
0,0,-73,-73,0,0,-86,-78,-83,-83,-83,-80,-75,-75,0,0,-80,-79,-73,-75,-79,-79,-75,-73,-78,-78,-68,-75,-63,-63,-79,-81,-73,-73,0,-92,-83,-83,0,-73,-79,-76,-75,-86,0,-86,-86,-86,-81,-85,-85,-55,-64
0,-71,-78,-78,0,0,-86,-78,-83,-83,-83,-90,-75,-75,0,0,-80,-79,0,0,-74,-73,-75,-77,-70,-71,-68,-70,-64,-64,-79,-81,-76,-75,0,-92,-81,-83,0,-81,-81,-75,-76,-86,0,-86,-86,0,0,-84,-84,-49,-56
0,-71,-78,-78,0,0,-86,-78,-83,-83,-83,-90,-75,-75,0,0,-80,-79,0,0,-74,-73,-75,-77,-70,-71,-68,-70,-64,-64,-79,-81,-76,-75,0,-92,-81,-83,0,-81,-81,-75,-76,-86,0,-86,-86,0,0,-84,-84,-49,-56
0,-71,-78,-78,0,0,-86,-78,-83,-83,-83,-90,-75,-75,0,0,-80,-79,0,0,-74,-73,-75,-77,-70,-71,-68,-70,-64,-64,-79,-81,-76,-75,0,-92,-81,-83,0,-81,-81,-75,-76,-86,0,-86,-86,0,0,-84,-84,-49,-56
0,-71,-78,-78,0,0,-86,-78,-83,-83,-83,-90,-75,-75,0,0,-80,-79,0,0,-74,-73,-75,-77,-70,-71,-68,-70,-64,-64,-79,-81,-76,-75,0,-92,-81,-83,0,-81,-81,-75,-76,-86,0,-86,-86,0,0,-84,-84,-49,-56
0,-71,-77,-77,0,0,-86,-78,-81,-81,0,-90,-77,-76,0,0,0,0,0,-69,-73,-74,-75,-77,-70,-69,-66,-70,-61,-61,-79,-81,-71,-71,0,-92,-79,-78,0,-81,-81,-81,-81,0,0,0,-88,0,0,-84,-84,-45,-55
0,-71,-77,-77,0,0,-86,-78,-81,-81,0,-90,-77,-76,0,0,0,0,0,-69,-73,-74,-75,-77,-70,-69,-66,-70,-61,-61,-79,-81,-71,-71,0,-92,-79,-78,0,-81,-81,-81,-81,0,0,0,-88,0,0,-84,-84,-45,-55
0,-71,-77,-77,0,0,-86,-78,-81,-81,0,-90,-77,-76,0,0,0,0,0,-69,-73,-74,-75,-77,-70,-69,-66,-70,-61,-61,-79,-81,-71,-71,0,-92,-79,-78,0,-81,-81,-81,-81,0,0,0,-88,0,0,-84,-84,-45,-55
0,-71,-74,-72,0,0,0,0,-81,-81,0,-90,-80,-79,0,0,0,0,0,-68,-75,-75,0,-77,-72,-70,-68,-70,-63,-63,0,0,-74,-74,0,-92,-85,-85,0,-81,-81,-76,-76,0,0,0,-88,0,0,-82,-82,-44,-55
0,-71,-74,-72,0,0,0,0,-81,-81,0,-90,-80,-79,0,0,0,0,0,-68,-75,-75,0,-77,-72,-70,-68,-70,-63,-63,0,0,-74,-74,0,-92,-85,-85,0,-81,-81,-76,-76,0,0,0,-88,0,0,-82,-82,-44,-55
0,-71,-74,-72,0,0,0,0,-81,-81,0,-90,-80,-79,0,0,0,0,0,-68,-75,-75,0,-77,-72,-70,-68,-70,-63,-63,0,0,-74,-74,0,-92,-85,-85,0,-81,-81,-76,-76,0,0,0,-88,0,0,-82,-82,-44,-55
0,-71,-74,-72,0,0,0,0,-81,-81,0,-90,-80,-79,0,0,0,0,0,-68,-75,-75,0,-77,-72,-70,-68,-70,-63,-63,0,0,-74,-74,0,-92,-85,-85,0,-81,-81,-76,-76,0,0,0,-88,0,0,-82,-82,-44,-55
-72,-70,-72,-72,0,-86,-85,0,-81,-81,0,0,-78,-78,0,0,0,0,0,-68,-80,-81,0,-77,-70,-71,-68,0,-63,-63,0,0,-78,-78,0,0,-85,-85,-89,0,-81,-79,-78,0,0,0,-85,0,0,-83,-83,-45,-54
-72,-70,-72,-72,0,-86,-85,0,-81,-81,0,0,-78,-78,0,0,0,0,0,-68,-80,-81,0,-77,-70,-71,-68,0,-63,-63,0,0,-78,-78,0,0,-85,-85,-89,0,-81,-79,-78,0,0,0,-85,0,0,-83,-83,-45,-54
-72,-70,-72,-72,0,-86,-85,0,-81,-81,0,0,-78,-78,0,0,0,0,0,-68,-80,-81,0,-77,-70,-71,-68,0,-63,-63,0,0,-78,-78,0,0,-85,-85,-89,0,-81,-79,-78,0,0,0,-85,0,0,-83,-83,-45,-54
-72,-70,-69,-69,0,-86,-85,0,-80,-80,0,0,-79,-80,-80,-78,-80,-82,0,-68,-75,-74,0,-77,-72,-71,-68,0,-59,-60,0,-78,-73,-76,0,0,-85,-85,-89,0,0,-78,-77,0,0,0,-85,0,0,-83,-83,-45,-57
-72,-70,-69,-69,0,-86,-85,0,-80,-80,0,0,-79,-80,-80,-78,-80,-82,0,-68,-75,-74,0,-77,-72,-71,-68,0,-59,-60,0,-78,-73,-76,0,0,-85,-85,-89,0,0,-78,-77,0,0,0,-85,0,0,-83,-83,-45,-57
-72,-70,-69,-69,0,-86,-85,0,-80,-80,0,0,-79,-80,-80,-78,-80,-82,0,-68,-75,-74,0,-77,-72,-71,-68,0,-59,-60,0,-78,-73,-76,0,0,-85,-85,-89,0,0,-78,-77,0,0,0,-85,0,0,-83,-83,-45,-57
-73,-71,-72,-72,0,-86,-85,0,-80,-81,0,0,-75,-76,-80,-78,-78,-78,0,-68,-77,-76,0,-78,-70,-71,-68,-70,-63,-64,-80,-78,-76,-77,0,0,0,0,-89,0,0,-76,-77,0,0,-87,-87,0,0,-83,-83,-44,-55
-73,-71,-72,-72,0,-86,-85,0,-80,-81,0,0,-75,-76,-80,-78,-78,-78,0,-68,-77,-76,0,-78,-70,-71,-68,-70,-63,-64,-80,-78,-76,-77,0,0,0,0,-89,0,0,-76,-77,0,0,-87,-87,0,0,-83,-83,-44,-55
-73,-71,-72,-72,0,-86,-85,0,-80,-81,0,0,-75,-76,-80,-78,-78,-78,0,-68,-77,-76,0,-78,-70,-71,-68,-70,-63,-64,-80,-78,-76,-77,0,0,0,0,-89,0,0,-76,-77,0,0,-87,-87,0,0,-83,-83,-44,-55
-73,-71,-72,-72,0,-86,-85,0,-80,-81,0,0,-75,-76,-80,-78,-78,-78,0,-68,-77,-76,0,-78,-70,-71,-68,-70,-63,-64,-80,-78,-76,-77,0,0,0,0,-89,0,0,-76,-77,0,0,-87,-87,0,0,-83,-83,-44,-55
-73,-71,-72,-73,0,0,0,0,-81,-82,0,0,-76,-75,-80,-78,-78,-78,0,-66,-75,-74,0,-78,-71,-70,-68,-70,-60,-60,-80,-78,-77,-77,0,-84,0,0,-87,0,0,-78,-78,0,0,-87,-87,0,0,-82,-82,-46,-56
-73,-71,-72,-73,0,0,0,0,-81,-82,0,0,-76,-75,-80,-78,-78,-78,0,-66,-75,-74,0,-78,-71,-70,-68,-70,-60,-60,-80,-78,-77,-77,0,-84,0,0,-87,0,0,-78,-78,0,0,-87,-87,0,0,-82,-82,-46,-56
-73,-71,-72,-73,0,0,0,0,-81,-82,0,0,-76,-75,-80,-78,-78,-78,0,-66,-75,-74,0,-78,-71,-70,-68,-70,-60,-60,-80,-78,-77,-77,0,-84,0,0,-87,0,0,-78,-78,0,0,-87,-87,0,0,-82,-82,-46,-56
-73,-71,-72,-72,0,0,0,0,-81,-83,-77,-78,-76,-75,-80,-78,-78,-78,0,-66,-82,-82,0,-78,-68,-68,-68,-70,-62,-61,-80,0,-71,-71,0,-84,0,0,-87,0,0,-80,-80,0,0,-87,-87,0,0,-82,-82,-47,-57
-73,-71,-72,-72,0,0,0,0,-81,-83,-77,-78,-76,-75,-80,-78,-78,-78,0,-66,-82,-82,0,-78,-68,-68,-68,-70,-62,-61,-80,0,-71,-71,0,-84,0,0,-87,0,0,-80,-80,0,0,-87,-87,0,0,-82,-82,-47,-57
-73,-71,-72,-72,0,0,0,0,-81,-83,-77,-78,-76,-75,-80,-78,-78,-78,0,-66,-82,-82,0,-78,-68,-68,-68,-70,-62,-61,-80,0,-71,-71,0,-84,0,0,-87,0,0,-80,-80,0,0,-87,-87,0,0,-82,-82,-47,-57
-73,-71,-72,-72,0,0,0,0,-81,-83,-77,-78,-76,-75,-80,-78,-78,-78,0,-66,-82,-82,0,-78,-68,-68,-68,-70,-62,-61,-80,0,-71,-71,0,-84,0,0,-87,0,0,-80,-80,0,0,-87,-87,0,0,-82,-82,-47,-57
-73,-71,-72,-72,0,0,0,0,-81,-83,-77,-78,-76,-75,-80,-78,-78,-78,0,-66,-82,-82,0,-78,-68,-68,-68,-70,-62,-61,-80,0,-71,-71,0,-84,0,0,-87,0,0,-80,-80,0,0,-87,-87,0,0,-82,-82,-47,-57
-71,-68,-72,-73,-77,0,0,0,-82,-83,-77,-78,-79,-79,-80,-78,-76,-76,0,-67,-74,-74,0,0,-69,-69,-71,0,-60,-61,0,-76,-75,-75,0,-84,0,0,-88,0,0,-75,-76,0,0,0,0,0,0,-80,-80,-48,-58
-71,-68,-72,-73,-77,0,0,0,-82,-83,-77,-78,-79,-79,-80,-78,-76,-76,0,-67,-74,-74,0,0,-69,-69,-71,0,-60,-61,0,-76,-75,-75,0,-84,0,0,-88,0,0,-75,-76,0,0,0,0,0,0,-80,-80,-48,-58
-71,-68,-72,-73,-77,0,0,0,-82,-83,-77,-78,-79,-79,-80,-78,-76,-76,0,-67,-74,-74,0,0,-69,-69,-71,0,-60,-61,0,-76,-75,-75,0,-84,0,0,-88,0,0,-75,-76,0,0,0,0,0,0,-80,-80,-48,-58
-71,-68,-72,-73,-77,0,0,0,-82,-83,-77,-78,-79,-79,-80,-78,-76,-76,0,-67,-74,-74,0,0,-69,-69,-71,0,-60,-61,0,-76,-75,-75,0,-84,0,0,-88,0,0,-75,-76,0,0,0,0,0,0,-80,-80,-48,-58
-79,-77,-72,-73,-77,0,0,-76,-82,-82,-77,-82,-75,-76,-80,-76,-77,-78,0,-78,-80,-82,0,0,-71,-70,-71,0,-63,-66,0,-76,-71,-71,0,-84,0,0,-88,0,0,-73,-74,0,0,0,0,0,0,-82,-82,-52,-51
-79,-77,-72,-73,-77,0,0,-76,-82,-82,-77,-82,-75,-76,-80,-76,-77,-78,0,-78,-80,-82,0,0,-71,-70,-71,0,-63,-66,0,-76,-71,-71,0,-84,0,0,-88,0,0,-73,-74,0,0,0,0,0,0,-82,-82,-52,-51
-79,-77,-72,-73,-77,0,0,-76,-82,-82,-77,-82,-75,-76,-80,-76,-77,-78,0,-78,-80,-82,0,0,-71,-70,-71,0,-63,-66,0,-76,-71,-71,0,-84,0,0,-88,0,0,-73,-74,0,0,0,0,0,0,-82,-82,-52,-51
-75,-77,-72,-73,-77,-87,-85,-76,-82,-85,0,-82,-79,-79,-81,-78,-78,-80,0,-78,-74,-75,0,0,-71,-72,-72,0,-62,-65,-75,-75,-71,-71,0,-84,0,0,-88,0,0,-76,-76,0,0,0,0,0,0,-82,-82,-49,-66
-75,-77,-72,-73,-77,-87,-85,-76,-82,-85,0,-82,-79,-79,-81,-78,-78,-80,0,-78,-74,-75,0,0,-71,-72,-72,0,-62,-65,-75,-75,-71,-71,0,-84,0,0,-88,0,0,-76,-76,0,0,0,0,0,0,-82,-82,-49,-66
