-69,-68,-63,-64,0,-80,-81,-72,-69,-69,-81,-79,-79,-79,0,-81,-80,-80,-52,-51,-52,-52,-73,-72,-64,-65,-80,0,-74,-74,0,-70,-72,-72,0,0,0,0,0,0,-88,-83,-84,-84,-82,-82,-81,0,0,-79,-78,-50,-71
-69,-68,-63,-64,0,-80,-81,-72,-69,-69,-81,-79,-79,-79,0,-81,-80,-80,-52,-51,-52,-52,-73,-72,-64,-65,-80,0,-74,-74,0,-70,-72,-72,0,0,0,0,0,0,-88,-83,-84,-84,-82,-82,-81,0,0,-79,-78,-50,-71
-69,-68,-63,-64,0,-80,-81,-72,-69,-69,-81,-79,-79,-79,0,-81,-80,-80,-52,-51,-52,-52,-73,-72,-64,-65,-80,0,-74,-74,0,-70,-72,-72,0,0,0,0,0,0,-88,-83,-84,-84,-82,-82,-81,0,0,-79,-78,-50,-71
-69,-68,-63,-64,0,-80,-81,-72,-69,-69,-81,-79,-79,-79,0,-81,-80,-80,-52,-51,-52,-52,-73,-72,-64,-65,-80,0,-74,-74,0,-70,-72,-72,0,0,0,0,0,0,-88,-83,-84,-84,-82,-82,-81,0,0,-79,-78,-50,-71
-70,-68,-58,-58,0,-84,-83,-72,-75,-76,0,0,-76,-76,0,-81,-83,-83,-56,-54,-62,-58,-73,-72,-70,-70,-80,-83,-72,-72,-78,-75,-71,-71,0,0,-85,-85,0,0,-88,-80,-84,-84,0,-82,-81,0,0,-79,-78,-51,-68
-70,-68,-58,-58,0,-84,-83,-72,-75,-76,0,0,-76,-76,0,-81,-83,-83,-56,-54,-62,-58,-73,-72,-70,-70,-80,-83,-72,-72,-78,-75,-71,-71,0,0,-85,-85,0,0,-88,-80,-84,-84,0,-82,-81,0,0,-79,-78,-51,-68
-70,-68,-58,-58,0,-84,-83,-72,-75,-76,0,0,-76,-76,0,-81,-83,-83,-56,-54,-62,-58,-73,-72,-70,-70,-80,-83,-72,-72,-78,-75,-71,-71,0,0,-85,-85,0,0,-88,-80,-84,-84,0,-82,-81,0,0,-79,-78,-51,-68
-70,-68,-58,-58,0,-84,-83,-72,-75,-76,0,0,-76,-76,0,-81,-83,-83,-56,-54,-62,-58,-73,-72,-70,-70,-80,-83,-72,-72,-78,-75,-71,-71,0,0,-85,-85,0,0,-88,-80,-84,-84,0,-82,-81,0,0,-79,-78,-51,-68
-70,-64,-56,-57,0,-84,-84,-72,-75,-75,0,0,-78,-76,0,0,-81,-82,-59,-54,-61,-58,0,0,-68,-68,-80,-83,-72,-72,-75,-72,-73,-73,0,0,-80,-85,0,0,0,-82,-82,-84,0,-82,-81,0,0,-79,-79,-53,-63
-70,-64,-56,-57,0,-84,-84,-72,-75,-75,0,0,-78,-76,0,0,-81,-82,-59,-54,-61,-58,0,0,-68,-68,-80,-83,-72,-72,-75,-72,-73,-73,0,0,-80,-85,0,0,0,-82,-82,-84,0,-82,-81,0,0,-79,-79,-53,-63
-70,-64,-56,-57,0,-84,-84,-72,-75,-75,0,0,-78,-76,0,0,-81,-82,-59,-54,-61,-58,0,0,-68,-68,-80,-83,-72,-72,-75,-72,-73,-73,0,0,-80,-85,0,0,0,-82,-82,-84,0,-82,-81,0,0,-79,-79,-53,-63
-70,-64,-56,-57,0,-84,-84,-72,-75,-75,0,0,-78,-76,0,0,-81,-82,-59,-54,-61,-58,0,0,-68,-68,-80,-83,-72,-72,-75,-72,-73,-73,0,0,-80,-85,0,0,0,-82,-82,-84,0,-82,-81,0,0,-79,-79,-53,-63
-70,-70,-63,-64,0,-85,-84,-75,-75,-74,-80,-76,-80,-81,-76,-72,-82,-84,-60,-57,-62,-61,0,0,-68,-68,-80,-83,-75,-74,-75,-72,-75,-75,0,0,-80,-85,0,0,0,-82,-82,0,0,0,0,0,0,-82,-82,-48,-66
-70,-70,-63,-64,0,-85,-84,-75,-75,-74,-80,-76,-80,-81,-76,-72,-82,-84,-60,-57,-62,-61,0,0,-68,-68,-80,-83,-75,-74,-75,-72,-75,-75,0,0,-80,-85,0,0,0,-82,-82,0,0,0,0,0,0,-82,-82,-48,-66
-70,-70,-63,-64,0,-85,-84,-75,-75,-74,-80,-76,-80,-81,-76,-72,-82,-84,-60,-57,-62,-61,0,0,-68,-68,-80,-83,-75,-74,-75,-72,-75,-75,0,0,-80,-85,0,0,0,-82,-82,0,0,0,0,0,0,-82,-82,-48,-66
0,-70,-62,-62,-84,-85,-84,-75,-74,-74,-80,-76,-80,-81,-76,-72,-84,-84,-60,-58,-62,-62,0,0,-68,-68,0,0,-73,-73,-75,-73,-77,-77,0,0,-83,-82,0,0,0,-82,-82,0,0,0,0,0,0,-82,-82,-48,-66
0,-70,-62,-62,-84,-85,-84,-75,-74,-74,-80,-76,-80,-81,-76,-72,-84,-84,-60,-58,-62,-62,0,0,-68,-68,0,0,-73,-73,-75,-73,-77,-77,0,0,-83,-82,0,0,0,-82,-82,0,0,0,0,0,0,-82,-82,-48,-66
0,-70,-62,-62,-84,-85,-84,-75,-74,-74,-80,-76,-80,-81,-76,-72,-84,-84,-60,-58,-62,-62,0,0,-68,-68,0,0,-73,-73,-75,-73,-77,-77,0,0,-83,-82,0,0,0,-82,-82,0,0,0,0,0,0,-82,-82,-48,-66
0,-70,-62,-62,-84,-85,-84,-75,-74,-74,-80,-76,-80,-81,-76,-72,-84,-84,-60,-58,-62,-62,0,0,-68,-68,0,0,-73,-73,-75,-73,-77,-77,0,0,-83,-82,0,0,0,-82,-82,0,0,0,0,0,0,-82,-82,-48,-66
-69,-69,-60,-60,-84,-85,-84,-76,-74,-74,-80,-76,-78,-78,-76,-73,-84,-84,-60,-57,-61,-61,0,0,-69,-68,-82,0,-72,-72,0,-73,-73,-73,0,0,-80,-80,0,0,0,0,0,0,0,0,0,0,0,-82,-82,-49,-66
-69,-69,-60,-60,-84,-85,-84,-76,-74,-74,-80,-76,-78,-78,-76,-73,-84,-84,-60,-57,-61,-61,0,0,-69,-68,-82,0,-72,-72,0,-73,-73,-73,0,0,-80,-80,0,0,0,0,0,0,0,0,0,0,0,-82,-82,-49,-66
-69,-69,-60,-60,-84,-85,-84,-76,-74,-74,-80,-76,-78,-78,-76,-73,-84,-84,-60,-57,-61,-61,0,0,-69,-68,-82,0,-72,-72,0,-73,-73,-73,0,0,-80,-80,0,0,0,0,0,0,0,0,0,0,0,-82,-82,-49,-66
-69,-69,-60,-60,-84,-85,-84,-76,-74,-74,-80,-76,-78,-78,-76,-73,-84,-84,-60,-57,-61,-61,0,0,-69,-68,-82,0,-72,-72,0,-73,-73,-73,0,0,-80,-80,0,0,0,0,0,0,0,0,0,0,0,-82,-82,-49,-66
-69,-68,-60,-60,-84,-85,-84,-76,-76,-77,0,0,-83,-82,0,-73,-80,-80,-60,-57,-56,-57,0,0,-70,-70,-82,0,-72,-72,0,-73,-74,-74,0,0,-80,-80,0,0,0,-85,-84,0,0,0,0,0,0,-84,-83,-51,-64
-69,-68,-60,-60,-84,-85,-84,-76,-76,-77,0,0,-83,-82,0,-73,-80,-80,-60,-57,-56,-57,0,0,-70,-70,-82,0,-72,-72,0,-73,-74,-74,0,0,-80,-80,0,0,0,-85,-84,0,0,0,0,0,0,-84,-83,-51,-64
-69,-68,-60,-60,-84,-85,-84,-76,-76,-77,0,0,-83,-82,0,-73,-80,-80,-60,-57,-56,-57,0,0,-70,-70,-82,0,-72,-72,0,-73,-74,-74,0,0,-80,-80,0,0,0,-85,-84,0,0,0,0,0,0,-84,-83,-51,-64
-69,-68,-60,-60,-84,-85,-84,-76,-76,-77,0,0,-83,-82,0,-73,-80,-80,-60,-57,-56,-57,0,0,-70,-70,-82,0,-72,-72,0,-73,-74,-74,0,0,-80,-80,0,0,0,-85,-84,0,0,0,0,0,0,-84,-83,-51,-64
-69,-68,-60,-61,0,-83,-84,-76,-78,-80,0,0,-83,-82,0,-76,-80,-80,-60,-58,-58,-60,0,0,-70,-70,-83,0,-74,-74,-75,0,-73,-73,0,0,-81,-82,0,0,0,-81,-80,0,0,0,0,0,0,-82,-81,-50,-66
-69,-68,-60,-61,0,-83,-84,-76,-78,-80,0,0,-83,-82,0,-76,-80,-80,-60,-58,-58,-60,0,0,-70,-70,-83,0,-74,-74,-75,0,-73,-73,0,0,-81,-82,0,0,0,-81,-80,0,0,0,0,0,0,-82,-81,-50,-66
-69,-68,-60,-61,0,-83,-84,-76,-78,-80,0,0,-83,-82,0,-76,-80,-80,-60,-58,-58,-60,0,0,-70,-70,-83,0,-74,-74,-75,0,-73,-73,0,0,-81,-82,0,0,0,-81,-80,0,0,0,0,0,0,-82,-81,-50,-66
-69,-68,-60,-61,0,-83,-84,-76,-78,-80,0,0,-83,-82,0,-76,-80,-80,-60,-58,-58,-60,0,0,-70,-70,-83,0,-74,-74,-75,0,-73,-73,0,0,-81,-82,0,0,0,-81,-80,0,0,0,0,0,0,-82,-81,-50,-66
0,-68,-60,-59,0,-83,-83,0,-75,-76,0,0,-81,-81,0,-74,-81,-82,-59,-57,-59,-59,0,-73,-69,-71,-83,0,-77,-76,-75,0,-74,-75,0,0,-81,-82,0,0,0,-82,-82,0,-85,0,0,0,-84,-81,-81,-54,-65
0,-68,-60,-59,0,-83,-83,0,-75,-76,0,0,-81,-81,0,-74,-81,-82,-59,-57,-59,-59,0,-73,-69,-71,-83,0,-77,-76,-75,0,-74,-75,0,0,-81,-82,0,0,0,-82,-82,0,-85,0,0,0,-84,-81,-81,-54,-65
0,-68,-60,-59,0,-83,-83,0,-75,-76,0,0,-81,-81,0,-74,-81,-82,-59,-57,-59,-59,0,-73,-69,-71,-83,0,-77,-76,-75,0,-74,-75,0,0,-81,-82,0,0,0,-82,-82,0,-85,0,0,0,-84,-81,-81,-54,-65
0,-67,-59,-60,0,-83,-84,0,-74,-74,0,0,-81,-81,-76,-72,-83,-83,-59,-57,-60,-60,-78,-81,-68,-68,-83,0,-74,-78,-75,0,-73,-73,0,0,-81,-82,0,0,0,-81,-80,0,-85,-78,-78,0,-84,-82,-83,-52,-64
0,-67,-59,-60,0,-83,-84,0,-74,-74,0,0,-81,-81,-76,-72,-83,-83,-59,-57,-60,-60,-78,-81,-68,-68,-83,0,-74,-78,-75,0,-73,-73,0,0,-81,-82,0,0,0,-81,-80,0,-85,-78,-78,0,-84,-82,-83,-52,-64
0,-67,-59,-60,0,-83,-84,0,-74,-74,0,0,-81,-81,-76,-72,-83,-83,-59,-57,-60,-60,-78,-81,-68,-68,-83,0,-74,-78,-75,0,-73,-73,0,0,-81,-82,0,0,0,-81,-80,0,-85,-78,-78,0,-84,-82,-83,-52,-64
0,-67,-59,-60,0,-83,-84,0,-74,-74,0,0,-81,-81,-76,-72,-83,-83,-59,-57,-60,-60,-78,-81,-68,-68,-83,0,-74,-78,-75,0,-73,-73,0,0,-81,-82,0,0,0,-81,-80,0,-85,-78,-78,0,-84,-82,-83,-52,-64
-67,-67,-58,-59,0,-83,-82,0,-73,-73,0,0,-81,-85,-76,-72,-81,-81,-57,-56,-57,-57,-74,-76,-67,-67,0,0,-76,-76,-75,0,-71,-71,0,0,0,0,0,-82,-83,-80,-79,0,-85,-79,-78,0,-84,-82,-83,-50,-62
-67,-67,-58,-59,0,-83,-82,0,-73,-73,0,0,-81,-85,-76,-72,-81,-81,-57,-56,-57,-57,-74,-76,-67,-67,0,0,-76,-76,-75,0,-71,-71,0,0,0,0,0,-82,-83,-80,-79,0,-85,-79,-78,0,-84,-82,-83,-50,-62
-67,-67,-58,-59,0,-83,-82,0,-73,-73,0,0,-81,-85,-76,-72,-81,-81,-57,-56,-57,-57,-74,-76,-67,-67,0,0,-76,-76,-75,0,-71,-71,0,0,0,0,0,-82,-83,-80,-79,0,-85,-79,-78,0,-84,-82,-83,-50,-62
-67,-67,-58,-59,0,-83,-82,0,-73,-73,0,0,-81,-85,-76,-72,-81,-81,-57,-56,-57,-57,-74,-76,-67,-67,0,0,-76,-76,-75,0,-71,-71,0,0,0,0,0,-82,-83,-80,-79,0,-85,-79,-78,0,-84,-82,-83,-50,-62
-67,-66,-60,-60,0,-83,-82,0,-75,-75,0,0,-81,-85,-76,-72,-82,-83,-57,-56,-58,-58,-74,-76,-69,-69,-80,0,-78,-78,-75,0,-73,-73,0,0,-79,-80,0,-82,-83,-80,-79,-84,-84,-79,-78,-85,0,-78,-79,-50,-63
-67,-66,-60,-60,0,-83,-82,0,-75,-75,0,0,-81,-85,-76,-72,-82,-83,-57,-56,-58,-58,-74,-76,-69,-69,-80,0,-78,-78,-75,0,-73,-73,0,0,-79,-80,0,-82,-83,-80,-79,-84,-84,-79,-78,-85,0,-78,-79,-50,-63
-67,-66,-60,-60,0,-83,-82,0,-75,-75,0,0,-81,-85,-76,-72,-82,-83,-57,-56,-58,-58,-74,-76,-69,-69,-80,0,-78,-78,-75,0,-73,-73,0,0,-79,-80,0,-82,-83,-80,-79,-84,-84,-79,-78,-85,0,-78,-79,-50,-63
-67,-64,-59,-58,0,0,-83,0,-74,-74,0,0,0,-85,0,0,-82,-82,-59,-56,-62,-60,-74,-71,-69,-69,-80,-82,-74,-78,0,0,-74,-73,0,0,-84,-84,0,-82,-83,-80,-79,-84,-84,-79,-78,-85,0,-79,-80,-53,-59
-67,-64,-59,-58,0,0,-83,0,-74,-74,0,0,0,-85,0,0,-82,-82,-59,-56,-62,-60,-74,-71,-69,-69,-80,-82,-74,-78,0,0,-74,-73,0,0,-84,-84,0,-82,-83,-80,-79,-84,-84,-79,-78,-85,0,-79,-80,-53,-59
-67,-64,-59,-58,0,0,-83,0,-74,-74,0,0,0,-85,0,0,-82,-82,-59,-56,-62,-60,-74,-71,-69,-69,-80,-82,-74,-78,0,0,-74,-73,0,0,-84,-84,0,-82,-83,-80,-79,-84,-84,-79,-78,-85,0,-79,-80,-53,-59
-67,-64,-59,-58,0,0,-83,0,-74,-74,0,0,0,-85,0,0,-82,-82,-59,-56,-62,-60,-74,-71,-69,-69,-80,-82,-74,-78,0,0,-74,-73,0,0,-84,-84,0,-82,-83,-80,-79,-84,-84,-79,-78,-85,0,-79,-80,-53,-59
0,-62,-58,-58,0,-81,-81,0,-75,-74,0,0,-79,-80,0,0,-82,-82,-58,-56,-62,-62,0,-71,-70,-69,-80,-82,-74,-75,0,0,-75,-76,0,0,-84,-84,0,0,0,-82,-81,-84,-84,-80,-80,-85,0,-81,-79,-52,-63
0,-62,-58,-58,0,-81,-81,0,-75,-74,0,0,-79,-80,0,0,-82,-82,-58,-56,-62,-62,0,-71,-70,-69,-80,-82,-74,-75,0,0,-75,-76,0,0,-84,-84,0,0,0,-82,-81,-84,-84,-80,-80,-85,0,-81,-79,-52,-63
0,-62,-58,-58,0,-81,-81,0,-75,-74,0,0,-79,-80,0,0,-82,-82,-58,-56,-62,-62,0,-71,-70,-69,-80,-82,-74,-75,0,0,-75,-76,0,0,-84,-84,0,0,0,-82,-81,-84,-84,-80,-80,-85,0,-81,-79,-52,-63
0,-62,-58,-58,0,-81,-81,0,-75,-74,0,0,-79,-80,0,0,-82,-82,-58,-56,-62,-62,0,-71,-70,-69,-80,-82,-74,-75,0,0,-75,-76,0,0,-84,-84,0,0,0,-82,-81,-84,-84,-80,-80,-85,0,-81,-79,-52,-63
-68,-67,-56,-56,0,-81,-81,0,-73,-73,0,0,-81,-79,0,0,-81,-82,-58,-56,-65,-65,0,-71,-68,-70,-80,-82,-76,-74,0,-72,-75,-76,0,0,-84,-84,0,0,0,-80,-79,-84,-83,-80,-80,0,-79,-79,-80,-53,-64
-68,-67,-56,-56,0,-81,-81,0,-73,-73,0,0,-81,-79,0,0,-81,-82,-58,-56,-65,-65,0,-71,-68,-70,-80,-82,-76,-74,0,-72,-75,-76,0,0,-84,-84,0,0,0,-80,-79,-84,-83,-80,-80,0,-79,-79,-80,-53,-64
-68,-67,-56,-56,0,-81,-81,0,-73,-73,0,0,-81,-79,0,0,-81,-82,-58,-56,-65,-65,0,-71,-68,-70,-80,-82,-76,-74,0,-72,-75,-76,0,0,-84,-84,0,0,0,-80,-79,-84,-83,-80,-80,0,-79,-79,-80,-53,-64
-68,-67,-56,-56,0,-81,-81,0,-73,-73,0,0,-81,-79,0,0,-81,-82,-58,-56,-65,-65,0,-71,-68,-70,-80,-82,-76,-74,0,-72,-75,-76,0,0,-84,-84,0,0,0,-80,-79,-84,-83,-80,-80,0,-79,-79,-80,-53,-64
-68,-67,-59,-58,0,-81,-83,0,-74,-74,0,0,-77,-79,0,0,-81,-83,-60,-56,-62,-62,0,0,-69,-69,-80,0,-74,-74,0,-74,-75,-74,0,0,0,0,0,0,0,-79,-79,-83,-83,-80,-80,0,-79,-79,-80,-53,-64
-68,-67,-59,-58,0,-81,-83,0,-74,-74,0,0,-77,-79,0,0,-81,-83,-60,-56,-62,-62,0,0,-69,-69,-80,0,-74,-74,0,-74,-75,-74,0,0,0,0,0,0,0,-79,-79,-83,-83,-80,-80,0,-79,-79,-80,-53,-64
