0,-71,-70,-71,0,-86,-85,0,-86,-85,0,0,-79,-79,-81,-77,0,0,-75,-82,-75,-76,-73,-73,-69,-69,-77,-68,-70,-71,0,-82,-75,-75,0,0,-85,-85,0,0,0,-77,-77,0,0,0,0,0,0,-87,-86,-60,-66
0,-71,-70,-71,0,-86,-85,0,-86,-85,0,0,-79,-79,-81,-77,0,0,-75,-82,-75,-76,-73,-73,-69,-69,-77,-68,-70,-71,0,-82,-75,-75,0,0,-85,-85,0,0,0,-77,-77,0,0,0,0,0,0,-87,-86,-60,-66
0,-71,-70,-71,0,-86,-85,0,-86,-85,0,0,-79,-79,-81,-77,0,0,-75,-82,-75,-76,-73,-73,-69,-69,-77,-68,-70,-71,0,-82,-75,-75,0,0,-85,-85,0,0,0,-77,-77,0,0,0,0,0,0,-87,-86,-60,-66
0,-71,-70,-71,0,-86,-85,0,-86,-85,0,0,-79,-79,-81,-77,0,0,-75,-82,-75,-76,-73,-73,-69,-69,-77,-68,-70,-71,0,-82,-75,-75,0,0,-85,-85,0,0,0,-77,-77,0,0,0,0,0,0,-87,-86,-60,-66
0,0,-75,-75,0,-86,-85,-72,-86,-85,0,0,-78,-78,0,0,0,0,-75,-82,-78,-77,-73,-73,-66,-65,-75,-68,-70,-72,-79,-89,-78,-78,0,0,-85,-85,0,0,-76,-74,-74,0,0,0,0,0,0,-87,-86,-61,-66
0,0,-75,-75,0,-86,-85,-72,-86,-85,0,0,-78,-78,0,0,0,0,-75,-82,-78,-77,-73,-73,-66,-65,-75,-68,-70,-72,-79,-89,-78,-78,0,0,-85,-85,0,0,-76,-74,-74,0,0,0,0,0,0,-87,-86,-61,-66
0,0,-75,-75,0,-86,-85,-72,-86,-85,0,0,-78,-78,0,0,0,0,-75,-82,-78,-77,-73,-73,-66,-65,-75,-68,-70,-72,-79,-89,-78,-78,0,0,-85,-85,0,0,-76,-74,-74,0,0,0,0,0,0,-87,-86,-61,-66
0,-70,-74,-73,0,0,0,-72,-81,-82,0,0,-78,-78,0,0,0,0,-75,-74,-75,-73,0,0,-65,-65,-75,0,-66,-72,-80,-89,-72,-72,0,0,0,0,0,0,-76,-79,-80,0,-87,0,0,0,0,-86,0,-63,-69
0,-70,-74,-73,0,0,0,-72,-81,-82,0,0,-78,-78,0,0,0,0,-75,-74,-75,-73,0,0,-65,-65,-75,0,-66,-72,-80,-89,-72,-72,0,0,0,0,0,0,-76,-79,-80,0,-87,0,0,0,0,-86,0,-63,-69
0,-70,-74,-73,0,0,0,-72,-81,-82,0,0,-78,-78,0,0,0,0,-75,-74,-75,-73,0,0,-65,-65,-75,0,-66,-72,-80,-89,-72,-72,0,0,0,0,0,0,-76,-79,-80,0,-87,0,0,0,0,-86,0,-63,-69
0,-70,-74,-73,0,0,0,-72,-81,-82,0,0,-78,-78,0,0,0,0,-75,-74,-75,-73,0,0,-65,-65,-75,0,-66,-72,-80,-89,-72,-72,0,0,0,0,0,0,-76,-79,-80,0,-87,0,0,0,0,-86,0,-63,-69
0,-70,-70,-69,0,-84,0,-79,-81,-82,-85,-84,-83,-81,0,0,0,0,-79,-75,-79,-80,0,0,-75,-75,-73,-79,-63,-63,-79,-79,-77,-77,0,0,-86,-85,0,0,-76,-81,-80,0,-87,0,0,0,-85,-86,0,-56,-67
0,-70,-70,-69,0,-84,0,-79,-81,-82,-85,-84,-83,-81,0,0,0,0,-79,-75,-79,-80,0,0,-75,-75,-73,-79,-63,-63,-79,-79,-77,-77,0,0,-86,-85,0,0,-76,-81,-80,0,-87,0,0,0,-85,-86,0,-56,-67
0,-70,-70,-69,0,-84,0,-79,-81,-82,-85,-84,-83,-81,0,0,0,0,-79,-75,-79,-80,0,0,-75,-75,-73,-79,-63,-63,-79,-79,-77,-77,0,0,-86,-85,0,0,-76,-81,-80,0,-87,0,0,0,-85,-86,0,-56,-67
0,-70,-69,-69,-79,-81,0,-79,-81,-85,-85,-84,-85,-86,0,0,0,0,-79,-74,-76,-77,-79,-76,-69,-69,-73,-79,-65,-65,-79,-77,-72,-71,0,0,-86,-85,0,-80,-79,-78,-77,0,-87,0,0,0,-85,-86,0,-56,-66
0,-70,-69,-69,-79,-81,0,-79,-81,-85,-85,-84,-85,-86,0,0,0,0,-79,-74,-76,-77,-79,-76,-69,-69,-73,-79,-65,-65,-79,-77,-72,-71,0,0,-86,-85,0,-80,-79,-78,-77,0,-87,0,0,0,-85,-86,0,-56,-66
0,-70,-69,-69,-79,-81,0,-79,-81,-85,-85,-84,-85,-86,0,0,0,0,-79,-74,-76,-77,-79,-76,-69,-69,-73,-79,-65,-65,-79,-77,-72,-71,0,0,-86,-85,0,-80,-79,-78,-77,0,-87,0,0,0,-85,-86,0,-56,-66
0,-70,-69,-69,-79,-81,0,-79,-81,-85,-85,-84,-85,-86,0,0,0,0,-79,-74,-76,-77,-79,-76,-69,-69,-73,-79,-65,-65,-79,-77,-72,-71,0,0,-86,-85,0,-80,-79,-78,-77,0,-87,0,0,0,-85,-86,0,-56,-66
0,-69,-68,-69,-79,-81,0,-79,0,-85,-85,-84,-79,-80,0,0,0,0,-79,-74,-75,-75,-79,-64,-71,-71,-71,-79,-58,-58,-75,-75,-76,-76,0,0,-85,-86,0,-80,-76,-74,-75,0,0,0,0,0,-85,-83,-84,-53,-68
0,-69,-68,-69,-79,-81,0,-79,0,-85,-85,-84,-79,-80,0,0,0,0,-79,-74,-75,-75,-79,-64,-71,-71,-71,-79,-58,-58,-75,-75,-76,-76,0,0,-85,-86,0,-80,-76,-74,-75,0,0,0,0,0,-85,-83,-84,-53,-68
0,-69,-68,-69,-79,-81,0,-79,0,-85,-85,-84,-79,-80,0,0,0,0,-79,-74,-75,-75,-79,-64,-71,-71,-71,-79,-58,-58,-75,-75,-76,-76,0,0,-85,-86,0,-80,-76,-74,-75,0,0,0,0,0,-85,-83,-84,-53,-68
0,-69,-69,-69,-79,-86,-86,0,0,-85,0,0,-79,-83,0,0,0,0,-75,-73,-74,-74,-79,-64,-70,-70,-71,0,-60,-61,-75,-75,-76,-76,0,0,-85,-86,0,-80,-76,-77,-74,0,0,0,0,0,0,-83,-85,-56,-73
0,-69,-69,-69,-79,-86,-86,0,0,-85,0,0,-79,-83,0,0,0,0,-75,-73,-74,-74,-79,-64,-70,-70,-71,0,-60,-61,-75,-75,-76,-76,0,0,-85,-86,0,-80,-76,-77,-74,0,0,0,0,0,0,-83,-85,-56,-73
0,-69,-69,-69,-79,-86,-86,0,0,-85,0,0,-79,-83,0,0,0,0,-75,-73,-74,-74,-79,-64,-70,-70,-71,0,-60,-61,-75,-75,-76,-76,0,0,-85,-86,0,-80,-76,-77,-74,0,0,0,0,0,0,-83,-85,-56,-73
0,-72,-71,-71,-77,-83,-84,0,-82,-83,0,0,-78,-78,0,0,-83,0,-75,-76,-76,-76,-76,-64,-70,-70,-71,0,-64,-65,-75,-75,-71,-72,0,0,-85,-86,0,0,-76,-83,-74,0,0,0,0,0,0,-83,-85,-55,-72
0,-72,-71,-71,-77,-83,-84,0,-82,-83,0,0,-78,-78,0,0,-83,0,-75,-76,-76,-76,-76,-64,-70,-70,-71,0,-64,-65,-75,-75,-71,-72,0,0,-85,-86,0,0,-76,-83,-74,0,0,0,0,0,0,-83,-85,-55,-72
0,-72,-71,-71,-77,-83,-84,0,-82,-83,0,0,-78,-78,0,0,-83,0,-75,-76,-76,-76,-76,-64,-70,-70,-71,0,-64,-65,-75,-75,-71,-72,0,0,-85,-86,0,0,-76,-83,-74,0,0,0,0,0,0,-83,-85,-55,-72
0,-72,-71,-71,-77,-83,-84,0,-82,-83,0,0,-78,-78,0,0,-83,0,-75,-76,-76,-76,-76,-64,-70,-70,-71,0,-64,-65,-75,-75,-71,-72,0,0,-85,-86,0,0,-76,-83,-74,0,0,0,0,0,0,-83,-85,-55,-72
0,-72,-73,-73,-89,-84,-84,0,-84,-85,0,0,-82,-82,0,0,-83,0,-78,-75,-77,-77,-76,0,-75,-75,0,0,-64,-64,-77,-75,-71,-72,0,0,0,-86,0,0,0,-77,-79,0,0,0,0,-89,-86,-84,-84,-53,-72
0,-72,-73,-73,-89,-84,-84,0,-84,-85,0,0,-82,-82,0,0,-83,0,-78,-75,-77,-77,-76,0,-75,-75,0,0,-64,-64,-77,-75,-71,-72,0,0,0,-86,0,0,0,-77,-79,0,0,0,0,-89,-86,-84,-84,-53,-72
0,-72,-73,-73,-89,-84,-84,0,-84,-85,0,0,-82,-82,0,0,-83,0,-78,-75,-77,-77,-76,0,-75,-75,0,0,-64,-64,-77,-75,-71,-72,0,0,0,-86,0,0,0,-77,-79,0,0,0,0,-89,-86,-84,-84,-53,-72
0,-72,-71,-71,-89,-84,-83,0,-85,-85,0,0,-79,-79,0,-77,-83,0,-78,-75,-77,-77,-76,0,-67,-68,-70,0,-65,-65,-78,-75,-76,-76,0,0,-82,-83,0,0,0,-81,-81,0,0,0,0,-89,-86,-82,-82,-51,-71
0,-72,-71,-71,-89,-84,-83,0,-85,-85,0,0,-79,-79,0,-77,-83,0,-78,-75,-77,-77,-76,0,-67,-68,-70,0,-65,-65,-78,-75,-76,-76,0,0,-82,-83,0,0,0,-81,-81,0,0,0,0,-89,-86,-82,-82,-51,-71
0,-72,-71,-71,-89,-84,-83,0,-85,-85,0,0,-79,-79,0,-77,-83,0,-78,-75,-77,-77,-76,0,-67,-68,-70,0,-65,-65,-78,-75,-76,-76,0,0,-82,-83,0,0,0,-81,-81,0,0,0,0,-89,-86,-82,-82,-51,-71
0,-72,-71,-71,-89,-84,-83,0,-85,-85,0,0,-79,-79,0,-77,-83,0,-78,-75,-77,-77,-76,0,-67,-68,-70,0,-65,-65,-78,-75,-76,-76,0,0,-82,-83,0,0,0,-81,-81,0,0,0,0,-89,-86,-82,-82,-51,-71
0,0,-74,-74,-89,-85,-84,0,-85,-87,-85,-87,-79,-78,0,-77,0,0,-78,-75,-79,-79,-76,-73,-67,-67,-71,0,-64,-64,-78,0,-76,-76,0,0,-82,-83,0,0,0,-73,-74,0,0,0,0,-89,-86,-82,-82,-49,-77
0,0,-74,-74,-89,-85,-84,0,-85,-87,-85,-87,-79,-78,0,-77,0,0,-78,-75,-79,-79,-76,-73,-67,-67,-71,0,-64,-64,-78,0,-76,-76,0,0,-82,-83,0,0,0,-73,-74,0,0,0,0,-89,-86,-82,-82,-49,-77
0,0,-74,-74,-89,-85,-84,0,-85,-87,-85,-87,-79,-78,0,-77,0,0,-78,-75,-79,-79,-76,-73,-67,-67,-71,0,-64,-64,-78,0,-76,-76,0,0,-82,-83,0,0,0,-73,-74,0,0,0,0,-89,-86,-82,-82,-49,-77
-72,-69,-76,-76,0,-85,-86,0,-84,-83,-85,-87,-79,-78,0,-77,0,0,-80,-78,-80,-79,-75,-69,-68,-68,-71,0,-64,-64,-78,0,-71,-71,0,0,-82,-83,0,0,0,-80,-80,0,0,0,0,0,-86,-82,-82,-49,-75
-72,-69,-76,-76,0,-85,-86,0,-84,-83,-85,-87,-79,-78,0,-77,0,0,-80,-78,-80,-79,-75,-69,-68,-68,-71,0,-64,-64,-78,0,-71,-71,0,0,-82,-83,0,0,0,-80,-80,0,0,0,0,0,-86,-82,-82,-49,-75
-72,-69,-76,-76,0,-85,-86,0,-84,-83,-85,-87,-79,-78,0,-77,0,0,-80,-78,-80,-79,-75,-69,-68,-68,-71,0,-64,-64,-78,0,-71,-71,0,0,-82,-83,0,0,0,-80,-80,0,0,0,0,0,-86,-82,-82,-49,-75
-72,-69,-76,-76,0,-85,-86,0,-84,-83,-85,-87,-79,-78,0,-77,0,0,-80,-78,-80,-79,-75,-69,-68,-68,-71,0,-64,-64,-78,0,-71,-71,0,0,-82,-83,0,0,0,-80,-80,0,0,0,0,0,-86,-82,-82,-49,-75
-72,-69,-75,-75,0,-85,-86,0,-84,-85,-85,-87,-78,-78,0,0,0,0,-85,-81,-77,-76,-73,-72,-70,-70,-71,-63,-65,-65,-78,0,-76,-76,0,0,-85,-87,0,0,0,-80,-81,0,0,0,0,0,0,0,0,-52,-69
-72,-69,-75,-75,0,-85,-86,0,-84,-85,-85,-87,-78,-78,0,0,0,0,-85,-81,-77,-76,-73,-72,-70,-70,-71,-63,-65,-65,-78,0,-76,-76,0,0,-85,-87,0,0,0,-80,-81,0,0,0,0,0,0,0,0,-52,-69
-72,-69,-75,-75,0,-85,-86,0,-84,-85,-85,-87,-78,-78,0,0,0,0,-85,-81,-77,-76,-73,-72,-70,-70,-71,-63,-65,-65,-78,0,-76,-76,0,0,-85,-87,0,0,0,-80,-81,0,0,0,0,0,0,0,0,-52,-69
-72,-69,-76,-76,0,0,-86,0,-84,-84,0,0,-79,-79,0,0,0,0,-86,-81,-79,-79,-73,-72,-70,-70,-71,-63,-65,-65,-78,-76,-73,-73,0,0,-85,-87,0,0,0,-76,-77,0,0,0,0,0,0,0,0,-52,-72
-72,-69,-76,-76,0,0,-86,0,-84,-84,0,0,-79,-79,0,0,0,0,-86,-81,-79,-79,-73,-72,-70,-70,-71,-63,-65,-65,-78,-76,-73,-73,0,0,-85,-87,0,0,0,-76,-77,0,0,0,0,0,0,0,0,-52,-72
-72,-69,-76,-76,0,0,-86,0,-84,-84,0,0,-79,-79,0,0,0,0,-86,-81,-79,-79,-73,-72,-70,-70,-71,-63,-65,-65,-78,-76,-73,-73,0,0,-85,-87,0,0,0,-76,-77,0,0,0,0,0,0,0,0,-52,-72
-72,-69,-76,-76,0,0,-86,0,-84,-84,0,0,-79,-79,0,0,0,0,-86,-81,-79,-79,-73,-72,-70,-70,-71,-63,-65,-65,-78,-76,-73,-73,0,0,-85,-87,0,0,0,-76,-77,0,0,0,0,0,0,0,0,-52,-72
-73,-71,-71,-71,-82,-82,-83,0,-82,-84,0,0,-79,-78,0,-76,0,0,-86,-81,-79,-79,-73,-72,-73,-73,-71,-78,-64,-65,-78,-73,-72,-72,0,0,-85,-87,0,0,0,-77,-77,0,0,0,0,0,0,-87,-85,-49,-69
-73,-71,-71,-71,-82,-82,-83,0,-82,-84,0,0,-79,-78,0,-76,0,0,-86,-81,-79,-79,-73,-72,-73,-73,-71,-78,-64,-65,-78,-73,-72,-72,0,0,-85,-87,0,0,0,-77,-77,0,0,0,0,0,0,-87,-85,-49,-69
-73,-71,-71,-71,-82,-82,-83,0,-82,-84,0,0,-79,-78,0,-76,0,0,-86,-81,-79,-79,-73,-72,-73,-73,-71,-78,-64,-65,-78,-73,-72,-72,0,0,-85,-87,0,0,0,-77,-77,0,0,0,0,0,0,-87,-85,-49,-69
-73,-71,-76,-76,-82,-82,-83,0,-82,-83,0,0,-78,-78,0,-76,0,0,-86,-74,-79,-79,0,0,-72,-72,-71,-75,-65,-66,-78,-73,-72,-72,0,0,0,0,0,0,0,-77,-77,0,-86,0,0,0,0,-87,-85,-50,-69
-73,-71,-76,-76,-82,-82,-83,0,-82,-83,0,0,-78,-78,0,-76,0,0,-86,-74,-79,-79,0,0,-72,-72,-71,-75,-65,-66,-78,-73,-72,-72,0,0,0,0,0,0,0,-77,-77,0,-86,0,0,0,0,-87,-85,-50,-69
-73,-71,-76,-76,-82,-82,-83,0,-82,-83,0,0,-78,-78,0,-76,0,0,-86,-74,-79,-79,0,0,-72,-72,-71,-75,-65,-66,-78,-73,-72,-72,0,0,0,0,0,0,0,-77,-77,0,-86,0,0,0,0,-87,-85,-50,-69
-73,-71,-76,-76,-82,-82,-83,0,-82,-83,0,0,-78,-78,0,-76,0,0,-86,-74,-79,-79,0,0,-72,-72,-71,-75,-65,-66,-78,-73,-72,-72,0,0,0,0,0,0,0,-77,-77,0,-86,0,0,0,0,-87,-85,-50,-69
-73,-72,-76,-76,-82,-82,-83,-80,-84,-85,0,0,-78,-78,-77,-76,-83,-83,-76,-71,-79,-80,0,0,-74,-73,-71,-75,-65,-65,0,-73,-73,-73,0,0,0,0,0,0,0,-74,-75,0,-86,0,0,0,0,-87,-85,-49,-67
-73,-72,-76,-76,-82,-82,-83,-80,-84,-85,0,0,-78,-78,-77,-76,-83,-83,-76,-71,-79,-80,0,0,-74,-73,-71,-75,-65,-65,0,-73,-73,-73,0,0,0,0,0,0,0,-74,-75,0,-86,0,0,0,0,-87,-85,-49,-67
-73,-72,-76,-76,-82,-82,-83,-80,-84,-85,0,0,-78,-78,-77,-76,-83,-83,-76,-71,-79,-80,0,0,-74,-73,-71,-75,-65,-65,0,-73,-73,-73,0,0,0,0,0,0,0,-74,-75,0,-86,0,0,0,0,-87,-85,-49,-67
