0,-74,-80,-80,0,-78,-77,-65,-78,-78,-58,-55,-62,-58,0,0,-81,-81,0,0,-77,-76,-65,-61,-54,-55,0,-80,-77,-77,0,-58,-61,-61,0,0,-69,-69,0,0,0,0,0,0,0,0,0,0,0,-71,-70,-56,-57
0,-74,-80,-80,0,-78,-77,-65,-78,-78,-58,-55,-62,-58,0,0,-81,-81,0,0,-77,-76,-65,-61,-54,-55,0,-80,-77,-77,0,-58,-61,-61,0,0,-69,-69,0,0,0,0,0,0,0,0,0,0,0,-71,-70,-56,-57
0,-74,-80,-80,0,-78,-77,-65,-78,-78,-58,-55,-62,-58,0,0,-81,-81,0,0,-77,-76,-65,-61,-54,-55,0,-80,-77,-77,0,-58,-61,-61,0,0,-69,-69,0,0,0,0,0,0,0,0,0,0,0,-71,-70,-56,-57
0,-74,-80,-80,0,-78,-77,-65,-78,-78,-58,-55,-63,-58,0,0,-81,-81,0,0,-77,-76,-65,-61,-54,-55,0,-80,-77,-77,0,-58,-61,-61,0,0,-69,-69,0,0,0,0,0,0,0,0,0,0,0,-71,-70,-56,-57
0,-74,-80,-80,0,-78,-77,-65,-78,-78,-58,-55,-63,-58,0,0,-81,-81,0,0,-77,-76,-65,-61,-54,-55,0,-80,-77,-77,0,-58,-61,-61,0,0,-69,-69,0,0,0,0,0,0,0,0,0,0,0,-71,-70,-56,-57
0,-74,-80,-80,0,-78,-77,-65,-78,-78,-58,-55,-63,-58,0,0,-81,-81,0,0,-77,-76,-65,-61,-54,-55,0,-80,-77,-77,0,-58,-61,-61,0,0,-69,-69,0,0,0,0,0,0,0,0,0,0,0,-71,-70,-56,-57
0,-74,-80,-80,0,-78,-77,-65,-78,-78,-58,-55,-63,-58,0,0,-81,-81,0,0,-77,-76,-65,-61,-54,-55,0,-80,-77,-77,0,-58,-61,-61,0,0,-69,-69,0,0,0,0,0,0,0,0,0,0,0,-71,-70,-56,-57
0,-74,-80,-80,0,-78,-77,-65,-78,-78,-58,-55,-63,-58,0,0,-81,-81,0,0,-77,-76,-65,-61,-54,-55,0,-80,-77,-77,0,-58,-61,-61,0,0,-69,-69,0,0,0,0,0,0,0,0,0,0,0,-71,-70,-56,-57
0,-74,-80,-80,0,-78,-77,-65,-78,-78,-58,-55,-63,-58,0,0,-81,-81,0,0,-77,-76,-65,-61,-54,-55,0,-80,-77,-77,0,-58,-61,-61,0,0,-69,-69,0,0,0,0,0,0,0,0,0,0,0,-71,-70,-56,-57
0,-74,-82,-82,0,-78,-78,-65,-77,-77,-54,-51,-62,-58,0,0,-78,-79,0,0,-78,-78,-64,-61,-56,-56,0,-80,-81,-79,-61,-54,-65,-64,0,0,-70,-70,0,0,0,0,0,0,0,0,0,0,0,-69,-69,-62,-60
0,-74,-82,-82,0,-78,-78,-65,-77,-77,-54,-51,-62,-58,0,0,-78,-79,0,0,-78,-78,-64,-61,-56,-56,0,-80,-81,-79,-61,-54,-65,-64,0,0,-70,-70,0,0,0,0,0,0,0,0,0,0,0,-69,-69,-62,-60
0,-74,-82,-82,0,-78,-78,-65,-77,-77,-54,-51,-63,-58,0,0,-78,-79,0,0,-78,-78,-64,-61,-56,-56,0,-80,-81,-79,-61,-54,-65,-64,0,0,-70,-70,0,0,0,0,0,0,0,0,0,0,0,-69,-69,-62,-60
0,-74,-82,-82,0,-78,-78,-65,-77,-77,-54,-51,-63,-58,0,0,-78,-79,0,0,-78,-78,-64,-61,-56,-56,0,-80,-81,-79,-61,-54,-65,-64,0,0,-70,-70,0,0,0,0,0,0,0,0,0,0,0,-69,-69,-62,-60
0,-74,-82,-82,0,-78,-78,-65,-77,-77,-54,-51,-63,-58,0,0,-78,-79,0,0,-78,-78,-64,-61,-56,-56,0,-80,-81,-79,-61,-54,-65,-64,0,0,-70,-70,0,0,0,0,0,0,0,0,0,0,0,-69,-69,-62,-60
0,0,-82,-83,0,-78,-80,-75,-77,-77,-54,-50,-62,-64,0,0,-78,-79,0,0,-78,-78,-64,-61,-56,-56,0,-80,-81,-80,-61,-54,-65,-64,0,0,-70,-70,0,0,0,0,0,0,0,0,0,0,-71,-69,-69,-60,-61
0,0,-82,-83,0,-78,-80,-75,-77,-77,-54,-50,-62,-64,0,0,-78,-79,0,0,-78,-78,-64,-61,-56,-56,0,-80,-81,-80,-61,-54,-65,-64,0,0,-70,-70,0,0,0,0,0,0,0,0,0,0,-71,-69,-69,-60,-61
0,0,-82,-83,0,-78,-80,-75,-77,-77,-54,-50,-64,-64,0,0,-78,-79,0,0,-78,-78,-64,-61,-56,-56,0,-80,-81,-80,-61,-54,-65,-64,0,0,-70,-70,0,0,0,0,0,0,0,0,0,0,-71,-69,-69,-60,-61
0,0,-82,-83,0,-78,-80,-75,-77,-77,-54,-50,-64,-64,0,0,-78,-79,0,0,-78,-78,-64,-61,-56,-56,0,-80,-81,-80,-61,-54,-65,-64,0,0,-70,-70,0,0,0,0,0,0,0,0,0,0,-71,-69,-69,-60,-61
0,0,-82,-83,0,-78,-80,-75,-77,-77,-54,-50,-64,-64,0,0,-78,-79,0,0,-78,-78,-64,-61,-56,-56,0,-80,-81,-80,-61,-54,-65,-64,0,0,-70,-70,0,0,0,0,0,0,0,0,0,0,-71,-69,-69,-60,-61
-77,-75,-82,-83,-73,-78,-79,-67,-77,-78,0,-50,-65,-65,0,0,-79,-79,0,-69,-78,-78,-64,-61,-60,-60,-83,-79,-80,-80,0,-56,0,0,0,0,-71,-70,0,0,0,0,0,0,0,0,0,0,-71,-70,-70,-57,-60
-77,-75,-82,-83,-73,-78,-79,-67,-77,-78,0,-50,-65,-65,0,0,-79,-79,0,-69,-78,-78,-64,-61,-60,-60,-83,-79,-80,-80,0,-56,0,0,0,0,-71,-70,0,0,0,0,0,0,0,0,0,0,-71,-70,-70,-57,-60
-77,-75,-82,-83,-73,-78,-79,-67,-77,-78,0,-50,-65,-65,0,0,-79,-79,0,-69,-78,-78,-64,-61,-60,-60,-83,-79,-80,-80,0,-56,0,0,0,0,-71,-70,0,0,0,0,0,0,0,0,0,0,-71,-70,-70,-57,-60
-77,-75,-82,-83,-73,-78,-79,-67,-77,-78,0,-50,-64,-65,0,0,-79,-79,0,-69,-78,-78,-64,-61,-60,-60,-83,-79,-80,-80,0,-56,0,0,0,0,-71,-70,0,0,0,0,0,0,0,0,0,0,-71,-70,-70,-57,-60
-77,-75,-82,-83,-73,-78,-79,-67,-77,-78,0,-50,-64,-65,0,0,-79,-79,0,-69,-78,-78,-64,-61,-60,-60,-83,-79,-80,-80,0,-56,0,0,0,0,-71,-70,0,0,0,0,0,0,0,0,0,0,-71,-70,-70,-57,-60
-77,-75,-82,-83,-73,-77,-76,-62,-78,-78,-56,-53,-64,-64,0,0,-74,-75,0,-69,-78,-78,-64,-60,-57,-57,-83,-79,-80,-80,0,-56,-64,-65,0,0,-71,-70,0,0,0,0,0,0,0,-85,-84,0,0,-70,-70,-54,-57
-77,-75,-82,-83,-73,-77,-76,-62,-78,-78,-56,-53,-64,-64,0,0,-74,-75,0,-69,-78,-78,-64,-60,-57,-57,-83,-79,-80,-80,0,-56,-64,-65,0,0,-71,-70,0,0,0,0,0,0,0,-85,-84,0,0,-70,-70,-54,-57
-77,-75,-82,-83,-73,-77,-76,-62,-78,-78,-56,-53,-64,-64,0,0,-74,-75,0,-69,-78,-78,-64,-60,-57,-57,-83,-79,-80,-80,0,-56,-64,-65,0,0,-71,-70,0,0,0,0,0,0,0,-85,-84,0,0,-70,-70,-54,-57
-77,-75,-82,-83,-73,-77,-76,-62,-78,-78,-56,-53,-63,-64,0,0,-74,-75,0,-69,-78,-78,-64,-60,-57,-57,-83,-79,-80,-80,0,-56,-64,-65,0,0,-71,-70,0,0,0,0,0,0,0,-85,-84,0,0,-70,-70,-54,-57
-77,-75,-82,-83,-73,-77,-76,-62,-78,-78,-56,-53,-63,-64,0,0,-74,-75,0,-69,-78,-78,-64,-60,-57,-57,-83,-79,-80,-80,0,-56,-64,-65,0,0,-71,-70,0,0,0,0,0,0,0,-85,-84,0,0,-70,-70,-54,-57
0,0,-82,-83,0,-76,-76,-64,-78,-78,-56,-51,-65,-64,-68,-65,-75,-75,0,0,-75,-75,-64,-60,-57,-57,-79,0,-79,-79,0,-56,-60,-60,0,0,-70,-70,0,0,0,0,0,0,0,-85,-84,0,0,-70,-70,-55,-57
0,0,-82,-83,0,-76,-76,-64,-78,-78,-56,-51,-65,-64,-68,-65,-75,-75,0,0,-75,-75,-64,-60,-57,-57,-79,0,-79,-79,0,-56,-60,-60,0,0,-70,-70,0,0,0,0,0,0,0,-85,-84,0,0,-70,-70,-55,-57
0,0,-82,-83,0,-76,-76,-64,-78,-78,-56,-51,-65,-64,-68,-65,-75,-75,0,0,-75,-75,-64,-60,-57,-57,-79,0,-79,-79,0,-56,-60,-60,0,0,-70,-70,0,0,0,0,0,0,0,-85,-84,0,0,-70,-70,-55,-57
0,0,-82,-83,0,-76,-76,-64,-78,-78,-56,-51,-63,-64,-68,-65,-75,-75,0,0,-75,-75,-64,-60,-57,-57,-79,0,-79,-79,0,-56,-60,-60,0,0,-70,-70,0,0,0,0,0,0,0,-85,-84,0,0,-70,-70,-55,-57
0,0,-82,-83,0,-76,-76,-64,-78,-78,-56,-51,-63,-64,-68,-65,-75,-75,0,0,-75,-75,-64,-60,-57,-57,-79,0,-79,-79,0,-56,-60,-60,0,0,-70,-70,0,0,0,0,0,0,0,-85,-84,0,0,-70,-70,-55,-57
0,0,-81,-82,0,-76,-76,-64,-78,-78,-61,-58,-62,-62,-68,-65,-75,-76,0,-72,-77,-76,-67,-65,-59,-59,-79,0,-77,-76,0,-55,-59,-59,0,0,-69,-70,0,0,0,0,0,0,0,0,0,0,-70,-71,-71,-53,-63
0,0,-81,-82,0,-76,-76,-64,-78,-78,-61,-58,-62,-62,-68,-65,-75,-76,0,-72,-77,-76,-67,-65,-59,-59,-79,0,-77,-76,0,-55,-59,-59,0,0,-69,-70,0,0,0,0,0,0,0,0,0,0,-70,-71,-71,-53,-63
0,0,-81,-82,0,-76,-76,-64,-78,-78,-61,-58,-62,-62,-68,-65,-75,-76,0,-72,-77,-76,-67,-65,-59,-59,-79,0,-77,-76,0,-55,-59,-59,0,0,-69,-70,0,0,0,0,0,0,0,0,0,0,-70,-71,-71,-53,-63
0,0,-81,-82,0,-76,-76,-64,-78,-78,-61,-58,-62,-62,-68,-65,-75,-76,0,-72,-77,-76,-67,-65,-59,-59,-79,0,-77,-76,0,-55,-59,-59,0,0,-69,-70,0,0,0,0,0,0,0,0,0,0,-70,-71,-71,-53,-63
0,0,-81,-82,0,-76,-76,-64,-78,-78,-61,-58,-62,-62,-68,-65,-75,-76,0,-72,-77,-76,-67,-65,-59,-59,-79,0,-77,-76,0,-55,-59,-59,0,0,-69,-70,0,0,0,0,0,0,0,0,0,0,-70,-71,-71,-53,-63
0,0,-81,-82,0,-75,-76,-66,-80,-78,-55,-52,-63,-62,0,-64,-74,-76,-72,-69,-77,-76,-67,-65,-58,-57,0,0,-75,-76,0,-56,-59,-59,0,0,-69,-70,0,0,0,0,0,0,0,0,0,0,-70,-71,-71,-55,-56
0,0,-81,-82,0,-75,-76,-66,-80,-78,-55,-52,-63,-62,0,-64,-74,-76,-72,-69,-77,-76,-67,-65,-58,-57,0,0,-75,-76,0,-56,-59,-59,0,0,-69,-70,0,0,0,0,0,0,0,0,0,0,-70,-71,-71,-55,-56
0,0,-81,-82,0,-75,-76,-66,-80,-78,-55,-52,-63,-62,0,-64,-74,-76,-72,-69,-77,-76,-67,-65,-58,-57,0,0,-75,-76,0,-56,-59,-59,0,0,-69,-70,0,0,0,0,0,0,0,0,0,0,-70,-71,-71,-55,-56
0,0,-81,-82,0,-75,-76,-66,-80,-78,-55,-52,-63,-62,0,-64,-74,-76,-72,-69,-77,-76,-67,-65,-58,-57,0,0,-75,-76,0,-56,-59,-59,0,0,-69,-70,0,0,0,0,0,0,0,0,0,0,-70,-71,-71,-55,-56
0,0,-81,-82,0,-75,-76,-66,-80,-78,-55,-52,-65,-62,0,-64,-74,-76,-72,-69,-77,-76,-67,-65,-58,-57,0,0,-75,-76,0,-56,-59,-59,0,0,-69,-70,0,0,0,0,0,0,0,0,0,0,-70,-71,-71,-55,-56
0,0,-83,-82,0,-77,-77,-65,-80,-80,-55,-52,-65,-66,0,-66,-76,-76,-72,-69,-76,-76,0,0,-58,-59,0,0,-75,-76,0,-55,-60,-60,0,0,-69,-70,0,0,0,0,0,0,0,-84,-84,0,0,-69,-70,-55,-56
0,0,-83,-82,0,-77,-77,-65,-80,-80,-55,-52,-64,-66,0,-66,-76,-76,-72,-69,-76,-76,0,0,-58,-59,0,0,-75,-76,0,-55,-60,-60,0,0,-69,-70,0,0,0,0,0,0,0,-84,-84,0,0,-69,-70,-55,-56
0,0,-83,-82,0,-77,-77,-65,-80,-80,-55,-52,-64,-66,0,-66,-76,-76,-72,-69,-76,-76,0,0,-58,-59,0,0,-75,-76,0,-55,-60,-60,0,0,-69,-70,0,0,0,0,0,0,0,-84,-84,0,0,-69,-70,-55,-56
0,0,-83,-82,0,-77,-77,-65,-80,-80,-55,-52,-64,-66,0,-66,-76,-76,-72,-69,-76,-76,0,0,-58,-59,0,0,-75,-76,0,-55,-60,-60,0,0,-69,-70,0,0,0,0,0,0,0,-84,-84,0,0,-69,-70,-55,-56
0,0,-83,-82,0,-77,-77,-65,-80,-80,-55,-52,-64,-66,0,-66,-76,-76,-72,-69,-76,-76,0,0,-58,-59,0,0,-75,-76,0,-55,-60,-60,0,0,-69,-70,0,0,0,0,0,0,0,-84,-84,0,0,-69,-70,-55,-56
0,0,-82,-80,0,-76,-76,-65,-81,-80,0,0,-64,-64,0,-66,-75,-75,0,0,-75,-75,0,-65,-57,-58,0,0,-78,-78,0,-55,-60,-60,0,0,-69,-70,0,0,0,0,0,0,0,-84,-84,0,0,-69,-70,-54,-57
0,0,-82,-80,0,-76,-76,-65,-81,-80,0,0,-64,-64,0,-66,-75,-75,0,0,-75,-75,0,-65,-57,-58,0,0,-78,-78,0,-55,-60,-60,0,0,-69,-70,0,0,0,0,0,0,0,-84,-84,0,0,-69,-70,-54,-57
0,0,-82,-80,0,-76,-76,-65,-81,-80,0,0,-64,-64,0,-66,-75,-75,0,0,-75,-75,0,-65,-57,-58,0,0,-78,-78,0,-55,-60,-60,0,0,-69,-70,0,0,0,0,0,0,0,-84,-84,0,0,-69,-70,-54,-57
0,0,-82,-80,0,-76,-76,-65,-81,-80,0,0,-64,-64,0,-66,-75,-75,0,0,-75,-75,0,-65,-57,-58,0,0,-78,-78,0,-55,-60,-60,0,0,-69,-70,0,0,0,0,0,0,0,-84,-84,0,0,-69,-70,-54,-57
0,0,-82,-80,0,-76,-76,-65,-81,-80,0,0,-64,-64,0,-66,-75,-75,0,0,-75,-75,0,-65,-57,-58,0,0,-78,-78,0,-55,-60,-60,0,0,-69,-70,0,0,0,0,0,0,0,-84,-84,0,0,-69,-70,-54,-57
-77,0,-82,-82,0,-75,-75,-65,-81,-80,-55,-50,-64,-64,0,0,-76,-76,0,0,-75,-75,-67,-64,-59,-59,-81,-81,-75,-74,-60,-54,-60,-59,0,0,-69,-70,0,0,0,0,0,0,0,0,0,0,0,-69,-71,-55,-57
-77,0,-82,-82,0,-75,-75,-65,-81,-80,-55,-50,-64,-64,0,0,-76,-76,0,0,-75,-75,-67,-64,-59,-59,-81,-81,-75,-74,-60,-54,-60,-59,0,0,-69,-70,0,0,0,0,0,0,0,0,0,0,0,-69,-71,-55,-57
-77,0,-82,-82,0,-75,-75,-65,-81,-80,-55,-50,-66,-64,0,0,-76,-76,0,0,-75,-75,-67,-64,-59,-59,-81,-81,-75,-74,-60,-54,-60,-59,0,0,-69,-70,0,0,0,0,0,0,0,0,0,0,0,-69,-71,-55,-57
-77,0,-82,-82,0,-75,-75,-65,-81,-80,-55,-50,-66,-64,0,0,-76,-76,0,0,-75,-75,-67,-64,-59,-59,-81,-81,-75,-74,-60,-54,-60,-59,0,0,-69,-70,0,0,0,0,0,0,0,0,0,0,0,-69,-71,-55,-57
-77,0,-82,-82,0,-75,-75,-65,-81,-80,-55,-50,-66,-64,0,0,-76,-76,0,0,-75,-75,-67,-64,-59,-59,-81,-81,-75,-74,-60,-54,-60,-59,0,0,-69,-70,0,0,0,0,0,0,0,0,0,0,0,-69,-71,-55,-57
-77,-69,-81,-83,0,-77,-78,-65,-81,-80,-54,-50,-64,-64,0,0,-80,-80,0,0,-75,-75,-65,-60,-60,-59,-81,-81,-73,-73,-60,-54,-64,-63,0,0,-73,-73,0,0,0,0,0,0,0,0,0,0,0,-69,-69,-56,-59
