0,0,-81,-81,0,-78,-77,0,-75,-75,0,-48,-57,-57,0,0,-80,-81,-73,-69,-76,-77,-67,-63,-60,-60,-78,-75,-76,-76,-58,-55,-60,-60,0,0,-67,-67,0,0,0,-81,-82,0,0,0,0,0,-67,-64,-64,-52,-59
0,0,-81,-81,0,-78,-77,0,-75,-75,0,-48,-57,-57,0,0,-80,-81,-73,-69,-76,-77,-67,-63,-60,-60,-78,-75,-76,-76,-58,-55,-60,-60,0,0,-67,-67,0,0,0,-81,-82,0,0,0,0,0,-67,-64,-64,-52,-59
0,0,-81,-81,0,-78,-77,0,-75,-75,0,-48,-57,-57,0,0,-80,-81,-73,-69,-76,-77,-67,-63,-60,-60,-78,-75,-76,-76,-58,-55,-60,-60,0,0,-67,-67,0,0,0,-81,-82,0,0,0,0,0,-67,-64,-64,-52,-59
0,0,-81,-81,0,-78,-77,0,-75,-75,0,-48,-56,-57,0,0,-80,-81,-73,-69,-76,-77,-67,-63,-60,-60,-78,-75,-76,-76,-58,-55,-60,-60,0,0,-67,-67,0,0,0,-81,-82,0,0,0,0,0,-67,-64,-64,-52,-59
0,0,-81,-81,0,-78,-77,0,-75,-75,0,-48,-56,-57,0,0,-80,-81,-73,-69,-76,-77,-67,-63,-60,-60,-78,-75,-76,-76,-58,-55,-60,-60,0,0,-67,-67,0,0,0,-81,-82,0,0,0,0,0,-67,-64,-64,-52,-59
0,0,-81,-81,0,-76,-76,-68,-74,-75,0,-51,-55,-57,0,0,-80,-81,-73,-69,-76,-77,-67,-63,-56,-57,0,0,-72,-72,-61,0,-63,-62,0,0,-67,-67,0,0,0,-81,-82,0,0,0,0,0,-64,-66,-67,-56,-58
0,0,-81,-81,0,-76,-76,-68,-74,-75,0,-51,-55,-57,0,0,-80,-81,-73,-69,-76,-77,-67,-63,-56,-57,0,0,-72,-72,-61,0,-63,-62,0,0,-67,-67,0,0,0,-81,-82,0,0,0,0,0,-64,-66,-67,-56,-58
0,0,-81,-81,0,-76,-76,-68,-74,-75,0,-51,-55,-57,0,0,-80,-81,-73,-69,-76,-77,-67,-63,-56,-57,0,0,-72,-72,-61,0,-63,-62,0,0,-67,-67,0,0,0,-81,-82,0,0,0,0,0,-64,-66,-67,-56,-58
0,0,-81,-81,0,-76,-76,-68,-74,-75,0,-51,-55,-57,0,0,-80,-81,-73,-69,-76,-77,-67,-63,-56,-57,0,0,-72,-72,-61,0,-63,-62,0,0,-67,-67,0,0,0,-81,-82,0,0,0,0,0,-64,-66,-67,-56,-58
0,0,-81,-81,0,-76,-76,-68,-74,-75,0,-51,-55,-57,0,0,-80,-81,-73,-69,-76,-77,-67,-63,-56,-57,0,0,-72,-72,-61,0,-63,-62,0,0,-67,-67,0,0,0,-81,-82,0,0,0,0,0,-64,-66,-67,-56,-58
0,0,-81,-81,0,-76,-74,-64,-74,-74,-67,-61,-54,-54,0,0,-81,-81,0,0,-76,-75,0,0,-57,-57,0,0,-72,-73,-61,-57,-62,-62,0,0,-68,-68,0,0,0,0,0,0,0,0,0,0,-64,-68,-68,-52,-58
0,0,-81,-81,0,-76,-74,-64,-74,-74,-67,-61,-54,-54,0,0,-81,-81,0,0,-76,-75,0,0,-57,-57,0,0,-72,-73,-61,-57,-62,-62,0,0,-68,-68,0,0,0,0,0,0,0,0,0,0,-64,-68,-68,-52,-58
0,0,-81,-81,0,-76,-74,-64,-74,-74,-67,-61,-54,-54,0,0,-81,-81,0,0,-76,-75,0,0,-57,-57,0,0,-72,-73,-61,-57,-62,-62,0,0,-68,-68,0,0,0,0,0,0,0,0,0,0,-64,-68,-68,-52,-58
0,0,-81,-81,0,-76,-74,-64,-74,-74,-67,-61,-54,-54,0,0,-81,-81,0,0,-76,-75,0,0,-57,-57,0,0,-72,-73,-61,-57,-62,-62,0,0,-68,-68,0,0,0,0,0,0,0,0,0,0,-64,-68,-68,-52,-58
0,0,-81,-81,0,-76,-74,-64,-74,-74,-67,-61,-54,-54,0,0,-81,-81,0,0,-76,-75,0,0,-57,-57,0,0,-72,-73,-61,-57,-62,-62,0,0,-68,-68,0,0,0,0,0,0,0,0,0,0,-64,-68,-68,-52,-58
-76,-73,-81,-81,0,-75,-74,-64,-73,-73,-67,-61,-55,-54,0,0,-80,-79,0,0,-73,-73,0,0,-61,-61,0,0,-74,-73,0,-57,-67,-62,0,0,-69,-70,-80,0,0,0,0,0,0,0,0,-67,-63,-68,-69,-52,-60
-76,-73,-81,-81,0,-75,-74,-64,-73,-73,-67,-61,-55,-54,0,0,-80,-79,0,0,-73,-73,0,0,-61,-61,0,0,-74,-73,0,-57,-67,-62,0,0,-69,-70,-80,0,0,0,0,0,0,0,0,-67,-63,-68,-69,-52,-60
-76,-73,-81,-81,0,-75,-74,-64,-73,-73,-67,-61,-55,-54,0,0,-80,-79,0,0,-73,-73,0,0,-61,-61,0,0,-74,-73,0,-57,-67,-62,0,0,-69,-70,-80,0,0,0,0,0,0,0,0,-67,-63,-68,-69,-52,-60
-76,-73,-81,-81,0,-75,-74,-64,-73,-73,-67,-61,-55,-54,0,0,-80,-79,0,0,-73,-73,0,0,-61,-61,0,0,-74,-73,0,-57,-67,-62,0,0,-69,-70,-80,0,0,0,0,0,0,0,0,-67,-63,-68,-69,-52,-60
-76,-73,-81,-81,0,-75,-74,-64,-73,-73,-67,-61,-55,-54,0,0,-80,-79,0,0,-73,-73,0,0,-61,-61,0,0,-74,-73,0,-57,-67,-62,0,0,-69,-70,-80,0,0,0,0,0,0,0,0,-67,-63,-68,-69,-52,-60
-76,-73,-82,-82,-74,-75,-77,-67,-74,-74,0,0,-55,-55,0,-69,-79,-79,-74,-72,-76,-76,0,0,-61,-60,-76,-76,-74,-75,-62,-59,-63,-61,0,0,-69,-70,-80,0,0,0,0,0,0,0,0,-67,-63,-68,-69,-56,-58
-76,-73,-82,-82,-74,-75,-77,-67,-74,-74,0,0,-56,-55,0,-69,-79,-79,-74,-72,-76,-76,0,0,-61,-60,-76,-76,-74,-75,-62,-59,-63,-61,0,0,-69,-70,-80,0,0,0,0,0,0,0,0,-67,-63,-68,-69,-56,-58
-76,-73,-82,-82,-74,-75,-77,-67,-74,-74,0,0,-56,-55,0,-69,-79,-79,-74,-72,-76,-76,0,0,-61,-60,-76,-76,-74,-75,-62,-59,-63,-61,0,0,-69,-70,-80,0,0,0,0,0,0,0,0,-67,-63,-68,-69,-56,-58
-76,-73,-82,-82,-74,-75,-77,-67,-74,-74,0,0,-56,-55,0,-69,-79,-79,-74,-72,-76,-76,0,0,-61,-60,-76,-76,-74,-75,-62,-59,-63,-61,0,0,-69,-70,-80,0,0,0,0,0,0,0,0,-67,-63,-68,-69,-56,-58
-76,-73,-82,-82,-74,-75,-77,-67,-74,-74,0,0,-56,-55,0,-69,-79,-79,-74,-72,-76,-76,0,0,-61,-60,-76,-76,-74,-75,-62,-59,-63,-61,0,0,-69,-70,-80,0,0,0,0,0,0,0,0,-67,-63,-68,-69,-56,-58
0,0,-80,-80,-74,-78,-77,-67,-73,-73,0,0,-55,-55,0,-69,-81,-80,-74,-72,-78,-77,0,0,-59,-57,-76,-76,-74,-73,-62,-59,-64,-64,0,0,-66,-66,0,0,0,0,0,0,0,0,0,0,-78,-69,-69,-57,-57
0,0,-80,-80,-74,-78,-77,-67,-73,-73,0,0,-55,-55,0,-69,-81,-80,-74,-72,-78,-77,0,0,-59,-57,-76,-76,-74,-73,-62,-59,-64,-64,0,0,-66,-66,0,0,0,0,0,0,0,0,0,0,-78,-69,-69,-57,-57
0,0,-80,-80,-74,-78,-77,-67,-73,-73,0,0,-55,-55,0,-69,-81,-80,-74,-72,-78,-77,0,0,-59,-57,-76,-76,-74,-73,-62,-59,-64,-64,0,0,-66,-66,0,0,0,0,0,0,0,0,0,0,-78,-69,-69,-57,-57
0,0,-80,-80,-74,-78,-77,-67,-73,-73,0,0,-55,-55,0,-69,-81,-80,-74,-72,-78,-77,0,0,-59,-57,-76,-76,-74,-73,-62,-59,-64,-64,0,0,-66,-66,0,0,0,0,0,0,0,0,0,0,-78,-69,-69,-57,-57
0,0,-80,-80,-74,-78,-77,-67,-73,-73,0,0,-55,-55,0,-69,-81,-80,-74,-72,-78,-77,0,0,-59,-57,-76,-76,-74,-73,-62,-59,-64,-64,0,0,-66,-66,0,0,0,0,0,0,0,0,0,0,-78,-69,-69,-57,-57
0,0,-80,-80,0,-75,-73,-64,-72,-73,-56,-50,-56,-56,0,0,-80,-80,0,-70,-76,-75,0,-66,-59,-59,-76,-74,-74,-73,-62,-58,-66,-63,0,0,-68,-68,0,0,0,0,0,0,0,0,0,0,-64,-69,-69,-51,-57
0,0,-80,-80,0,-75,-73,-64,-72,-73,-56,-50,-56,-56,0,0,-80,-80,0,-70,-76,-75,0,-66,-59,-59,-76,-74,-74,-73,-62,-58,-66,-63,0,0,-68,-68,0,0,0,0,0,0,0,0,0,0,-64,-69,-69,-51,-57
0,0,-80,-80,0,-75,-73,-64,-72,-73,-56,-50,-56,-56,0,0,-80,-80,0,-70,-76,-75,0,-66,-59,-59,-76,-74,-74,-73,-62,-58,-66,-63,0,0,-68,-68,0,0,0,0,0,0,0,0,0,0,-64,-69,-69,-51,-57
0,0,-80,-80,0,-75,-73,-64,-72,-73,-56,-50,-56,-56,0,0,-80,-80,0,-70,-76,-75,0,-66,-59,-59,-76,-74,-74,-73,-62,-58,-66,-63,0,0,-68,-68,0,0,0,0,0,0,0,0,0,0,-64,-69,-69,-51,-57
0,0,-80,-80,0,-75,-73,-64,-72,-73,-56,-50,-56,-56,0,0,-80,-80,0,-70,-76,-75,0,-66,-59,-59,-76,-74,-74,-73,-62,-58,-66,-63,0,0,-68,-68,0,0,0,0,0,0,0,0,0,0,-64,-69,-69,-51,-57
0,-77,-79,-81,0,-75,-74,-64,-72,-73,-56,-51,-56,-56,0,0,-80,-80,-65,-62,-78,-76,0,-65,-59,-59,-76,-72,-74,-73,-62,-58,-62,-62,0,0,-68,-68,0,0,0,0,0,0,0,0,0,-70,-64,-69,-69,-47,-59
0,-77,-79,-81,0,-75,-74,-64,-72,-73,-56,-51,-56,-56,0,0,-80,-80,-65,-62,-78,-76,0,-65,-59,-59,-76,-72,-74,-73,-62,-58,-62,-62,0,0,-68,-68,0,0,0,0,0,0,0,0,0,-70,-64,-69,-69,-47,-59
0,-77,-79,-81,0,-75,-74,-64,-72,-73,-56,-51,-56,-56,0,0,-80,-80,-65,-62,-78,-76,0,-65,-59,-59,-76,-72,-74,-73,-62,-58,-62,-62,0,0,-68,-68,0,0,0,0,0,0,0,0,0,-70,-64,-69,-69,-47,-59
0,-77,-79,-81,0,-75,-74,-64,-72,-73,-56,-51,-56,-56,0,0,-80,-80,-65,-62,-78,-76,0,-65,-59,-59,-76,-72,-74,-73,-62,-58,-62,-62,0,0,-68,-68,0,0,0,0,0,0,0,0,0,-70,-64,-69,-69,-47,-59
0,-77,-79,-81,0,-75,-74,-64,-72,-73,-56,-51,-56,-56,0,0,-80,-80,-65,-62,-78,-76,0,-65,-59,-59,-76,-72,-74,-73,-62,-58,-62,-62,0,0,-68,-68,0,0,0,0,0,0,0,0,0,-70,-64,-69,-69,-47,-59
0,-77,-81,-81,0,-74,-71,-65,-72,-73,-56,-51,-56,-56,0,0,-84,-84,-65,-62,-76,-76,0,-65,-58,-59,-76,-72,-74,-73,0,-58,-61,-61,0,0,-68,-68,0,0,0,0,0,0,0,-84,-83,-70,-64,-69,-69,-51,-56
0,-77,-81,-81,0,-74,-71,-65,-72,-73,-56,-51,-56,-56,0,0,-84,-84,-65,-62,-76,-76,0,-65,-58,-59,-76,-72,-74,-73,0,-58,-61,-61,0,0,-68,-68,0,0,0,0,0,0,0,-84,-83,-70,-64,-69,-69,-51,-56
0,-77,-81,-81,0,-74,-71,-65,-72,-73,-56,-51,-56,-56,0,0,-84,-84,-65,-62,-76,-76,0,-65,-58,-59,-76,-72,-74,-73,0,-58,-61,-61,0,0,-68,-68,0,0,0,0,0,0,0,-84,-83,-70,-64,-69,-69,-51,-56
0,-77,-81,-81,0,-74,-71,-65,-72,-73,-56,-51,-56,-56,0,0,-84,-84,-65,-62,-76,-76,0,-65,-58,-59,-76,-72,-74,-73,0,-58,-61,-61,0,0,-68,-68,0,0,0,0,0,0,0,-84,-83,-70,-64,-69,-69,-51,-56
0,-77,-81,-81,0,-74,-71,-65,-72,-73,-56,-51,-56,-56,0,0,-84,-84,-65,-62,-76,-76,0,-65,-58,-59,-76,-72,-74,-73,0,-58,-61,-61,0,0,-68,-68,0,0,0,0,0,0,0,-84,-83,-70,-64,-69,-69,-51,-56
0,0,-79,-79,0,-73,-73,-64,-72,-73,0,0,-57,-56,0,0,-80,-80,-71,-68,-76,-76,-68,-65,-58,-59,-75,-73,-71,-74,0,-55,-63,-63,0,0,-67,-68,0,0,0,0,0,0,0,-84,-83,0,-64,-69,-68,-52,-59
0,0,-79,-79,0,-73,-73,-64,-72,-73,0,0,-57,-56,0,0,-80,-80,-71,-68,-76,-76,-68,-65,-58,-59,-75,-73,-71,-74,0,-55,-63,-63,0,0,-67,-68,0,0,0,0,0,0,0,-84,-83,0,-64,-69,-68,-52,-59
0,0,-79,-79,0,-73,-73,-64,-72,-73,0,0,-57,-56,0,0,-80,-80,-71,-68,-76,-76,-68,-65,-58,-59,-75,-73,-71,-74,0,-55,-63,-63,0,0,-67,-68,0,0,0,0,0,0,0,-84,-83,0,-64,-69,-68,-52,-59
0,0,-79,-79,0,-73,-73,-64,-72,-73,0,0,-57,-56,0,0,-80,-80,-71,-68,-76,-76,-68,-65,-58,-59,-75,-73,-71,-74,0,-55,-63,-63,0,0,-67,-68,0,0,0,0,0,0,0,-84,-83,0,-64,-69,-68,-52,-59
0,0,-79,-79,0,-73,-73,-64,-72,-73,0,0,-57,-56,0,0,-80,-80,-71,-68,-76,-76,-68,-65,-58,-59,-75,-73,-71,-74,0,-55,-63,-63,0,0,-67,-68,0,0,0,0,0,0,0,-84,-83,0,-64,-69,-68,-52,-59
0,-70,-79,-79,-74,-73,-73,-64,-72,-72,0,0,-55,-56,0,0,-80,-80,-71,-68,-75,-74,-68,-63,-59,-60,-75,-73,-72,-74,0,-55,-60,-59,0,0,-67,-68,0,0,0,0,0,0,0,0,-83,-67,-62,-68,-68,-52,-57
0,-70,-79,-79,-74,-73,-73,-64,-72,-72,0,0,-55,-56,0,0,-80,-80,-71,-68,-75,-74,-68,-63,-59,-60,-75,-73,-72,-74,0,-55,-60,-59,0,0,-67,-68,0,0,0,0,0,0,0,0,-83,-67,-62,-68,-68,-52,-57
0,-70,-79,-79,-74,-73,-73,-64,-72,-72,0,0,-55,-56,0,0,-80,-80,-71,-68,-75,-74,-68,-63,-59,-60,-75,-73,-72,-74,0,-55,-60,-59,0,0,-67,-68,0,0,0,0,0,0,0,0,-83,-67,-62,-68,-68,-52,-57
0,-70,-79,-79,-74,-73,-73,-64,-72,-72,0,0,-56,-56,0,0,-80,-80,-71,-68,-75,-74,-68,-63,-59,-60,-75,-73,-72,-74,0,-55,-60,-59,0,0,-67,-68,0,0,0,0,0,0,0,0,-83,-67,-62,-68,-68,-52,-57
0,-70,-79,-79,-74,-73,-73,-64,-72,-72,0,0,-56,-56,0,0,-80,-80,-71,-68,-75,-74,-68,-63,-59,-60,-75,-73,-72,-74,0,-55,-60,-59,0,0,-67,-68,0,0,0,0,0,0,0,0,-83,-67,-62,-68,-68,-52,-57
0,-70,-80,-80,-74,-74,-73,-64,-72,-72,-56,-52,-57,-58,0,0,-80,-80,-71,-70,-77,-75,0,-63,-59,-59,-75,-73,-72,-73,0,0,-64,-66,0,0,-67,-68,0,0,0,0,0,0,0,0,0,-67,-62,-66,-66,-52,-57
0,-70,-80,-80,-74,-74,-73,-64,-72,-72,-56,-52,-57,-58,0,0,-80,-80,-71,-70,-77,-75,0,-63,-59,-59,-75,-73,-72,-73,0,0,-64,-66,0,0,-67,-68,0,0,0,0,0,0,0,0,0,-67,-62,-66,-66,-52,-57
0,-70,-80,-80,-74,-74,-73,-64,-72,-72,-56,-52,-57,-58,0,0,-80,-80,-71,-70,-77,-75,0,-63,-59,-59,-75,-73,-72,-73,0,0,-64,-66,0,0,-67,-68,0,0,0,0,0,0,0,0,0,-67,-62,-66,-66,-52,-57
