0,0,0,0,-73,0,0,0,0,0,-70,-68,-80,-76,-81,-75,0,0,-77,-76,-84,-85,-65,-64,-70,-68,-82,-86,0,0,-66,-61,-71,-72,0,0,-74,-78,0,0,0,0,0,0,0,0,0,-67,-72,-76,-74,-55,-59
0,0,0,0,-73,0,0,0,0,0,-70,-68,-80,-76,-81,-75,0,0,-77,-76,-84,-85,-65,-64,-70,-68,-82,-86,0,0,-66,-61,-71,-72,0,0,-74,-78,0,0,0,0,0,0,0,0,0,-67,-72,-76,-74,-55,-59
-75,-70,0,0,-73,0,0,-85,0,0,-70,-68,-80,-76,0,-75,0,0,-77,-76,-88,-85,-65,-62,-73,-70,-80,-87,0,0,-66,-74,-70,-69,0,0,-74,-78,0,0,0,0,0,0,0,0,0,-67,-64,-73,-73,-62,-63
-75,-70,0,0,-73,0,0,-85,0,0,-70,-68,-80,-76,0,-75,0,0,-77,-76,-88,-85,-65,-62,-73,-70,-80,-87,0,0,-66,-74,-70,-69,0,0,-74,-78,0,0,0,0,0,0,0,0,0,-67,-64,-73,-73,-62,-63
-75,-70,0,0,-77,0,0,-85,0,0,-72,-71,-82,-81,0,0,0,0,0,0,-88,0,-70,-62,-67,-69,-87,-86,0,0,0,-68,-70,-69,0,0,-81,-81,0,0,0,0,0,0,0,0,0,-68,-72,-74,-74,-59,-58
-75,-70,0,0,-77,0,0,-85,0,0,-72,-71,-82,-81,0,0,0,0,0,0,-88,0,-70,-62,-67,-69,-87,-86,0,0,0,-68,-70,-69,0,0,-81,-81,0,0,0,0,0,0,0,0,0,-68,-72,-74,-74,-59,-58
-75,-70,0,0,-77,0,0,-85,0,0,-72,-71,-82,-81,0,0,0,0,0,0,-88,0,-70,-62,-67,-69,-87,-86,0,0,0,-68,-70,-69,0,0,-81,-81,0,0,0,0,0,0,0,0,0,-68,-72,-74,-74,-59,-58
-75,-77,0,0,-77,0,0,-85,0,0,-72,-68,-83,-83,0,-75,0,0,0,0,-88,0,-70,-72,-65,-67,-87,-86,0,0,-69,-70,-72,-72,0,0,-81,-83,0,0,0,0,0,0,0,0,0,-69,-69,-75,-70,-62,-71
-75,-77,0,0,-77,0,0,-85,0,0,-72,-68,-83,-83,0,-75,0,0,0,0,-88,0,-70,-72,-65,-67,-87,-86,0,0,-69,-70,-72,-72,0,0,-81,-83,0,0,0,0,0,0,0,0,0,-69,-69,-75,-70,-62,-71
-75,-77,0,0,-77,0,0,-85,0,0,-72,-68,-83,-83,0,-75,0,0,0,0,-88,0,-70,-72,-65,-67,-87,-86,0,0,-69,-70,-72,-72,0,0,-81,-83,0,0,0,0,0,0,0,0,0,-69,-69,-75,-70,-62,-71
0,-77,0,0,-83,0,0,0,0,0,-72,-68,-83,-81,-86,-87,0,0,0,0,0,0,-70,-72,-68,-65,-87,-94,0,0,-69,-70,-76,-77,0,0,-83,-82,0,0,0,0,0,0,0,0,0,-69,-69,-73,-73,-64,-67
0,-77,0,0,-83,0,0,0,0,0,-72,-68,-83,-81,-86,-87,0,0,0,0,0,0,-70,-72,-68,-65,-87,-94,0,0,-69,-70,-76,-77,0,0,-83,-82,0,0,0,0,0,0,0,0,0,-69,-69,-73,-73,-64,-67
0,0,0,0,-83,0,0,-73,0,0,0,0,-82,-82,-86,-87,0,0,0,-73,0,0,0,0,-65,-65,0,-94,0,0,-69,-71,-76,-77,0,0,-81,-82,0,0,-88,0,0,0,0,0,0,-64,-65,-75,-73,-65,-68
0,0,0,0,-83,0,0,-73,0,0,0,0,-82,-82,-86,-87,0,0,0,-73,0,0,0,0,-65,-65,0,-94,0,0,-69,-71,-76,-77,0,0,-81,-82,0,0,-88,0,0,0,0,0,0,-64,-65,-75,-73,-65,-68
0,0,0,0,-83,0,0,-73,0,0,0,0,-82,-82,-86,-87,0,0,0,-73,0,0,0,0,-65,-65,0,-94,0,0,-69,-71,-76,-77,0,0,-81,-82,0,0,-88,0,0,0,0,0,0,-64,-65,-75,-73,-65,-68
0,-77,0,0,0,0,0,-71,0,0,0,-67,-81,-82,0,0,0,0,0,-76,0,0,0,-69,-65,-67,0,0,0,0,0,-71,0,0,0,-88,-82,-83,0,0,-88,0,0,0,0,0,0,-63,-62,-74,-74,-67,-64
-81,-77,0,0,0,0,0,-71,0,0,0,-67,-80,-78,0,0,0,0,0,-76,0,0,-72,-69,-64,-67,0,0,0,0,-67,-71,0,0,0,-88,-82,-81,0,0,-88,0,0,0,0,0,0,-64,-62,-77,-75,-68,-68
-81,-77,0,0,0,0,0,-71,0,0,0,-67,-80,-78,0,0,0,0,0,-76,0,0,-72,-69,-64,-67,0,0,0,0,-67,-71,0,0,0,-88,-82,-81,0,0,-88,0,0,0,0,0,0,-64,-62,-77,-75,-68,-68
-81,-77,0,0,0,0,0,-71,0,0,0,-67,-80,-78,0,0,0,0,0,-76,0,0,-72,-69,-64,-67,0,0,0,0,-67,-71,0,0,0,-88,-82,-81,0,0,-88,0,0,0,0,0,0,-64,-62,-77,-75,-68,-68
-81,-78,0,0,0,0,0,-71,0,0,0,-66,-83,-80,0,0,0,0,0,-74,0,0,-72,-69,-64,-67,0,0,0,0,-67,-70,0,0,0,-88,-82,-81,-92,0,0,0,0,0,0,0,0,-64,-64,-76,-74,-66,-67
-81,-78,0,0,0,0,0,-71,0,0,0,-66,-83,-80,0,0,0,0,0,-74,0,0,-72,-69,-64,-67,0,0,0,0,-67,-70,0,0,0,-88,-82,-81,-92,0,0,0,0,0,0,0,0,-64,-64,-76,-74,-66,-67
-81,-78,0,0,0,0,0,-71,0,0,0,-66,-83,-80,0,0,0,0,0,-74,0,0,-72,-69,-64,-67,0,0,0,0,-67,-70,0,0,0,-88,-82,-81,-92,0,0,0,0,0,0,0,0,-64,-64,-76,-74,-66,-67
-81,-79,0,0,0,0,0,-73,0,0,0,-65,-79,-80,0,0,0,0,0,-74,0,0,-74,-69,-65,-66,0,-90,-90,0,-67,-69,0,0,0,0,-82,-82,-92,0,0,0,0,0,0,0,0,-66,-64,-77,-77,-70,-58
-81,-79,0,0,0,0,0,-73,0,0,0,-65,-79,-80,0,0,0,0,0,-74,0,0,-74,-69,-65,-66,0,-90,-90,0,-67,-69,0,0,0,0,-82,-82,-92,0,0,0,0,0,0,0,0,-66,-64,-77,-77,-70,-58
-81,-79,0,0,0,0,0,-73,0,0,0,-65,-79,-80,0,0,0,0,0,-74,0,0,-74,-69,-65,-66,0,-90,-90,0,-67,-69,0,0,0,0,-82,-82,-92,0,0,0,0,0,0,0,0,-66,-64,-77,-77,-70,-58
0,-79,0,0,-82,0,0,-73,0,0,0,-65,-79,-80,-71,-73,0,0,0,-72,0,0,-74,-69,-71,-69,0,-90,-90,0,-67,-69,-72,-73,0,0,-78,-77,0,0,0,0,0,0,0,0,0,-68,-64,-77,-76,-66,-68
0,-79,0,0,-82,0,0,-73,0,0,0,-65,-79,-80,-71,-73,0,0,0,-72,0,0,-74,-69,-71,-69,0,-90,-90,0,-67,-69,-72,-73,0,0,-78,-77,0,0,0,0,0,0,0,0,0,-68,-64,-77,-76,-66,-68
0,0,0,0,-82,0,0,-72,0,0,-79,-79,0,0,-71,-73,0,0,0,-72,0,0,0,0,-71,-70,0,0,0,0,-69,-69,-72,-72,0,0,-79,-77,-91,0,0,0,0,0,0,0,0,-67,0,-87,-90,-63,-69
0,0,0,0,-82,0,0,-72,0,0,-79,-79,0,0,-71,-73,0,0,0,-72,0,0,0,0,-71,-70,0,0,0,0,-69,-69,-72,-72,0,0,-79,-77,-91,0,0,0,0,0,0,0,0,-67,0,-87,-90,-63,-69
0,0,0,0,0,0,0,-72,0,0,-68,-67,0,0,0,0,0,0,0,-73,0,0,0,0,-71,-69,-88,-89,0,0,-67,-69,-69,-69,0,0,-77,-78,-91,0,0,0,0,0,0,0,0,-67,-66,-77,-78,-65,-69
0,0,0,0,0,0,0,-72,0,0,-68,-67,0,0,0,0,0,0,0,-73,0,0,0,0,-71,-69,-88,-89,0,0,-67,-69,-69,-69,0,0,-77,-78,-91,0,0,0,0,0,0,0,0,-67,-66,-77,-78,-65,-69
0,0,0,0,0,0,0,-72,0,0,-71,-65,-83,-83,0,0,0,0,0,-73,0,0,0,0,-73,-70,-88,-89,0,0,-67,-69,-69,-70,0,0,-78,-77,-91,0,0,0,0,0,0,0,0,-69,-66,-76,-77,-64,-67
0,0,0,0,0,0,0,-72,0,0,-71,-65,-83,-83,0,0,0,0,0,-73,0,0,0,0,-73,-70,-88,-89,0,0,-67,-69,-69,-70,0,0,-78,-77,-91,0,0,0,0,0,0,0,0,-69,-66,-76,-77,-64,-67
0,0,0,0,0,0,0,-72,0,0,-71,-66,-83,-83,0,0,0,0,-76,-75,0,0,-72,-74,-71,-71,-86,-88,0,0,-67,-69,-73,-73,0,0,-77,-77,0,0,0,0,0,0,0,0,0,-70,-66,-78,-77,-66,-66
0,0,0,0,0,0,0,-72,0,0,-71,-66,-83,-83,0,0,0,0,-76,-75,0,0,-72,-74,-71,-71,-86,-88,0,0,-67,-69,-73,-73,0,0,-77,-77,0,0,0,0,0,0,0,0,0,-70,-66,-78,-77,-66,-66
0,0,0,0,0,0,0,-72,0,0,-68,-66,-84,-83,-81,-81,0,0,-76,-73,0,0,-72,-74,-71,-75,-86,-88,0,0,-65,-69,-72,-73,0,0,-78,-79,0,0,0,0,0,0,0,0,0,-67,-62,-78,-76,-64,-70
0,0,0,0,0,0,0,-72,0,0,-68,-66,-84,-83,-81,-81,0,0,-76,-73,0,0,-72,-74,-71,-75,-86,-88,0,0,-65,-69,-72,-73,0,0,-78,-79,0,0,0,0,0,0,0,0,0,-67,-62,-78,-76,-64,-70
0,0,0,0,0,0,0,0,0,0,-71,-68,-79,-80,-81,-81,0,0,-74,-73,0,0,-72,-71,-65,-65,-86,-89,0,0,-65,-69,-71,-70,0,0,-78,-79,0,0,0,0,0,0,0,0,0,-66,-63,-77,-76,-62,-68
0,0,0,0,0,0,0,0,0,0,-71,-68,-79,-80,-81,-81,0,0,-74,-73,0,0,-72,-71,-65,-65,-86,-89,0,0,-65,-69,-71,-70,0,0,-78,-79,0,0,0,0,0,0,0,0,0,-66,-63,-77,-76,-62,-68
0,0,0,0,0,0,0,-74,0,0,-71,-69,-79,-80,-81,-81,0,0,-74,-73,0,0,-63,-60,-68,-72,-86,-89,0,0,-63,-64,-75,-74,0,0,-80,-79,0,0,0,0,0,0,0,0,0,-70,-63,-78,-78,-62,-59
0,0,0,0,0,0,0,-74,0,0,-71,-69,-79,-80,-81,-81,0,0,-74,-73,0,0,-63,-60,-68,-72,-86,-89,0,0,-63,-64,-75,-74,0,0,-80,-79,0,0,0,0,0,0,0,0,0,-70,-63,-78,-78,-62,-59
0,0,0,0,0,0,0,-74,0,0,-71,-69,-79,-80,-81,-81,0,0,-74,-73,0,0,-63,-60,-68,-72,-86,-89,0,0,-63,-64,-75,-74,0,0,-80,-79,0,0,0,0,0,0,0,0,0,-70,-63,-78,-78,-62,-59
0,-75,0,0,0,0,0,-77,0,0,-71,-69,-82,-80,-73,-74,0,0,-74,-71,0,0,-62,-61,-71,-69,-86,-89,0,0,-63,-67,-71,-71,0,0,-78,-79,0,0,0,0,0,0,0,0,0,-61,-62,-76,-74,-62,-57
0,-75,0,0,0,0,0,-77,0,0,-71,-69,-82,-79,-73,-74,0,0,0,-72,0,0,-61,-60,-70,-70,0,-91,0,0,-66,-67,-71,-70,0,0,-80,-80,0,0,0,0,0,0,0,0,0,-62,-62,-74,-74,-62,-60
0,-75,0,0,0,0,0,-77,0,0,-71,-69,-82,-79,-73,-74,0,0,0,-72,0,0,-61,-60,-70,-70,0,-91,0,0,-66,-67,-71,-70,0,0,-80,-80,0,0,0,0,0,0,0,0,0,-62,-62,-74,-74,-62,-60
0,-75,0,0,0,0,0,-77,0,0,-71,-69,-82,-79,-73,-74,0,0,0,-72,0,0,-61,-60,-70,-70,0,-91,0,0,-66,-67,-71,-70,0,0,-80,-80,0,0,0,0,0,0,0,0,0,-62,-62,-74,-74,-62,-60
0,-72,0,0,-79,0,0,-77,0,0,0,0,-82,-79,-73,-71,0,0,0,-72,0,0,-61,-60,-67,-70,0,-91,0,0,-66,-67,-73,-72,0,0,-80,-81,0,0,0,0,0,0,0,0,0,-63,-60,-74,-76,-62,-58
0,-72,0,0,-79,0,0,-77,0,0,0,0,-82,-79,-73,-71,0,0,0,-72,0,0,-61,-60,-67,-70,0,-91,0,0,-66,-67,-73,-72,0,0,-80,-81,0,0,0,0,0,0,0,0,0,-63,-60,-74,-76,-62,-58
-76,-72,0,0,-79,0,0,-80,0,0,-74,-73,-82,-79,-73,-71,0,0,0,-72,0,0,-61,-60,-67,-68,0,-91,0,0,-66,-65,-71,-71,0,0,-79,-81,0,0,0,0,0,0,0,0,0,-63,-61,-76,-76,-62,-57
-76,-72,0,0,-79,0,0,-80,0,0,-74,-73,-82,-79,-73,-71,0,0,0,-72,0,0,-61,-60,-67,-68,0,-91,0,0,-66,-65,-71,-71,0,0,-79,-81,0,0,0,0,0,0,0,0,0,-63,-61,-76,-76,-62,-57
-76,-72,0,0,-79,0,0,-80,0,0,-74,-73,-82,-79,-73,-71,0,0,0,-72,0,0,-61,-60,-67,-68,0,-91,0,0,-66,-65,-71,-71,0,0,-79,-81,0,0,0,0,0,0,0,0,0,-63,-61,-76,-76,-62,-57
-76,0,0,0,0,0,0,-80,0,0,-74,-73,0,0,-71,-75,0,0,0,0,0,0,-62,-60,-67,-69,0,-95,0,0,0,-68,-71,-72,0,0,-81,-81,0,0,0,0,0,0,0,0,0,-66,-61,-76,-76,-61,-57
-76,0,0,0,0,0,0,-80,0,0,-74,-73,0,0,-71,-75,0,0,0,0,0,0,-62,-60,-67,-69,0,-95,0,0,0,-68,-71,-72,0,0,-81,-81,0,0,0,0,0,0,0,0,0,-66,-61,-76,-76,-61,-57
-76,-72,0,0,0,0,0,-80,0,0,-76,-70,-88,-87,-71,-75,0,0,-77,-72,0,0,-62,-61,-72,-70,0,-95,0,0,0,-68,-72,-72,0,0,-77,-78,0,0,0,0,0,0,0,0,0,-63,-61,-78,-78,-64,-59
-76,-72,0,0,0,0,0,-80,0,0,-76,-70,-88,-87,-71,-75,0,0,-77,-72,0,0,-62,-61,-72,-70,0,-95,0,0,0,-68,-72,-72,0,0,-77,-78,0,0,0,0,0,0,0,0,0,-63,-61,-78,-78,-64,-59
0,-72,0,0,0,0,0,0,0,0,-76,-70,-88,-87,0,0,0,0,-77,-72,-88,-90,0,-66,-65,-67,0,0,0,0,0,0,-72,-72,0,0,-75,-78,0,0,0,0,0,0,0,0,0,-66,-58,-79,-80,-62,-59
