-67,-66,0,0,-72,0,0,-76,0,0,0,-71,0,0,-70,-66,0,0,-73,-67,0,0,-63,-63,0,0,-67,-71,0,0,0,0,0,0,-64,-71,0,0,0,-62,-69,0,0,0,0,0,0,0,-77,0,0,-53,-51
-67,-66,0,0,-72,0,0,-76,0,0,0,-71,0,0,-70,-66,0,0,-73,-67,0,0,-63,-63,0,0,-67,-71,0,0,0,0,0,0,-64,-71,0,0,0,-62,-69,0,0,0,0,0,0,0,-77,0,0,-53,-51
-67,-66,0,0,-72,0,0,-76,0,0,0,-71,0,0,-70,-68,0,0,-73,-72,0,0,-67,-66,0,0,-67,-71,0,0,0,0,0,0,-64,-72,0,0,0,-62,-69,0,0,0,0,0,0,0,-77,0,0,-53,-55
-67,-66,0,0,-72,0,0,-76,0,0,0,-71,0,0,-70,-68,0,0,-73,-72,0,0,-67,-66,0,0,-67,-71,0,0,0,0,0,0,-64,-72,0,0,0,-62,-69,0,0,0,0,0,0,0,-77,0,0,-53,-55
-67,-66,0,0,-72,0,0,-76,0,0,0,-71,0,0,-70,-68,0,0,-73,-72,0,0,-67,-66,0,0,-67,-71,0,0,0,0,0,0,-64,-72,0,0,0,-62,-69,0,0,0,0,0,0,0,-77,0,0,-53,-55
-67,-67,0,0,-72,0,0,-76,0,0,0,-71,0,0,-70,-68,0,0,-77,-72,0,0,-67,-66,0,0,-67,-71,0,0,-72,-73,0,0,-64,-72,0,0,0,-65,-65,0,0,0,0,0,0,0,-77,0,0,-53,-56
-67,-67,0,0,-72,0,0,-76,0,0,0,-71,0,0,-70,-68,0,0,-77,-72,0,0,-67,-66,0,0,-67,-71,0,0,-72,-73,0,0,-64,-73,0,0,0,-65,-65,0,0,0,0,0,0,0,-77,0,0,-53,-56
-67,-67,0,0,-72,0,0,-76,0,0,0,-71,0,0,-70,-68,0,0,-77,-72,0,0,-67,-66,0,0,-67,-71,0,0,-72,-73,0,0,-64,-73,0,0,0,-65,-65,0,0,0,0,0,0,0,-77,0,0,-53,-56
-67,-66,0,0,-72,0,0,-76,0,0,0,-71,0,0,-70,-68,0,0,-77,-72,0,0,-70,-67,0,0,-67,-71,0,0,-72,-73,0,0,0,-73,0,0,0,-65,-65,0,0,0,0,0,0,0,-77,0,0,-53,-51
-67,-66,0,0,-72,0,0,-76,0,0,0,-71,0,0,-70,-68,0,0,-77,-72,0,0,-70,-67,0,0,-67,-71,0,0,-72,-73,0,0,0,-73,0,0,0,-65,-65,0,0,0,0,0,0,0,-77,0,0,-53,-51
-67,-66,0,0,-72,0,0,-76,0,0,0,-71,0,0,-70,-68,0,0,-77,-72,0,0,-70,-67,0,0,-67,-71,0,0,-72,-73,0,0,0,-73,0,0,0,-65,-65,0,0,0,0,0,0,0,-77,0,0,-53,-51
-67,-66,0,0,-67,0,0,-76,0,0,0,-71,0,0,-70,-68,0,0,-76,-72,0,0,-68,-66,0,0,-67,-71,0,0,-73,-76,0,0,-64,-73,0,0,0,-66,-63,0,0,0,0,0,0,0,-77,0,0,-55,-55
-67,-66,0,0,-67,0,0,-76,0,0,0,-71,0,0,-70,-68,0,0,-76,-72,0,0,-68,-66,0,0,-67,-71,0,0,-73,-76,0,0,-64,-73,0,0,0,-66,-63,0,0,0,0,0,0,0,0,0,0,-55,-55
-67,-66,0,0,-67,0,0,-76,0,0,0,-71,0,0,-70,-68,0,0,-76,-72,0,0,-68,-66,0,0,-67,-71,0,0,-73,-76,0,0,-64,-73,0,0,0,-66,-63,0,0,0,0,0,0,0,0,0,0,-55,-55
-67,-66,0,0,-67,0,0,-78,0,0,0,-71,0,0,-70,-68,0,0,-76,-72,0,0,-68,-62,0,0,-67,-75,0,0,-70,-76,0,0,-64,-72,0,0,0,-66,-63,0,0,0,0,0,0,0,0,0,0,-55,-56
-67,-66,0,0,-67,0,0,-78,0,0,0,0,0,0,-70,-68,0,0,-76,-72,0,0,-68,-62,0,0,-67,-75,0,0,-70,-76,0,0,-64,-71,0,0,0,-66,-63,0,0,0,0,0,0,0,0,0,0,-55,-56
-67,-66,0,0,-67,0,0,-78,0,0,0,0,0,0,-70,-68,0,0,-76,-72,0,0,-68,-62,0,0,-67,-75,0,0,-70,-76,0,0,-64,-69,0,0,0,-66,-63,0,0,0,0,0,0,0,0,0,0,-55,-56
-67,-66,0,0,-67,0,0,-78,0,0,0,0,0,0,-70,-70,0,0,-72,-70,0,0,-66,-63,0,0,-67,-75,0,0,-70,-76,0,0,-66,-69,0,0,0,-70,-68,0,0,0,0,0,0,0,0,0,0,-54,-56
-67,-66,0,0,-67,0,0,-78,0,0,0,0,0,0,-70,-70,0,0,-72,-70,0,0,-66,-63,0,0,-67,-75,0,0,-70,-76,0,0,-66,-69,0,0,0,-70,-68,0,0,0,0,0,0,0,0,0,0,-54,-56
-67,-66,0,0,-67,0,0,-78,0,0,0,0,0,0,-70,-70,0,0,-72,-70,0,0,-66,-63,0,0,-67,-75,0,0,-70,-76,0,0,-66,-69,0,0,0,-70,-68,0,0,0,0,0,0,0,0,0,0,-54,-56
-67,-64,0,0,-67,0,0,-78,0,0,0,0,0,0,-70,-70,0,0,-72,-70,0,0,-66,-63,0,0,0,-74,0,0,-70,-76,0,0,-66,-70,0,0,0,-67,-67,0,0,0,0,0,0,0,0,0,0,-54,-56
-67,-64,0,0,-67,0,0,-78,0,0,0,0,0,0,-70,-70,0,0,-72,-70,0,0,-66,-63,0,0,0,-74,0,0,-70,-76,0,0,-66,-70,0,0,0,-67,-67,0,0,0,0,0,0,0,0,0,0,-54,-56
-67,-64,0,0,-67,0,0,-78,0,0,0,0,0,0,-70,-70,0,0,-72,-70,0,0,-66,-63,0,0,0,-74,0,0,-70,-76,0,0,-66,-68,0,0,0,-67,-67,0,0,0,0,0,0,0,0,0,0,-54,-56
-67,-64,0,0,-67,0,0,-73,0,0,0,0,0,0,-70,-70,0,0,-69,-68,0,0,-64,-64,0,0,-68,-73,0,0,-70,-76,0,0,-66,-68,0,0,0,-67,-67,0,0,0,0,0,0,0,0,0,0,-55,-54
-67,-64,0,0,-67,0,0,-73,0,0,0,0,0,0,-70,-70,0,0,-69,-68,0,0,-64,-64,0,0,-68,-73,0,0,-70,-76,0,0,-66,-68,0,0,0,-67,-67,0,0,0,0,0,0,0,0,0,0,-55,-54
0,-64,0,0,-67,0,0,-73,0,0,0,0,0,0,-70,-70,0,0,-69,-68,0,0,-64,-64,0,0,-68,-74,0,0,-70,-76,0,0,-66,-68,0,0,0,-67,-69,0,0,0,0,0,0,0,0,0,0,-56,-55
0,-64,0,0,-67,0,0,-73,0,0,0,0,0,0,-70,-70,0,0,-69,-68,0,0,-64,-64,0,0,-68,-74,0,0,-70,-76,0,0,-66,-68,0,0,0,-67,-69,0,0,0,0,0,0,0,0,0,0,-56,-55
0,-64,0,0,-68,0,0,-73,0,0,0,0,0,0,-70,-70,0,0,-69,-68,0,0,-64,-64,0,0,-66,-75,0,0,-70,-76,0,0,-66,-68,0,0,0,-67,-69,0,0,0,0,0,0,0,0,0,0,-54,-52
0,-64,0,0,-68,0,0,-73,0,0,0,0,0,0,0,-70,0,0,-69,-68,0,0,-64,-64,0,0,-66,-75,0,0,-70,-76,0,0,-66,-73,0,0,0,-67,-69,0,0,0,0,0,0,0,0,0,0,-54,-52
0,-64,0,0,-68,0,0,-73,0,0,0,0,0,0,0,-70,0,0,-69,-68,0,0,-64,-64,0,0,-66,-75,0,0,-70,-76,0,0,-66,-70,0,0,0,-67,-69,0,0,0,0,0,0,0,0,0,0,-54,-52
0,-64,0,0,-68,0,0,-73,0,0,0,-80,0,0,0,-70,0,0,-70,-68,0,0,-64,-63,0,0,-66,-74,0,0,-72,-75,0,0,-66,-69,0,0,0,-67,-69,0,0,0,0,0,0,0,0,0,0,-54,-58
0,-64,0,0,-68,0,0,-73,0,0,0,-80,0,0,0,-70,0,0,-70,-68,0,0,-64,-63,0,0,-66,-74,0,0,-72,-75,0,0,-66,-72,0,0,0,-67,-69,0,0,0,0,0,0,0,0,0,0,-54,-58
0,-64,0,0,-68,0,0,-73,0,0,0,-80,0,0,0,-70,0,0,-70,-68,0,0,-64,-63,0,0,-66,-74,0,0,-72,-75,0,0,-66,-72,0,0,0,-67,-69,0,0,0,0,0,0,0,0,0,0,-54,-58
0,-64,0,0,-68,0,0,-73,0,0,0,-80,0,0,0,-68,0,0,-70,-68,0,0,-64,-62,0,0,-66,-74,0,0,-72,-75,0,0,-66,-72,0,0,0,-67,-69,0,0,0,0,0,0,0,0,0,0,-55,-58
0,-64,0,0,-68,0,0,-73,0,0,0,-80,0,0,0,-68,0,0,-70,-68,0,0,-64,-62,0,0,-66,-74,0,0,-72,-75,0,0,-66,-72,0,0,0,-67,-69,0,0,0,0,0,0,0,0,0,0,-55,-58
-69,-67,0,0,-68,0,0,-73,0,0,0,-80,0,0,0,-68,0,0,-70,-65,0,0,-65,-62,0,0,-66,-72,0,0,-72,-75,0,0,0,-72,0,0,0,0,-69,0,0,0,0,0,0,0,0,0,0,-54,-57
-69,-67,0,0,-68,0,0,-73,0,0,0,-80,0,0,0,-68,0,0,-70,-65,0,0,-65,-62,0,0,-66,-72,0,0,-72,-75,0,0,0,-72,0,0,0,0,-69,0,0,0,0,0,0,0,0,0,0,-54,-57
-69,-67,0,0,-68,0,0,0,0,0,0,-80,0,0,0,-68,0,0,-70,-65,0,0,-65,-62,0,0,-66,-72,0,0,-72,-75,0,0,0,-72,0,0,0,0,-69,0,0,0,0,0,0,0,0,0,0,-54,-57
-68,-67,0,0,-68,0,0,0,0,0,0,-80,0,0,0,-68,0,0,-70,-65,0,0,-65,-62,0,0,-66,-72,0,0,-72,-75,0,0,-68,-71,0,0,0,0,-69,0,0,0,0,0,0,0,0,0,0,-55,-58
-68,-67,0,0,-68,0,0,0,0,0,0,-80,0,0,0,-68,0,0,-70,-65,0,0,-65,-62,0,0,-66,-72,0,0,-72,-75,0,0,-68,-72,0,0,0,0,-69,0,0,0,0,0,0,0,0,0,0,-55,-58
-68,-67,0,0,-68,0,0,-73,0,0,0,-80,0,0,0,-69,0,0,-70,-68,0,0,-65,-61,0,0,-66,-72,0,0,-75,-79,0,0,-68,-73,0,0,0,0,0,0,0,0,0,0,0,0,-77,0,0,-54,-57
-68,-67,0,0,0,0,0,-73,0,0,0,-80,0,0,0,-69,0,0,-70,-68,0,0,-65,-61,0,0,-66,-72,0,0,-75,-79,0,0,-68,-70,0,0,0,0,0,0,0,0,0,0,0,0,-77,0,0,-54,-57
-68,-67,0,0,0,0,0,-73,0,0,0,-80,0,0,0,-69,0,0,-70,-68,0,0,-65,-61,0,0,-66,-72,0,0,-75,-79,0,0,-68,-70,0,0,0,0,0,0,0,0,0,0,0,0,-77,0,0,-54,-57
-72,-69,0,0,0,0,0,-72,0,0,0,-80,0,0,0,-69,0,0,-70,-68,0,0,-65,-62,0,0,-66,-72,0,0,-75,-79,0,0,-68,-69,0,0,0,0,0,0,0,0,0,0,0,0,-77,0,0,-53,-55
-72,-69,0,0,0,0,0,-72,0,0,0,0,0,0,0,-69,0,0,0,-68,0,0,-65,-62,0,0,-66,-72,0,0,-75,-79,0,0,-68,-69,0,0,0,0,0,0,0,0,0,0,0,0,-77,0,0,-53,-55
-72,-69,0,0,0,0,0,-72,0,0,0,0,0,0,0,-69,0,0,0,-68,0,0,-65,-62,0,0,-66,-72,0,0,-75,-79,0,0,-68,-69,0,0,0,0,0,0,0,0,0,0,0,0,-77,0,0,-53,-55
-68,-67,0,0,-61,0,0,-74,0,0,0,0,0,0,-71,-69,0,0,0,-68,0,0,-65,-61,0,0,-66,-72,0,0,-75,-79,0,0,-68,-70,0,0,0,0,0,0,0,0,0,0,0,0,-77,0,0,-54,-49
-68,-67,0,0,-61,0,0,-74,0,0,0,0,0,0,-71,-69,0,0,0,-68,0,0,-65,-61,0,0,-66,-72,0,0,-75,-79,0,0,-68,-71,0,0,0,0,0,0,0,0,0,0,0,0,-77,0,0,-54,-49
-68,-67,0,0,-61,0,0,-74,0,0,0,0,0,0,-71,-69,0,0,0,-68,0,0,-65,-61,0,0,-66,-72,0,0,-75,-79,0,0,-68,-71,0,0,0,0,0,0,0,0,0,0,0,0,-77,0,0,-54,-49
-68,-67,0,0,-60,0,0,-75,0,0,0,0,0,0,-71,-69,0,0,0,-68,0,0,-65,-61,0,0,-66,-72,0,0,-75,-79,0,0,-68,-71,0,0,0,0,0,0,0,0,0,0,0,0,-77,0,0,-57,-48
-68,-67,0,0,-60,0,0,-75,0,0,0,0,0,0,-71,-69,0,0,0,-68,0,0,-65,-61,0,0,-66,-72,0,0,-75,-79,0,0,-68,-71,0,0,0,0,0,0,0,0,0,0,0,0,-77,0,0,-57,-48
-68,-67,0,0,-60,0,0,-75,0,0,0,0,0,0,-71,-69,0,0,0,-68,0,0,-65,-61,0,0,-66,-72,0,0,-75,-79,0,0,-68,-71,0,0,0,0,0,0,0,0,0,0,0,0,-77,0,0,-57,-48
-72,-69,0,0,-64,0,0,-75,0,0,0,0,0,0,-71,-69,0,0,-73,-71,0,0,-65,-64,0,0,-71,-69,0,0,-76,-73,0,0,-68,-71,0,0,0,0,0,0,0,0,0,0,0,0,-80,0,0,-54,-54
-72,-69,0,0,-64,0,0,-75,0,0,0,0,0,0,-71,-69,0,0,-73,-71,0,0,-65,-64,0,0,-71,-69,0,0,-76,-73,0,0,-68,-70,0,0,0,0,0,0,0,0,0,0,0,0,-80,0,0,-54,-54
-72,-69,0,0,-64,0,0,-75,0,0,0,0,0,0,-71,-69,0,0,-73,-71,0,0,-65,-64,0,0,-71,-69,0,0,-76,-73,0,0,-68,-68,0,0,0,0,0,0,0,0,0,0,0,0,-80,0,0,-54,-54
-72,-69,0,0,-64,0,0,-75,0,0,0,0,0,0,-71,-69,0,0,-73,-69,0,0,-65,-64,0,0,-71,-69,0,0,-73,-71,0,0,-68,-68,0,0,0,0,0,0,0,0,0,0,0,0,-80,0,0,-51,-54
-72,-69,0,0,-64,0,0,-75,0,0,0,0,0,0,-71,-69,0,0,-73,-69,0,0,-65,-64,0,0,-71,-69,0,0,-73,-71,0,0,-68,-68,0,0,0,0,0,0,0,0,0,0,0,0,-80,0,0,-51,-54
-72,-69,0,0,-64,0,0,-75,0,0,0,0,0,0,-71,-69,0,0,-73,-69,0,0,-65,-64,0,0,-71,-69,0,0,-73,-71,0,0,-68,-68,0,0,0,0,0,0,0,0,0,0,0,0,-80,0,0,-51,-54
-72,-71,0,0,-64,0,0,-75,0,0,0,0,0,0,-71,-68,0,0,-73,-69,0,0,-65,-65,0,0,-68,-70,0,0,-73,-71,0,0,-68,-69,0,0,0,0,0,0,0,0,0,0,0,0,-80,0,0,-51,-57
-72,-71,0,0,-64,0,0,-75,0,0,0,0,0,0,-71,-68,0,0,-73,-69,0,0,-65,-65,0,0,-68,-70,0,0,-73,-71,0,0,-68,-69,0,0,0,0,0,0,0,0,0,0,0,0,-80,0,0,-51,-57
-72,-71,0,0,-64,0,0,-75,0,0,0,0,0,0,-71,-68,0,0,-73,-69,0,0,-65,-65,0,0,-68,-70,0,0,-73,-71,0,0,-68,-69,0,0,0,0,0,0,0,0,0,0,0,0,-80,0,0,-51,-57
-70,-69,0,0,-65,0,0,-74,0,0,-72,-70,0,0,-72,-68,0,0,-73,-69,0,0,-65,-64,0,0,-69,-69,0,0,-73,-71,0,0,-68,-70,0,0,0,0,0,0,0,0,0,0,0,0,-80,0,0,-52,-57
-70,-69,0,0,-65,0,0,-74,0,0,-72,-70,0,0,-72,-68,0,0,-73,-69,0,0,-65,-64,0,0,-69,-69,0,0,-73,-71,0,0,-68,-69,0,0,0,0,0,0,0,0,0,0,0,0,-80,0,0,-52,-57
-70,-69,0,0,-65,0,0,-74,0,0,-72,-70,0,0,-72,-68,0,0,-73,-69,0,0,-65,-64,0,0,-69,-69,0,0,-73,-71,0,0,-68,-69,0,0,0,0,0,0,0,0,0,0,0,0,-80,0,0,-52,-57
-70,-69,0,0,-65,0,0,-74,0,0,-72,-70,0,0,-72,-68,0,0,-73,-78,0,0,-65,-64,0,0,-69,-69,0,0,-73,-71,0,0,-68,-69,0,0,0,0,0,0,0,0,0,0,0,0,-80,0,0,-52,-57
-70,-69,0,0,-65,0,0,-74,0,0,-72,-70,0,0,-72,-68,0,0,-73,-78,0,0,-65,-64,0,0,-69,-69,0,0,-73,-71,0,0,-68,-71,0,0,0,0,0,0,0,0,0,0,0,0,-80,0,0,-52,-57
-70,-69,0,0,-65,0,0,-74,0,0,-72,-70,0,0,-72,-68,0,0,-73,-78,0,0,-65,-64,0,0,-69,-69,0,0,-73,-71,0,0,-68,-71,0,0,0,0,0,0,0,0,0,0,0,0,-80,0,0,-52,-57
-70,-69,0,0,-65,0,0,-74,0,0,-72,-70,0,0,-70,-68,0,0,-73,-78,0,0,-64,-64,0,0,-66,-71,0,0,-73,-71,0,0,-68,-71,0,0,0,0,-63,0,0,0,0,0,0,0,-80,0,0,-53,-58
-70,-69,0,0,-65,0,0,-74,0,0,-72,-70,0,0,-70,-68,0,0,-73,-78,0,0,-64,-64,0,0,-66,-71,0,0,-73,-71,0,0,-68,-71,0,0,0,0,-63,0,0,0,0,0,0,0,-80,0,0,-53,-58
-70,-69,0,0,-65,0,0,-74,0,0,-72,-70,0,0,-70,-68,0,0,-73,-78,0,0,-64,-64,0,0,-66,-71,0,0,-73,-71,0,0,-68,-71,0,0,0,0,-63,0,0,0,0,0,0,0,-80,0,0,-53,-58
-70,-69,0,0,-65,0,0,-74,0,0,-72,-70,0,0,-75,-75,0,0,-73,-73,0,0,-64,-65,0,0,-68,-69,0,0,-73,-71,0,0,-64,-67,0,0,0,-69,-63,0,0,0,0,0,0,0,-80,0,0,-53,-54
-70,-69,0,0,-65,0,0,-74,0,0,-72,-70,0,0,-75,-75,0,0,-73,-73,0,0,-64,-65,0,0,-68,-69,0,0,-73,-71,0,0,-64,-67,0,0,0,-69,-63,0,0,0,0,0,0,0,-80,0,0,-53,-54
-70,-69,0,0,-65,0,0,-74,0,0,-72,-70,0,0,-75,-75,0,0,-73,-73,0,0,-64,-65,0,0,-68,-69,0,0,-73,-71,0,0,-64,-67,0,0,0,-69,-63,0,0,0,0,0,0,0,-80,0,0,-53,-54
-70,-69,0,0,-65,0,0,-74,0,0,-72,-70,0,0,-75,-67,0,0,-73,-73,0,0,-64,-64,0,0,-68,-69,0,0,-73,-71,0,0,-65,-67,0,0,0,-69,-63,0,0,0,0,0,0,0,-80,0,0,-52,-58
-70,-69,0,0,-65,0,0,-74,0,0,-72,-70,0,0,-75,-67,0,0,-73,-73,0,0,-64,-64,0,0,-68,-69,0,0,-73,-71,0,0,-65,-67,0,0,0,-69,-63,0,0,0,0,0,0,0,-80,0,0,-52,-58
-70,-69,0,0,-65,0,0,-74,0,0,-72,-70,0,0,-75,-67,0,0,-73,-73,0,0,-64,-64,0,0,-68,-69,0,0,-73,-71,0,0,-65,-67,0,0,0,-69,-63,0,0,0,0,0,0,0,-80,0,0,-52,-58
-65,-63,0,0,-65,0,0,-78,0,0,-72,-70,0,0,-73,-70,0,0,-73,-73,0,0,-64,-63,0,0,-68,-69,0,0,-73,-68,0,0,-65,-67,0,0,0,-69,-66,0,0,0,0,0,0,0,-80,0,0,-56,-50
-65,-63,0,0,-65,0,0,-78,0,0,-72,-70,0,0,-73,-70,0,0,-73,-73,0,0,-64,-63,0,0,-68,-69,0,0,-73,-68,0,0,-65,-67,0,0,0,-69,-66,0,0,0,0,0,0,0,-80,0,0,-56,-50
-65,-63,0,0,-65,0,0,-78,0,0,-72,-70,0,0,-73,-70,0,0,-73,-73,0,0,-64,-63,0,0,-68,-69,0,0,-73,-68,0,0,-65,-67,0,0,0,-69,-66,0,0,0,0,0,0,0,-80,0,0,-56,-50
-65,-63,0,0,-76,0,0,-78,0,0,-72,-69,0,0,-73,-66,0,0,-73,-73,0,0,-64,-62,0,0,-68,-69,0,0,-73,-68,0,0,-64,-67,0,0,0,-69,-72,0,0,0,0,0,0,0,-80,0,0,-55,-50
-65,-63,0,0,-76,0,0,-78,0,0,-72,-69,0,0,-73,-66,0,0,-73,-73,0,0,-64,-62,0,0,-68,-69,0,0,-73,-68,0,0,-64,-67,0,0,0,-69,-72,0,0,0,0,0,0,0,-80,0,0,-55,-50
-65,-63,0,0,-76,0,0,-78,0,0,-72,-69,0,0,-73,-66,0,0,-73,-73,0,0,-64,-62,0,0,-68,-69,0,0,-73,-68,0,0,-64,-67,0,0,0,-69,-72,0,0,0,0,0,0,0,-80,0,0,-55,-50
-66,-65,0,0,-76,0,0,-78,0,0,-72,-69,0,0,-73,-67,0,0,-73,-73,0,0,-63,-62,0,0,-68,-69,0,0,-75,-72,0,0,-64,-68,0,0,0,-69,-72,0,0,0,0,0,0,0,-80,0,0,-55,-49
-66,-65,0,0,-76,0,0,-78,0,0,-72,-69,0,0,-73,-67,0,0,-73,-73,0,0,-63,-62,0,0,-68,-69,0,0,-75,-72,0,0,-64,-69,0,0,0,-69,-72,0,0,0,0,0,0,0,-80,0,0,-55,-49
-66,-65,0,0,-76,0,0,-78,0,0,-72,-69,0,0,-73,-67,0,0,-73,-73,0,0,-63,-62,0,0,-68,-69,0,0,-75,-72,0,0,-64,-69,0,0,0,-69,-72,0,0,0,0,0,0,0,-80,0,0,-55,-49
-66,-67,0,0,-76,0,0,-78,0,0,-72,-69,0,0,-72,-67,0,0,-73,-73,0,0,-64,-63,0,0,-68,-72,0,0,-75,-72,0,0,-64,-71,0,0,0,-69,-68,0,0,0,0,0,0,0,-80,0,0,-55,-49
-66,-67,0,0,-76,0,0,-78,0,0,-72,-69,0,0,-72,-67,0,0,-73,-73,0,0,-64,-63,0,0,-68,-72,0,0,-75,-72,0,0,-64,-72,0,0,0,-69,-68,0,0,0,0,0,0,0,-80,0,0,-55,-49
-66,-67,0,0,-76,0,0,-78,0,0,-72,-69,0,0,-72,-67,0,0,-73,-73,0,0,-64,-63,0,0,-68,-72,0,0,-75,-72,0,0,-64,-72,0,0,0,-69,-68,0,0,0,0,0,0,0,-80,0,0,-55,-49
-66,-67,0,0,-76,0,0,-78,0,0,-72,-69,0,0,-72,-68,0,0,0,0,0,0,-65,-63,0,0,0,-72,0,0,-75,-76,0,0,-64,-71,0,0,0,-69,-68,0,0,0,0,0,0,0,0,0,0,-55,-49
-66,-67,0,0,-76,0,0,-78,0,0,-72,-69,0,0,-72,-68,0,0,0,0,0,0,-65,-63,0,0,0,-72,0,0,-75,-76,0,0,-64,-71,0,0,0,-69,-68,0,0,0,0,0,0,0,0,0,0,-55,-49
-66,-67,0,0,-76,0,0,-78,0,0,-72,-69,0,0,-72,-68,0,0,0,0,0,0,-65,-63,0,0,0,-72,0,0,-75,-76,0,0,-64,-71,0,0,0,-69,-68,0,0,0,0,0,0,0,0,0,0,-55,-49
-66,-64,0,0,-77,0,0,0,0,0,-72,-69,0,0,-72,-68,0,0,0,0,0,0,-65,-64,0,0,-66,-72,0,0,-75,-78,0,0,-64,-71,0,0,0,-69,-68,0,0,0,0,0,0,-81,-80,0,0,-54,-49
-66,-64,0,0,-77,0,0,0,0,0,-72,-69,0,0,-72,-68,0,0,0,0,0,0,-65,-64,0,0,-66,-72,0,0,-75,-78,0,0,-64,-71,0,0,0,-69,-68,0,0,0,0,0,0,-81,-80,0,0,-54,-49
